cap-diameter,cap-shape,gill-attachment,gill-color,stem-height,stem-width,stem-color,season,class
1372,2,2,10,3.8074667544799374,1545,11,1.804272708628173,1
1461,2,2,10,3.8074667544799374,1557,11,1.804272708628173,1
1371,2,2,10,3.6124962945838073,1566,11,1.804272708628173,1
1261,6,2,10,3.7875718095925786,1566,11,1.804272708628173,1
1305,6,2,10,3.711971019020609,1464,11,0.9431945538974952,1
1337,6,2,10,3.775634842660162,1520,11,0.9431945538974952,1
1300,2,2,10,3.8353196773222433,1563,11,1.804272708628173,1
1354,6,2,10,3.67616011822336,1532,11,0.8884502877862838,1
1222,6,2,10,3.7716558536826894,1476,11,0.9431945538974952,1
1085,6,2,10,3.775634842660162,1581,11,0.8884502877862838,1
1214,6,2,10,3.696055063110721,1524,11,1.804272708628173,1
642,6,2,10,0.2860615094171533,1311,11,0.9431945538974952,1
814,4,2,10,1.1892920073033142,1681,11,0.9431945538974952,1
550,4,2,10,0.5486747819303103,1220,11,0.8884502877862838,1
606,6,2,10,0.2542295975973768,1239,11,0.9431945538974952,1
721,6,2,10,0.9505526686549896,1445,11,0.9431945538974952,1
595,6,2,10,0.6043806276149193,1415,11,0.8884502877862838,1
661,4,2,10,0.4372630905610921,1150,11,0.8884502877862838,1
587,6,2,10,0.5964226496599752,1531,11,0.9431945538974952,1
835,6,2,10,0.9067837899027968,1603,11,0.8884502877862838,1
705,4,2,10,0.0831330715660775,1122,11,0.8884502877862838,1
599,4,2,10,0.5765277047726147,1306,11,0.8884502877862838,1
619,4,2,10,0.3895152228314272,1195,11,0.9431945538974952,1
648,6,2,10,0.7277292859165536,1370,11,0.8884502877862838,1
778,6,2,10,0.8112880544434671,1514,11,0.9431945538974952,1
692,6,2,10,0.6521284953445842,1307,11,0.9431945538974952,1
804,4,2,10,0.8709728891055483,1517,11,0.8884502877862838,1
660,6,2,10,0.9823845804747664,1626,11,0.9431945538974952,1
547,6,2,10,0.5208218590880057,1191,11,0.8884502877862838,1
846,6,2,10,1.173376051393426,1613,11,0.8884502877862838,1
826,6,2,10,1.0500273930917916,1593,11,0.8884502877862838,1
834,6,2,10,1.014216492294543,1591,11,0.8884502877862838,1
664,4,2,10,0.7197713079616094,1140,11,0.9431945538974952,1
763,6,2,10,0.8192460323984113,1614,11,0.8884502877862838,1
718,6,2,10,0.7197713079616094,1291,11,0.8884502877862838,1
594,6,2,10,0.7436452418264419,1333,11,0.8884502877862838,1
641,6,2,10,0.7476242308039139,1577,11,0.8884502877862838,1
840,4,2,10,0.962489635587406,1465,11,0.9431945538974952,1
728,4,2,10,1.1654180734384818,1577,11,0.9431945538974952,1
539,6,2,10,0.7874141205786347,1394,11,0.8884502877862838,1
605,4,2,10,0.9147417678577412,1561,11,0.9431945538974952,1
613,6,2,10,0.6600864732995283,1352,11,0.8884502877862838,1
675,6,2,10,0.6083596165923914,1499,11,0.9431945538974952,1
510,6,2,10,0.4094101677187876,1172,11,0.9431945538974952,1
618,6,2,10,0.7118133300066652,1510,11,0.9431945538974952,1
638,6,2,10,0.6521284953445842,1635,11,0.8884502877862838,1
585,4,2,10,0.6760024292094166,1332,11,0.9431945538974952,1
837,6,2,10,0.6680444512544724,1323,11,0.8884502877862838,1
688,6,2,10,0.8470989552407158,1421,11,0.8884502877862838,1
805,6,2,10,0.2104607188451839,1330,11,0.9431945538974952,1
762,6,2,10,0.7237502969390814,1484,11,0.8884502877862838,1
640,6,2,10,0.6640654622770004,1250,11,0.8884502877862838,1
699,4,2,10,0.962489635587406,1506,11,0.9431945538974952,1
674,6,2,10,0.429305112606148,1667,11,0.9431945538974952,1
662,6,2,10,1.0579853710467355,1755,11,0.9431945538974952,1
736,6,2,10,0.7794561426236906,1404,11,0.9431945538974952,1
563,6,2,10,0.6163175945473355,1419,11,0.9431945538974952,1
756,6,2,10,1.0540063820692636,1392,11,0.9431945538974952,1
705,4,2,10,1.081859304911568,1534,11,0.8884502877862838,1
802,6,2,10,1.2489768419653953,1578,11,0.8884502877862838,1
591,6,2,10,0.060110531622917,1166,11,0.9431945538974952,1
708,4,2,10,0.8510779442181878,1533,11,0.8884502877862838,1
717,4,2,10,0.807309065465995,1499,11,0.8884502877862838,1
573,4,2,10,0.7237502969390814,1375,11,0.8884502877862838,1
622,4,2,10,1.1693970624159538,1482,11,0.9431945538974952,1
516,6,2,10,0.4253261236286759,995,11,0.9431945538974952,1
763,6,2,10,0.6799814181868887,1396,11,0.9431945538974952,1
592,4,2,10,0.9903425584297104,1615,11,0.8884502877862838,1
580,4,2,10,0.3298303881693462,1368,11,0.8884502877862838,1
635,6,2,10,0.429305112606148,1241,11,0.9431945538974952,1
626,6,2,10,0.3696202779440669,1443,11,0.9431945538974952,1
793,6,2,10,0.7953720985335788,1485,11,0.9431945538974952,1
607,6,2,10,0.4492000574935084,1190,11,0.8884502877862838,1
528,4,2,10,0.266166564529793,1355,11,0.9431945538974952,1
758,6,2,10,0.6600864732995283,1336,11,0.8884502877862838,1
780,6,2,10,0.3537043220341786,1405,11,0.9431945538974952,1
855,4,2,10,1.0460484041143194,1575,11,0.8884502877862838,1
752,4,2,10,0.7317082748940257,1273,11,0.8884502877862838,1
700,6,2,10,0.9545316576324616,1414,11,0.8884502877862838,1
582,4,2,10,0.803330076488523,1288,11,0.9431945538974952,1
693,4,2,10,0.863014911150604,1245,11,0.9431945538974952,1
657,4,2,10,0.6322335504572237,1477,11,0.9431945538974952,1
645,4,2,10,0.5168428701105336,1301,11,0.8884502877862838,1
677,4,2,10,0.7356872638714977,1477,11,0.9431945538974952,1
722,6,2,10,0.6720234402319445,1331,11,0.9431945538974952,1
738,6,2,10,0.699876363074249,1549,11,0.8884502877862838,1
566,6,2,10,0.5446957929528382,1353,11,0.9431945538974952,1
736,4,2,10,0.6521284953445842,1417,11,0.8884502877862838,1
614,6,2,10,0.8431199662632437,1468,11,0.8884502877862838,1
614,6,2,10,0.962489635587406,1156,11,0.8884502877862838,1
821,4,2,10,1.0778803159340962,1632,11,0.8884502877862838,1
745,6,2,10,0.958510646609934,1749,11,0.8884502877862838,1
624,6,2,10,0.4929689362457012,1372,11,0.8884502877862838,1
713,6,2,10,1.0858382938890403,1523,11,0.9431945538974952,1
677,4,2,10,0.8948468229703807,1534,11,0.8884502877862838,1
692,6,2,10,0.4213471346512039,1413,11,0.8884502877862838,1
731,6,2,10,0.4810319693132849,1319,11,0.9431945538974952,1
639,4,2,10,0.6163175945473355,1509,11,0.9431945538974952,1
725,4,2,10,1.3683465112895574,1747,11,0.9431945538974952,1
869,4,2,10,1.18133402934837,1828,11,0.8884502877862838,1
749,4,2,10,1.2251029081005629,1537,11,0.9431945538974952,1
592,6,2,10,0.4850109582907571,1273,11,0.8884502877862838,1
680,6,2,10,0.9465736796775176,1489,11,0.9431945538974952,1
783,4,2,10,0.7436452418264419,1336,11,0.9431945538974952,1
673,6,2,10,0.5486747819303103,1544,11,0.8884502877862838,1
505,4,2,10,0.0473221707688289,1046,11,0.9431945538974952,1
655,4,2,10,0.4213471346512039,1156,11,0.8884502877862838,1
595,6,2,10,0.4412420795385642,1413,11,0.9431945538974952,1
809,4,2,10,0.4690950023808687,1220,11,0.8884502877862838,1
773,4,2,10,0.807309065465995,1373,11,0.8884502877862838,1
796,4,2,10,0.8709728891055483,1531,11,0.8884502877862838,1
698,6,2,10,0.8311829993308275,1436,11,0.9431945538974952,1
714,4,2,10,0.6760024292094166,1211,11,0.9431945538974952,1
707,4,2,10,0.9823845804747664,1768,11,0.9431945538974952,1
765,4,2,10,0.7595611977363301,1314,11,0.8884502877862838,1
642,6,2,10,0.4571580354484525,1364,11,0.9431945538974952,1
646,6,2,10,0.7953720985335788,1557,11,0.8884502877862838,1
755,6,2,10,0.5645907378401985,1534,11,0.9431945538974952,1
803,4,2,10,1.0301324482044312,1582,11,0.8884502877862838,1
702,4,2,10,1.1693970624159538,1501,11,0.9431945538974952,1
727,4,2,10,1.121649194686289,1659,11,0.8884502877862838,1
584,4,2,10,0.5566327598852544,1316,11,0.8884502877862838,1
679,6,2,10,0.9545316576324616,1430,11,0.8884502877862838,1
775,4,2,10,0.9306577237676292,1578,11,0.9431945538974952,1
814,4,2,10,0.5446957929528382,1552,11,0.9431945538974952,1
698,4,2,10,0.8749518780830203,1570,11,0.8884502877862838,1
741,6,2,10,0.4929689362457012,1287,11,0.8884502877862838,1
944,6,2,10,1.5633169711856891,1965,11,0.8884502877862838,1
816,4,2,10,0.910762778880269,1519,11,0.8884502877862838,1
672,6,2,10,0.4929689362457012,1470,11,0.8884502877862838,1
663,6,2,10,0.6680444512544724,1404,11,0.8884502877862838,1
612,6,2,10,0.6680444512544724,1322,11,0.9431945538974952,1
725,6,2,10,0.5924436606825031,1437,11,0.8884502877862838,1
676,6,2,10,0.7794561426236906,1358,11,0.9431945538974952,1
738,4,2,10,1.06594334900168,1535,11,0.8884502877862838,1
708,6,2,10,0.6481495063671121,1560,11,0.9431945538974952,1
748,4,2,10,0.64417051738964,1390,11,0.8884502877862838,1
748,6,2,10,0.5645907378401985,1408,11,0.9431945538974952,1
825,6,2,10,0.9784055914972942,1630,11,0.8884502877862838,1
664,4,2,10,0.6163175945473355,1238,11,0.8884502877862838,1
790,6,2,10,1.0460484041143194,1795,11,0.8884502877862838,1
570,6,2,10,0.5128638811330616,1309,11,0.9431945538974952,1
561,4,2,10,0.3298303881693462,1137,11,0.9431945538974952,1
724,4,2,10,0.9903425584297104,1502,11,0.8884502877862838,1
647,6,2,10,1.2012289742357305,1758,11,0.9431945538974952,1
722,6,2,10,0.4531790464709804,1379,11,0.9431945538974952,1
634,4,2,10,0.5208218590880057,1312,11,0.8884502877862838,1
638,6,2,10,1.0778803159340962,1569,11,0.8884502877862838,1
593,6,2,10,0.9028048009253248,1415,11,0.9431945538974952,1
648,6,2,10,0.3855362338539552,1306,11,0.9431945538974952,1
726,6,2,10,0.5208218590880057,1269,11,0.8884502877862838,1
798,6,2,10,0.9744266025198222,1687,11,0.9431945538974952,1
680,4,2,10,1.0261534592269592,1603,11,0.8884502877862838,1
725,6,2,10,0.8192460323984113,1576,11,0.8884502877862838,1
738,4,2,10,0.64417051738964,1269,11,0.9431945538974952,1
730,4,2,10,1.0500273930917916,1618,11,0.9431945538974952,1
849,4,2,10,1.4280313459516385,1951,11,0.9431945538974952,1
589,6,2,10,0.6322335504572237,1529,11,0.9431945538974952,1
540,6,2,10,0.3178934212369299,1109,11,0.8884502877862838,1
709,6,2,10,0.4810319693132849,1400,11,0.8884502877862838,1
651,6,2,10,0.9226997458126852,1770,11,0.9431945538974952,1
755,6,2,10,0.7675191756912743,1473,11,0.8884502877862838,1
831,4,2,10,0.7078343410291932,1687,11,0.8884502877862838,1
697,6,2,10,0.8669939001280762,1547,11,0.9431945538974952,1
626,4,2,10,0.5009269142006454,1349,11,0.8884502877862838,1
668,4,2,10,0.4014521897638435,1259,11,0.9431945538974952,1
788,4,2,10,0.5685697268176706,1553,11,0.9431945538974952,1
679,6,2,10,0.9943215474071824,1503,11,0.8884502877862838,1
825,6,2,10,0.9983005363846544,1649,11,0.9431945538974952,1
721,6,2,10,0.8749518780830203,1570,11,0.9431945538974952,1
769,4,2,10,0.5168428701105336,1429,11,0.9431945538974952,1
697,4,2,10,0.6600864732995283,1578,11,0.8884502877862838,1
756,6,2,10,0.7635401867138022,1531,11,0.8884502877862838,1
726,4,2,10,0.4094101677187876,1103,11,0.9431945538974952,1
749,4,2,10,0.807309065465995,1608,11,0.8884502877862838,1
808,6,2,10,0.9943215474071824,1527,11,0.8884502877862838,1
737,6,2,10,0.7197713079616094,1377,11,0.9431945538974952,1
673,4,2,10,0.5168428701105336,1524,11,0.8884502877862838,1
646,6,2,10,0.7794561426236906,1410,11,0.8884502877862838,1
724,4,2,10,1.233060886055507,1755,11,0.9431945538974952,1
694,6,2,10,0.5964226496599752,1328,11,0.9431945538974952,1
760,4,2,10,0.9943215474071824,1559,11,0.8884502877862838,1
581,6,2,10,0.5844856827275589,1231,11,0.8884502877862838,1
672,4,2,10,0.7078343410291932,1421,11,0.9431945538974952,1
707,4,2,10,0.7555822087588581,1395,11,0.9431945538974952,1
711,4,2,10,0.6362125394346959,1561,11,0.8884502877862838,1
798,4,2,10,0.7953720985335788,1694,11,0.9431945538974952,1
598,6,2,10,0.270145553507265,1250,11,0.8884502877862838,1
752,4,2,10,0.4730739913583408,1290,11,0.9431945538974952,1
809,4,2,10,1.3245776325373646,1669,11,0.8884502877862838,1
560,6,2,10,0.4571580354484525,1443,11,0.9431945538974952,1
839,4,2,10,0.7794561426236906,1612,11,0.8884502877862838,1
584,4,2,10,0.0831330715660775,1298,11,0.9431945538974952,1
870,4,2,10,0.7953720985335788,1418,11,0.8884502877862838,1
614,6,2,10,0.3656412889665948,1489,11,0.8884502877862838,1
693,4,2,10,1.022174470249487,1743,11,0.9431945538974952,1
716,6,2,10,0.7078343410291932,1458,11,0.9431945538974952,1
861,6,2,10,0.7754771536462185,1655,11,0.8884502877862838,1
686,6,2,10,0.2343346527100163,1241,11,0.9431945538974952,1
774,4,2,10,0.5009269142006454,1312,11,0.8884502877862838,1
741,6,2,10,0.859035922173132,1591,11,0.9431945538974952,1
758,6,2,10,1.0420694151368477,1624,11,0.9431945538974952,1
793,6,2,10,1.18133402934837,1661,11,0.8884502877862838,1
599,4,2,10,0.7794561426236906,1489,11,0.8884502877862838,1
688,4,2,10,0.377578255899011,1138,11,0.8884502877862838,1
752,4,2,10,0.8192460323984113,1442,11,0.9431945538974952,1
668,6,2,10,1.1017542497989286,1843,11,0.8884502877862838,1
657,6,2,10,0.214439707822656,1078,11,0.8884502877862838,1
815,6,2,10,0.4889899472682291,1432,11,0.8884502877862838,1
777,6,2,10,0.8749518780830203,1447,11,0.8884502877862838,1
604,6,2,10,0.3815572448764831,1219,11,0.8884502877862838,1
643,4,2,10,0.540716803975366,1317,11,0.8884502877862838,1
732,4,2,10,1.1574600954835377,1496,11,0.9431945538974952,1
725,4,2,10,0.4253261236286759,1399,11,0.9431945538974952,1
569,4,2,10,0.3059564543045137,1461,11,0.9431945538974952,1
781,4,2,10,0.540716803975366,1376,11,0.8884502877862838,1
843,6,2,10,0.9903425584297104,1546,11,0.8884502877862838,1
632,6,2,10,0.9067837899027968,1271,11,0.8884502877862838,1
741,6,2,10,0.5805066937500868,1392,11,0.9431945538974952,1
676,6,2,10,0.2542295975973768,1472,11,0.8884502877862838,1
747,4,2,10,0.4889899472682291,1446,11,0.9431945538974952,1
759,6,2,10,0.9983005363846544,1473,11,0.8884502877862838,1
733,4,2,10,0.6561074843220562,1442,11,0.9431945538974952,1
766,6,2,10,0.3815572448764831,1387,11,0.8884502877862838,1
839,4,2,10,1.0062585143395988,1685,11,0.8884502877862838,1
679,4,2,10,0.863014911150604,1524,11,0.8884502877862838,1
816,4,2,10,0.910762778880269,1508,11,0.8884502877862838,1
724,6,2,10,0.7595611977363301,1634,11,0.8884502877862838,1
769,4,2,10,0.9983005363846544,1455,11,0.8884502877862838,1
561,6,2,10,0.7396662528489698,1564,11,0.9431945538974952,1
523,6,2,10,0.2781035314622092,1477,11,0.9431945538974952,1
775,4,2,10,0.803330076488523,1491,11,0.9431945538974952,1
817,6,2,10,0.9028048009253248,1646,11,0.9431945538974952,1
618,6,2,10,0.7555822087588581,1352,11,0.9431945538974952,1
727,4,2,10,0.8948468229703807,1616,11,0.9431945538974952,1
579,6,2,10,0.7038553520517211,1319,11,0.9431945538974952,1
734,6,2,10,0.2979984763495695,1397,11,0.9431945538974952,1
776,4,2,10,1.1296071726412331,1711,11,0.9431945538974952,1
663,4,2,10,0.640191528412168,1452,11,0.9431945538974952,1
799,4,2,10,1.344472577424725,1767,11,0.9431945538974952,1
684,6,2,10,0.4412420795385642,1382,11,0.8884502877862838,1
865,4,2,10,0.9744266025198222,1826,11,0.8884502877862838,1
709,4,2,10,0.7157923189841373,1298,11,0.9431945538974952,1
783,6,2,10,0.699876363074249,1508,11,0.8884502877862838,1
692,6,2,10,0.7635401867138022,1490,11,0.9431945538974952,1
778,6,2,10,0.3855362338539552,1167,11,0.9431945538974952,1
800,6,2,10,0.6680444512544724,1392,11,0.9431945538974952,1
786,4,2,10,0.5168428701105336,1261,11,0.9431945538974952,1
658,4,2,10,0.2184186968001281,1014,11,0.8884502877862838,1
804,6,2,10,0.9943215474071824,1588,11,0.9431945538974952,1
619,6,2,10,0.3815572448764831,1363,11,0.9431945538974952,1
842,4,2,10,1.244997852987923,1657,11,0.9431945538974952,1
613,4,2,10,0.4173681456737318,1294,11,0.8884502877862838,1
635,6,2,10,0.5208218590880057,1377,11,0.8884502877862838,1
714,4,2,10,0.640191528412168,1318,11,0.9431945538974952,1
697,4,2,10,0.4969479252231732,1351,11,0.9431945538974952,1
818,6,2,10,0.6839604071643608,1543,11,0.9431945538974952,1
760,6,2,10,1.0261534592269592,1548,11,0.9431945538974952,1
686,4,2,10,0.4372630905610921,1344,11,0.8884502877862838,1
885,4,2,10,1.1296071726412331,1580,11,0.9431945538974952,1
774,6,2,10,1.0420694151368477,1552,11,0.9431945538974952,1
729,6,2,10,0.7118133300066652,1599,11,0.8884502877862838,1
710,6,2,10,0.5645907378401985,1396,11,0.9431945538974952,1
782,6,2,10,0.9903425584297104,1574,11,0.9431945538974952,1
536,4,2,10,0.4094101677187876,1315,11,0.9431945538974952,1
658,4,2,10,0.7118133300066652,1201,11,0.8884502877862838,1
643,6,2,10,0.536737814997894,1330,11,0.8884502877862838,1
674,6,2,10,0.7635401867138022,1233,11,0.9431945538974952,1
756,4,2,10,0.4531790464709804,1311,11,0.9431945538974952,1
720,4,2,10,0.9823845804747664,1678,11,0.8884502877862838,1
583,6,2,10,0.6202965835248075,1130,11,0.9431945538974952,1
697,4,2,10,0.6879393961418329,1341,11,0.9431945538974952,1
599,4,2,10,0.5168428701105336,939,11,0.9431945538974952,1
791,4,2,10,0.5924436606825031,1469,11,0.8884502877862838,1
708,6,2,10,0.7277292859165536,1546,11,0.8884502877862838,1
719,6,2,10,0.8550569331956599,1294,11,0.9431945538974952,1
691,4,2,10,0.8431199662632437,1582,11,0.8884502877862838,1
587,4,2,10,0.214439707822656,1022,11,0.8884502877862838,1
732,4,2,10,1.0778803159340962,1745,11,0.9431945538974952,1
473,6,2,10,0.4730739913583408,1138,11,0.9431945538974952,1
654,6,2,10,0.6799814181868887,1417,11,0.9431945538974952,1
730,6,2,10,0.4690950023808687,1292,11,0.8884502877862838,1
720,6,2,10,0.6561074843220562,1343,11,0.9431945538974952,1
642,4,2,10,0.8112880544434671,1447,11,0.9431945538974952,1
799,4,2,10,1.1614390844610096,1566,11,0.9431945538974952,1
736,6,2,10,0.64417051738964,1204,11,0.8884502877862838,1
723,6,2,10,0.958510646609934,1426,11,0.8884502877862838,1
812,6,2,10,0.5844856827275589,1554,11,0.9431945538974952,1
680,4,2,10,0.7754771536462185,1441,11,0.8884502877862838,1
789,4,2,10,1.0579853710467355,1579,11,0.9431945538974952,1
661,6,2,10,0.7834351316011626,1361,11,0.8884502877862838,1
549,6,2,10,0.7078343410291932,1484,11,0.9431945538974952,1
844,6,2,10,0.9903425584297104,1428,11,0.9431945538974952,1
717,6,2,10,0.2383136416874884,1043,11,0.9431945538974952,1
763,4,2,10,0.9306577237676292,1450,11,0.9431945538974952,1
760,4,2,10,1.022174470249487,1548,11,0.9431945538974952,1
598,4,2,10,0.6640654622770004,1569,11,0.8884502877862838,1
654,6,2,10,0.1388389172506866,1307,11,0.8884502877862838,1
621,4,2,10,0.4889899472682291,1492,11,0.8884502877862838,1
692,4,2,10,0.5128638811330616,1364,11,0.8884502877862838,1
601,4,2,10,0.6282545614797517,1417,11,0.8884502877862838,1
623,6,2,10,0.3974732007863714,1434,11,0.9431945538974952,1
570,4,2,10,0.3974732007863714,1249,11,0.9431945538974952,1
835,4,2,10,1.0181954812720149,1758,11,0.8884502877862838,1
735,4,2,10,1.0977752608214564,1537,11,0.8884502877862838,1
706,6,2,10,0.9266787347901572,1658,11,0.8884502877862838,1
595,4,2,10,0.8789308670604924,1506,11,0.9431945538974952,1
719,6,2,10,0.588464671705031,1417,11,0.9431945538974952,1
624,6,2,10,0.8112880544434671,1352,11,0.8884502877862838,1
819,6,2,10,0.7754771536462185,1528,11,0.8884502877862838,1
629,4,2,10,0.7078343410291932,1573,11,0.8884502877862838,1
578,4,2,10,0.2104607188451839,1275,11,0.9431945538974952,1
593,6,2,10,0.6879393961418329,1136,11,0.9431945538974952,1
791,6,2,10,0.7834351316011626,1353,11,0.9431945538974952,1
754,4,2,10,0.958510646609934,1491,11,0.9431945538974952,1
783,6,2,10,1.443947301861527,1826,11,0.8884502877862838,1
753,6,2,10,0.7118133300066652,1397,11,0.8884502877862838,1
569,6,2,10,0.4133891566962597,1298,11,0.9431945538974952,1
657,6,2,10,0.8391409772857716,1486,11,0.8884502877862838,1
721,4,2,10,0.3656412889665948,1387,11,0.9431945538974952,1
646,6,2,10,0.3934942118088994,1113,11,0.8884502877862838,1
818,6,2,10,0.8669939001280762,1559,11,0.9431945538974952,1
751,6,2,10,0.9863635694522384,1450,11,0.9431945538974952,1
730,6,2,10,0.7913931095561068,1573,11,0.8884502877862838,1
869,6,2,10,1.3007036986725322,1678,11,0.9431945538974952,1
576,4,2,10,0.4651160134033967,1427,11,0.8884502877862838,1
740,4,2,10,1.0062585143395988,1602,11,0.8884502877862838,1
707,6,2,10,0.7675191756912743,1546,11,0.9431945538974952,1
784,4,2,10,0.8749518780830203,1558,11,0.9431945538974952,1
688,4,2,10,0.9903425584297104,1496,11,0.9431945538974952,1
698,4,2,10,0.4889899472682291,1159,11,0.8884502877862838,1
781,6,2,10,0.7237502969390814,1329,11,0.8884502877862838,1
801,6,2,10,0.7874141205786347,1410,11,0.8884502877862838,1
788,6,2,10,0.7237502969390814,1342,11,0.9431945538974952,1
662,4,2,10,0.3974732007863714,1271,11,0.9431945538974952,1
796,4,2,10,0.7317082748940257,1527,11,0.8884502877862838,1
615,4,2,10,0.8112880544434671,1317,11,0.8884502877862838,1
748,6,2,10,0.536737814997894,1474,11,0.8884502877862838,1
740,4,2,10,0.3338093771468182,1172,11,0.9431945538974952,1
587,4,2,10,0.5168428701105336,1263,11,0.9431945538974952,1
706,6,2,10,0.7476242308039139,1406,11,0.8884502877862838,1
652,4,2,10,0.7356872638714977,1541,11,0.8884502877862838,1
665,4,2,10,0.6322335504572237,1553,11,0.8884502877862838,1
798,6,2,10,1.2768297648076998,1825,11,0.8884502877862838,1
570,6,2,10,0.5606117488627265,1294,11,0.9431945538974952,1
953,4,2,10,1.3404935884472529,1755,11,0.9431945538974952,1
703,4,2,10,1.0062585143395988,1623,11,0.8884502877862838,1
748,4,2,10,1.014216492294543,1561,11,0.9431945538974952,1
515,6,2,10,0.3417673551017623,1321,11,0.8884502877862838,1
666,4,2,10,0.695897374096777,1193,11,0.8884502877862838,1
821,4,2,10,0.6282545614797517,1388,11,0.8884502877862838,1
763,4,2,10,0.7277292859165536,1353,11,0.8884502877862838,1
731,4,2,10,0.7834351316011626,1417,11,0.9431945538974952,1
596,4,2,10,0.2781035314622092,1125,11,0.8884502877862838,1
801,6,2,10,1.0699223379791518,1738,11,0.8884502877862838,1
694,4,2,10,0.6640654622770004,1675,11,0.8884502877862838,1
702,4,2,10,0.5566327598852544,1339,11,0.9431945538974952,1
717,4,2,10,1.125628183663761,1746,11,0.8884502877862838,1
878,6,2,10,0.9306577237676292,1596,11,0.8884502877862838,1
767,6,2,10,0.97044761354235,1661,11,0.9431945538974952,1
745,4,2,10,0.5327588260204219,1564,11,0.9431945538974952,1
791,6,2,10,1.4638422467488872,1878,11,0.8884502877862838,1
619,4,2,10,0.4611370244259246,1296,11,0.8884502877862838,1
712,6,2,10,0.1269019503182704,1063,11,0.8884502877862838,1
1137,2,2,10,2.0766065492795867,1574,11,0.9431945538974952,1
1151,2,2,10,1.905510023248288,1363,11,0.9431945538974952,1
1002,6,2,10,1.8498041775636784,1497,11,0.9431945538974952,1
1149,6,2,10,1.774203386991709,1209,11,0.8884502877862838,1
1270,2,2,10,2.04477463745981,1572,11,0.9431945538974952,1
1154,6,2,10,2.0049847476850893,1374,11,0.9431945538974952,1
1099,6,2,10,1.8696991224510389,1368,11,0.8884502877862838,1
1139,6,2,10,1.865720133473567,1400,11,0.8884502877862838,1
1181,2,2,10,2.04477463745981,1613,11,0.9431945538974952,1
1289,2,2,10,2.088543516212003,1633,11,0.8884502877862838,1
1197,6,2,10,1.8736781114285108,1409,11,0.9431945538974952,1
1203,6,2,10,2.0567116043922264,1467,11,0.8884502877862838,1
1223,6,2,10,1.989068791775201,1589,11,0.8884502877862838,1
1347,6,2,10,1.9691738468878408,1636,11,0.9431945538974952,1
1192,6,2,10,1.993047780752673,1634,11,0.8884502877862838,1
1276,2,2,10,2.0726275603021147,1735,11,0.8884502877862838,1
1072,2,2,10,1.917446990180704,1380,11,0.8884502877862838,1
1126,6,2,10,1.6986025964197395,1070,11,0.8884502877862838,1
1224,6,2,10,1.925404968135648,1479,11,0.9431945538974952,1
1286,2,2,10,2.0129427256400336,1403,11,0.8884502877862838,1
1133,2,2,10,1.881636089383455,1549,11,0.9431945538974952,1
1229,6,2,10,1.989068791775201,1474,11,0.9431945538974952,1
1115,2,2,10,1.901531034270816,1197,11,0.8884502877862838,1
1182,6,2,10,2.0049847476850893,1300,11,0.8884502877862838,1
1104,6,2,10,1.8975520452933432,1334,11,0.9431945538974952,1
1286,2,2,10,1.9771318248427847,1422,11,0.9431945538974952,1
1187,6,2,10,1.9094890122257595,1345,11,0.8884502877862838,1
1078,6,2,10,1.6866656294873237,1318,11,0.9431945538974952,1
1257,2,2,10,1.9731528358653128,1302,11,0.8884502877862838,1
1188,6,2,10,2.040795648482338,1605,11,0.8884502877862838,1
1276,6,2,10,1.9094890122257595,1583,11,0.9431945538974952,1
1203,2,2,10,1.941320924045536,1650,11,0.9431945538974952,1
1217,6,2,10,1.937341935068064,1363,11,0.9431945538974952,1
1214,2,2,10,2.048753626437282,1620,11,0.8884502877862838,1
1187,2,2,10,1.9651948579103689,1451,11,0.9431945538974952,1
1234,2,2,10,1.7105395633521558,1397,11,0.8884502877862838,1
1310,2,2,10,1.8458251885862065,1509,11,0.8884502877862838,1
1205,6,2,10,1.9492789020004804,1156,11,0.8884502877862838,1
1171,2,2,10,1.937341935068064,1448,11,0.9431945538974952,1
1312,2,2,10,2.088543516212003,1523,11,0.8884502877862838,1
1198,6,2,10,1.9771318248427847,1506,11,0.9431945538974952,1
1199,2,2,10,1.865720133473567,1378,11,0.9431945538974952,1
1094,6,2,10,2.048753626437282,1257,11,0.9431945538974952,1
1345,2,2,10,2.096501494166947,1782,11,0.9431945538974952,1
1230,6,2,10,1.658812706645019,1038,11,0.8884502877862838,1
1260,6,2,10,1.8736781114285108,1455,11,0.8884502877862838,1
1168,6,2,10,1.7980773208565417,1387,11,0.8884502877862838,1
1064,2,2,10,1.6349387727801863,1158,11,0.8884502877862838,1
1157,6,2,10,2.0010057587076173,1267,11,0.9431945538974952,1
1031,6,2,10,1.937341935068064,1228,11,0.9431945538974952,1
1169,6,2,10,1.9532578909779523,1312,11,0.8884502877862838,1
1211,6,2,10,1.817972265743902,1445,11,0.8884502877862838,1
1178,2,2,10,2.036816659504866,1220,11,0.8884502877862838,1
1187,2,2,10,1.7901193429015974,1204,11,0.9431945538974952,1
1227,2,2,10,2.148228350874084,1701,11,0.8884502877862838,1
1116,2,2,10,1.901531034270816,1408,11,0.8884502877862838,1
1268,6,2,10,1.881636089383455,1590,11,0.9431945538974952,1
1251,2,2,10,1.889594067338399,1483,11,0.9431945538974952,1
1148,2,2,10,1.8696991224510389,1555,11,0.8884502877862838,1
1096,2,2,10,1.8696991224510389,1281,11,0.9431945538974952,1
1061,6,2,10,1.5832119160730496,1425,11,0.9431945538974952,1
1043,6,2,10,1.837867210631262,1181,11,0.9431945538974952,1
1074,6,2,10,1.607085849937882,1136,11,0.9431945538974952,1
1193,2,2,10,1.8975520452933432,1441,11,0.9431945538974952,1
1183,6,2,10,1.937341935068064,1672,11,0.9431945538974952,1
1251,6,2,10,2.108438461099363,1682,11,0.9431945538974952,1
1277,6,2,10,2.136291383941668,1547,11,0.8884502877862838,1
1301,2,2,10,1.889594067338399,1654,11,0.9431945538974952,1
1272,2,2,10,1.937341935068064,1505,11,0.9431945538974952,1
1196,2,2,10,2.028858681549922,1604,11,0.9431945538974952,1
1165,6,2,10,1.722476530284572,1431,11,0.8884502877862838,1
985,2,2,10,1.8338882216537904,1336,11,0.9431945538974952,1
1172,2,2,10,1.989068791775201,1491,11,0.9431945538974952,1
1227,2,2,10,1.8736781114285108,1575,11,0.8884502877862838,1
1306,6,2,10,2.040795648482338,1514,11,0.9431945538974952,1
1084,6,2,10,1.8060352988114856,1313,11,0.8884502877862838,1
1195,2,2,10,1.9811108138202569,1499,11,0.9431945538974952,1
1410,6,2,10,2.052732615414754,1581,11,0.8884502877862838,1
1196,6,2,10,1.925404968135648,1204,11,0.9431945538974952,1
1177,6,2,10,1.8458251885862065,1435,11,0.9431945538974952,1
1269,6,2,10,1.766245409036765,1359,11,0.9431945538974952,1
1180,6,2,10,1.8418461996087343,1453,11,0.9431945538974952,1
1209,6,2,10,2.0010057587076173,1331,11,0.9431945538974952,1
1185,2,2,10,1.9691738468878408,1370,11,0.9431945538974952,1
1142,6,2,10,2.052732615414754,1587,11,0.8884502877862838,1
1316,6,2,10,1.917446990180704,1682,11,0.9431945538974952,1
1069,6,2,10,1.7423714751719324,1075,11,0.9431945538974952,1
1178,2,2,10,2.1641443067839723,1449,11,0.9431945538974952,1
1279,2,2,10,2.0129427256400336,1573,11,0.8884502877862838,1
1281,2,2,10,1.9970267697301447,1704,11,0.9431945538974952,1
1146,2,2,10,1.881636089383455,1462,11,0.8884502877862838,1
1320,6,2,10,2.0766065492795867,1586,11,0.8884502877862838,1
1180,2,2,10,1.7821613649466532,1303,11,0.8884502877862838,1
1197,6,2,10,1.7901193429015974,1215,11,0.8884502877862838,1
1161,6,2,10,1.893573056315872,1333,11,0.8884502877862838,1
1216,6,2,10,1.925404968135648,1395,11,0.8884502877862838,1
1225,6,2,10,2.028858681549922,1365,11,0.8884502877862838,1
1305,2,2,10,1.837867210631262,1397,11,0.9431945538974952,1
1135,6,2,10,1.8617411444960947,1225,11,0.9431945538974952,1
1223,2,2,10,1.7344134972169882,1246,11,0.8884502877862838,1
1357,2,2,10,2.0049847476850893,1787,11,0.9431945538974952,1
1090,6,2,10,1.7582874310818206,1237,11,0.8884502877862838,1
1163,2,2,10,1.9771318248427847,1554,11,0.8884502877862838,1
1316,6,2,10,2.0686485713246423,1502,11,0.9431945538974952,1
1141,6,2,10,2.0010057587076173,1583,11,0.8884502877862838,1
1193,2,2,10,1.774203386991709,1341,11,0.9431945538974952,1
1260,2,2,10,1.9970267697301447,1537,11,0.8884502877862838,1
1162,2,2,10,1.8975520452933432,1624,11,0.9431945538974952,1
1363,6,2,10,2.112417450076835,1718,11,0.8884502877862838,1
1204,6,2,10,2.008963736662561,1649,11,0.9431945538974952,1
1294,2,2,10,1.945299913023008,1295,11,0.8884502877862838,1
1190,2,2,10,1.770224398014237,1313,11,0.8884502877862838,1
1199,2,2,10,2.0805855382570586,1489,11,0.8884502877862838,1
1250,2,2,10,2.2437240863334136,1679,11,0.9431945538974952,1
1145,6,2,10,1.937341935068064,1598,11,0.9431945538974952,1
1325,2,2,10,2.0049847476850893,1625,11,0.8884502877862838,1
1347,6,2,10,2.1243544170092514,1881,11,0.9431945538974952,1
1290,6,2,10,1.945299913023008,1520,11,0.9431945538974952,1
1067,2,2,10,2.0169217146175056,1592,11,0.8884502877862838,1
1272,6,2,10,2.0129427256400336,1541,11,0.9431945538974952,1
1076,2,2,10,1.893573056315872,1288,11,0.8884502877862838,1
1333,6,2,10,2.0049847476850893,1644,11,0.8884502877862838,1
1150,6,2,10,1.7184975413071,1169,11,0.9431945538974952,1
1179,2,2,10,1.9731528358653128,1440,11,0.8884502877862838,1
1157,2,2,10,1.678707651532379,1192,11,0.8884502877862838,1
1194,2,2,10,1.925404968135648,1398,11,0.9431945538974952,1
1280,2,2,10,2.0129427256400336,1291,11,0.9431945538974952,1
1090,2,2,10,1.722476530284572,1005,11,0.8884502877862838,1
1128,2,2,10,1.7304345082395165,1243,11,0.8884502877862838,1
1244,2,2,10,2.0606905933696984,1522,11,0.9431945538974952,1
1122,2,2,10,1.8418461996087343,1200,11,0.9431945538974952,1
1327,2,2,10,2.136291383941668,1731,11,0.8884502877862838,1
1365,6,2,10,2.1641443067839723,1670,11,0.8884502877862838,1
1259,6,2,10,1.9850898027977288,1401,11,0.9431945538974952,1
1143,6,2,10,1.889594067338399,1446,11,0.9431945538974952,1
1159,2,2,10,2.020900703594977,1661,11,0.8884502877862838,1
1188,2,2,10,2.040795648482338,1616,11,0.8884502877862838,1
1242,2,2,10,1.881636089383455,1175,11,0.9431945538974952,1
1216,2,2,10,1.9492789020004804,1503,11,0.8884502877862838,1
1027,2,2,10,1.8139932767664293,1322,11,0.8884502877862838,1
1216,6,2,10,1.993047780752673,1565,11,0.9431945538974952,1
1176,2,2,10,1.817972265743902,1505,11,0.8884502877862838,1
1145,6,2,10,1.8856150783609271,1428,11,0.9431945538974952,1
1255,6,2,10,1.8577621555186223,1350,11,0.9431945538974952,1
1247,6,2,10,2.008963736662561,1389,11,0.8884502877862838,1
1065,6,2,10,1.8617411444960947,1238,11,0.8884502877862838,1
1253,6,2,10,2.35115678872516,1365,11,0.8884502877862838,1
1081,2,2,10,1.722476530284572,1109,11,0.9431945538974952,1
1290,6,2,10,1.7940983318790693,1360,11,0.9431945538974952,1
1014,6,2,10,1.8060352988114856,939,11,0.8884502877862838,1
1250,2,2,10,1.893573056315872,1369,11,0.8884502877862838,1
1238,2,2,10,2.144249361896612,1509,11,0.9431945538974952,1
1224,2,2,10,1.9094890122257595,1623,11,0.8884502877862838,1
1207,2,2,10,1.9492789020004804,1441,11,0.8884502877862838,1
1183,2,2,10,1.8418461996087343,1277,11,0.8884502877862838,1
1211,6,2,10,1.9731528358653128,1392,11,0.9431945538974952,1
1287,6,2,10,1.905510023248288,1560,11,0.9431945538974952,1
1323,2,2,10,2.032837670527394,1599,11,0.9431945538974952,1
1328,6,2,10,2.112417450076835,1701,11,0.9431945538974952,1
1182,6,2,10,1.825930243698846,1493,11,0.9431945538974952,1
1155,2,2,10,1.829909232676318,1325,11,0.9431945538974952,1
1146,6,2,10,1.9691738468878408,1467,11,0.8884502877862838,1
1346,6,2,10,1.945299913023008,1338,11,0.8884502877862838,1
1212,6,2,10,1.8617411444960947,1385,11,0.9431945538974952,1
1119,6,2,10,1.9492789020004804,1468,11,0.9431945538974952,1
1258,2,2,10,1.6548337176675467,1127,11,0.9431945538974952,1
1055,6,2,10,1.9651948579103689,1402,11,0.8884502877862838,1
1092,2,2,10,1.8736781114285108,1419,11,0.9431945538974952,1
1221,6,2,10,1.829909232676318,1310,11,0.9431945538974952,1
1044,2,2,10,1.7304345082395165,1222,11,0.9431945538974952,1
1193,2,2,10,1.893573056315872,1513,11,0.9431945538974952,1
1187,2,2,10,2.0845645272345306,1474,11,0.8884502877862838,1
1158,6,2,10,1.817972265743902,1090,11,0.9431945538974952,1
1234,6,2,10,1.921425979158176,1479,11,0.9431945538974952,1
1143,6,2,10,1.7622664200592928,1182,11,0.8884502877862838,1
1312,2,2,10,1.829909232676318,1455,11,0.9431945538974952,1
1106,6,2,10,1.8696991224510389,1304,11,0.8884502877862838,1
1140,2,2,10,2.0169217146175056,1466,11,0.9431945538974952,1
1123,2,2,10,1.8219512547213736,1189,11,0.8884502877862838,1
1160,6,2,10,1.8736781114285108,1441,11,0.8884502877862838,1
1238,2,2,10,1.817972265743902,1422,11,0.8884502877862838,1
1231,6,2,10,1.7821613649466532,1173,11,0.9431945538974952,1
1302,2,2,10,2.020900703594977,1363,11,0.9431945538974952,1
1179,6,2,10,1.9811108138202569,1478,11,0.9431945538974952,1
1195,2,2,10,1.7344134972169882,1153,11,0.9431945538974952,1
1292,6,2,10,2.0010057587076173,1487,11,0.8884502877862838,1
1205,2,2,10,1.917446990180704,1461,11,0.8884502877862838,1
1243,2,2,10,1.9492789020004804,1421,11,0.9431945538974952,1
1035,2,2,10,1.7304345082395165,1181,11,0.9431945538974952,1
1272,2,2,10,2.032837670527394,1646,11,0.8884502877862838,1
1331,6,2,10,2.028858681549922,1422,11,0.9431945538974952,1
1184,2,2,10,2.0129427256400336,1544,11,0.8884502877862838,1
1180,2,2,10,2.04477463745981,1464,11,0.9431945538974952,1
1296,6,2,10,2.036816659504866,1532,11,0.9431945538974952,1
1253,6,2,10,1.881636089383455,1618,11,0.8884502877862838,1
1147,2,2,10,1.678707651532379,1176,11,0.9431945538974952,1
1281,6,2,10,1.8617411444960947,1601,11,0.9431945538974952,1
1305,2,2,10,2.1283334059867234,1631,11,0.8884502877862838,1
1209,6,2,10,1.9811108138202569,1637,11,0.8884502877862838,1
1254,2,2,10,2.032837670527394,1315,11,0.9431945538974952,1
1310,2,2,10,1.9612158689328965,1472,11,0.8884502877862838,1
1207,2,2,10,2.0567116043922264,1436,11,0.9431945538974952,1
1152,2,2,10,1.8736781114285108,1484,11,0.8884502877862838,1
1079,2,2,10,1.5633169711856891,1066,11,0.9431945538974952,1
1310,6,2,10,1.8975520452933432,1387,11,0.9431945538974952,1
1062,6,2,10,1.6707496735774352,1142,11,0.8884502877862838,1
1120,2,2,10,1.893573056315872,1390,11,0.8884502877862838,1
1226,2,2,10,1.945299913023008,1454,11,0.8884502877862838,1
1295,2,2,10,1.9970267697301447,1644,11,0.9431945538974952,1
1309,6,2,10,1.913468001203232,1595,11,0.9431945538974952,1
1157,6,2,10,1.7861403539241252,1343,11,0.8884502877862838,1
1144,6,2,10,1.7940983318790693,1159,11,0.9431945538974952,1
1310,2,2,10,2.0049847476850893,1455,11,0.8884502877862838,1
1310,6,2,10,2.148228350874084,1577,11,0.8884502877862838,1
1134,6,2,10,1.7304345082395165,1380,11,0.8884502877862838,1
1143,6,2,10,1.7344134972169882,1210,11,0.9431945538974952,1
1290,6,2,10,1.941320924045536,1403,11,0.8884502877862838,1
1208,6,2,10,1.7184975413071,1431,11,0.9431945538974952,1
998,6,2,10,1.770224398014237,1198,11,0.8884502877862838,1
1153,6,2,10,2.032837670527394,1598,11,0.9431945538974952,1
1271,6,2,10,1.9691738468878408,1551,11,0.8884502877862838,1
1219,2,2,10,1.993047780752673,1543,11,0.9431945538974952,1
1034,2,2,10,1.7503294531268765,1161,11,0.8884502877862838,1
1265,6,2,10,2.0646695823471704,1374,11,0.8884502877862838,1
1055,2,2,10,1.937341935068064,1512,11,0.8884502877862838,1
1275,6,2,10,1.865720133473567,1303,11,0.9431945538974952,1
1227,6,2,10,1.8219512547213736,1368,11,0.9431945538974952,1
1186,6,2,10,1.7463504641494043,1233,11,0.9431945538974952,1
1281,2,2,10,2.092522505189475,1676,11,0.9431945538974952,1
1269,2,2,10,2.132312394964196,1481,11,0.8884502877862838,1
1151,6,2,10,1.7344134972169882,1354,11,0.8884502877862838,1
1195,2,2,10,1.8736781114285108,1274,11,0.9431945538974952,1
1093,2,2,10,1.8537831665411504,1441,11,0.9431945538974952,1
1089,2,2,10,2.0567116043922264,1381,11,0.8884502877862838,1
1334,6,2,10,2.188018240648805,1530,11,0.9431945538974952,1
1241,2,2,10,1.829909232676318,1373,11,0.9431945538974952,1
1145,6,2,10,1.8696991224510389,1537,11,0.8884502877862838,1
1253,2,2,10,1.925404968135648,1380,11,0.8884502877862838,1
1223,2,2,10,2.108438461099363,1632,11,0.9431945538974952,1
1146,6,2,10,1.6906446184647954,1179,11,0.9431945538974952,1
1138,2,2,10,1.8458251885862065,1381,11,0.9431945538974952,1
1164,2,2,10,1.8219512547213736,1351,11,0.9431945538974952,1
1154,6,2,10,2.136291383941668,1444,11,0.9431945538974952,1
1176,6,2,10,2.0129427256400336,1626,11,0.8884502877862838,1
1169,2,2,10,2.0805855382570586,1517,11,0.8884502877862838,1
1155,2,2,10,1.8856150783609271,1442,11,0.8884502877862838,1
1225,2,2,10,1.817972265743902,1339,11,0.9431945538974952,1
1167,2,2,10,1.7622664200592928,1199,11,0.8884502877862838,1
1175,2,2,10,2.0049847476850893,1385,11,0.9431945538974952,1
1274,6,2,10,1.901531034270816,1427,11,0.9431945538974952,1
1307,6,2,10,1.8537831665411504,1634,11,0.9431945538974952,1
1222,2,2,10,2.0845645272345306,1498,11,0.8884502877862838,1
1087,6,2,10,1.7622664200592928,1159,11,0.9431945538974952,1
1238,6,2,10,2.024879692572449,1409,11,0.8884502877862838,1
1269,2,2,10,1.901531034270816,1394,11,0.9431945538974952,1
1182,6,2,10,1.9850898027977288,1332,11,0.8884502877862838,1
1256,2,2,10,1.877657100405983,1416,11,0.8884502877862838,1
1158,2,2,10,1.893573056315872,1427,11,0.9431945538974952,1
1253,2,2,10,1.901531034270816,1541,11,0.8884502877862838,1
1326,2,2,10,1.9850898027977288,1607,11,0.8884502877862838,1
1297,2,2,10,2.0169217146175056,1580,11,0.9431945538974952,1
1217,2,2,10,1.7543084421043489,1370,11,0.9431945538974952,1
1064,2,2,10,1.7344134972169882,1125,11,0.9431945538974952,1
1267,2,2,10,1.8060352988114856,1504,11,0.9431945538974952,1
1255,2,2,10,1.9651948579103689,1132,11,0.9431945538974952,1
1147,6,2,10,1.774203386991709,1300,11,0.9431945538974952,1
1348,6,2,10,2.247703075310886,1704,11,0.8884502877862838,1
1123,6,2,10,1.774203386991709,1226,11,0.9431945538974952,1
1267,2,2,10,2.0726275603021147,1778,11,0.8884502877862838,1
1162,2,2,10,1.8219512547213736,1151,11,0.8884502877862838,1
1087,2,2,10,2.048753626437282,1343,11,0.8884502877862838,1
1161,2,2,10,1.555358993230745,1438,11,0.9431945538974952,1
1197,6,2,10,1.901531034270816,1257,11,0.8884502877862838,1
1185,6,2,10,1.7423714751719324,1111,11,0.9431945538974952,1
1272,6,2,10,2.0129427256400336,1663,11,0.9431945538974952,1
1095,6,2,10,1.7025815853972115,1431,11,0.8884502877862838,1
1206,2,2,10,1.9771318248427847,1489,11,0.8884502877862838,1
994,6,2,10,1.7383924861944604,1398,11,0.8884502877862838,1
1160,6,2,10,1.989068791775201,1524,11,0.9431945538974952,1
1157,2,2,10,1.8617411444960947,1380,11,0.9431945538974952,1
1005,6,2,10,1.7543084421043489,1173,11,0.8884502877862838,1
1262,2,2,10,1.889594067338399,1463,11,0.9431945538974952,1
1143,6,2,10,1.817972265743902,1380,11,0.9431945538974952,1
1102,6,2,10,1.945299913023008,1395,11,0.9431945538974952,1
1131,2,2,10,2.040795648482338,1386,11,0.8884502877862838,1
1140,2,2,10,1.774203386991709,1321,11,0.8884502877862838,1
1194,6,2,10,1.8696991224510389,1381,11,0.9431945538974952,1
1239,6,2,10,1.933362946090592,1311,11,0.8884502877862838,1
1314,2,2,10,1.865720133473567,1443,11,0.9431945538974952,1
1277,2,2,10,2.0646695823471704,1718,11,0.8884502877862838,1
1229,2,2,10,1.989068791775201,1411,11,0.9431945538974952,1
1314,6,2,10,2.104459472121891,1767,11,0.8884502877862838,1
1031,6,2,10,1.8617411444960947,1416,11,0.9431945538974952,1
1295,2,2,10,1.865720133473567,1487,11,0.8884502877862838,1
1187,2,2,10,2.048753626437282,1439,11,0.8884502877862838,1
1285,2,2,10,1.893573056315872,1402,11,0.8884502877862838,1
1132,2,2,10,1.889594067338399,1423,11,0.9431945538974952,1
1082,2,2,10,1.7622664200592928,1449,11,0.9431945538974952,1
1167,2,2,10,1.917446990180704,1484,11,0.9431945538974952,1
1265,6,2,10,2.156186328829028,1585,11,0.9431945538974952,1
1264,6,2,10,1.9572368799554245,1595,11,0.9431945538974952,1
1051,2,2,10,1.9612158689328965,1406,11,0.8884502877862838,1
1284,6,2,10,2.0049847476850893,1690,11,0.8884502877862838,1
1150,6,2,10,1.8975520452933432,1340,11,0.8884502877862838,1
1160,2,2,10,1.905510023248288,1375,11,0.9431945538974952,1
1234,2,2,10,1.925404968135648,1525,11,0.8884502877862838,1
1203,2,2,10,1.9811108138202569,1184,11,0.8884502877862838,1
1093,6,2,10,1.7304345082395165,1480,11,0.8884502877862838,1
1237,6,2,10,1.9691738468878408,1400,11,0.9431945538974952,1
1036,6,2,10,1.6309597838027143,1345,11,0.9431945538974952,1
1209,2,2,10,2.0169217146175056,1461,11,0.9431945538974952,1
1069,2,2,10,1.7065605743746837,1273,11,0.9431945538974952,1
1205,2,2,10,2.020900703594977,1426,11,0.8884502877862838,1
1092,6,2,10,1.6468757397126026,1208,11,0.9431945538974952,1
1188,6,2,10,1.8100142877889576,1256,11,0.9431945538974952,1
1368,6,2,10,1.945299913023008,1617,11,0.9431945538974952,1
1179,2,2,10,1.9651948579103689,1674,11,0.9431945538974952,1
1064,2,2,10,1.6946236074422676,1383,11,0.9431945538974952,1
1217,2,2,10,1.7582874310818206,1472,11,0.8884502877862838,1
1180,6,2,10,1.9651948579103689,1340,11,0.8884502877862838,1
1286,6,2,10,2.132312394964196,1826,11,0.8884502877862838,1
1204,2,2,10,1.8696991224510389,1400,11,0.8884502877862838,1
1316,6,2,10,2.1760812737163886,1584,11,0.8884502877862838,1
1341,2,2,10,2.2238291414460534,1816,11,0.8884502877862838,1
1240,2,2,10,2.092522505189475,1633,11,0.9431945538974952,1
1283,6,2,10,2.024879692572449,1602,11,0.8884502877862838,1
1127,6,2,10,1.766245409036765,1313,11,0.9431945538974952,1
1221,6,2,10,1.917446990180704,1482,11,0.8884502877862838,1
1207,2,2,10,1.9492789020004804,1433,11,0.9431945538974952,1
1153,6,2,10,1.8617411444960947,1584,11,0.9431945538974952,1
1128,6,2,10,1.7980773208565417,1176,11,0.9431945538974952,1
1251,2,2,10,1.9651948579103689,1276,11,0.8884502877862838,1
1261,2,2,10,1.877657100405983,1331,11,0.9431945538974952,1
1130,2,2,10,1.6349387727801863,1351,11,0.8884502877862838,1
1281,6,2,10,2.0169217146175056,1371,11,0.8884502877862838,1
1006,6,2,10,1.8975520452933432,1172,11,0.9431945538974952,1
1249,6,2,10,1.9094890122257595,1289,11,0.8884502877862838,1
1288,6,2,10,1.9651948579103689,1599,11,0.9431945538974952,1
1301,6,2,10,2.0169217146175056,1689,11,0.9431945538974952,1
1298,2,2,10,2.096501494166947,1579,11,0.8884502877862838,1
1305,6,2,10,2.0169217146175056,1345,11,0.9431945538974952,1
1265,6,2,10,2.104459472121891,1694,11,0.9431945538974952,1
1155,2,2,10,2.04477463745981,1527,11,0.8884502877862838,1
1070,2,2,10,1.825930243698846,1516,11,0.8884502877862838,1
1133,6,2,10,1.7304345082395165,1414,11,0.8884502877862838,1
1165,2,2,10,2.008963736662561,1453,11,0.9431945538974952,1
1315,2,2,10,2.136291383941668,1537,11,0.8884502877862838,1
1205,2,2,10,1.92938395711312,1410,11,0.9431945538974952,1
1093,6,2,10,1.9532578909779523,1306,11,0.9431945538974952,1
1347,6,2,10,1.8856150783609271,1522,11,0.8884502877862838,1
1081,6,2,10,1.8139932767664293,1078,11,0.8884502877862838,1
1209,6,2,10,1.8617411444960947,1419,11,0.9431945538974952,1
1050,2,2,10,1.7582874310818206,1263,11,0.9431945538974952,1
997,2,0,10,2.1243544170092514,1722,11,0.9431945538974952,0
914,2,0,10,1.4757792136813035,1418,11,0.8884502877862838,0
865,2,0,10,2.104459472121891,1971,11,0.9431945538974952,0
841,6,0,10,2.024879692572449,1384,11,0.8884502877862838,0
914,6,0,10,0.6600864732995283,1453,11,0.8884502877862838,0
795,6,0,10,0.9943215474071824,1249,11,0.8884502877862838,0
1005,2,0,10,2.860467377841585,2036,11,0.8884502877862838,0
723,2,0,10,1.555358993230745,1473,11,0.9431945538974952,0
685,2,0,10,1.1176702057088168,1329,11,0.9431945538974952,0
858,6,0,10,2.4904214029366822,1742,11,0.8884502877862838,0
865,2,0,10,2.188018240648805,1731,11,0.9431945538974952,0
839,6,0,10,1.8736781114285108,1646,11,0.9431945538974952,0
1010,6,0,10,2.247703075310886,2095,11,0.8884502877862838,0
895,2,0,10,1.619022816870298,1586,11,0.8884502877862838,0
885,2,0,10,1.865720133473567,1568,11,0.8884502877862838,0
979,6,0,10,2.4028836454322966,1706,11,0.9431945538974952,0
1110,6,0,10,2.733139730562479,1868,11,0.8884502877862838,0
1086,6,0,10,2.291471954063079,1728,11,0.9431945538974952,0
813,2,0,10,1.5195480924334963,1210,11,0.8884502877862838,0
737,2,0,10,1.2728507758302277,1488,11,0.8884502877862838,0
672,6,0,10,1.1455231285511214,1671,11,0.8884502877862838,0
504,6,0,10,1.0540063820692636,1497,11,0.9431945538974952,0
847,2,0,10,1.8458251885862065,1441,11,0.9431945538974952,0
970,6,0,10,2.566022193508652,1487,11,0.9431945538974952,0
1211,2,0,10,2.3989046564548246,1891,11,0.9431945538974952,0
767,6,0,10,1.6309597838027143,1708,11,0.9431945538974952,0
964,2,0,10,2.3869676895224083,1527,11,0.8884502877862838,0
954,6,0,10,2.665496917945453,2042,11,0.8884502877862838,0
1037,6,0,10,1.5235270814109685,1511,11,0.8884502877862838,0
1051,2,0,10,2.327282854860328,2159,11,0.8884502877862838,0
880,2,0,10,2.203934196558693,1665,11,0.8884502877862838,0
1005,6,0,10,2.749055686472367,2055,11,0.8884502877862838,0
1017,2,0,10,1.5752539381181052,1406,11,0.8884502877862838,0
1108,2,0,10,2.550106237598764,1997,11,0.8884502877862838,0
783,6,0,10,2.418799601342185,1984,11,0.8884502877862838,0
876,6,0,10,1.7065605743746837,1460,11,0.8884502877862838,0
1002,6,0,10,1.1296071726412331,1298,11,0.8884502877862838,0
914,2,0,10,2.2954509430405508,1993,11,0.9431945538974952,0
965,2,0,10,1.6230018058477702,1457,11,0.8884502877862838,0
922,2,0,10,1.9651948579103689,1601,11,0.9431945538974952,0
1089,2,0,10,2.188018240648805,1770,11,0.9431945538974952,0
1123,6,0,10,2.3034089209954947,1616,11,0.9431945538974952,0
1110,2,0,10,1.5513800042532728,1480,11,0.8884502877862838,0
706,2,0,10,1.5633169711856891,1292,11,0.8884502877862838,0
875,6,0,10,1.615043827892826,1261,11,0.8884502877862838,0
1214,6,0,10,2.4546105021394338,1487,11,0.8884502877862838,0
1164,2,0,10,1.9850898027977288,1546,11,0.9431945538974952,0
657,6,0,10,0.863014911150604,1140,11,0.8884502877862838,0
894,2,0,10,1.1455231285511214,1573,11,0.8884502877862838,0
733,6,0,10,1.2131659411681466,1603,11,0.8884502877862838,0
868,6,0,10,1.5195480924334963,1431,11,0.9431945538974952,0
1164,2,0,10,2.7729296203372,2305,11,0.8884502877862838,0
1112,6,0,10,2.311366898950439,1812,11,0.9431945538974952,0
1046,6,0,10,2.367072744635048,1727,11,0.8884502877862838,0
982,2,0,10,1.7543084421043489,1987,11,0.9431945538974952,0
917,2,0,10,2.796803554202032,2056,11,0.9431945538974952,0
1235,6,0,10,2.3034089209954947,1747,11,0.8884502877862838,0
1265,2,0,10,1.9612158689328965,1932,11,0.9431945538974952,0
974,6,0,10,2.434715557252073,1702,11,0.9431945538974952,0
969,6,0,10,1.9771318248427847,1897,11,0.9431945538974952,0
656,2,0,10,1.432010334929111,1282,11,0.9431945538974952,0
631,2,0,10,0.6919183851193049,1472,11,0.8884502877862838,0
648,2,0,10,1.185313018325842,1556,11,0.8884502877862838,0
872,6,0,10,1.7184975413071,1509,11,0.9431945538974952,0
1072,2,0,10,2.414820612364713,1718,11,0.9431945538974952,0
1060,6,0,10,1.6508547286900748,1534,11,0.9431945538974952,0
822,6,0,10,2.6097910722608444,1557,11,0.8884502877862838,0
609,6,0,10,1.3404935884472529,1303,11,0.8884502877862838,0
1254,2,0,10,2.335240832815272,1766,11,0.8884502877862838,0
972,6,0,10,2.3989046564548246,1864,11,0.9431945538974952,0
813,6,0,10,1.8458251885862065,1518,11,0.9431945538974952,0
1020,6,0,10,2.526232303733931,1788,11,0.9431945538974952,0
1030,2,0,10,1.678707651532379,1996,11,0.8884502877862838,0
1027,6,0,10,2.211892174513637,2025,11,0.8884502877862838,0
985,2,0,10,2.2238291414460534,1315,11,0.8884502877862838,0
876,6,0,10,1.9731528358653128,1764,11,0.8884502877862838,0
637,2,0,10,0.958510646609934,1049,11,0.9431945538974952,0
891,6,0,10,2.430736568274601,1946,11,0.9431945538974952,0
760,2,0,10,2.0845645272345306,1673,11,0.9431945538974952,0
794,6,0,10,2.4546105021394338,1872,11,0.8884502877862838,0
719,6,0,10,1.0699223379791518,1002,11,0.9431945538974952,0
1005,2,0,10,3.182765485016823,2158,11,0.9431945538974952,0
798,2,0,10,1.5991278719829378,1522,11,0.9431945538974952,0
890,2,0,10,2.6495809620355653,2096,11,0.8884502877862838,0
916,2,0,10,2.032837670527394,1836,11,0.8884502877862838,0
1189,2,0,10,2.530211292711403,1956,11,0.9431945538974952,0
775,6,0,10,1.9731528358653128,1898,11,0.9431945538974952,0
956,6,0,10,3.278261220476153,2053,11,0.8884502877862838,0
1095,6,0,10,1.4638422467488872,1651,11,0.9431945538974952,0
866,6,0,10,2.7172237746525907,1874,11,0.8884502877862838,0
1040,6,0,10,2.46654746907185,1861,11,0.9431945538974952,0
935,6,0,10,2.251682064288358,1648,11,0.9431945538974952,0
738,6,0,10,1.2648927978752835,1683,11,0.8884502877862838,0
947,2,0,10,1.5951488830054656,1568,11,0.9431945538974952,0
830,2,0,10,0.9863635694522384,1225,11,0.8884502877862838,0
735,2,0,10,1.778182375969181,1495,11,0.8884502877862838,0
979,2,0,10,1.619022816870298,1386,11,0.9431945538974952,0
1003,6,0,10,2.6177490502157887,2040,11,0.8884502877862838,0
925,2,0,10,1.9612158689328965,1419,11,0.8884502877862838,0
645,6,0,10,1.447926290838999,1547,11,0.9431945538974952,0
956,6,0,10,1.7105395633521558,1671,11,0.8884502877862838,0
701,6,0,10,2.3829887005449364,2199,11,0.8884502877862838,0
763,2,0,10,1.244997852987923,1089,11,0.9431945538974952,0
817,6,0,10,1.0261534592269592,1267,11,0.9431945538974952,0
761,2,0,10,1.4598632577714152,1203,11,0.8884502877862838,0
824,6,0,10,1.567295960163161,1475,11,0.8884502877862838,0
880,6,0,10,2.1203754280317795,1684,11,0.8884502877862838,0
830,6,0,10,2.207913185536165,1902,11,0.9431945538974952,0
1107,6,0,10,3.341925044115706,2288,11,0.9431945538974952,0
1462,6,0,10,2.955963113300915,2166,11,0.9431945538974952,0
1178,6,0,10,2.2198501524685814,1736,11,0.8884502877862838,0
1145,2,0,10,1.388241456176918,1410,11,0.8884502877862838,0
1092,2,0,10,3.059416826715189,2180,11,0.8884502877862838,0
660,6,0,10,0.0839844654877495,854,11,0.8884502877862838,0
1096,6,0,10,2.1163964390543075,1636,11,0.9431945538974952,0
515,6,0,10,1.3842624671994457,1278,11,0.8884502877862838,0
650,2,0,10,1.905510023248288,1326,11,0.8884502877862838,0
1199,6,0,10,2.7609926534047835,1806,11,0.8884502877862838,0
774,6,0,10,1.7463504641494043,1680,11,0.8884502877862838,0
1120,2,0,10,3.0435008708053006,1973,11,0.9431945538974952,0
1202,6,0,10,1.9572368799554245,1970,11,0.9431945538974952,0
1224,6,0,10,2.3829887005449364,2141,11,0.8884502877862838,0
981,6,0,10,2.1999552075812208,2019,11,0.8884502877862838,0
877,2,0,10,1.388241456176918,1471,11,0.9431945538974952,0
823,2,0,10,1.817972265743902,1428,11,0.9431945538974952,0
910,6,0,10,1.7065605743746837,1512,11,0.8884502877862838,0
1030,2,0,10,1.933362946090592,1764,11,0.8884502877862838,0
950,6,0,10,1.6986025964197395,1494,11,0.8884502877862838,0
984,2,0,10,2.4585894911169057,1793,11,0.9431945538974952,0
967,6,0,10,1.619022816870298,1694,11,0.9431945538974952,0
863,6,0,10,1.081859304911568,1526,11,0.9431945538974952,0
1140,6,0,10,2.4625684800943777,1664,11,0.9431945538974952,0
886,2,0,10,1.6906446184647954,1659,11,0.8884502877862838,0
1075,2,0,10,2.104459472121891,1499,11,0.9431945538974952,0
912,2,0,10,1.8060352988114856,1620,11,0.9431945538974952,0
1050,6,0,10,2.3989046564548246,2053,11,0.8884502877862838,0
813,2,0,10,1.567295960163161,1491,11,0.8884502877862838,0
872,2,0,10,1.5235270814109685,1627,11,0.8884502877862838,0
975,2,0,10,0.9425946907000456,1517,11,0.8884502877862838,0
739,2,0,10,1.937341935068064,1429,11,0.9431945538974952,0
839,6,0,10,1.5275060703884404,1571,11,0.9431945538974952,0
948,6,0,10,2.0169217146175056,1739,11,0.9431945538974952,0
742,6,0,10,1.726455519262044,1589,11,0.8884502877862838,0
1276,2,0,10,2.3431988107702155,1735,11,0.9431945538974952,0
829,2,0,10,0.9943215474071824,1546,11,0.8884502877862838,0
741,6,0,10,1.921425979158176,1531,11,0.8884502877862838,0
1238,2,0,10,1.5911698940279937,1837,11,0.8884502877862838,0
943,6,0,10,1.0301324482044312,1405,11,0.8884502877862838,0
999,6,0,10,2.554085226576236,1616,11,0.9431945538974952,0
952,2,0,10,2.3989046564548246,2024,11,0.9431945538974952,0
512,6,0,10,1.778182375969181,1630,11,0.8884502877862838,0
710,6,0,10,1.233060886055507,1536,11,0.8884502877862838,0
1052,6,0,10,1.8338882216537904,1548,11,0.8884502877862838,0
845,2,0,10,1.396199434131862,1535,11,0.9431945538974952,0
1031,2,0,10,2.271577009175718,1847,11,0.9431945538974952,0
837,2,0,10,1.726455519262044,1811,11,0.9431945538974952,0
776,2,0,10,1.4280313459516385,1780,11,0.8884502877862838,0
923,6,0,10,1.9970267697301447,1554,11,0.8884502877862838,0
900,2,0,10,2.172102284738916,1571,11,0.8884502877862838,0
976,2,0,10,2.0606905933696984,1794,11,0.8884502877862838,0
866,6,0,10,2.259640042243302,1784,11,0.9431945538974952,0
789,2,0,10,0.4730739913583408,1304,11,0.8884502877862838,0
1084,6,0,10,1.6986025964197395,1686,11,0.9431945538974952,0
756,2,0,10,1.5314850593659124,1307,11,0.9431945538974952,0
1042,6,0,10,1.5633169711856891,1759,11,0.8884502877862838,0
1163,6,0,10,2.6018330943059005,1854,11,0.8884502877862838,0
1093,6,0,10,1.8458251885862065,1837,11,0.8884502877862838,0
660,6,0,10,1.9811108138202569,1631,11,0.8884502877862838,0
783,2,0,10,2.096501494166947,1423,11,0.8884502877862838,0
722,2,0,10,2.900257267616306,1920,11,0.8884502877862838,0
958,6,0,10,1.5911698940279937,1427,11,0.9431945538974952,0
1069,2,0,10,1.893573056315872,1670,11,0.9431945538974952,0
855,2,0,10,1.0022795253621266,1455,11,0.8884502877862838,0
1104,2,0,10,1.7423714751719324,1902,11,0.9431945538974952,0
798,2,0,10,2.211892174513637,1640,11,0.8884502877862838,0
1113,2,0,10,2.7609926534047835,2066,11,0.8884502877862838,0
1157,6,0,10,2.558064215553708,1654,11,0.9431945538974952,0
1204,6,0,10,3.23449234172396,1882,11,0.8884502877862838,0
960,6,0,10,1.941320924045536,1481,11,0.8884502877862838,0
890,2,0,10,1.5752539381181052,1704,11,0.8884502877862838,0
826,2,0,10,2.0049847476850893,1623,11,0.8884502877862838,0
1082,6,0,10,1.7582874310818206,1699,11,0.9431945538974952,0
757,2,0,10,1.6468757397126026,1470,11,0.9431945538974952,0
704,2,0,10,1.9612158689328965,1611,11,0.9431945538974952,0
716,2,0,10,1.3205986435598926,1426,11,0.9431945538974952,0
949,6,0,10,1.5633169711856891,1525,11,0.9431945538974952,0
978,6,0,10,1.619022816870298,1591,11,0.9431945538974952,0
974,2,0,10,2.307387909972967,1742,11,0.9431945538974952,0
907,6,0,10,1.0380904261593753,1710,11,0.9431945538974952,0
973,2,0,10,2.79282456522456,1830,11,0.8884502877862838,0
1108,6,0,10,1.6548337176675467,1588,11,0.8884502877862838,0
922,2,0,10,2.414820612364713,1994,11,0.8884502877862838,0
720,6,0,10,1.8856150783609271,1844,11,0.8884502877862838,0
820,2,0,10,2.430736568274601,1824,11,0.8884502877862838,0
748,2,0,10,1.865720133473567,1313,11,0.8884502877862838,0
947,6,0,10,1.6309597838027143,1435,11,0.8884502877862838,0
1084,2,0,10,1.7543084421043489,1356,11,0.8884502877862838,0
1210,2,0,10,2.271577009175718,1748,11,0.8884502877862838,0
1017,6,0,10,1.4160943790192224,1323,11,0.8884502877862838,0
1184,6,0,10,2.56204320453118,1863,11,0.9431945538974952,0
884,6,0,10,1.5712749491406333,1615,11,0.8884502877862838,0
967,6,0,10,1.4598632577714152,1575,11,0.9431945538974952,0
697,2,0,10,0.8948468229703807,1478,11,0.8884502877862838,0
1182,6,0,10,2.3431988107702155,1882,11,0.9431945538974952,0
1200,6,0,10,2.0567116043922264,1622,11,0.8884502877862838,0
943,2,0,10,2.438694546229545,1993,11,0.9431945538974952,0
896,2,0,10,1.6986025964197395,1642,11,0.9431945538974952,0
937,2,0,10,1.7940983318790693,1441,11,0.9431945538974952,0
1146,2,0,10,1.917446990180704,1708,11,0.8884502877862838,0
602,2,0,10,1.7861403539241252,1591,11,0.8884502877862838,0
958,6,0,10,2.1283334059867234,1728,11,0.9431945538974952,0
1053,6,0,10,1.455884268793943,1528,11,0.8884502877862838,0
946,2,0,10,1.0341114371819031,1417,11,0.8884502877862838,0
1007,6,0,10,2.14027037291914,1814,11,0.8884502877862838,0
1045,6,0,10,2.251682064288358,1697,11,0.9431945538974952,0
1131,2,0,10,2.4506315131619614,1755,11,0.8884502877862838,0
968,2,0,10,1.447926290838999,1715,11,0.8884502877862838,0
574,2,0,10,1.611064838915354,1730,11,0.8884502877862838,0
1124,6,0,10,2.4625684800943777,1784,11,0.9431945538974952,0
1031,6,0,10,1.7145185523296278,1807,11,0.9431945538974952,0
1014,6,0,10,2.363093755657576,1750,11,0.9431945538974952,0
1245,2,0,10,2.251682064288358,2115,11,0.8884502877862838,0
1279,2,0,10,1.817972265743902,1586,11,0.9431945538974952,0
895,2,0,10,2.2437240863334136,1751,11,0.9431945538974952,0
1051,2,0,10,1.3603885333346133,1569,11,0.9431945538974952,0
1240,2,0,10,1.893573056315872,1514,11,0.9431945538974952,0
916,6,0,10,1.607085849937882,1440,11,0.9431945538974952,0
1000,6,0,10,1.6986025964197395,1731,11,0.9431945538974952,0
1016,6,0,10,1.837867210631262,1768,11,0.9431945538974952,0
869,6,0,10,1.5474010152758009,1577,11,0.9431945538974952,0
999,6,0,10,2.2874929650856064,1945,11,0.9431945538974952,0
990,6,0,10,2.3034089209954947,1806,11,0.9431945538974952,0
658,2,0,10,1.3245776325373646,1392,11,0.9431945538974952,0
1140,2,0,10,2.4625684800943777,1835,11,0.9431945538974952,0
703,6,0,10,1.447926290838999,1446,11,0.9431945538974952,0
1161,6,0,10,2.1243544170092514,1989,11,0.8884502877862838,0
900,6,0,10,1.615043827892826,1964,11,0.8884502877862838,0
691,2,0,10,1.3683465112895574,1401,11,0.8884502877862838,0
634,2,0,10,1.3007036986725322,1247,11,0.8884502877862838,0
963,6,0,10,2.088543516212003,1886,11,0.9431945538974952,0
1097,2,0,10,1.06594334900168,1414,11,0.9431945538974952,0
1132,2,0,10,2.211892174513637,1848,11,0.9431945538974952,0
1192,2,0,10,2.510316347824043,2063,11,0.8884502877862838,0
1050,2,0,10,2.1283334059867234,2052,11,0.8884502877862838,0
1214,6,0,10,1.726455519262044,1807,11,0.8884502877862838,0
933,6,0,10,1.6428967507351306,1534,11,0.9431945538974952,0
941,6,0,10,1.292745720717588,1773,11,0.9431945538974952,0
1027,6,0,10,2.3790097115674644,1722,11,0.8884502877862838,0
1331,6,0,10,3.1509335731970465,2243,11,0.8884502877862838,0
1119,2,0,10,1.7304345082395165,1736,11,0.8884502877862838,0
1279,6,0,10,2.904236256593778,2154,11,0.8884502877862838,0
977,6,0,10,1.7543084421043489,1533,11,0.8884502877862838,0
542,6,0,10,1.901531034270816,1756,11,0.9431945538974952,0
1001,6,0,10,2.514295336801515,2036,11,0.8884502877862838,0
1020,6,0,10,1.4121153900417502,1847,11,0.9431945538974952,0
902,2,0,10,1.4160943790192224,1308,11,0.8884502877862838,0
791,2,0,10,0.4929689362457012,1569,11,0.9431945538974952,0
889,2,0,10,1.3166196545824205,1200,11,0.8884502877862838,0
919,6,0,10,1.2052079632132024,1270,11,0.8884502877862838,0
1319,2,0,10,2.800782543179504,1995,11,0.9431945538974952,0
953,2,0,10,1.6707496735774352,1888,11,0.9431945538974952,0
893,2,0,10,2.0726275603021147,1746,11,0.8884502877862838,0
1051,2,0,10,2.418799601342185,1868,11,0.8884502877862838,0
1187,6,0,10,2.040795648482338,1982,11,0.9431945538974952,0
953,6,0,10,1.941320924045536,1827,11,0.8884502877862838,0
983,2,0,10,0.9863635694522384,1304,11,0.9431945538974952,0
626,2,0,10,1.432010334929111,1339,11,0.9431945538974952,0
1107,2,0,10,2.359114766680104,1682,11,0.9431945538974952,0
702,6,0,10,1.7503294531268765,1546,11,0.9431945538974952,0
973,6,0,10,2.58193814941854,2215,11,0.8884502877862838,0
1117,2,0,10,1.889594067338399,1694,11,0.8884502877862838,0
905,6,0,10,1.722476530284572,1631,11,0.9431945538974952,0
984,2,0,10,1.396199434131862,1869,11,0.8884502877862838,0
776,6,0,10,1.3564095443571411,1511,11,0.8884502877862838,0
965,2,0,10,1.2211239191230907,1469,11,0.8884502877862838,0
884,6,0,10,2.040795648482338,1396,11,0.9431945538974952,0
1172,6,0,10,1.766245409036765,1509,11,0.9431945538974952,0
775,2,0,10,1.2410188640104511,1322,11,0.8884502877862838,0
835,2,0,10,1.8856150783609271,1679,11,0.8884502877862838,0
1175,6,0,10,1.921425979158176,1643,11,0.9431945538974952,0
953,6,0,10,2.048753626437282,1611,11,0.9431945538974952,0
1075,6,0,10,2.2755559981531905,1786,11,0.8884502877862838,0
976,2,0,10,2.0129427256400336,1866,11,0.8884502877862838,0
910,6,0,10,1.8338882216537904,1673,11,0.8884502877862838,0
784,2,0,10,1.6906446184647954,1572,11,0.9431945538974952,0
872,2,0,10,1.5712749491406333,1648,11,0.8884502877862838,0
928,6,0,10,2.0010057587076173,2051,11,0.9431945538974952,0
1145,6,0,10,2.211892174513637,1855,11,0.8884502877862838,0
988,6,0,10,2.3034089209954947,1950,11,0.9431945538974952,0
1073,2,0,10,1.619022816870298,1556,11,0.9431945538974952,0
870,2,0,10,2.430736568274601,1934,11,0.8884502877862838,0
922,6,0,10,2.3869676895224083,2059,11,0.8884502877862838,0
1170,2,0,10,2.2636190312207742,1814,11,0.8884502877862838,0
866,6,0,10,1.8856150783609271,1517,11,0.9431945538974952,0
621,2,0,10,1.3763044892445015,1404,11,0.9431945538974952,0
1095,2,0,10,2.430736568274601,1811,11,0.9431945538974952,0
1076,6,0,10,2.7172237746525907,2066,11,0.8884502877862838,0
915,6,0,10,2.052732615414754,1875,11,0.9431945538974952,0
1012,6,0,10,1.9612158689328965,1709,11,0.8884502877862838,0
1057,2,0,10,2.04477463745981,2099,11,0.8884502877862838,0
985,2,0,10,2.323303865882856,1850,11,0.9431945538974952,0
1046,2,0,10,2.689370851810286,1874,11,0.8884502877862838,0
1131,2,0,10,2.514295336801515,2039,11,0.9431945538974952,0
1127,6,0,10,2.211892174513637,1481,11,0.8884502877862838,0
913,2,0,10,1.8856150783609271,1707,11,0.9431945538974952,0
1125,6,0,10,2.367072744635048,1937,11,0.8884502877862838,0
977,6,0,10,2.211892174513637,1442,11,0.8884502877862838,0
792,6,0,10,1.9612158689328965,1769,11,0.9431945538974952,0
1090,2,0,10,2.494400391914154,2054,11,0.8884502877862838,0
1068,6,0,10,2.780887598292144,1712,11,0.8884502877862838,0
1122,6,0,10,1.5792329270955774,1354,11,0.8884502877862838,0
910,2,0,10,2.3431988107702155,1652,11,0.9431945538974952,0
1035,6,0,10,2.172102284738916,1849,11,0.9431945538974952,0
902,6,0,10,2.2238291414460534,1828,11,0.8884502877862838,0
691,2,0,10,1.658812706645019,1448,11,0.8884502877862838,0
1087,2,0,10,1.7304345082395165,1456,11,0.9431945538974952,0
767,2,0,10,1.495674158568664,1440,11,0.8884502877862838,0
891,2,0,10,1.237039875032979,1611,11,0.9431945538974952,0
1060,6,0,10,2.570001182486124,2097,11,0.9431945538974952,0
767,2,0,10,1.6627916956224909,1798,11,0.9431945538974952,0
925,2,0,10,1.7821613649466532,1484,11,0.8884502877862838,0
941,2,0,10,2.4864424139592103,1893,11,0.9431945538974952,0
880,2,0,10,1.937341935068064,1669,11,0.9431945538974952,0
1103,6,0,10,1.5792329270955774,1889,11,0.9431945538974952,0
1033,2,0,10,1.6031068609604098,1934,11,0.9431945538974952,0
860,6,0,10,1.5115901144785522,1433,11,0.9431945538974952,0
937,2,0,10,2.8684253557965294,1880,11,0.9431945538974952,0
906,6,0,10,1.8219512547213736,1480,11,0.9431945538974952,0
1034,2,0,10,2.35115678872516,1634,11,0.9431945538974952,0
759,2,0,10,1.284787742762644,1536,11,0.9431945538974952,0
961,6,0,10,1.8577621555186223,1762,11,0.9431945538974952,0
1236,6,0,10,2.593875116350956,1923,11,0.9431945538974952,0
946,6,0,10,2.0049847476850893,1166,11,0.9431945538974952,0
890,2,0,10,2.028858681549922,1904,11,0.8884502877862838,0
1126,2,0,10,2.573980171463596,1932,11,0.9431945538974952,0
893,2,0,10,2.0646695823471704,1599,11,0.8884502877862838,0
931,6,0,10,2.315345887927911,1592,11,0.8884502877862838,0
829,6,0,10,0.8709728891055483,1590,11,0.8884502877862838,0
967,6,0,10,1.8975520452933432,1523,11,0.9431945538974952,0
803,2,0,10,2.180060262693861,1760,11,0.9431945538974952,0
774,6,0,10,1.0699223379791518,1501,11,0.9431945538974952,0
628,6,0,10,0.8908678339929086,1554,11,0.8884502877862838,0
880,6,0,10,1.344472577424725,1661,11,0.9431945538974952,0
1055,2,0,10,0.9823845804747664,1353,11,0.8884502877862838,0
989,6,0,10,2.180060262693861,1741,11,0.8884502877862838,0
1033,6,0,10,2.430736568274601,1704,11,0.8884502877862838,0
1056,2,0,10,2.020900703594977,1637,11,0.9431945538974952,0
1214,6,0,10,2.8883203006838896,1934,11,0.8884502877862838,0
1037,6,0,10,2.108438461099363,1718,11,0.8884502877862838,0
809,2,0,10,1.4121153900417502,1666,11,0.8884502877862838,0
1040,6,0,10,2.331261843837799,1744,11,0.8884502877862838,0
906,2,0,10,1.4160943790192224,1552,11,0.8884502877862838,0
1015,2,0,10,1.2091869521906744,1397,11,0.9431945538974952,0
926,2,0,10,2.0010057587076173,1611,11,0.9431945538974952,1
681,2,0,10,1.941320924045536,1420,11,0.9431945538974952,1
748,6,0,10,2.0010057587076173,1602,11,0.9431945538974952,1
1030,6,0,10,2.032837670527394,1780,11,0.8884502877862838,1
730,6,0,10,1.829909232676318,1267,11,0.8884502877862838,1
660,6,0,10,1.829909232676318,1342,11,0.9431945538974952,1
876,2,0,10,2.152207339851556,1584,11,0.9431945538974952,1
835,2,0,10,1.6866656294873237,1260,11,0.8884502877862838,1
1052,6,0,10,2.1203754280317795,1879,11,0.8884502877862838,1
854,6,0,10,1.893573056315872,1387,11,0.8884502877862838,1
760,6,0,10,1.865720133473567,1392,11,0.8884502877862838,1
678,6,0,10,1.6906446184647954,1181,11,0.8884502877862838,1
840,2,0,10,2.0606905933696984,1428,11,0.9431945538974952,1
882,6,0,10,1.8856150783609271,1441,11,0.9431945538974952,1
738,2,0,10,1.6986025964197395,1357,11,0.8884502877862838,1
666,6,0,10,1.893573056315872,1534,11,0.9431945538974952,1
738,2,0,10,1.8020563098340128,1390,11,0.9431945538974952,1
858,6,0,10,1.8100142877889576,1404,11,0.9431945538974952,1
903,2,0,10,2.247703075310886,1818,11,0.8884502877862838,1
740,2,0,10,1.9094890122257595,1489,11,0.9431945538974952,1
987,2,0,10,1.9811108138202569,1572,11,0.9431945538974952,1
792,2,0,10,1.5991278719829378,1319,11,0.8884502877862838,1
826,2,0,10,1.9771318248427847,1450,11,0.9431945538974952,1
830,2,0,10,1.8736781114285108,1415,11,0.9431945538974952,1
836,2,0,10,1.92938395711312,1332,11,0.8884502877862838,1
855,2,0,10,1.9094890122257595,1525,11,0.8884502877862838,1
816,6,0,10,2.0845645272345306,1480,11,0.8884502877862838,1
721,6,0,10,1.774203386991709,1174,11,0.9431945538974952,1
988,2,0,10,2.052732615414754,1649,11,0.9431945538974952,1
914,2,0,10,2.028858681549922,1523,11,0.9431945538974952,1
1013,6,0,10,2.096501494166947,1489,11,0.8884502877862838,1
1013,2,0,10,1.921425979158176,1464,11,0.8884502877862838,1
858,6,0,10,2.0686485713246423,1509,11,0.9431945538974952,1
847,2,0,10,1.8060352988114856,1182,11,0.9431945538974952,1
769,6,0,10,1.7861403539241252,1426,11,0.9431945538974952,1
870,6,0,10,1.937341935068064,1473,11,0.8884502877862838,1
716,2,0,10,1.825930243698846,1483,11,0.8884502877862838,1
661,2,0,10,1.5633169711856891,1203,11,0.9431945538974952,1
846,2,0,10,2.0129427256400336,1567,11,0.8884502877862838,1
1107,2,0,10,2.2437240863334136,1736,11,0.8884502877862838,1
845,6,0,10,2.036816659504866,1273,11,0.9431945538974952,1
918,6,0,10,1.817972265743902,1591,11,0.9431945538974952,1
814,6,0,10,1.7184975413071,1342,11,0.9431945538974952,1
813,2,0,10,1.9970267697301447,1639,11,0.8884502877862838,1
992,6,0,10,1.8458251885862065,1295,11,0.9431945538974952,1
718,2,0,10,1.8418461996087343,1199,11,0.9431945538974952,1
593,2,0,10,1.7463504641494043,1121,11,0.8884502877862838,1
785,2,0,10,1.8020563098340128,1439,11,0.9431945538974952,1
856,2,0,10,2.020900703594977,1592,11,0.8884502877862838,1
742,6,0,10,1.6747286625549072,1165,11,0.9431945538974952,1
1001,6,0,10,1.925404968135648,1298,11,0.9431945538974952,1
551,2,0,10,1.6826866405098513,1290,11,0.9431945538974952,1
879,2,0,10,2.0567116043922264,1527,11,0.9431945538974952,1
861,6,0,10,2.0049847476850893,1591,11,0.9431945538974952,1
904,2,0,10,1.989068791775201,1355,11,0.8884502877862838,1
844,2,0,10,1.7622664200592928,1328,11,0.9431945538974952,1
836,2,0,10,1.9850898027977288,1482,11,0.9431945538974952,1
648,6,0,10,1.941320924045536,1623,11,0.9431945538974952,1
487,2,0,10,1.774203386991709,1358,11,0.8884502877862838,1
754,6,0,10,2.024879692572449,1473,11,0.8884502877862838,1
779,2,0,10,1.877657100405983,1381,11,0.8884502877862838,1
749,6,0,10,1.941320924045536,1311,11,0.9431945538974952,1
728,6,0,10,1.7463504641494043,1209,11,0.8884502877862838,1
853,6,0,10,2.020900703594977,1627,11,0.9431945538974952,1
790,6,0,10,1.774203386991709,1296,11,0.8884502877862838,1
801,2,0,10,1.7423714751719324,1272,11,0.9431945538974952,1
867,6,0,10,1.9731528358653128,1512,11,0.9431945538974952,1
736,2,0,10,1.8736781114285108,1277,11,0.9431945538974952,1
1023,2,0,10,2.1203754280317795,1724,11,0.8884502877862838,1
1025,2,0,10,2.168123295761444,1749,11,0.9431945538974952,1
763,6,0,10,1.937341935068064,1455,11,0.8884502877862838,1
801,2,0,10,1.989068791775201,1581,11,0.9431945538974952,1
735,6,0,10,1.865720133473567,1469,11,0.8884502877862838,1
997,2,0,10,2.2874929650856064,1668,11,0.9431945538974952,1
721,2,0,10,1.9771318248427847,1491,11,0.9431945538974952,1
850,6,0,10,1.7980773208565417,1339,11,0.8884502877862838,1
850,6,0,10,1.9691738468878408,1367,11,0.8884502877862838,1
750,6,0,10,2.008963736662561,1688,11,0.8884502877862838,1
763,6,0,10,2.0010057587076173,1388,11,0.8884502877862838,1
622,6,0,10,1.8100142877889576,1293,11,0.8884502877862838,1
747,6,0,10,1.9492789020004804,1294,11,0.8884502877862838,1
963,2,0,10,2.0686485713246423,1648,11,0.8884502877862838,1
764,6,0,10,1.905510023248288,1704,11,0.8884502877862838,1
812,6,0,10,2.028858681549922,1560,11,0.8884502877862838,1
575,2,0,10,1.5792329270955774,1067,11,0.9431945538974952,1
653,6,0,10,1.774203386991709,1299,11,0.8884502877862838,1
848,6,0,10,2.008963736662561,1390,11,0.9431945538974952,1
585,2,0,10,1.8020563098340128,1332,11,0.8884502877862838,1
901,2,0,10,1.9811108138202569,1398,11,0.9431945538974952,1
859,2,0,10,2.024879692572449,1390,11,0.9431945538974952,1
949,6,0,10,2.108438461099363,1673,11,0.8884502877862838,1
711,6,0,10,2.040795648482338,1529,11,0.8884502877862838,1
822,2,0,10,1.6986025964197395,1401,11,0.9431945538974952,1
793,2,0,10,2.0567116043922264,1588,11,0.9431945538974952,1
924,6,0,10,2.0049847476850893,1508,11,0.8884502877862838,1
807,6,0,10,1.933362946090592,1509,11,0.8884502877862838,1
673,6,0,10,1.722476530284572,1282,11,0.9431945538974952,1
826,6,0,10,2.092522505189475,1615,11,0.8884502877862838,1
729,6,0,10,1.6508547286900748,1283,11,0.8884502877862838,1
783,2,0,10,1.9691738468878408,1547,11,0.9431945538974952,1
887,6,0,10,1.92938395711312,1334,11,0.9431945538974952,1
715,2,0,10,2.048753626437282,1439,11,0.8884502877862838,1
1082,2,0,10,2.259640042243302,1756,11,0.9431945538974952,1
837,6,0,10,1.9731528358653128,1545,11,0.8884502877862838,1
826,6,0,10,1.92938395711312,1503,11,0.9431945538974952,1
659,6,0,10,1.774203386991709,1337,11,0.8884502877862838,1
693,6,0,10,1.8458251885862065,1307,11,0.8884502877862838,1
1176,6,0,10,2.195976218603749,1734,11,0.9431945538974952,1
879,2,0,10,1.8856150783609271,1324,11,0.9431945538974952,1
645,2,0,10,1.7940983318790693,1293,11,0.8884502877862838,1
665,6,0,10,1.766245409036765,1207,11,0.8884502877862838,1
772,2,0,10,1.8577621555186223,1341,11,0.8884502877862838,1
764,6,0,10,1.893573056315872,1397,11,0.9431945538974952,1
703,2,0,10,2.048753626437282,1527,11,0.8884502877862838,1
784,2,0,10,1.9771318248427847,1480,11,0.8884502877862838,1
660,6,0,10,1.7025815853972115,1147,11,0.9431945538974952,1
749,6,0,10,1.913468001203232,1582,11,0.8884502877862838,1
811,6,0,10,1.8975520452933432,1449,11,0.9431945538974952,1
919,2,0,10,2.172102284738916,1745,11,0.8884502877862838,1
945,6,0,10,2.0010057587076173,1428,11,0.8884502877862838,1
740,2,0,10,1.9811108138202569,1526,11,0.9431945538974952,1
685,2,0,10,2.048753626437282,1389,11,0.9431945538974952,1
981,6,0,10,2.2397450973559416,1748,11,0.9431945538974952,1
771,6,0,10,2.180060262693861,1477,11,0.9431945538974952,1
915,2,0,10,2.024879692572449,1603,11,0.9431945538974952,1
703,6,0,10,1.9612158689328965,1432,11,0.9431945538974952,1
707,6,0,10,1.9850898027977288,1459,11,0.9431945538974952,1
741,6,0,10,1.945299913023008,1566,11,0.8884502877862838,1
578,6,0,10,1.8577621555186223,1450,11,0.8884502877862838,1
884,2,0,10,1.8537831665411504,1446,11,0.8884502877862838,1
910,6,0,10,1.7901193429015974,1163,11,0.8884502877862838,1
873,2,0,10,1.9850898027977288,1527,11,0.9431945538974952,1
684,2,0,10,1.889594067338399,1548,11,0.9431945538974952,1
838,6,0,10,1.8458251885862065,1568,11,0.9431945538974952,1
833,2,0,10,1.8537831665411504,1535,11,0.8884502877862838,1
607,2,0,10,1.9970267697301447,1454,11,0.9431945538974952,1
891,2,0,10,1.7543084421043489,1404,11,0.8884502877862838,1
744,2,0,10,1.925404968135648,1622,11,0.9431945538974952,1
754,6,0,10,2.028858681549922,1675,11,0.9431945538974952,1
580,2,0,10,1.8418461996087343,1301,11,0.9431945538974952,1
724,2,0,10,2.0766065492795867,1393,11,0.9431945538974952,1
880,2,0,10,1.9532578909779523,1572,11,0.8884502877862838,1
792,2,0,10,2.0845645272345306,1455,11,0.9431945538974952,1
833,6,0,10,1.774203386991709,1407,11,0.9431945538974952,1
742,2,0,10,1.893573056315872,1483,11,0.9431945538974952,1
944,2,0,10,1.901531034270816,1429,11,0.8884502877862838,1
891,6,0,10,2.156186328829028,1675,11,0.9431945538974952,1
763,2,0,10,1.7065605743746837,1191,11,0.8884502877862838,1
688,6,0,10,1.877657100405983,1286,11,0.8884502877862838,1
800,6,0,10,2.0805855382570586,1583,11,0.8884502877862838,1
928,2,0,10,1.893573056315872,1439,11,0.9431945538974952,1
804,2,0,10,1.6627916956224909,1234,11,0.9431945538974952,1
744,6,0,10,1.9970267697301447,1522,11,0.9431945538974952,1
829,6,0,10,2.092522505189475,1353,11,0.8884502877862838,1
937,2,0,10,2.132312394964196,1546,11,0.9431945538974952,1
924,6,0,10,2.0129427256400336,1607,11,0.8884502877862838,1
1047,6,0,10,1.9811108138202569,1548,11,0.9431945538974952,1
622,2,0,10,1.7543084421043489,1302,11,0.8884502877862838,1
797,6,0,10,1.925404968135648,1441,11,0.9431945538974952,1
485,6,0,10,1.7901193429015974,1308,11,0.8884502877862838,1
859,2,0,10,2.028858681549922,1501,11,0.8884502877862838,1
845,2,0,10,1.913468001203232,1637,11,0.8884502877862838,1
861,6,0,10,2.040795648482338,1471,11,0.8884502877862838,1
806,6,0,10,1.7543084421043489,1347,11,0.9431945538974952,1
700,2,0,10,1.8020563098340128,1188,11,0.9431945538974952,1
893,2,0,10,2.0169217146175056,1421,11,0.9431945538974952,1
760,6,0,10,1.8060352988114856,1241,11,0.9431945538974952,1
1136,2,0,10,2.156186328829028,1780,11,0.9431945538974952,1
751,6,0,10,1.9532578909779523,1399,11,0.8884502877862838,1
853,6,0,10,1.9691738468878408,1460,11,0.9431945538974952,1
849,6,0,10,2.0010057587076173,1810,11,0.9431945538974952,1
746,2,0,10,1.865720133473567,1334,11,0.9431945538974952,1
679,2,0,10,1.817972265743902,1400,11,0.8884502877862838,1
940,6,0,10,2.108438461099363,1640,11,0.9431945538974952,1
799,2,0,10,2.319324876905384,1813,11,0.9431945538974952,1
758,2,0,10,1.7184975413071,1264,11,0.9431945538974952,1
812,6,0,10,2.0845645272345306,1638,11,0.8884502877862838,1
864,2,0,10,2.032837670527394,1509,11,0.8884502877862838,1
714,2,0,10,1.877657100405983,1172,11,0.9431945538974952,1
742,2,0,10,1.945299913023008,1681,11,0.8884502877862838,1
1002,6,0,10,2.3829887005449364,1779,11,0.8884502877862838,1
756,6,0,10,2.0646695823471704,1637,11,0.8884502877862838,1
795,2,0,10,1.889594067338399,1545,11,0.8884502877862838,1
895,2,0,10,1.9492789020004804,1319,11,0.8884502877862838,1
623,2,0,10,1.5474010152758009,1248,11,0.8884502877862838,1
810,2,0,10,1.7304345082395165,1227,11,0.9431945538974952,1
731,2,0,10,1.7940983318790693,1229,11,0.9431945538974952,1
1001,2,0,10,2.0646695823471704,1844,11,0.8884502877862838,1
970,2,0,10,2.0567116043922264,1926,11,0.9431945538974952,1
749,6,0,10,1.6906446184647954,1474,11,0.8884502877862838,1
644,6,0,10,1.8577621555186223,1645,11,0.9431945538974952,1
764,2,0,10,1.877657100405983,1486,11,0.8884502877862838,1
838,2,0,10,1.8696991224510389,1399,11,0.9431945538974952,1
710,6,0,10,1.837867210631262,1505,11,0.8884502877862838,1
780,6,0,10,2.136291383941668,1686,11,0.9431945538974952,1
686,2,0,10,2.048753626437282,1604,11,0.8884502877862838,1
747,2,0,10,2.032837670527394,1567,11,0.9431945538974952,1
795,6,0,10,1.8498041775636784,1382,11,0.8884502877862838,1
684,6,0,10,1.778182375969181,1273,11,0.8884502877862838,1
928,6,0,10,1.9532578909779523,1717,11,0.9431945538974952,1
515,2,0,10,1.5394430373208567,1087,11,0.8884502877862838,1
1025,2,0,10,2.1203754280317795,1654,11,0.8884502877862838,1
889,2,0,10,1.8617411444960947,1457,11,0.9431945538974952,1
568,6,0,10,1.7463504641494043,1267,11,0.8884502877862838,1
831,2,0,10,1.8498041775636784,1523,11,0.8884502877862838,1
682,2,0,10,1.8617411444960947,1373,11,0.8884502877862838,1
850,6,0,10,1.7383924861944604,1422,11,0.8884502877862838,1
778,2,0,10,1.877657100405983,1205,11,0.8884502877862838,1
837,6,0,10,1.7184975413071,1356,11,0.8884502877862838,1
929,2,0,10,1.817972265743902,1456,11,0.8884502877862838,1
911,6,0,10,1.945299913023008,1402,11,0.8884502877862838,1
1107,6,0,10,2.048753626437282,1664,11,0.9431945538974952,1
688,2,0,10,1.905510023248288,1419,11,0.9431945538974952,1
811,2,0,10,1.905510023248288,1476,11,0.9431945538974952,1
814,2,0,10,1.9094890122257595,1398,11,0.9431945538974952,1
954,6,0,10,1.901531034270816,1280,11,0.8884502877862838,1
674,2,0,10,1.7582874310818206,1285,11,0.9431945538974952,1
1096,6,0,10,2.0129427256400336,1607,11,0.9431945538974952,1
605,2,0,10,1.6508547286900748,1140,11,0.8884502877862838,1
830,6,0,10,1.9731528358653128,1235,11,0.9431945538974952,1
705,6,0,10,1.9532578909779523,1310,11,0.8884502877862838,1
835,6,0,10,1.881636089383455,1374,11,0.9431945538974952,1
731,2,0,10,1.7622664200592928,1283,11,0.9431945538974952,1
1028,2,0,10,2.144249361896612,1810,11,0.9431945538974952,1
825,6,0,10,2.048753626437282,1526,11,0.8884502877862838,1
868,2,0,10,1.9651948579103689,1291,11,0.8884502877862838,1
1032,2,0,10,1.9771318248427847,1481,11,0.8884502877862838,1
863,6,0,10,1.8537831665411504,1401,11,0.8884502877862838,1
914,6,0,10,2.036816659504866,1425,11,0.9431945538974952,1
770,2,0,10,1.6946236074422676,1034,11,0.8884502877862838,1
838,2,0,10,1.8498041775636784,1516,11,0.9431945538974952,1
756,6,0,10,1.6389177617576585,1159,11,0.8884502877862838,1
896,2,0,10,2.104459472121891,1550,11,0.9431945538974952,1
800,6,0,10,2.195976218603749,1705,11,0.8884502877862838,1
863,6,0,10,1.989068791775201,1514,11,0.9431945538974952,1
820,2,0,10,1.993047780752673,1462,11,0.9431945538974952,1
712,2,0,10,1.8139932767664293,1312,11,0.9431945538974952,1
982,2,0,10,2.1999552075812208,1617,11,0.9431945538974952,1
592,2,0,10,1.7861403539241252,1164,11,0.8884502877862838,1
889,2,0,10,2.028858681549922,1482,11,0.8884502877862838,1
728,6,0,10,1.925404968135648,1546,11,0.9431945538974952,1
943,2,0,10,1.989068791775201,1408,11,0.8884502877862838,1
988,2,0,10,1.9731528358653128,1639,11,0.8884502877862838,1
729,6,0,10,1.937341935068064,1355,11,0.9431945538974952,1
649,2,0,10,1.774203386991709,1269,11,0.8884502877862838,1
730,6,0,10,1.7184975413071,1264,11,0.8884502877862838,1
865,6,0,10,1.8975520452933432,1667,11,0.9431945538974952,1
868,6,0,10,1.8219512547213736,1497,11,0.9431945538974952,1
703,2,0,10,1.9651948579103689,1533,11,0.9431945538974952,1
828,6,0,10,2.096501494166947,1675,11,0.9431945538974952,1
785,6,0,10,1.989068791775201,1328,11,0.9431945538974952,1
855,6,0,10,1.9492789020004804,1644,11,0.8884502877862838,1
688,6,0,10,1.7861403539241252,1297,11,0.9431945538974952,1
780,2,0,10,1.8498041775636784,1484,11,0.9431945538974952,1
882,6,0,10,2.040795648482338,1691,11,0.8884502877862838,1
1074,2,0,10,2.191997229626277,1599,11,0.8884502877862838,1
783,6,0,10,1.7980773208565417,1315,11,0.9431945538974952,1
842,6,0,10,2.0845645272345306,1653,11,0.8884502877862838,1
517,2,0,10,1.7423714751719324,1335,11,0.9431945538974952,1
940,6,0,10,2.112417450076835,1609,11,0.9431945538974952,1
875,2,0,10,2.0169217146175056,1671,11,0.9431945538974952,1
822,6,0,10,2.0845645272345306,1612,11,0.8884502877862838,1
766,2,0,10,1.837867210631262,1244,11,0.9431945538974952,1
852,2,0,10,1.9850898027977288,1642,11,0.8884502877862838,1
771,6,0,10,1.9651948579103689,1621,11,0.9431945538974952,1
776,2,0,10,2.020900703594977,1522,11,0.9431945538974952,1
569,2,0,10,2.020900703594977,1500,11,0.9431945538974952,1
755,2,0,10,2.0845645272345306,1669,11,0.9431945538974952,1
739,6,0,10,2.020900703594977,1342,11,0.9431945538974952,1
788,2,0,10,1.925404968135648,1287,11,0.9431945538974952,1
825,6,0,10,1.8418461996087343,1372,11,0.9431945538974952,1
826,2,0,10,1.778182375969181,1051,11,0.8884502877862838,1
801,6,0,10,1.8856150783609271,1434,11,0.8884502877862838,1
915,2,0,10,1.921425979158176,1512,11,0.8884502877862838,1
858,6,0,10,1.9572368799554245,1651,11,0.8884502877862838,1
861,6,0,10,1.7503294531268765,1357,11,0.8884502877862838,1
788,6,0,10,2.108438461099363,1580,11,0.9431945538974952,1
691,2,0,10,1.877657100405983,1277,11,0.8884502877862838,1
835,2,0,10,1.925404968135648,1415,11,0.9431945538974952,1
694,2,0,10,1.6349387727801863,1062,11,0.8884502877862838,1
898,6,0,10,2.040795648482338,1592,11,0.9431945538974952,1
675,2,0,10,1.9094890122257595,1418,11,0.9431945538974952,1
980,2,0,10,2.052732615414754,1588,11,0.9431945538974952,1
706,6,0,10,1.8418461996087343,1410,11,0.9431945538974952,1
694,2,0,10,1.817972265743902,1185,11,0.8884502877862838,1
656,6,0,10,1.889594067338399,1441,11,0.8884502877862838,1
674,2,0,10,1.7503294531268765,1312,11,0.8884502877862838,1
886,2,0,10,1.8458251885862065,1468,11,0.8884502877862838,1
706,6,0,10,1.8219512547213736,1200,11,0.8884502877862838,1
900,2,0,10,1.933362946090592,1598,11,0.8884502877862838,1
982,2,0,10,1.8060352988114856,1447,11,0.9431945538974952,1
843,6,0,10,2.032837670527394,1773,11,0.9431945538974952,1
939,6,0,10,1.937341935068064,1380,11,0.8884502877862838,1
711,6,0,10,1.7184975413071,1219,11,0.9431945538974952,1
745,6,0,10,1.8617411444960947,1580,11,0.9431945538974952,1
853,6,0,10,1.8498041775636784,1280,11,0.8884502877862838,1
816,2,0,10,1.9970267697301447,1404,11,0.9431945538974952,1
695,6,0,10,1.7503294531268765,1113,11,0.8884502877862838,1
761,2,0,10,1.825930243698846,1382,11,0.9431945538974952,1
688,6,0,10,1.8856150783609271,1300,11,0.8884502877862838,1
561,6,0,10,1.722476530284572,1070,11,0.9431945538974952,1
722,2,0,10,1.901531034270816,1295,11,0.9431945538974952,1
660,6,0,10,1.937341935068064,1308,11,0.9431945538974952,1
544,6,0,10,1.7184975413071,1288,11,0.8884502877862838,1
699,2,0,10,1.774203386991709,1048,11,0.8884502877862838,1
722,2,0,10,1.7821613649466532,1443,11,0.8884502877862838,1
1010,2,0,10,2.1840392516713325,1749,11,0.9431945538974952,1
800,2,0,10,2.048753626437282,1313,11,0.8884502877862838,1
743,2,0,10,1.726455519262044,1492,11,0.9431945538974952,1
682,2,0,10,1.921425979158176,1549,11,0.9431945538974952,1
1145,6,0,10,2.267598020198246,1767,11,0.8884502877862838,1
842,2,0,10,1.92938395711312,1455,11,0.8884502877862838,1
1000,2,0,10,2.1203754280317795,1618,11,0.8884502877862838,1
804,6,0,10,1.7304345082395165,1304,11,0.8884502877862838,1
666,6,0,10,1.6428967507351306,1270,11,0.8884502877862838,1
903,6,0,10,1.9850898027977288,1540,11,0.8884502877862838,1
830,6,0,10,1.865720133473567,1382,11,0.9431945538974952,1
943,2,0,10,2.024879692572449,1396,11,0.8884502877862838,1
808,2,0,10,1.9731528358653128,1480,11,0.8884502877862838,1
905,2,0,10,2.048753626437282,1493,11,0.9431945538974952,1
688,6,0,10,1.7861403539241252,1197,11,0.8884502877862838,1
842,2,0,10,2.0686485713246423,1627,11,0.9431945538974952,1
871,6,0,10,1.877657100405983,1576,11,0.8884502877862838,1
893,6,0,10,1.8577621555186223,1484,11,0.8884502877862838,1
687,6,0,10,1.774203386991709,1411,11,0.8884502877862838,1
705,6,0,10,1.7622664200592928,1334,11,0.8884502877862838,1
731,6,0,10,2.10048048314442,1671,11,0.9431945538974952,1
1035,6,0,10,2.024879692572449,1481,11,0.9431945538974952,1
796,6,0,10,1.8418461996087343,1391,11,0.8884502877862838,1
870,2,0,10,1.941320924045536,1551,11,0.9431945538974952,1
798,6,0,10,1.913468001203232,1544,11,0.8884502877862838,1
678,6,0,10,1.8736781114285108,1419,11,0.8884502877862838,1
914,6,0,10,2.104459472121891,1729,11,0.8884502877862838,1
1042,6,0,10,2.0606905933696984,1296,11,0.9431945538974952,1
915,6,0,10,2.1760812737163886,1893,11,0.8884502877862838,1
732,6,0,10,1.774203386991709,1356,11,0.8884502877862838,1
669,6,0,10,1.7304345082395165,1382,11,0.9431945538974952,1
920,6,0,10,2.024879692572449,1414,11,0.9431945538974952,1
818,6,0,10,2.052732615414754,1507,11,0.8884502877862838,1
792,2,0,10,2.020900703594977,1435,11,0.9431945538974952,1
708,6,0,10,1.8577621555186223,1426,11,0.9431945538974952,1
887,2,0,10,1.9970267697301447,1499,11,0.9431945538974952,1
679,2,0,10,2.024879692572449,1464,11,0.8884502877862838,1
1051,2,0,10,1.917446990180704,1478,11,0.9431945538974952,1
809,2,0,10,1.8100142877889576,1539,11,0.9431945538974952,1
707,6,0,10,1.6866656294873237,1389,11,0.9431945538974952,1
1018,6,0,10,2.008963736662561,1401,11,0.9431945538974952,1
835,2,0,10,1.917446990180704,1150,11,0.9431945538974952,1
826,6,0,10,1.865720133473567,1444,11,0.9431945538974952,1
753,2,0,10,1.989068791775201,1362,11,0.8884502877862838,1
824,6,0,10,2.0845645272345306,1765,11,0.8884502877862838,1
941,2,0,10,1.9492789020004804,1495,11,0.9431945538974952,1
1029,2,0,10,2.207913185536165,1647,11,0.8884502877862838,1
564,6,2,10,0.0672171156561892,1302,11,0.8884502877862838,0
691,6,2,10,0.055280148723773,1241,12,0.9431945538974952,0
607,6,2,10,0.0473221707688289,1313,11,0.9431945538974952,0
667,6,2,10,0.2542295975973768,1369,11,0.8884502877862838,0
568,6,2,10,0.1428179062281586,1285,11,0.8884502877862838,0
575,6,2,10,0.004404685938308,1245,11,0.8884502877862838,0
647,6,2,10,0.0322576087806125,1198,12,0.8884502877862838,0
602,6,2,10,0.1229229613407983,1273,12,0.8884502877862838,0
616,6,2,10,0.1158163773075261,1098,11,0.8884502877862838,0
555,6,2,10,0.0282786198031404,1197,11,0.9431945538974952,0
645,6,2,10,0.2860615094171533,1414,12,0.8884502877862838,0
586,6,2,10,0.1706708290704632,1296,11,0.9431945538974952,0
550,6,2,10,0.2471230135641045,1108,11,0.8884502877862838,0
654,6,2,10,0.2789549253838811,917,11,0.8884502877862838,0
618,6,2,10,0.0473221707688289,1280,12,0.8884502877862838,0
689,6,2,10,0.1826077960028794,1259,12,0.9431945538974952,0
555,6,2,10,0.10700700543091,1373,12,0.9431945538974952,0
523,6,2,10,0.2431440245866324,1155,12,0.9431945538974952,0
699,6,2,10,0.055280148723773,1206,12,0.8884502877862838,0
532,6,2,10,0.0999004213976378,1179,12,0.9431945538974952,0
639,6,2,10,0.0831330715660775,1288,12,0.9431945538974952,0
530,6,2,10,0.1317323332174144,1145,11,0.8884502877862838,0
488,6,2,10,0.1556062670822468,1137,12,0.9431945538974952,0
632,6,2,10,0.1277533442399423,1228,12,0.9431945538974952,0
668,6,2,10,0.0362365977580846,1249,11,0.8884502877862838,0
493,6,2,10,0.0274272258814685,1171,12,0.9431945538974952,0
726,6,2,10,0.0083836749157801,1194,11,0.9431945538974952,0
554,6,2,10,0.0879634544652216,1197,11,0.8884502877862838,0
608,6,2,10,0.0950700384984938,1215,12,0.9431945538974952,0
640,6,2,10,0.167543234014663,1106,12,0.8884502877862838,0
658,6,2,10,0.2025027408902398,1248,12,0.9431945538974952,0
709,6,2,10,0.0672171156561892,1332,11,0.8884502877862838,0
667,6,2,10,0.10700700543091,1177,11,0.9431945538974952,0
576,6,2,10,0.0402155867355567,1117,11,0.8884502877862838,0
612,6,2,10,0.0839844654877495,1163,12,0.9431945538974952,0
669,6,2,10,0.0075322809941081,1195,12,0.8884502877862838,0
595,6,2,10,0.1794802009470793,1090,12,0.8884502877862838,0
620,6,2,10,0.0879634544652216,1236,12,0.8884502877862838,0
612,6,2,10,0.167543234014663,1137,12,0.9431945538974952,0
641,6,2,10,0.0115112699715802,1237,11,0.9431945538974952,0
603,6,2,10,0.0115112699715802,1178,12,0.9431945538974952,0
617,6,2,10,0.1794802009470793,1154,12,0.8884502877862838,0
595,6,2,10,0.0433431817913568,1237,12,0.9431945538974952,0
632,6,2,10,0.060110531622917,1170,11,0.9431945538974952,0
702,6,2,10,0.111837388330054,1156,12,0.9431945538974952,0
575,6,2,10,0.1516272781047747,1090,11,0.9431945538974952,0
761,6,2,10,0.2343346527100163,1319,12,0.8884502877862838,0
656,6,2,10,0.0075322809941081,1262,11,0.8884502877862838,0
666,6,2,10,0.055280148723773,1236,12,0.8884502877862838,0
490,6,2,10,0.4898413411899011,1024,12,0.8884502877862838,0
544,6,2,10,0.0282786198031404,1260,12,0.8884502877862838,0
520,6,2,10,0.0441945757130287,1166,11,0.9431945538974952,0
608,6,2,10,0.0274272258814685,1215,11,0.9431945538974952,0
445,6,2,10,0.1595852560597189,1202,12,0.9431945538974952,0
625,6,2,10,0.1874381789020234,1181,11,0.8884502877862838,0
746,6,2,10,0.1189439723633262,1269,12,0.8884502877862838,0
579,6,2,10,0.2948708812937694,1094,12,0.9431945538974952,0
531,6,2,10,0.1396903111723585,1121,12,0.8884502877862838,0
578,6,2,10,0.1715222229921351,1096,12,0.8884502877862838,0
562,6,2,10,0.270996947428937,1152,12,0.9431945538974952,0
748,6,2,10,0.2025027408902398,1347,12,0.8884502877862838,0
558,6,2,10,0.2550809915190487,1034,12,0.9431945538974952,0
621,6,2,10,0.2272280686767442,1153,11,0.8884502877862838,0
556,6,2,10,0.163564245037191,1073,12,0.8884502877862838,0
568,6,2,10,0.0322576087806125,1237,11,0.9431945538974952,0
513,6,2,10,0.0521525536679729,1199,12,0.9431945538974952,0
755,6,2,10,0.0950700384984938,1252,12,0.8884502877862838,0
595,6,2,10,0.10700700543091,1330,12,0.9431945538974952,0
571,6,2,10,0.0839844654877495,1223,11,0.8884502877862838,0
479,6,2,10,0.1396903111723585,1201,12,0.8884502877862838,0
493,6,2,10,0.1237743552624702,1120,11,0.9431945538974952,0
677,6,2,10,0.060110531622917,1178,11,0.8884502877862838,0
491,6,2,10,0.0314062148589406,1221,11,0.8884502877862838,0
801,6,2,10,0.0123626638932521,1366,11,0.9431945538974952,0
521,6,2,10,0.1595852560597189,1118,12,0.8884502877862838,0
493,6,2,10,0.111837388330054,1104,12,0.9431945538974952,0
574,6,2,10,0.0680685095778612,1146,11,0.8884502877862838,0
659,6,2,10,0.060110531622917,1135,11,0.8884502877862838,0
654,6,2,10,0.0632381266787172,1260,12,0.8884502877862838,0
426,6,2,10,0.1715222229921351,1097,12,0.9431945538974952,0
523,6,2,10,0.2351860466316883,1094,12,0.9431945538974952,0
555,6,2,10,0.0353852038364127,1300,11,0.9431945538974952,0
520,6,2,10,0.0075322809941081,1221,12,0.8884502877862838,0
766,6,2,10,0.1786288070254073,1323,12,0.8884502877862838,0
650,6,2,10,0.0632381266787172,1266,12,0.8884502877862838,0
775,6,2,10,0.0393641928138847,1299,11,0.8884502877862838,0
498,6,2,10,0.163564245037191,1211,12,0.9431945538974952,0
558,6,2,10,0.0282786198031404,1177,11,0.9431945538974952,0
708,6,2,10,0.004404685938308,1300,12,0.9431945538974952,0
590,6,2,10,0.2789549253838811,1254,11,0.9431945538974952,0
569,6,2,10,0.056131542645445,1206,11,0.8884502877862838,0
682,6,2,10,0.0402155867355567,1223,12,0.8884502877862838,0
570,6,2,10,0.0640895206003891,1188,12,0.8884502877862838,0
629,6,2,10,0.1189439723633262,1319,11,0.8884502877862838,0
766,6,2,10,0.2900404983946254,1327,12,0.9431945538974952,0
584,6,2,10,0.0441945757130287,1284,11,0.8884502877862838,0
608,6,2,10,0.0203206418481963,1207,11,0.9431945538974952,0
608,6,2,10,0.0441945757130287,1264,11,0.8884502877862838,0
598,6,2,10,0.0322576087806125,1162,11,0.9431945538974952,0
631,6,2,10,0.1277533442399423,1189,12,0.8884502877862838,0
507,6,2,10,0.2948708812937694,1045,11,0.8884502877862838,0
665,6,2,10,0.1388389172506866,1280,12,0.9431945538974952,0
503,6,2,10,0.2192700907218,1174,11,0.8884502877862838,0
693,6,2,10,0.0839844654877495,1129,12,0.9431945538974952,0
776,6,2,10,0.0751750936111334,1163,12,0.9431945538974952,0
552,6,2,10,0.0959214324201657,1223,12,0.9431945538974952,0
514,6,2,10,0.3943456057305713,1138,12,0.8884502877862838,0
669,6,2,10,0.2670179584514649,1145,11,0.8884502877862838,0
651,6,2,10,0.056131542645445,1194,11,0.9431945538974952,0
669,6,2,10,0.0242996308256684,1239,11,0.8884502877862838,0
575,6,2,10,0.1914171678794955,1221,11,0.9431945538974952,0
577,6,2,10,0.0919424434426936,1247,11,0.8884502877862838,0
533,6,2,10,0.1834591899245513,1104,11,0.9431945538974952,0
479,6,2,10,0.1038794103751098,1146,11,0.8884502877862838,0
584,6,2,10,0.1038794103751098,1154,12,0.9431945538974952,0
617,6,2,10,0.1914171678794955,1173,11,0.9431945538974952,0
675,6,2,10,0.0919424434426936,1292,11,0.8884502877862838,0
600,6,2,10,0.0959214324201657,1205,11,0.8884502877862838,0
537,6,2,10,0.1109859944083821,1245,11,0.8884502877862838,0
473,6,2,10,0.0839844654877495,1144,12,0.9431945538974952,0
497,6,2,10,0.3505767269783785,1101,11,0.9431945538974952,0
625,6,2,10,0.1556062670822468,1158,11,0.8884502877862838,0
524,6,2,10,0.0282786198031404,1217,12,0.9431945538974952,0
673,6,2,10,0.0433431817913568,1152,11,0.9431945538974952,0
542,6,2,10,0.1507758841831028,1290,11,0.9431945538974952,0
560,6,2,10,0.1826077960028794,1241,12,0.9431945538974952,0
691,6,2,10,0.1914171678794955,1126,11,0.9431945538974952,0
499,6,2,10,0.0242996308256684,1252,12,0.9431945538974952,0
594,6,2,10,0.0910910495210217,1276,12,0.9431945538974952,0
563,6,2,10,0.2272280686767442,1084,11,0.9431945538974952,0
615,6,2,10,0.2869129033388253,1186,12,0.8884502877862838,0
552,6,2,10,0.2511020025415766,1097,11,0.8884502877862838,0
566,6,2,10,0.1556062670822468,1052,11,0.8884502877862838,0
556,6,2,10,0.0322576087806125,1200,12,0.9431945538974952,0
543,6,2,10,0.0800054765102774,1319,12,0.9431945538974952,0
335,6,2,10,0.4221985285728758,946,12,0.8884502877862838,0
624,6,2,10,0.0831330715660775,1261,11,0.8884502877862838,0
577,6,2,10,0.1038794103751098,1124,11,0.8884502877862838,0
663,6,2,10,0.1507758841831028,1225,12,0.8884502877862838,0
458,6,2,10,0.2152911017443279,1171,12,0.9431945538974952,0
545,6,2,10,0.2391650356091604,1122,11,0.9431945538974952,0
700,6,2,10,0.0075322809941081,1242,11,0.9431945538974952,0
514,6,2,10,0.0393641928138847,1269,12,0.9431945538974952,0
602,6,2,10,0.0362365977580846,1216,12,0.9431945538974952,0
615,6,2,10,0.1914171678794955,1177,12,0.9431945538974952,0
738,6,2,10,0.1357113221948865,1272,12,0.8884502877862838,0
574,6,2,10,0.1396903111723585,1189,12,0.9431945538974952,0
611,6,2,10,0.1237743552624702,1186,12,0.8884502877862838,0
385,6,2,10,0.2073331237893838,1099,11,0.9431945538974952,0
628,6,2,10,0.0672171156561892,1261,11,0.8884502877862838,0
611,6,2,10,0.2232490796992721,1073,12,0.8884502877862838,0
528,6,2,10,0.1030280164534379,1298,11,0.8884502877862838,0
519,6,2,10,0.2550809915190487,1066,11,0.9431945538974952,0
686,6,2,10,0.1396903111723585,1119,11,0.9431945538974952,0
582,6,2,10,0.0353852038364127,1289,11,0.9431945538974952,0
438,6,2,10,0.2192700907218,1174,12,0.8884502877862838,0
593,6,2,10,0.1197953662849981,1097,12,0.8884502877862838,0
499,6,2,10,0.0999004213976378,1169,12,0.8884502877862838,0
619,6,2,10,0.111837388330054,1142,12,0.9431945538974952,0
525,6,2,10,0.1993751458344396,1070,12,0.9431945538974952,0
798,6,2,10,0.0871120605435496,1293,12,0.9431945538974952,0
610,6,2,10,0.1396903111723585,1094,11,0.8884502877862838,0
659,6,2,10,0.0035532920166361,1331,11,0.8884502877862838,0
640,6,2,10,0.0393641928138847,1151,11,0.9431945538974952,0
575,6,2,10,0.0919424434426936,1170,12,0.8884502877862838,0
619,6,2,10,0.1317323332174144,1242,11,0.8884502877862838,0
747,6,2,10,0.1269019503182704,1214,12,0.9431945538974952,0
775,6,2,10,0.1030280164534379,1312,12,0.8884502877862838,0
635,6,2,10,0.1476482891273027,1163,12,0.9431945538974952,0
586,6,2,10,0.0751750936111334,1277,11,0.8884502877862838,0
631,6,2,10,0.0800054765102774,1125,11,0.8884502877862838,0
541,6,2,10,0.0282786198031404,1264,11,0.8884502877862838,0
559,6,2,10,0.0322576087806125,1125,11,0.8884502877862838,0
658,6,2,10,0.1556062670822468,1114,11,0.9431945538974952,0
559,6,2,10,0.1595852560597189,1274,11,0.9431945538974952,0
631,6,2,10,0.1078583993525819,1206,12,0.9431945538974952,0
643,6,2,10,0.1993751458344396,1195,12,0.8884502877862838,0
461,6,2,10,0.2312070576542162,1136,12,0.8884502877862838,0
756,6,2,10,0.1706708290704632,1327,12,0.8884502877862838,0
607,6,2,10,0.0800054765102774,1187,11,0.8884502877862838,0
714,6,2,10,0.0879634544652216,1212,12,0.9431945538974952,0
570,6,2,10,0.0163416528707242,1237,12,0.8884502877862838,0
595,6,2,10,0.1953961568569676,1140,12,0.8884502877862838,0
596,6,2,10,0.1595852560597189,1261,12,0.9431945538974952,0
790,6,2,10,0.1905657739578236,1312,11,0.8884502877862838,0
596,6,2,10,0.2351860466316883,1116,12,0.8884502877862838,0
813,6,2,10,0.0871120605435496,1383,11,0.8884502877862838,0
545,6,2,10,0.0521525536679729,1229,11,0.9431945538974952,0
605,6,2,10,0.1476482891273027,1274,12,0.8884502877862838,0
550,6,2,10,0.0282786198031404,1228,11,0.8884502877862838,0
501,6,2,10,0.1436693001498306,1101,12,0.9431945538974952,0
493,6,2,10,0.0521525536679729,1161,11,0.8884502877862838,0
661,6,2,10,0.0672171156561892,1223,12,0.9431945538974952,0
677,6,2,10,0.0839844654877495,1200,12,0.9431945538974952,0
626,6,2,10,0.2064817298677118,1338,12,0.9431945538974952,0
708,6,2,10,0.0163416528707242,1208,11,0.9431945538974952,0
572,6,2,10,0.3426187490234343,1021,12,0.9431945538974952,0
424,6,2,10,0.1158163773075261,1093,12,0.8884502877862838,0
621,6,2,10,0.004404685938308,1238,12,0.9431945538974952,0
638,6,2,10,0.0274272258814685,1224,12,0.9431945538974952,0
462,6,2,10,0.1914171678794955,953,12,0.9431945538974952,0
538,6,2,10,0.0123626638932521,1265,11,0.9431945538974952,0
714,6,2,10,0.1388389172506866,1338,11,0.9431945538974952,0
462,6,2,10,0.1715222229921351,1169,11,0.8884502877862838,0
461,6,2,10,0.1357113221948865,1102,12,0.9431945538974952,0
529,6,2,10,0.1476482891273027,1212,11,0.8884502877862838,0
794,6,2,10,0.0004256969608359,1333,11,0.9431945538974952,0
481,6,2,10,0.0919424434426936,1111,11,0.8884502877862838,0
467,6,2,10,0.1516272781047747,1088,12,0.8884502877862838,0
543,6,2,10,0.1516272781047747,1062,11,0.9431945538974952,0
661,6,2,10,0.0433431817913568,1289,12,0.9431945538974952,0
497,6,2,10,0.0760264875328053,1251,12,0.9431945538974952,0
572,6,2,10,0.0194692479265244,1219,11,0.8884502877862838,0
739,6,2,10,0.1189439723633262,1311,12,0.8884502877862838,0
647,6,2,10,0.1269019503182704,1235,11,0.8884502877862838,0
557,6,2,10,0.0919424434426936,1190,12,0.9431945538974952,0
713,6,2,10,0.0115112699715802,1244,11,0.8884502877862838,0
427,6,2,10,0.2511020025415766,1096,12,0.8884502877862838,0
595,6,2,10,0.0035532920166361,1212,11,0.8884502877862838,0
644,6,2,10,0.0592591377012451,1295,12,0.8884502877862838,0
444,6,2,10,0.1993751458344396,1108,12,0.9431945538974952,0
564,6,2,10,0.0441945757130287,1242,12,0.9431945538974952,0
703,6,2,10,0.0831330715660775,1267,11,0.8884502877862838,0
640,6,2,10,0.1666918400929911,1334,12,0.8884502877862838,0
512,6,2,10,0.0362365977580846,1211,12,0.8884502877862838,0
565,6,2,10,0.0115112699715802,1393,12,0.9431945538974952,0
476,6,2,10,0.270996947428937,1220,12,0.8884502877862838,0
376,6,2,10,0.3943456057305713,1019,12,0.9431945538974952,0
633,6,2,10,0.0473221707688289,1284,12,0.8884502877862838,0
556,6,2,10,0.1237743552624702,1162,11,0.8884502877862838,0
553,6,2,10,0.3704716718657388,1113,12,0.9431945538974952,0
665,6,2,10,0.1953961568569676,1211,12,0.8884502877862838,0
534,6,2,10,0.10700700543091,1184,11,0.9431945538974952,0
725,6,2,10,0.055280148723773,1291,12,0.9431945538974952,0
650,6,2,10,0.0353852038364127,1300,12,0.8884502877862838,0
554,6,2,10,0.1914171678794955,1048,12,0.8884502877862838,0
650,6,2,10,0.1357113221948865,1258,11,0.9431945538974952,0
607,6,2,10,0.0123626638932521,1224,12,0.9431945538974952,0
597,6,2,10,0.1985237519127677,1230,12,0.9431945538974952,0
561,6,2,10,0.2073331237893838,1049,12,0.8884502877862838,0
462,6,2,10,0.163564245037191,1219,12,0.9431945538974952,0
718,6,2,10,0.1078583993525819,1164,12,0.8884502877862838,0
726,6,2,10,0.1547548731605749,1406,12,0.8884502877862838,0
598,6,2,10,0.004404685938308,1287,12,0.8884502877862838,0
550,6,2,10,0.060110531622917,1219,12,0.8884502877862838,0
662,6,2,10,0.0274272258814685,1241,11,0.8884502877862838,0
539,6,2,10,0.0959214324201657,1267,11,0.8884502877862838,0
456,6,2,10,0.2033541348119117,1119,12,0.9431945538974952,0
542,6,2,10,0.1914171678794955,1230,12,0.9431945538974952,0
529,6,2,10,0.1357113221948865,1167,11,0.9431945538974952,0
579,6,2,10,0.0282786198031404,1191,11,0.8884502877862838,0
460,6,2,10,0.1396903111723585,1063,12,0.9431945538974952,0
496,6,2,10,0.0473221707688289,1159,11,0.9431945538974952,0
570,6,2,10,0.0879634544652216,1180,12,0.9431945538974952,0
730,6,2,10,0.0393641928138847,1361,12,0.8884502877862838,0
724,6,2,10,0.0632381266787172,1235,11,0.9431945538974952,0
615,6,2,10,0.0990490274759658,1261,11,0.8884502877862838,0
559,6,2,10,0.1396903111723585,1176,12,0.8884502877862838,0
732,6,2,10,0.0720474985553333,1228,11,0.8884502877862838,0
746,6,2,10,0.0314062148589406,1274,11,0.8884502877862838,0
614,6,2,10,0.2033541348119117,1193,12,0.9431945538974952,0
531,6,2,10,0.0521525536679729,1264,12,0.8884502877862838,0
654,6,2,10,0.1348599282732145,1286,12,0.9431945538974952,0
562,6,2,10,0.1794802009470793,1028,11,0.9431945538974952,0
489,6,2,10,0.0322576087806125,1136,11,0.9431945538974952,0
590,6,2,10,0.1755012119696072,1175,11,0.8884502877862838,0
679,6,2,10,0.1834591899245513,1166,12,0.8884502877862838,0
717,6,2,10,0.1476482891273027,1089,11,0.9431945538974952,0
708,6,2,10,0.0203206418481963,1224,12,0.9431945538974952,0
543,6,2,10,0.0990490274759658,1184,12,0.9431945538974952,0
640,6,2,10,0.004404685938308,1226,11,0.8884502877862838,0
522,6,2,10,0.1953961568569676,1027,11,0.8884502877862838,0
536,6,2,10,0.1197953662849981,1095,11,0.9431945538974952,0
601,6,2,10,0.0402155867355567,1248,12,0.8884502877862838,0
612,6,2,10,0.0919424434426936,1279,11,0.8884502877862838,0
552,6,2,10,0.1158163773075261,1135,11,0.8884502877862838,0
615,6,2,10,0.0871120605435496,1343,11,0.8884502877862838,0
554,6,2,10,0.0282786198031404,1198,12,0.8884502877862838,0
672,6,2,10,0.1277533442399423,1194,12,0.8884502877862838,0
741,6,2,10,0.0680685095778612,1136,12,0.9431945538974952,0
532,6,2,10,0.0433431817913568,1221,12,0.8884502877862838,0
392,6,2,10,0.0720474985553333,1143,11,0.8884502877862838,0
644,6,2,10,0.0203206418481963,1242,12,0.8884502877862838,0
479,6,2,10,0.3664926828882667,1017,11,0.8884502877862838,0
730,6,2,10,0.1269019503182704,1341,12,0.8884502877862838,0
562,6,2,10,0.0314062148589406,1176,11,0.8884502877862838,0
558,6,2,10,0.0879634544652216,1207,12,0.8884502877862838,0
664,6,2,10,0.0640895206003891,1247,12,0.9431945538974952,0
769,6,2,10,0.0234482369039964,1196,12,0.9431945538974952,0
536,6,2,10,0.0433431817913568,1185,12,0.8884502877862838,0
604,6,2,10,0.0123626638932521,1273,12,0.8884502877862838,0
523,6,2,10,0.163564245037191,1134,11,0.8884502877862838,0
635,6,2,10,0.0115112699715802,1237,12,0.8884502877862838,0
564,6,2,10,0.1357113221948865,1229,12,0.9431945538974952,0
697,6,2,10,0.0194692479265244,1233,11,0.9431945538974952,0
577,6,2,10,0.1277533442399423,1078,12,0.8884502877862838,0
642,6,2,10,0.1476482891273027,1272,12,0.9431945538974952,0
597,6,2,10,0.2431440245866324,1175,12,0.9431945538974952,0
633,6,2,10,0.0362365977580846,1216,11,0.8884502877862838,0
752,6,2,10,0.214439707822656,1320,12,0.8884502877862838,0
719,6,2,10,0.0234482369039964,1302,12,0.8884502877862838,0
564,6,2,10,0.0393641928138847,1245,11,0.8884502877862838,0
588,6,2,10,0.2064817298677118,1352,12,0.8884502877862838,0
729,6,2,10,0.0203206418481963,1223,11,0.8884502877862838,0
621,6,2,10,0.1158163773075261,1080,11,0.9431945538974952,0
647,6,2,10,0.0163416528707242,1208,12,0.9431945538974952,0
590,6,2,10,0.0115112699715802,1227,12,0.8884502877862838,0
656,6,2,10,0.0203206418481963,1193,12,0.9431945538974952,0
621,6,2,10,0.2113121127668558,1129,11,0.8884502877862838,0
696,6,2,10,0.1308809392957424,1250,11,0.8884502877862838,0
600,6,2,10,0.1834591899245513,1120,11,0.9431945538974952,0
653,6,2,10,0.0282786198031404,1184,11,0.8884502877862838,0
648,6,2,10,0.1914171678794955,1167,12,0.8884502877862838,0
631,6,2,10,0.1834591899245513,1137,11,0.8884502877862838,0
595,6,2,10,0.0402155867355567,1128,11,0.8884502877862838,0
523,6,2,10,0.0083836749157801,1217,11,0.9431945538974952,0
346,6,2,10,0.3306817820910181,973,11,0.8884502877862838,0
760,6,2,10,0.1666918400929911,1388,11,0.9431945538974952,0
554,6,2,10,0.1953961568569676,1153,12,0.9431945538974952,0
627,6,2,10,0.0720474985553333,1212,11,0.9431945538974952,0
565,6,2,10,0.1595852560597189,1152,12,0.8884502877862838,0
608,6,2,10,0.1993751458344396,1151,12,0.9431945538974952,0
651,6,2,10,0.0441945757130287,1153,12,0.9431945538974952,0
633,6,2,10,0.0481735646905008,1189,12,0.9431945538974952,0
566,6,2,10,0.1237743552624702,1136,11,0.8884502877862838,0
592,6,2,10,0.0879634544652216,1217,11,0.9431945538974952,0
604,6,2,10,0.0441945757130287,1026,12,0.8884502877862838,0
695,6,2,10,0.055280148723773,1295,11,0.8884502877862838,0
683,6,2,10,0.0234482369039964,1190,11,0.9431945538974952,0
573,6,2,10,0.2431440245866324,1071,11,0.9431945538974952,0
796,6,2,10,0.0919424434426936,1162,11,0.9431945538974952,0
554,6,2,10,0.0640895206003891,1237,12,0.9431945538974952,0
610,6,2,10,0.0800054765102774,1073,12,0.9431945538974952,0
620,6,2,10,0.0402155867355567,1260,12,0.8884502877862838,0
457,6,2,10,0.3028288592487136,1114,12,0.8884502877862838,0
618,6,2,10,0.0632381266787172,1309,12,0.9431945538974952,0
496,6,2,10,0.0154902589490523,1162,12,0.9431945538974952,0
779,6,2,10,0.2462716196424326,1320,11,0.8884502877862838,0
655,6,2,10,0.0800054765102774,1065,12,0.9431945538974952,0
525,6,2,10,0.0521525536679729,1234,11,0.9431945538974952,0
743,6,2,10,0.1945447629352956,1354,12,0.8884502877862838,0
585,6,2,10,0.0083836749157801,1270,11,0.8884502877862838,0
484,6,2,10,0.0879634544652216,1184,11,0.9431945538974952,0
469,6,2,10,0.0999004213976378,1218,11,0.9431945538974952,0
594,6,2,10,0.0163416528707242,1289,11,0.8884502877862838,0
647,6,2,10,0.1794802009470793,1181,12,0.9431945538974952,0
496,6,2,10,0.2829339143613532,1152,11,0.9431945538974952,0
550,6,2,10,0.0163416528707242,1150,11,0.8884502877862838,0
773,6,2,10,0.0234482369039964,1282,11,0.9431945538974952,0
528,6,2,10,0.1476482891273027,1120,12,0.9431945538974952,0
602,6,2,10,0.1516272781047747,1028,12,0.9431945538974952,0
665,6,2,10,0.055280148723773,1262,11,0.8884502877862838,0
626,6,2,10,0.1516272781047747,1157,11,0.8884502877862838,0
631,0,2,10,2.558064215553708,1184,11,0.8884502877862838,1
638,0,2,10,3.0514588487602445,1301,11,0.8884502877862838,1
865,0,2,10,3.0315639038728843,1315,11,0.9431945538974952,1
782,0,2,10,2.573980171463596,1193,11,0.9431945538974952,1
750,0,2,10,2.7609926534047835,1325,11,0.9431945538974952,1
479,0,2,10,2.247703075310886,1199,11,0.8884502877862838,1
677,0,2,10,2.4546105021394338,1182,11,0.9431945538974952,1
730,0,2,10,2.2437240863334136,1152,11,0.8884502877862838,1
705,0,2,10,3.0275849148954124,1264,11,0.9431945538974952,1
667,0,2,10,2.530211292711403,1088,11,0.9431945538974952,1
665,0,2,10,2.4227785903196573,1233,11,0.9431945538974952,1
609,0,2,10,2.3471777997476875,1205,11,0.8884502877862838,1
609,0,2,10,2.2397450973559416,1100,11,0.8884502877862838,1
792,0,2,10,2.7609926534047835,1305,11,0.8884502877862838,1
744,0,2,10,2.741097708517423,1180,11,0.9431945538974952,1
736,0,2,10,2.967900080233332,1309,11,0.8884502877862838,1
724,0,2,10,2.518274325778987,1128,11,0.9431945538974952,1
632,0,2,10,2.7052868077201744,1238,11,0.9431945538974952,1
732,0,2,10,2.753034675449839,1142,11,0.9431945538974952,1
881,0,2,10,2.430736568274601,1219,11,0.8884502877862838,1
815,0,2,10,3.0275849148954124,1262,11,0.8884502877862838,1
786,0,2,10,1.837867210631262,1081,11,0.9431945538974952,1
818,0,2,10,2.6217280391932607,1242,11,0.8884502877862838,1
724,0,2,10,2.494400391914154,1243,11,0.8884502877862838,1
728,0,2,10,2.4028836454322966,1224,11,0.9431945538974952,1
658,0,2,10,2.7013078187427024,1266,11,0.8884502877862838,1
654,0,2,10,2.4625684800943777,1215,11,0.9431945538974952,1
712,0,2,10,2.2198501524685814,1123,11,0.8884502877862838,1
660,0,2,10,2.530211292711403,1155,11,0.9431945538974952,1
688,0,2,10,2.9281101904586104,1280,11,0.9431945538974952,1
773,0,2,10,2.669475906922925,1185,11,0.9431945538974952,1
690,0,2,10,2.637643995103149,1022,11,0.9431945538974952,1
771,0,2,10,2.7251817526075346,1232,11,0.9431945538974952,1
648,0,2,10,2.8246564770443365,1110,11,0.8884502877862838,1
701,0,2,10,2.98381603614322,1345,11,0.8884502877862838,1
639,0,2,10,1.933362946090592,1063,11,0.8884502877862838,1
734,0,2,10,2.558064215553708,1133,11,0.8884502877862838,1
783,0,2,10,2.406862634409769,1268,11,0.9431945538974952,1
690,0,2,10,2.1641443067839723,1121,11,0.9431945538974952,1
545,0,2,10,2.25566105326583,1254,11,0.8884502877862838,1
794,0,2,10,2.7052868077201744,1260,11,0.8884502877862838,1
836,0,2,10,2.951984124323443,1311,11,0.8884502877862838,1
606,0,2,10,2.359114766680104,1115,11,0.9431945538974952,1
673,0,2,10,2.136291383941668,1089,11,0.9431945538974952,1
674,0,2,10,2.363093755657576,1197,11,0.8884502877862838,1
662,0,2,10,2.4585894911169057,1090,11,0.8884502877862838,1
772,0,2,10,2.144249361896612,1154,11,0.8884502877862838,1
617,0,2,10,2.4864424139592103,1276,11,0.8884502877862838,1
696,0,2,10,2.335240832815272,1071,11,0.9431945538974952,1
615,0,2,10,2.2954509430405508,1188,11,0.9431945538974952,1
759,0,2,10,2.912194234548722,1173,11,0.9431945538974952,1
665,0,2,10,2.530211292711403,1146,11,0.8884502877862838,1
718,0,2,10,2.4466525241844894,1171,11,0.9431945538974952,1
827,0,2,10,2.9917740140981635,1243,11,0.8884502877862838,1
787,0,2,10,2.975858058188275,1290,11,0.8884502877862838,1
858,0,2,10,2.589896127373484,1248,11,0.9431945538974952,1
785,0,2,10,2.8843413117064176,1279,11,0.8884502877862838,1
650,0,2,10,2.188018240648805,1092,11,0.9431945538974952,1
809,0,2,10,2.757013664427311,1296,11,0.9431945538974952,1
763,0,2,10,3.2623452645662647,1461,11,0.9431945538974952,1
814,0,2,10,2.566022193508652,1243,11,0.8884502877862838,1
631,0,2,10,2.25566105326583,926,11,0.9431945538974952,1
783,0,2,10,2.589896127373484,1268,11,0.9431945538974952,1
567,0,2,10,2.144249361896612,1148,11,0.8884502877862838,1
636,0,2,10,2.478484436004266,1155,11,0.9431945538974952,1
747,0,2,10,2.307387909972967,1260,11,0.8884502877862838,1
855,0,2,10,2.8763833337514737,1386,11,0.8884502877862838,1
813,0,2,10,2.3790097115674644,1287,11,0.9431945538974952,1
713,0,2,10,2.6416229840806214,1181,11,0.9431945538974952,1
559,0,2,10,2.5421482596438194,1227,11,0.8884502877862838,1
607,0,2,10,2.474505447026794,1237,11,0.9431945538974952,1
650,0,2,10,1.9691738468878408,1038,11,0.8884502877862838,1
661,0,2,10,2.733139730562479,1176,11,0.9431945538974952,1
791,0,2,10,2.9917740140981635,1281,11,0.8884502877862838,1
712,0,2,10,2.8644463668190574,1328,11,0.9431945538974952,1
776,0,2,10,2.112417450076835,1203,11,0.8884502877862838,1
627,0,2,10,2.2874929650856064,1178,11,0.9431945538974952,1
727,0,2,10,2.4546105021394338,1079,11,0.8884502877862838,1
715,0,2,10,2.7291607415850065,1257,11,0.8884502877862838,1
587,0,2,10,2.414820612364713,1248,11,0.8884502877862838,1
865,0,2,10,2.689370851810286,1319,11,0.8884502877862838,1
607,0,2,10,2.816698499089392,1201,11,0.8884502877862838,1
774,0,2,10,2.860467377841585,1166,11,0.9431945538974952,1
722,0,2,10,2.8087405211344483,1292,11,0.9431945538974952,1
567,0,2,10,1.893573056315872,962,11,0.9431945538974952,1
698,0,2,10,2.259640042243302,1116,11,0.9431945538974952,1
710,0,2,10,2.1999552075812208,1271,11,0.9431945538974952,1
613,0,2,10,1.8617411444960947,1073,11,0.9431945538974952,1
752,0,2,10,2.494400391914154,1190,11,0.8884502877862838,1
698,0,2,10,3.381714933890427,1311,11,0.8884502877862838,1
722,0,2,10,2.494400391914154,1233,11,0.8884502877862838,1
693,0,2,10,2.6615179289679816,1293,11,0.9431945538974952,1
656,0,2,10,2.1601653178065003,1164,11,0.8884502877862838,1
616,0,2,10,2.2357661083784697,1033,11,0.9431945538974952,1
738,0,2,10,2.800782543179504,1273,11,0.8884502877862838,1
762,0,2,10,2.1999552075812208,1106,11,0.9431945538974952,1
545,0,2,10,2.5063373588465705,1202,11,0.9431945538974952,1
833,0,2,10,2.323303865882856,1256,11,0.8884502877862838,1
685,0,2,10,2.836593443976753,1202,11,0.8884502877862838,1
767,0,2,10,3.190723462971768,1261,11,0.8884502877862838,1
537,0,2,10,2.331261843837799,1154,11,0.9431945538974952,1
740,0,2,10,2.7132447856751183,1226,11,0.9431945538974952,1
679,0,2,10,2.534190281688875,1218,11,0.9431945538974952,1
656,0,2,10,2.9201522125036665,1368,11,0.9431945538974952,1
669,0,2,10,2.414820612364713,1137,11,0.8884502877862838,1
696,0,2,10,2.136291383941668,1135,11,0.8884502877862838,1
874,0,2,10,3.015647947962996,1319,11,0.9431945538974952,1
703,0,2,10,2.56204320453118,1238,11,0.9431945538974952,1
588,0,2,10,2.478484436004266,1101,11,0.9431945538974952,1
744,0,2,10,2.6177490502157887,1269,11,0.8884502877862838,1
664,0,2,10,2.2954509430405508,1086,11,0.9431945538974952,1
733,0,2,10,2.0606905933696984,1121,11,0.8884502877862838,1
773,0,2,10,2.8883203006838896,1357,11,0.8884502877862838,1
721,0,2,10,2.430736568274601,1143,11,0.9431945538974952,1
665,0,2,10,1.9532578909779523,1106,11,0.9431945538974952,1
841,0,2,10,2.4824634249817383,1230,11,0.9431945538974952,1
489,0,2,10,1.837867210631262,1059,11,0.8884502877862838,1
545,0,2,10,2.410841623387241,1189,11,0.9431945538974952,1
745,0,2,10,2.7013078187427024,1267,11,0.8884502877862838,1
625,0,2,10,2.534190281688875,1149,11,0.8884502877862838,1
597,0,2,10,2.052732615414754,1136,11,0.8884502877862838,1
783,0,2,10,2.788845576247088,1265,11,0.8884502877862838,1
750,0,2,10,2.9877950251206915,1276,11,0.9431945538974952,1
617,0,2,10,1.8060352988114856,1047,11,0.9431945538974952,1
626,0,2,10,2.9201522125036665,1133,11,0.8884502877862838,1
798,0,2,10,2.4227785903196573,1202,11,0.8884502877862838,1
705,0,2,10,2.323303865882856,1297,11,0.8884502877862838,1
803,0,2,10,3.00371098103058,1407,11,0.8884502877862838,1
680,0,2,10,2.112417450076835,1157,11,0.9431945538974952,1
729,0,2,10,3.0395218818278287,1221,11,0.8884502877862838,1
638,0,2,10,2.442673535207017,1170,11,0.9431945538974952,1
700,0,2,10,2.1641443067839723,1073,11,0.8884502877862838,1
677,0,2,10,2.327282854860328,1055,11,0.8884502877862838,1
616,0,2,10,2.2954509430405508,1171,11,0.8884502877862838,1
733,0,2,10,2.5063373588465705,1310,11,0.8884502877862838,1
603,0,2,10,2.4546105021394338,1206,11,0.8884502877862838,1
673,0,2,10,2.56204320453118,1170,11,0.8884502877862838,1
787,0,2,10,2.323303865882856,1147,11,0.8884502877862838,1
735,0,2,10,2.4028836454322966,1120,11,0.9431945538974952,1
661,0,2,10,2.7251817526075346,1294,11,0.8884502877862838,1
631,0,2,10,2.46654746907185,1137,11,0.9431945538974952,1
685,0,2,10,3.0236059259179404,1263,11,0.9431945538974952,1
799,0,2,10,2.9718790692108032,1248,11,0.8884502877862838,1
849,0,2,10,2.848530410909169,1284,11,0.8884502877862838,1
571,0,2,10,1.8696991224510389,1143,11,0.8884502877862838,1
781,0,2,10,2.585917138396012,1253,11,0.8884502877862838,1
815,0,2,10,2.967900080233332,1370,11,0.8884502877862838,1
721,0,2,10,2.999731992053108,1341,11,0.9431945538974952,1
855,0,2,10,3.071353793647605,1315,11,0.8884502877862838,1
856,0,2,10,2.9320891794360824,1185,11,0.9431945538974952,1
754,0,2,10,2.470526458049322,1099,11,0.8884502877862838,1
737,0,2,10,2.8684253557965294,1356,11,0.9431945538974952,1
562,0,2,10,2.1641443067839723,1175,11,0.8884502877862838,1
492,0,2,10,2.0686485713246423,1150,11,0.9431945538974952,1
680,0,2,10,2.6217280391932607,1309,11,0.8884502877862838,1
807,0,2,10,2.9440261463684987,1326,11,0.9431945538974952,1
690,0,2,10,2.951984124323443,1360,11,0.8884502877862838,1
683,0,2,10,2.7132447856751183,1231,11,0.8884502877862838,1
626,0,2,10,2.144249361896612,1162,11,0.8884502877862838,1
588,0,2,10,2.6217280391932607,1171,11,0.8884502877862838,1
655,0,2,10,2.3471777997476875,1182,11,0.8884502877862838,1
581,0,2,10,2.191997229626277,1077,11,0.9431945538974952,1
740,0,2,10,2.4864424139592103,1263,11,0.9431945538974952,1
641,0,2,10,2.904236256593778,1305,11,0.8884502877862838,1
705,0,2,10,2.8843413117064176,1319,11,0.8884502877862838,1
865,0,2,10,2.7450766974948952,1210,11,0.9431945538974952,1
766,0,2,10,2.741097708517423,1269,11,0.9431945538974952,1
792,0,2,10,2.7291607415850065,1203,11,0.8884502877862838,1
617,0,2,10,2.195976218603749,1225,11,0.9431945538974952,1
637,0,2,10,2.2795349871306625,1238,11,0.9431945538974952,1
727,0,2,10,2.7052868077201744,1214,11,0.8884502877862838,1
757,0,2,10,2.546127248621292,1208,11,0.8884502877862838,1
710,0,2,10,2.6575389399905096,1262,11,0.9431945538974952,1
728,0,2,10,2.733139730562479,1150,11,0.9431945538974952,1
637,0,2,10,2.307387909972967,1192,11,0.9431945538974952,1
770,0,2,10,2.6456019730580933,1163,11,0.8884502877862838,1
599,0,2,10,2.414820612364713,1149,11,0.8884502877862838,1
703,0,2,10,2.8684253557965294,1201,11,0.8884502877862838,1
594,0,2,10,2.4864424139592103,1140,11,0.9431945538974952,1
757,0,2,10,2.689370851810286,1284,11,0.9431945538974952,1
600,0,2,10,2.2278081304235253,1156,11,0.8884502877862838,1
714,0,2,10,2.259640042243302,1170,11,0.8884502877862838,1
610,0,2,10,2.2795349871306625,1099,11,0.8884502877862838,1
769,0,2,10,2.9241312014811385,1243,11,0.9431945538974952,1
676,0,2,10,2.319324876905384,1152,11,0.8884502877862838,1
702,0,2,10,2.7649716423822555,1229,11,0.9431945538974952,1
639,0,2,10,2.410841623387241,1154,11,0.9431945538974952,1
731,0,2,10,2.25566105326583,1148,11,0.8884502877862838,1
735,0,2,10,2.848530410909169,1266,11,0.8884502877862838,1
639,0,2,10,2.375030722589992,1194,11,0.8884502877862838,1
832,0,2,10,2.4546105021394338,1138,11,0.8884502877862838,1
753,0,2,10,2.0766065492795867,1075,11,0.8884502877862838,1
741,0,2,10,2.69732882976523,1317,11,0.8884502877862838,1
746,0,2,10,2.685391862832814,1247,11,0.9431945538974952,1
714,0,2,10,2.1760812737163886,1192,11,0.8884502877862838,1
696,0,2,10,2.335240832815272,1343,11,0.9431945538974952,1
755,0,2,10,2.585917138396012,1159,11,0.8884502877862838,1
849,0,2,10,2.689370851810286,1177,11,0.9431945538974952,1
463,0,2,10,1.933362946090592,1118,11,0.8884502877862838,1
614,0,2,10,2.3909466784998803,1138,11,0.9431945538974952,1
823,0,2,10,2.375030722589992,1176,11,0.8884502877862838,1
686,0,2,10,2.685391862832814,1102,11,0.9431945538974952,1
658,0,2,10,2.414820612364713,1198,11,0.8884502877862838,1
761,0,2,10,2.689370851810286,1194,11,0.8884502877862838,1
665,0,2,10,2.784866587269616,1257,11,0.9431945538974952,1
660,0,2,10,1.7344134972169882,1075,11,0.9431945538974952,1
612,0,2,10,2.35115678872516,1159,11,0.8884502877862838,1
698,0,2,10,2.1840392516713325,1166,11,0.9431945538974952,1
919,0,2,10,2.979837047165748,1281,11,0.8884502877862838,1
789,0,2,10,1.9731528358653128,1050,11,0.8884502877862838,1
672,0,2,10,2.4506315131619614,1201,11,0.8884502877862838,1
720,0,2,10,3.1429755952421026,1328,11,0.9431945538974952,1
644,0,2,10,2.959942102278387,1191,11,0.9431945538974952,1
882,0,2,10,2.7092657966976463,1308,11,0.9431945538974952,1
724,0,2,10,2.04477463745981,1176,11,0.8884502877862838,1
853,0,2,10,3.274282231498681,1276,11,0.9431945538974952,1
810,0,2,10,2.9718790692108032,1311,11,0.9431945538974952,1
897,0,2,10,2.784866587269616,1314,11,0.8884502877862838,1
802,0,2,10,2.7729296203372,1256,11,0.9431945538974952,1
699,0,2,10,3.56076943787667,1310,11,0.9431945538974952,1
734,0,2,10,2.1760812737163886,1083,11,0.9431945538974952,1
789,0,2,10,2.470526458049322,1153,11,0.8884502877862838,1
806,0,2,10,2.470526458049322,1242,11,0.9431945538974952,1
700,0,2,10,2.35115678872516,1121,11,0.8884502877862838,1
549,0,2,10,2.2238291414460534,980,11,0.9431945538974952,1
796,0,2,10,2.951984124323443,1433,11,0.8884502877862838,1
693,0,2,10,3.00371098103058,1356,11,0.9431945538974952,1
697,0,2,10,2.94800513534597,1250,11,0.9431945538974952,1
760,0,2,10,2.550106237598764,1181,11,0.9431945538974952,1
679,0,2,10,2.3829887005449364,1138,11,0.9431945538974952,1
867,0,2,10,2.896278278638834,1351,11,0.8884502877862838,1
718,0,2,10,3.1310386283096863,1323,11,0.9431945538974952,1
731,0,2,10,2.577959160441068,1148,11,0.8884502877862838,1
754,0,2,10,2.7729296203372,1234,11,0.8884502877862838,1
720,0,2,10,2.526232303733931,1141,11,0.8884502877862838,1
643,0,2,10,2.8644463668190574,1170,11,0.8884502877862838,1
721,0,2,10,2.566022193508652,1159,11,0.8884502877862838,1
747,0,2,10,3.0275849148954124,1281,11,0.9431945538974952,1
782,0,2,10,3.0912487385349654,1308,11,0.8884502877862838,1
680,0,2,10,2.577959160441068,1171,11,0.9431945538974952,1
681,0,2,10,3.0236059259179404,1288,11,0.9431945538974952,1
703,0,2,10,3.226534363769016,1290,11,0.8884502877862838,1
717,0,2,10,2.251682064288358,1120,11,0.9431945538974952,1
726,0,2,10,2.967900080233332,1235,11,0.9431945538974952,1
731,0,2,10,2.339219821792744,1079,11,0.9431945538974952,1
709,0,2,10,2.4506315131619614,1249,11,0.9431945538974952,1
856,0,2,10,2.8684253557965294,1320,11,0.9431945538974952,1
665,0,2,10,2.180060262693861,1188,11,0.8884502877862838,1
803,0,2,10,2.832614454999281,1308,11,0.8884502877862838,1
650,0,2,10,2.6257070281707326,1256,11,0.9431945538974952,1
701,0,2,10,2.291471954063079,1054,11,0.9431945538974952,1
693,0,2,10,2.136291383941668,1080,11,0.8884502877862838,1
736,0,2,10,2.56204320453118,1170,11,0.8884502877862838,1
634,0,2,10,2.669475906922925,1133,11,0.9431945538974952,1
713,0,2,10,3.2504082976338484,1380,11,0.8884502877862838,1
747,0,2,10,2.776908609314672,1292,11,0.8884502877862838,1
528,0,2,10,2.442673535207017,1160,11,0.9431945538974952,1
687,0,2,10,2.032837670527394,1152,11,0.8884502877862838,1
794,0,2,10,2.784866587269616,1270,11,0.9431945538974952,1
529,0,2,10,1.722476530284572,1044,11,0.8884502877862838,1
744,0,2,10,2.955963113300915,1271,11,0.9431945538974952,1
693,0,2,10,2.434715557252073,1155,11,0.8884502877862838,1
506,0,2,10,1.937341935068064,965,11,0.9431945538974952,1
702,0,2,10,2.776908609314672,1215,11,0.9431945538974952,1
700,0,2,10,2.5421482596438194,1268,11,0.8884502877862838,1
778,0,2,10,2.685391862832814,1395,11,0.9431945538974952,1
655,0,2,10,2.3829887005449364,1183,11,0.8884502877862838,1
631,0,2,10,2.406862634409769,1186,11,0.8884502877862838,1
390,0,2,10,1.1693970624159538,1043,11,0.9431945538974952,1
690,0,2,10,2.7172237746525907,1284,11,0.9431945538974952,1
820,0,2,10,3.075332782625077,1332,11,0.9431945538974952,1
819,0,2,10,2.780887598292144,1278,11,0.8884502877862838,1
631,0,2,10,2.37105173361252,1037,11,0.9431945538974952,1
748,0,2,10,2.4904214029366822,1127,11,0.9431945538974952,1
613,0,2,10,2.6615179289679816,1167,11,0.8884502877862838,1
790,0,2,10,3.3538620110481223,1344,11,0.9431945538974952,1
844,0,2,10,2.2317871194009977,1180,11,0.8884502877862838,1
608,0,2,10,1.993047780752673,934,11,0.9431945538974952,1
509,0,2,10,1.503632136523608,959,11,0.9431945538974952,1
817,0,2,10,2.653559951013037,1292,11,0.8884502877862838,1
794,0,2,10,2.689370851810286,1284,11,0.9431945538974952,1
634,0,2,10,2.530211292711403,1284,11,0.8884502877862838,1
618,0,2,10,2.936068168413555,1179,11,0.9431945538974952,1
732,0,2,10,3.075332782625077,1261,11,0.9431945538974952,1
646,0,2,10,2.319324876905384,1245,11,0.8884502877862838,1
626,0,2,10,2.2755559981531905,1205,11,0.9431945538974952,1
826,0,2,10,2.546127248621292,1144,11,0.8884502877862838,1
669,0,2,10,2.67743388487787,1289,11,0.9431945538974952,1
669,0,2,10,2.526232303733931,1131,11,0.9431945538974952,1
631,0,2,10,2.69732882976523,1350,11,0.8884502877862838,1
813,0,2,10,2.9320891794360824,1419,11,0.8884502877862838,1
677,0,2,10,2.5421482596438194,1142,11,0.8884502877862838,1
742,0,2,10,2.5063373588465705,1201,11,0.8884502877862838,1
680,0,2,10,2.518274325778987,1143,11,0.9431945538974952,1
587,0,2,10,1.9970267697301447,1066,11,0.8884502877862838,1
866,0,2,10,2.800782543179504,1274,11,0.8884502877862838,1
722,0,2,10,2.685391862832814,1179,11,0.8884502877862838,1
632,0,2,10,2.637643995103149,1214,11,0.9431945538974952,1
599,0,2,10,2.188018240648805,1144,11,0.8884502877862838,1
771,0,2,10,2.7689506313597274,1220,11,0.8884502877862838,1
616,0,2,10,2.4824634249817383,1113,11,0.9431945538974952,1
632,0,2,10,2.530211292711403,1110,11,0.9431945538974952,1
756,0,2,10,3.007689970008052,1262,11,0.8884502877862838,1
835,0,2,10,2.669475906922925,1257,11,0.9431945538974952,1
618,0,2,10,2.092522505189475,1183,11,0.9431945538974952,1
583,0,2,10,2.733139730562479,1216,11,0.8884502877862838,1
647,0,2,10,2.550106237598764,1149,11,0.9431945538974952,1
765,0,2,10,2.112417450076835,1213,11,0.8884502877862838,1
654,0,2,10,2.112417450076835,1182,11,0.9431945538974952,1
742,0,2,10,2.7132447856751183,1245,11,0.9431945538974952,1
575,0,2,10,1.989068791775201,1129,11,0.9431945538974952,1
693,0,2,10,2.538169270666347,1137,11,0.8884502877862838,1
740,0,2,10,2.2357661083784697,1166,11,0.8884502877862838,1
720,0,2,10,2.96392109125586,1199,11,0.9431945538974952,1
792,0,2,10,2.426757579297129,1214,11,0.9431945538974952,1
785,0,2,10,3.007689970008052,1210,11,0.9431945538974952,1
713,0,2,10,2.4904214029366822,1064,11,0.9431945538974952,1
801,0,2,10,2.689370851810286,1342,11,0.8884502877862838,1
543,0,2,10,1.7304345082395165,1095,11,0.9431945538974952,1
767,0,2,10,3.1867444739942954,1286,11,0.9431945538974952,1
801,0,2,10,2.5421482596438194,1277,11,0.8884502877862838,1
839,0,2,10,2.4028836454322966,1121,11,0.8884502877862838,1
684,0,2,10,2.5023583698690985,1166,11,0.9431945538974952,1
524,0,2,10,1.8736781114285108,958,11,0.9431945538974952,1
756,0,2,10,2.566022193508652,1100,11,0.9431945538974952,1
638,0,2,10,2.9400471573910267,1228,11,0.9431945538974952,1
693,0,2,10,3.055437837737717,1238,11,0.9431945538974952,1
767,0,2,10,2.81271951011192,1312,11,0.9431945538974952,1
719,0,2,10,2.6495809620355653,1236,11,0.9431945538974952,1
538,0,2,10,2.3909466784998803,1146,11,0.9431945538974952,1
723,0,2,10,2.7251817526075346,1233,11,0.8884502877862838,1
685,0,2,10,2.546127248621292,1182,11,0.9431945538974952,1
918,0,2,10,3.2424503196789045,1330,11,0.9431945538974952,1
823,0,2,10,2.8883203006838896,1345,11,0.9431945538974952,1
766,0,2,10,2.669475906922925,1137,11,0.9431945538974952,1
588,0,2,10,2.410841623387241,1277,11,0.8884502877862838,1
665,0,2,10,2.4585894911169057,1183,11,0.9431945538974952,1
692,0,2,10,2.7052868077201744,1253,11,0.9431945538974952,1
629,0,2,10,2.780887598292144,1239,11,0.8884502877862838,1
591,0,2,10,2.104459472121891,1094,11,0.8884502877862838,1
691,0,2,10,2.438694546229545,1118,11,0.9431945538974952,1
757,0,2,10,2.577959160441068,1230,11,0.8884502877862838,1
707,0,2,10,2.438694546229545,1167,11,0.9431945538974952,1
731,0,2,10,2.570001182486124,1362,11,0.8884502877862838,1
688,0,2,10,2.3909466784998803,1120,11,0.8884502877862838,1
612,0,2,10,2.474505447026794,1054,11,0.8884502877862838,1
744,0,2,10,2.526232303733931,1310,11,0.8884502877862838,1
734,0,2,10,2.355135777702632,1184,11,0.8884502877862838,1
742,0,2,10,2.327282854860328,1110,11,0.9431945538974952,1
669,0,2,10,1.893573056315872,1136,11,0.9431945538974952,1
799,0,2,10,3.1031857054673817,1293,11,0.9431945538974952,1
697,0,2,10,2.2198501524685814,1127,11,0.8884502877862838,1
637,0,2,10,2.434715557252073,1187,11,0.9431945538974952,1
506,1,2,10,2.6495809620355653,1090,6,0.8884502877862838,0
445,1,2,10,2.036816659504866,1005,11,0.9431945538974952,0
539,6,2,10,2.3431988107702155,1238,6,0.9431945538974952,0
398,1,2,10,2.2636190312207742,1127,11,0.8884502877862838,0
612,6,2,10,2.474505447026794,1264,11,0.8884502877862838,0
570,6,2,10,2.5063373588465705,1153,6,0.8884502877862838,0
580,6,2,10,2.780887598292144,1271,11,0.8884502877862838,0
639,1,2,10,3.536895504011838,1279,6,0.8884502877862838,0
586,6,2,10,2.832614454999281,1307,6,0.9431945538974952,0
593,1,2,10,2.7251817526075346,1228,6,0.9431945538974952,0
458,1,2,10,1.9970267697301447,1049,6,0.8884502877862838,0
579,1,2,10,2.788845576247088,1265,11,0.9431945538974952,0
598,1,2,10,2.892299289661362,1404,6,0.9431945538974952,0
649,1,2,10,2.7450766974948952,1249,11,0.9431945538974952,0
497,1,2,10,2.0049847476850893,1074,6,0.9431945538974952,0
574,6,2,10,2.474505447026794,1196,11,0.8884502877862838,0
535,6,2,10,2.3790097115674644,1235,11,0.9431945538974952,0
519,1,2,10,2.589896127373484,1173,6,0.9431945538974952,0
570,6,2,10,2.8644463668190574,1279,11,0.9431945538974952,0
548,1,2,10,2.669475906922925,1275,11,0.8884502877862838,0
593,6,2,10,2.0606905933696984,1120,6,0.9431945538974952,0
626,6,2,10,2.6814128738553418,1208,11,0.8884502877862838,0
619,1,2,10,2.478484436004266,1248,11,0.9431945538974952,0
705,6,2,10,2.912194234548722,1276,6,0.8884502877862838,0
485,1,2,10,1.6031068609604098,1082,6,0.8884502877862838,0
576,6,2,10,2.8246564770443365,1320,11,0.9431945538974952,0
592,1,2,10,2.741097708517423,1176,6,0.9431945538974952,0
595,1,2,10,2.474505447026794,1270,11,0.9431945538974952,0
529,6,2,10,2.2954509430405508,1142,6,0.8884502877862838,0
595,1,2,10,2.776908609314672,1271,6,0.8884502877862838,0
521,1,2,10,2.9241312014811385,1246,6,0.8884502877862838,0
544,6,2,10,2.2317871194009977,1179,6,0.8884502877862838,0
467,6,2,10,2.534190281688875,1231,11,0.9431945538974952,0
499,6,2,10,2.669475906922925,1166,6,0.9431945538974952,0
364,1,2,10,2.518274325778987,1148,11,0.9431945538974952,0
537,1,2,10,1.770224398014237,978,6,0.8884502877862838,0
578,1,2,10,2.4983793808916266,1230,11,0.9431945538974952,0
478,6,2,10,1.941320924045536,1089,6,0.8884502877862838,0
693,1,2,10,3.154912562174519,1258,6,0.9431945538974952,0
631,6,2,10,2.665496917945453,1266,6,0.9431945538974952,0
635,1,2,10,2.721202763630062,1163,6,0.9431945538974952,0
486,1,2,10,1.8975520452933432,1055,11,0.8884502877862838,0
449,6,2,10,2.215871163491109,1168,11,0.8884502877862838,0
614,1,2,10,3.174807507061879,1287,6,0.8884502877862838,0
548,6,2,10,3.111143683422326,1319,6,0.8884502877862838,0
556,1,2,10,2.832614454999281,1286,11,0.8884502877862838,0
537,6,2,10,2.1999552075812208,1100,6,0.8884502877862838,0
649,6,2,10,2.550106237598764,1245,6,0.9431945538974952,0
456,6,2,10,1.7543084421043489,1043,6,0.9431945538974952,0
676,6,2,10,2.6018330943059005,1208,11,0.8884502877862838,0
609,1,2,10,1.9492789020004804,1054,11,0.8884502877862838,0
573,6,2,10,2.721202763630062,1224,11,0.8884502877862838,0
544,1,2,10,2.7609926534047835,1264,6,0.8884502877862838,0
642,1,2,10,2.669475906922925,1210,6,0.9431945538974952,0
465,1,2,10,2.434715557252073,1202,6,0.8884502877862838,0
589,6,2,10,2.848530410909169,1292,11,0.9431945538974952,0
557,1,2,10,2.5421482596438194,1188,6,0.8884502877862838,0
623,1,2,10,2.7013078187427024,1148,6,0.8884502877862838,0
664,6,2,10,2.753034675449839,1212,11,0.8884502877862838,0
493,6,2,10,2.6058120832833724,1192,6,0.8884502877862838,0
533,1,2,10,2.81271951011192,1169,6,0.8884502877862838,0
442,1,2,10,2.311366898950439,1127,11,0.9431945538974952,0
616,6,2,10,2.69732882976523,1228,11,0.8884502877862838,0
617,6,2,10,2.8445514219316967,1360,6,0.9431945538974952,0
607,6,2,10,2.570001182486124,1215,11,0.8884502877862838,0
515,6,2,10,2.653559951013037,1260,11,0.8884502877862838,0
510,6,2,10,2.6097910722608444,1234,11,0.9431945538974952,0
585,6,2,10,2.3790097115674644,1095,11,0.8884502877862838,0
533,1,2,10,2.1840392516713325,1110,11,0.9431945538974952,0
670,6,2,10,2.653559951013037,1329,6,0.9431945538974952,0
595,1,2,10,2.56204320453118,1267,11,0.9431945538974952,0
487,6,2,10,2.4028836454322966,1125,11,0.8884502877862838,0
590,6,2,10,2.570001182486124,1159,11,0.8884502877862838,0
589,6,2,10,2.6257070281707326,1325,11,0.8884502877862838,0
532,1,2,10,2.2755559981531905,1246,6,0.8884502877862838,0
554,1,2,10,2.104459472121891,1133,6,0.8884502877862838,0
565,6,2,10,2.6456019730580933,1359,11,0.9431945538974952,0
545,1,2,10,2.3829887005449364,1178,11,0.8884502877862838,0
394,1,2,10,2.2397450973559416,1170,6,0.8884502877862838,0
493,6,2,10,2.315345887927911,1046,11,0.9431945538974952,0
590,6,2,10,3.19470245194924,1341,6,0.9431945538974952,0
596,6,2,10,2.8206774880668646,1189,6,0.9431945538974952,0
601,1,2,10,2.7092657966976463,1227,6,0.9431945538974952,0
631,1,2,10,2.4904214029366822,1115,6,0.8884502877862838,0
638,6,2,10,3.015647947962996,1303,6,0.9431945538974952,0
438,1,2,10,2.2795349871306625,1091,6,0.8884502877862838,0
530,6,2,10,2.211892174513637,1081,11,0.9431945538974952,0
497,6,2,10,2.4983793808916266,1174,11,0.8884502877862838,0
489,1,2,10,1.865720133473567,1075,6,0.9431945538974952,0
654,1,2,10,2.3471777997476875,1142,6,0.8884502877862838,0
724,6,2,10,3.5249585370794216,1422,11,0.8884502877862838,0
548,6,2,10,2.271577009175718,1185,6,0.9431945538974952,0
601,1,2,10,2.470526458049322,1235,11,0.8884502877862838,0
519,6,2,10,2.5421482596438194,1208,11,0.8884502877862838,0
522,1,2,10,3.067374804670133,1276,11,0.8884502877862838,0
612,6,2,10,2.25566105326583,1175,11,0.8884502877862838,0
548,1,2,10,2.410841623387241,1295,6,0.9431945538974952,0
557,1,2,10,2.1163964390543075,1183,11,0.9431945538974952,0
676,1,2,10,2.8246564770443365,1291,11,0.8884502877862838,0
537,1,2,10,2.0766065492795867,1202,11,0.9431945538974952,0
541,1,2,10,2.008963736662561,1095,6,0.9431945538974952,0
629,1,2,10,2.9241312014811385,1223,11,0.8884502877862838,0
584,1,2,10,2.6018330943059005,1202,6,0.9431945538974952,0
539,6,2,10,2.1601653178065003,1054,11,0.8884502877862838,0
492,1,2,10,2.6495809620355653,1141,11,0.9431945538974952,0
552,6,2,10,1.9492789020004804,1117,6,0.8884502877862838,0
590,1,2,10,2.5222533147564588,1265,6,0.9431945538974952,0
549,1,2,10,2.152207339851556,1130,6,0.8884502877862838,0
516,6,2,10,2.6217280391932607,1200,6,0.9431945538974952,0
600,6,2,10,2.418799601342185,1186,6,0.8884502877862838,0
516,1,2,10,2.546127248621292,1136,6,0.8884502877862838,0
693,6,2,10,3.075332782625077,1246,6,0.8884502877862838,0
616,6,2,10,2.967900080233332,1166,6,0.8884502877862838,0
596,1,2,10,2.6177490502157887,1233,6,0.9431945538974952,0
534,1,2,10,2.3869676895224083,1283,11,0.8884502877862838,0
694,6,2,10,2.58193814941854,1301,11,0.9431945538974952,0
458,1,2,10,2.335240832815272,1133,6,0.8884502877862838,0
599,1,2,10,2.414820612364713,1154,11,0.8884502877862838,0
557,6,2,10,2.570001182486124,1200,11,0.9431945538974952,0
602,6,2,10,2.494400391914154,1193,11,0.8884502877862838,0
588,1,2,10,2.168123295761444,1228,11,0.8884502877862838,0
626,6,2,10,3.162870540129463,1349,6,0.8884502877862838,0
398,6,2,10,2.538169270666347,1175,11,0.9431945538974952,0
463,6,2,10,2.112417450076835,1147,11,0.8884502877862838,0
514,1,2,10,2.526232303733931,1150,6,0.8884502877862838,0
547,1,2,10,2.291471954063079,1151,6,0.9431945538974952,0
541,1,2,10,2.665496917945453,1144,6,0.9431945538974952,0
539,1,2,10,2.251682064288358,1257,11,0.9431945538974952,0
512,6,2,10,2.6097910722608444,1197,6,0.9431945538974952,0
576,1,2,10,2.6615179289679816,1307,6,0.8884502877862838,0
499,6,2,10,2.741097708517423,1250,6,0.8884502877862838,0
555,1,2,10,2.1203754280317795,1190,11,0.8884502877862838,0
614,6,2,10,2.7729296203372,1304,6,0.8884502877862838,0
561,6,2,10,2.478484436004266,1250,11,0.9431945538974952,0
573,6,2,10,2.092522505189475,1137,11,0.9431945538974952,0
469,1,2,10,2.2397450973559416,1100,11,0.8884502877862838,0
580,6,2,10,3.0395218818278287,1226,11,0.8884502877862838,0
666,6,2,10,3.115122672399798,1345,11,0.9431945538974952,0
518,1,2,10,2.613770061238317,1225,6,0.8884502877862838,0
632,6,2,10,2.848530410909169,1248,11,0.9431945538974952,0
481,6,2,10,1.8458251885862065,1103,11,0.9431945538974952,0
578,6,2,10,2.4983793808916266,1242,11,0.9431945538974952,0
611,1,2,10,2.414820612364713,1117,11,0.8884502877862838,0
668,6,2,10,2.9201522125036665,1302,6,0.8884502877862838,0
489,6,2,10,2.0766065492795867,1189,6,0.9431945538974952,0
565,6,2,10,2.975858058188275,1138,6,0.9431945538974952,0
567,6,2,10,2.323303865882856,1141,6,0.8884502877862838,0
640,6,2,10,2.58193814941854,1172,6,0.9431945538974952,0
512,1,2,10,2.2317871194009977,1108,11,0.9431945538974952,0
492,1,2,10,2.7689506313597274,1158,11,0.9431945538974952,0
560,6,2,10,2.4824634249817383,1150,11,0.9431945538974952,0
499,1,2,10,2.1601653178065003,1159,11,0.8884502877862838,0
532,6,2,10,2.526232303733931,1301,11,0.8884502877862838,0
565,1,2,10,2.048753626437282,1085,11,0.9431945538974952,0
731,6,2,10,2.8286354660218085,1298,6,0.8884502877862838,0
567,1,2,10,2.375030722589992,1165,6,0.8884502877862838,0
595,1,2,10,2.426757579297129,1169,6,0.9431945538974952,0
586,6,2,10,2.2317871194009977,1088,11,0.9431945538974952,0
434,6,2,10,2.7092657966976463,1212,11,0.8884502877862838,0
456,6,2,10,2.478484436004266,1211,11,0.9431945538974952,0
568,6,2,10,2.816698499089392,1249,6,0.8884502877862838,0
600,1,2,10,2.5222533147564588,1104,6,0.9431945538974952,0
549,6,2,10,2.434715557252073,1210,6,0.9431945538974952,0
485,6,2,10,2.267598020198246,1152,6,0.8884502877862838,0
421,6,2,10,2.0129427256400336,1053,6,0.8884502877862838,0
650,6,2,10,2.653559951013037,1211,11,0.8884502877862838,0
544,1,2,10,2.0129427256400336,1141,6,0.8884502877862838,0
548,1,2,10,2.494400391914154,1164,6,0.8884502877862838,0
702,6,2,10,2.67743388487787,1288,11,0.8884502877862838,0
467,1,2,10,2.028858681549922,993,6,0.8884502877862838,0
596,1,2,10,2.737118719539951,1244,11,0.8884502877862838,0
551,6,2,10,2.112417450076835,1153,11,0.9431945538974952,0
417,6,2,10,1.9532578909779523,1001,11,0.9431945538974952,0
591,6,2,10,2.665496917945453,1220,6,0.9431945538974952,0
487,6,2,10,2.2954509430405508,1216,11,0.9431945538974952,0
502,1,2,10,2.721202763630062,1205,11,0.8884502877862838,0
616,6,2,10,2.685391862832814,1201,11,0.9431945538974952,0
566,1,2,10,3.230513352746488,1320,11,0.9431945538974952,0
606,6,2,10,2.6177490502157887,1193,6,0.9431945538974952,0
534,6,2,10,2.152207339851556,1019,11,0.9431945538974952,0
687,1,2,10,3.0992067164899098,1381,11,0.9431945538974952,0
525,1,2,10,2.665496917945453,1261,6,0.9431945538974952,0
605,1,2,10,2.669475906922925,1276,6,0.9431945538974952,0
599,6,2,10,2.8763833337514737,1202,11,0.8884502877862838,0
486,1,2,10,2.4824634249817383,1189,11,0.8884502877862838,0
499,1,2,10,2.665496917945453,1204,6,0.9431945538974952,0
660,1,2,10,2.665496917945453,1196,6,0.9431945538974952,0
580,6,2,10,2.5063373588465705,1125,11,0.9431945538974952,0
576,6,2,10,2.4585894911169057,1233,11,0.9431945538974952,0
479,1,2,10,2.3034089209954947,1144,6,0.9431945538974952,0
533,6,2,10,2.331261843837799,1258,11,0.8884502877862838,0
623,1,2,10,2.840572432954225,1246,6,0.8884502877862838,0
667,6,2,10,2.58193814941854,1162,6,0.8884502877862838,0
466,6,2,10,2.442673535207017,986,6,0.8884502877862838,0
638,1,2,10,2.721202763630062,1279,6,0.8884502877862838,0
383,1,2,10,1.877657100405983,1066,6,0.9431945538974952,0
562,6,2,10,2.629686017148205,1215,6,0.8884502877862838,0
540,6,2,10,2.406862634409769,1103,6,0.9431945538974952,0
612,1,2,10,2.6217280391932607,1217,6,0.9431945538974952,0
572,1,2,10,3.067374804670133,1189,6,0.8884502877862838,0
598,6,2,10,2.7013078187427024,1286,11,0.8884502877862838,0
555,1,2,10,2.2317871194009977,1148,6,0.8884502877862838,0
497,6,2,10,2.335240832815272,1109,11,0.9431945538974952,0
507,1,2,10,2.363093755657576,1038,6,0.9431945538974952,0
506,1,2,10,2.570001182486124,1185,6,0.8884502877862838,0
613,6,2,10,2.494400391914154,1215,6,0.8884502877862838,0
526,1,2,10,2.56204320453118,1217,6,0.8884502877862838,0
549,6,2,10,2.593875116350956,1196,11,0.8884502877862838,0
585,6,2,10,2.359114766680104,1178,6,0.9431945538974952,0
575,6,2,10,2.955963113300915,1305,11,0.9431945538974952,0
597,1,2,10,2.3949256674773527,1201,11,0.9431945538974952,0
557,1,2,10,2.37105173361252,1177,11,0.8884502877862838,0
598,1,2,10,2.37105173361252,1209,6,0.9431945538974952,0
612,1,2,10,1.9691738468878408,1131,11,0.9431945538974952,0
643,1,2,10,2.410841623387241,1303,11,0.8884502877862838,0
591,1,2,10,2.339219821792744,1170,11,0.8884502877862838,0
629,6,2,10,3.055437837737717,1238,6,0.8884502877862838,0
606,6,2,10,2.5063373588465705,1151,11,0.9431945538974952,0
517,6,2,10,2.024879692572449,1119,11,0.8884502877862838,0
495,6,2,10,2.271577009175718,1078,6,0.9431945538974952,0
567,6,2,10,2.916173223526194,1256,11,0.9431945538974952,0
572,6,2,10,2.4585894911169057,1242,11,0.9431945538974952,0
555,6,2,10,2.315345887927911,998,6,0.8884502877862838,0
638,1,2,10,2.9877950251206915,1348,6,0.9431945538974952,0
512,1,2,10,3.0912487385349654,1338,11,0.9431945538974952,0
522,1,2,10,2.585917138396012,1186,11,0.9431945538974952,0
555,6,2,10,2.7092657966976463,1157,11,0.8884502877862838,0
426,6,2,10,1.5832119160730496,1069,11,0.8884502877862838,0
586,1,2,10,2.8246564770443365,1216,6,0.8884502877862838,0
524,1,2,10,2.637643995103149,1296,11,0.9431945538974952,0
521,1,2,10,2.363093755657576,1261,6,0.8884502877862838,0
505,1,2,10,2.144249361896612,1127,11,0.9431945538974952,0
576,1,2,10,2.0646695823471704,1192,6,0.8884502877862838,0
567,6,2,10,2.800782543179504,1176,6,0.8884502877862838,0
579,6,2,10,2.251682064288358,1076,11,0.8884502877862838,0
636,6,2,10,2.900257267616306,1226,11,0.9431945538974952,0
659,6,2,10,3.011668958985524,1361,6,0.8884502877862838,0
583,1,2,10,2.7450766974948952,1225,11,0.8884502877862838,0
584,6,2,10,2.589896127373484,1321,6,0.8884502877862838,0
577,6,2,10,1.8696991224510389,1133,11,0.8884502877862838,0
549,6,2,10,2.737118719539951,1235,11,0.9431945538974952,0
502,6,2,10,2.4625684800943777,1179,11,0.9431945538974952,0
544,6,2,10,2.518274325778987,1153,6,0.9431945538974952,0
560,6,2,10,3.162870540129463,1376,11,0.9431945538974952,0
479,6,2,10,2.6177490502157887,1113,6,0.8884502877862838,0
580,1,2,10,2.426757579297129,1201,6,0.9431945538974952,0
494,6,2,10,2.1601653178065003,1079,6,0.9431945538974952,0
525,1,2,10,2.550106237598764,1243,11,0.8884502877862838,0
401,6,2,10,1.993047780752673,1081,6,0.9431945538974952,0
479,6,2,10,1.766245409036765,967,6,0.8884502877862838,0
594,6,2,10,2.307387909972967,1098,6,0.9431945538974952,0
520,6,2,10,2.144249361896612,1150,6,0.8884502877862838,0
508,1,2,10,2.410841623387241,1182,6,0.9431945538974952,0
504,6,2,10,2.442673535207017,1199,6,0.8884502877862838,0
502,6,2,10,2.6217280391932607,1206,6,0.8884502877862838,0
602,1,2,10,2.56204320453118,1284,11,0.9431945538974952,0
512,1,2,10,2.414820612364713,1298,6,0.8884502877862838,0
663,1,2,10,2.999731992053108,1334,11,0.9431945538974952,0
643,1,2,10,2.585917138396012,1289,6,0.9431945538974952,0
593,1,2,10,2.195976218603749,1211,11,0.8884502877862838,0
612,1,2,10,2.2317871194009977,1172,11,0.9431945538974952,0
561,1,2,10,3.381714933890427,1467,11,0.9431945538974952,0
543,1,2,10,2.112417450076835,1153,6,0.9431945538974952,0
438,1,2,10,2.8047615321569763,1286,11,0.8884502877862838,0
605,1,2,10,2.3909466784998803,1090,11,0.8884502877862838,0
481,6,2,10,1.770224398014237,1036,11,0.9431945538974952,0
535,6,2,10,2.67743388487787,1177,11,0.8884502877862838,0
574,1,2,10,2.2397450973559416,1172,6,0.9431945538974952,0
604,1,2,10,2.6257070281707326,1304,6,0.8884502877862838,0
630,1,2,10,3.154912562174519,1429,11,0.9431945538974952,0
651,1,2,10,2.593875116350956,1211,6,0.8884502877862838,0
657,1,2,10,3.3260090882058178,1344,6,0.8884502877862838,0
506,1,2,10,2.2636190312207742,1114,11,0.8884502877862838,0
588,6,2,10,2.689370851810286,1309,6,0.9431945538974952,0
480,6,2,10,2.669475906922925,1138,11,0.9431945538974952,0
578,1,2,10,2.67743388487787,1228,11,0.9431945538974952,0
593,6,2,10,2.8763833337514737,1266,11,0.9431945538974952,0
561,1,2,10,2.37105173361252,1162,11,0.9431945538974952,0
534,6,2,10,2.2755559981531905,1180,6,0.9431945538974952,0
677,6,2,10,2.856488388864113,1287,6,0.9431945538974952,0
569,6,2,10,2.4585894911169057,1202,11,0.9431945538974952,0
574,1,2,10,2.1243544170092514,1171,11,0.8884502877862838,0
577,1,2,10,2.4546105021394338,1232,11,0.8884502877862838,0
570,6,2,10,2.8763833337514737,1265,6,0.9431945538974952,0
449,6,2,10,2.2795349871306625,1041,6,0.9431945538974952,0
575,1,2,10,2.363093755657576,1180,6,0.8884502877862838,0
585,1,2,10,2.478484436004266,1273,6,0.9431945538974952,0
579,6,2,10,2.2874929650856064,1185,11,0.8884502877862838,0
499,6,2,10,2.4824634249817383,1145,11,0.9431945538974952,0
656,6,2,10,2.478484436004266,1163,6,0.8884502877862838,0
494,1,2,10,2.1840392516713325,1232,6,0.9431945538974952,0
546,1,2,10,2.442673535207017,1163,11,0.8884502877862838,0
447,6,2,10,2.3869676895224083,1156,6,0.8884502877862838,0
603,1,2,10,2.955963113300915,1220,11,0.8884502877862838,0
369,1,2,10,2.323303865882856,1081,11,0.9431945538974952,0
416,1,2,10,1.8975520452933432,1050,6,0.9431945538974952,0
588,6,2,10,2.526232303733931,1234,6,0.9431945538974952,0
553,6,2,10,2.136291383941668,1203,11,0.9431945538974952,0
686,1,2,10,2.741097708517423,1212,6,0.8884502877862838,0
541,1,2,10,2.6177490502157887,1245,6,0.8884502877862838,0
539,1,2,10,2.406862634409769,1083,11,0.8884502877862838,0
469,1,2,10,2.148228350874084,1080,11,0.8884502877862838,0
465,1,2,10,2.315345887927911,1147,11,0.8884502877862838,0
575,1,2,10,2.430736568274601,1197,11,0.9431945538974952,0
605,1,2,10,1.8537831665411504,1103,6,0.8884502877862838,0
661,1,2,10,2.7092657966976463,1237,11,0.9431945538974952,0
556,1,2,10,2.3829887005449364,1076,11,0.8884502877862838,0
682,6,2,10,3.059416826715189,1354,11,0.9431945538974952,0
577,1,2,10,1.901531034270816,1111,6,0.8884502877862838,0
630,6,2,10,2.979837047165748,1347,11,0.8884502877862838,0
534,1,2,10,2.168123295761444,1192,11,0.8884502877862838,0
629,6,2,10,2.753034675449839,1268,6,0.9431945538974952,0
503,6,2,10,2.191997229626277,1014,6,0.8884502877862838,0
523,1,2,10,1.8736781114285108,1072,6,0.8884502877862838,0
510,6,2,10,1.9970267697301447,1113,11,0.9431945538974952,0
573,1,2,10,2.438694546229545,1218,6,0.8884502877862838,0
514,6,2,10,2.4625684800943777,1080,6,0.9431945538974952,0
601,1,2,10,2.56204320453118,1121,11,0.8884502877862838,0
567,1,2,10,2.410841623387241,1239,11,0.9431945538974952,0
530,1,2,10,2.0646695823471704,1024,6,0.8884502877862838,0
538,6,2,10,2.5421482596438194,1178,11,0.8884502877862838,0
599,6,2,10,2.414820612364713,1224,11,0.8884502877862838,0
682,6,2,10,2.8883203006838896,1224,11,0.8884502877862838,0
496,6,2,10,2.247703075310886,1219,11,0.8884502877862838,0
672,1,2,10,2.975858058188275,1445,6,0.8884502877862838,0
557,6,2,10,2.8206774880668646,1185,11,0.8884502877862838,0
564,1,2,10,2.3034089209954947,1116,6,0.9431945538974952,0
488,1,2,10,2.3034089209954947,1176,11,0.8884502877862838,0
412,6,2,10,1.9094890122257595,990,6,0.8884502877862838,0
475,1,2,10,2.494400391914154,1272,6,0.8884502877862838,0
565,1,2,10,2.6456019730580933,1213,6,0.9431945538974952,0
570,1,2,10,2.546127248621292,1215,6,0.8884502877862838,0
472,6,2,10,2.2238291414460534,1221,6,0.9431945538974952,0
605,6,2,10,2.6416229840806214,1286,6,0.8884502877862838,0
497,6,2,10,2.4585894911169057,1141,6,0.9431945538974952,0
677,6,2,10,2.9241312014811385,1279,6,0.9431945538974952,0
586,1,2,10,2.8206774880668646,1307,6,0.9431945538974952,0
481,6,2,10,2.7649716423822555,1133,6,0.9431945538974952,0
510,6,2,10,2.629686017148205,1244,11,0.9431945538974952,0
498,6,2,10,1.607085849937882,1052,11,0.9431945538974952,0
640,6,2,10,2.8246564770443365,1273,11,0.8884502877862838,0
583,1,2,10,3.0435008708053006,1327,6,0.8884502877862838,0
473,6,2,10,2.0766065492795867,1156,6,0.8884502877862838,0
504,6,2,10,2.442673535207017,1151,6,0.9431945538974952,0
443,1,2,10,1.7383924861944604,1082,11,0.9431945538974952,0
615,1,2,10,2.836593443976753,1255,11,0.8884502877862838,0
332,1,2,10,1.6389177617576585,873,11,0.9431945538974952,0
559,6,2,10,2.4466525241844894,1135,11,0.9431945538974952,0
607,1,2,10,2.7729296203372,1343,6,0.8884502877862838,0
569,1,2,10,2.168123295761444,1218,6,0.9431945538974952,0
540,6,2,10,2.7729296203372,1280,11,0.9431945538974952,0
727,6,2,10,2.951984124323443,1393,11,0.9431945538974952,0
554,6,2,10,2.3431988107702155,1146,6,0.9431945538974952,0
1493,6,2,10,1.3643675223120857,1541,11,0.9431945538974952,0
1575,6,2,10,2.096501494166947,1767,11,0.9431945538974952,0
1641,6,2,10,1.925404968135648,1756,11,0.9431945538974952,0
1464,6,2,10,1.396199434131862,1693,11,0.9431945538974952,0
1465,6,2,10,1.1574600954835377,1581,11,0.9431945538974952,0
1488,6,2,10,1.5951488830054656,1592,11,0.9431945538974952,0
1486,6,2,10,1.6986025964197395,1745,11,0.8884502877862838,0
1549,6,2,10,1.4001784231093342,1661,11,0.9431945538974952,0
1398,6,2,10,1.607085849937882,1765,11,0.8884502877862838,0
1492,6,2,10,1.4200733679966944,1714,11,0.9431945538974952,0
1360,6,2,10,1.2728507758302277,1651,11,0.9431945538974952,0
1704,6,2,10,2.0169217146175056,1773,11,0.8884502877862838,0
1334,6,2,10,1.4001784231093342,1643,11,0.9431945538974952,0
1531,6,2,10,2.0726275603021147,1817,11,0.8884502877862838,0
1154,6,2,10,0.9346367127451014,1425,11,0.8884502877862838,0
1517,6,2,10,1.4638422467488872,1722,11,0.8884502877862838,0
1526,6,2,10,1.611064838915354,1770,11,0.8884502877862838,0
1469,6,2,10,1.9651948579103689,1752,11,0.9431945538974952,0
1532,6,2,10,1.6826866405098513,1835,11,0.9431945538974952,0
1319,6,2,10,1.499653147546136,1640,11,0.8884502877862838,0
1434,6,2,10,1.837867210631262,1743,11,0.9431945538974952,0
1468,6,2,10,1.4598632577714152,1684,11,0.9431945538974952,0
1516,6,2,10,2.104459472121891,1958,11,0.9431945538974952,0
1538,6,2,10,1.5951488830054656,1782,11,0.8884502877862838,0
1584,6,2,10,1.6826866405098513,1709,11,0.9431945538974952,0
1350,6,2,10,1.1693970624159538,1718,11,0.8884502877862838,0
1441,6,2,10,1.607085849937882,1706,11,0.9431945538974952,0
1581,6,2,10,1.6866656294873237,1722,11,0.8884502877862838,0
1415,6,2,10,1.5235270814109685,1638,11,0.8884502877862838,0
1672,6,2,10,2.251682064288358,1784,11,0.8884502877862838,0
1512,6,2,10,1.499653147546136,1633,11,0.9431945538974952,0
1649,6,2,10,1.9970267697301447,1747,11,0.9431945538974952,0
1519,6,2,10,1.5314850593659124,1758,11,0.9431945538974952,0
1499,6,2,10,1.6906446184647954,1718,11,0.9431945538974952,0
1504,6,2,10,1.7582874310818206,1847,11,0.8884502877862838,0
1485,6,2,10,1.941320924045536,1833,11,0.8884502877862838,0
1444,6,2,10,1.770224398014237,1726,11,0.9431945538974952,0
1361,6,2,10,1.6349387727801863,1641,11,0.8884502877862838,0
1370,6,2,10,1.237039875032979,1591,11,0.8884502877862838,0
1475,6,2,10,1.611064838915354,1747,11,0.9431945538974952,0
1463,6,2,10,1.615043827892826,1699,11,0.8884502877862838,0
1540,6,2,10,1.5195480924334963,1698,11,0.8884502877862838,0
1454,6,2,10,2.1999552075812208,1906,11,0.9431945538974952,0
1449,6,2,10,1.559337982208217,1756,11,0.9431945538974952,0
1568,6,2,10,1.8736781114285108,1846,11,0.8884502877862838,0
1475,6,2,10,1.6031068609604098,1722,11,0.8884502877862838,0
1418,6,2,10,1.6309597838027143,1686,11,0.8884502877862838,0
1489,6,2,10,2.108438461099363,1816,11,0.8884502877862838,0
1491,6,2,10,1.451905279816471,1638,11,0.9431945538974952,0
1480,6,2,10,1.2290818970780348,1609,11,0.9431945538974952,0
1373,6,2,10,1.125628183663761,1686,11,0.9431945538974952,0
1572,6,2,10,1.678707651532379,1866,11,0.9431945538974952,0
1381,6,2,10,1.7065605743746837,1606,11,0.9431945538974952,0
1432,6,2,10,1.3683465112895574,1737,11,0.8884502877862838,0
1475,6,2,10,1.6031068609604098,1800,11,0.8884502877862838,0
1513,6,2,10,1.6031068609604098,1759,11,0.9431945538974952,0
1469,6,2,10,1.3205986435598926,1659,11,0.8884502877862838,0
1502,6,2,10,1.8418461996087343,1769,11,0.8884502877862838,0
1496,6,2,10,1.3842624671994457,1671,11,0.9431945538974952,0
1303,6,2,10,1.284787742762644,1668,11,0.8884502877862838,0
1515,6,2,10,1.607085849937882,1756,11,0.9431945538974952,0
1373,6,2,10,1.3564095443571411,1629,11,0.9431945538974952,0
1479,6,2,10,1.336514599469781,1658,11,0.8884502877862838,0
1416,6,2,10,1.2131659411681466,1653,11,0.8884502877862838,0
1443,6,2,10,1.0977752608214564,1593,11,0.9431945538974952,0
1606,6,2,10,1.6707496735774352,1645,11,0.9431945538974952,0
1369,6,2,10,1.658812706645019,1720,11,0.8884502877862838,0
1487,6,2,10,1.5951488830054656,1684,11,0.9431945538974952,0
1406,6,2,10,1.5832119160730496,1772,11,0.8884502877862838,0
1430,6,2,10,1.515569103456024,1758,11,0.9431945538974952,0
1476,6,2,10,1.2688717868527557,1716,11,0.9431945538974952,0
1574,6,2,10,1.503632136523608,1731,11,0.9431945538974952,0
1605,6,2,10,1.4757792136813035,1720,11,0.9431945538974952,0
1517,6,2,10,1.6986025964197395,1734,11,0.9431945538974952,0
1370,6,2,10,1.3285566215148368,1632,11,0.8884502877862838,0
1525,6,2,10,1.5235270814109685,1735,11,0.9431945538974952,0
1295,6,2,10,1.5235270814109685,1679,11,0.8884502877862838,0
1507,6,2,10,1.2211239191230907,1640,11,0.8884502877862838,0
1492,6,2,10,1.288766731740116,1652,11,0.8884502877862838,0
1375,6,2,10,1.4200733679966944,1670,11,0.9431945538974952,0
1316,6,2,10,1.455884268793943,1725,11,0.8884502877862838,0
1367,6,2,10,1.125628183663761,1519,11,0.8884502877862838,0
1310,6,2,10,1.1693970624159538,1640,11,0.9431945538974952,0
1425,6,2,10,1.3285566215148368,1585,11,0.8884502877862838,0
1236,6,2,10,1.0898172828665122,1564,11,0.9431945538974952,0
1377,6,2,10,1.607085849937882,1740,11,0.8884502877862838,0
1351,6,2,10,1.173376051393426,1716,11,0.8884502877862838,0
1482,6,2,10,1.5394430373208567,1714,11,0.9431945538974952,0
1547,6,2,10,1.6946236074422676,1638,11,0.8884502877862838,0
1508,6,2,10,1.3643675223120857,1660,11,0.8884502877862838,0
1510,6,2,10,1.770224398014237,1741,11,0.8884502877862838,0
1281,6,2,10,1.4399683128840548,1710,11,0.8884502877862838,0
1376,6,2,10,1.29672470969506,1653,11,0.9431945538974952,0
1379,6,2,10,1.6747286625549072,1693,11,0.9431945538974952,0
1372,6,2,10,1.0420694151368477,1656,11,0.8884502877862838,0
1481,6,2,10,1.921425979158176,1757,11,0.9431945538974952,0
1376,6,2,10,1.7025815853972115,1753,11,0.9431945538974952,0
1357,6,2,10,1.555358993230745,1705,11,0.8884502877862838,0
1583,6,2,10,1.933362946090592,1791,11,0.9431945538974952,0
1597,6,2,10,2.2238291414460534,1858,11,0.8884502877862838,0
1671,6,2,10,1.925404968135648,1675,11,0.9431945538974952,0
1519,6,2,10,1.989068791775201,1676,11,0.8884502877862838,0
1365,6,2,10,0.958510646609934,1517,11,0.9431945538974952,0
1491,6,2,10,1.3763044892445015,1633,11,0.8884502877862838,0
1553,6,2,10,1.9811108138202569,1779,11,0.8884502877862838,0
1414,6,2,10,1.5633169711856891,1742,11,0.9431945538974952,0
1390,6,2,10,1.2808087537851718,1673,11,0.9431945538974952,0
1446,6,2,10,1.3166196545824205,1690,11,0.8884502877862838,0
1576,6,2,10,1.770224398014237,1707,11,0.9431945538974952,0
1385,6,2,10,1.244997852987923,1732,11,0.8884502877862838,0
1569,6,2,10,2.2636190312207742,1843,11,0.9431945538974952,0
1536,6,2,10,1.5712749491406333,1704,11,0.9431945538974952,0
1525,6,2,10,1.817972265743902,1802,11,0.8884502877862838,0
1600,6,2,10,2.0129427256400336,1847,11,0.8884502877862838,0
1443,6,2,10,1.5513800042532728,1730,11,0.8884502877862838,0
1429,6,2,10,1.8060352988114856,1652,11,0.8884502877862838,0
1376,6,2,10,1.6389177617576585,1688,11,0.8884502877862838,0
1368,6,2,10,1.2768297648076998,1582,11,0.9431945538974952,0
1325,6,2,10,1.455884268793943,1705,11,0.8884502877862838,0
1495,6,2,10,1.6349387727801863,1658,11,0.8884502877862838,0
1350,6,2,10,1.3205986435598926,1638,11,0.8884502877862838,0
1539,6,2,10,1.9651948579103689,1798,11,0.9431945538974952,0
1519,6,2,10,1.6309597838027143,1755,11,0.9431945538974952,0
1534,6,2,10,1.5752539381181052,1756,11,0.8884502877862838,0
1433,6,2,10,1.567295960163161,1740,11,0.8884502877862838,0
1433,6,2,10,1.5871909050505215,1772,11,0.9431945538974952,0
1321,6,2,10,1.3325356104923087,1491,11,0.9431945538974952,0
1390,6,2,10,1.4160943790192224,1712,11,0.8884502877862838,0
1533,6,2,10,1.5832119160730496,1708,11,0.8884502877862838,0
1422,6,2,10,1.4638422467488872,1691,11,0.8884502877862838,0
1444,6,2,10,1.5474010152758009,1528,11,0.8884502877862838,0
1378,6,2,10,1.4598632577714152,1727,11,0.8884502877862838,0
1340,6,2,10,1.3842624671994457,1744,11,0.9431945538974952,0
1352,6,2,10,1.5832119160730496,1671,11,0.9431945538974952,0
1535,6,2,10,1.7184975413071,1675,11,0.9431945538974952,0
1348,6,2,10,1.4678212357263594,1695,11,0.9431945538974952,0
1508,6,2,10,1.443947301861527,1727,11,0.9431945538974952,0
1626,6,2,10,1.5991278719829378,1740,11,0.9431945538974952,0
1598,6,2,10,1.4121153900417502,1801,11,0.8884502877862838,0
1406,6,2,10,1.5275060703884404,1659,11,0.9431945538974952,0
1335,6,2,10,1.2290818970780348,1638,11,0.8884502877862838,0
1405,6,2,10,1.4877161806137198,1633,11,0.9431945538974952,0
1516,6,2,10,1.7821613649466532,1743,11,0.8884502877862838,0
1507,6,2,10,1.7463504641494043,1742,11,0.8884502877862838,0
1437,6,2,10,1.666770684599963,1755,11,0.9431945538974952,0
1430,6,2,10,1.4757792136813035,1654,11,0.9431945538974952,0
1527,6,2,10,1.7821613649466532,1747,11,0.8884502877862838,0
1511,6,2,10,1.8498041775636784,1747,11,0.8884502877862838,0
1392,6,2,10,1.451905279816471,1747,11,0.9431945538974952,0
1554,6,2,10,1.722476530284572,1758,11,0.9431945538974952,0
1432,6,2,10,1.3763044892445015,1659,11,0.8884502877862838,0
1571,6,2,10,1.7423714751719324,1801,11,0.9431945538974952,0
1537,6,2,10,1.837867210631262,1751,11,0.8884502877862838,0
1391,6,2,10,1.3484515664021972,1736,11,0.9431945538974952,0
1216,6,2,10,1.0301324482044312,1567,11,0.8884502877862838,0
1486,6,2,10,1.615043827892826,1669,11,0.8884502877862838,0
1521,6,2,10,1.7622664200592928,1898,11,0.9431945538974952,0
1492,6,2,10,1.1614390844610096,1605,11,0.8884502877862838,0
1481,6,2,10,1.50761112550108,1763,11,0.8884502877862838,0
1458,6,2,10,2.2437240863334136,1851,11,0.8884502877862838,0
1429,6,2,10,1.0579853710467355,1496,11,0.9431945538974952,0
1376,6,2,10,1.3723255002670296,1556,11,0.9431945538974952,0
1540,6,2,10,1.778182375969181,1749,11,0.9431945538974952,0
1518,6,2,10,1.1972499852582583,1638,11,0.8884502877862838,0
1396,6,2,10,1.2171449301456188,1602,11,0.8884502877862838,0
1499,6,2,10,1.7105395633521558,1722,11,0.9431945538974952,0
1467,6,2,10,1.4678212357263594,1670,11,0.8884502877862838,0
1447,6,2,10,1.6269807948252424,1669,11,0.9431945538974952,0
1399,6,2,10,1.905510023248288,1735,11,0.9431945538974952,0
1302,6,2,10,1.3643675223120857,1690,11,0.8884502877862838,0
1543,6,2,10,1.770224398014237,1675,11,0.8884502877862838,0
1552,6,2,10,1.3564095443571411,1713,11,0.8884502877862838,0
1395,6,2,10,1.1534811065060655,1625,11,0.9431945538974952,0
1408,6,2,10,1.7821613649466532,1738,11,0.8884502877862838,0
1502,6,2,10,1.7025815853972115,1790,11,0.9431945538974952,0
1443,6,2,10,1.3404935884472529,1589,11,0.8884502877862838,0
1345,6,2,10,1.2410188640104511,1570,11,0.8884502877862838,0
1545,6,2,10,1.288766731740116,1789,11,0.8884502877862838,0
1543,6,2,10,1.5513800042532728,1700,11,0.8884502877862838,0
1391,6,2,10,1.7622664200592928,1763,11,0.9431945538974952,0
1315,6,2,10,1.2569348199203394,1658,11,0.9431945538974952,0
1532,6,2,10,1.9651948579103689,1739,11,0.8884502877862838,0
1432,6,2,10,1.6508547286900748,1809,11,0.9431945538974952,0
1393,6,2,10,1.2768297648076998,1613,11,0.8884502877862838,0
1377,6,2,10,1.2211239191230907,1593,11,0.9431945538974952,0
1419,6,2,10,1.185313018325842,1588,11,0.9431945538974952,0
1337,6,2,10,1.607085849937882,1599,11,0.8884502877862838,0
1290,6,2,10,1.4678212357263594,1714,11,0.9431945538974952,0
1470,6,2,10,1.4638422467488872,1680,11,0.8884502877862838,0
1426,6,2,10,1.3922204451543898,1641,11,0.8884502877862838,0
1146,6,2,10,1.292745720717588,1713,11,0.8884502877862838,0
1342,6,2,10,1.499653147546136,1719,11,0.8884502877862838,0
1559,6,2,10,1.7025815853972115,1741,11,0.9431945538974952,0
1396,6,2,10,1.284787742762644,1555,11,0.9431945538974952,0
1369,6,2,10,1.3325356104923087,1659,11,0.9431945538974952,0
1584,6,2,10,1.7423714751719324,1701,11,0.9431945538974952,0
1429,6,2,10,1.5951488830054656,1575,11,0.9431945538974952,0
1458,6,2,10,1.4797582026587754,1615,11,0.9431945538974952,0
1513,6,2,10,1.6548337176675467,1764,11,0.8884502877862838,0
1431,6,2,10,1.4359893239065826,1682,11,0.8884502877862838,0
1414,6,2,10,1.774203386991709,1809,11,0.8884502877862838,0
1500,6,2,10,1.5275060703884404,1681,11,0.9431945538974952,0
1398,6,2,10,1.0500273930917916,1744,11,0.8884502877862838,0
1495,6,2,10,1.778182375969181,1685,11,0.8884502877862838,0
1546,6,2,10,1.5115901144785522,1642,11,0.9431945538974952,0
1477,6,2,10,1.5314850593659124,1655,11,0.8884502877862838,0
1531,6,2,10,1.658812706645019,1692,11,0.8884502877862838,0
1628,6,2,10,1.2052079632132024,1605,11,0.9431945538974952,0
1456,6,2,10,1.7105395633521558,1735,11,0.9431945538974952,0
1541,6,2,10,1.8219512547213736,1791,11,0.8884502877862838,0
1375,6,2,10,0.7834351316011626,1614,11,0.8884502877862838,0
1504,6,2,10,1.5394430373208567,1792,11,0.8884502877862838,0
1596,6,2,10,1.3484515664021972,1680,11,0.9431945538974952,0
1444,6,2,10,1.173376051393426,1484,11,0.9431945538974952,0
1345,6,2,10,1.5752539381181052,1623,11,0.8884502877862838,0
1468,6,2,10,1.3086616766274763,1592,11,0.9431945538974952,0
1586,6,2,10,1.6548337176675467,1635,11,0.9431945538974952,0
1404,6,2,10,1.722476530284572,1597,11,0.8884502877862838,0
1331,6,2,10,1.3683465112895574,1783,11,0.8884502877862838,0
1608,6,2,10,1.8020563098340128,1744,11,0.8884502877862838,0
1457,6,2,10,1.678707651532379,1774,11,0.9431945538974952,0
1519,6,2,10,1.7861403539241252,1805,11,0.8884502877862838,0
1493,6,2,10,1.658812706645019,1759,11,0.9431945538974952,0
1516,6,2,10,1.941320924045536,1885,11,0.9431945538974952,0
1410,6,2,10,1.1415441395736492,1623,11,0.8884502877862838,0
1416,6,2,10,1.6349387727801863,1747,11,0.8884502877862838,0
1616,6,2,10,1.9572368799554245,1736,11,0.8884502877862838,0
1500,6,2,10,1.0500273930917916,1694,11,0.8884502877862838,0
1657,6,2,10,1.678707651532379,1738,11,0.8884502877862838,0
1454,6,2,10,1.3922204451543898,1645,11,0.8884502877862838,0
1458,6,2,10,1.658812706645019,1824,11,0.8884502877862838,0
1241,6,2,10,0.8272040103533554,1495,11,0.8884502877862838,0
1536,6,2,10,1.7105395633521558,1871,11,0.8884502877862838,0
1525,6,2,10,1.4399683128840548,1722,11,0.9431945538974952,0
1550,6,2,10,1.615043827892826,1778,11,0.9431945538974952,0
1542,6,2,10,1.0858382938890403,1626,11,0.9431945538974952,0
1382,6,2,10,1.396199434131862,1658,11,0.8884502877862838,0
1260,6,2,10,1.2808087537851718,1579,11,0.8884502877862838,0
1260,6,2,10,2.1641443067839723,1722,11,0.8884502877862838,0
1561,6,2,10,1.471800224703831,1655,11,0.8884502877862838,0
1546,6,2,10,2.251682064288358,1878,11,0.8884502877862838,0
1353,6,2,10,1.4916951695911915,1669,11,0.8884502877862838,0
1581,6,2,10,1.7304345082395165,1728,11,0.8884502877862838,0
1456,6,2,10,1.6906446184647954,1789,11,0.9431945538974952,0
1473,6,2,10,1.3524305553796692,1667,11,0.8884502877862838,0
1340,6,2,10,1.3245776325373646,1705,11,0.9431945538974952,0
1437,6,2,10,1.5394430373208567,1727,11,0.8884502877862838,0
1400,6,2,10,1.1136912167313446,1518,11,0.9431945538974952,0
1481,6,2,10,1.8537831665411504,1779,11,0.9431945538974952,0
1608,6,2,10,1.8418461996087343,1797,11,0.9431945538974952,0
1224,6,2,10,1.3126406656049483,1648,11,0.9431945538974952,0
1477,6,2,10,1.3643675223120857,1621,11,0.8884502877862838,0
1384,6,2,10,1.2688717868527557,1710,11,0.9431945538974952,0
1420,6,2,10,1.3205986435598926,1546,11,0.8884502877862838,0
1473,6,2,10,1.4916951695911915,1638,11,0.9431945538974952,0
1517,6,2,10,1.7503294531268765,1725,11,0.8884502877862838,0
1476,6,2,10,1.6906446184647954,1746,11,0.8884502877862838,0
1449,6,2,10,1.5195480924334963,1710,11,0.9431945538974952,0
1268,6,2,10,1.3643675223120857,1523,11,0.9431945538974952,0
1622,6,2,10,1.292745720717588,1804,11,0.9431945538974952,0
1403,6,2,10,2.0805855382570586,1786,11,0.9431945538974952,0
1506,6,2,10,1.8498041775636784,1869,11,0.9431945538974952,0
1576,6,2,10,1.4399683128840548,1719,11,0.9431945538974952,0
1562,6,2,10,1.7383924861944604,1875,11,0.8884502877862838,0
1449,6,2,10,1.3285566215148368,1601,11,0.9431945538974952,0
1574,6,2,10,1.9970267697301447,1725,11,0.9431945538974952,0
1543,6,2,10,1.8418461996087343,1785,11,0.9431945538974952,0
1568,6,2,10,1.559337982208217,1653,11,0.8884502877862838,0
1559,6,2,10,1.5991278719829378,1757,11,0.8884502877862838,0
1618,6,2,10,1.865720133473567,1746,11,0.9431945538974952,0
1639,6,2,10,1.5633169711856891,1794,11,0.9431945538974952,0
1305,6,2,10,1.3007036986725322,1617,11,0.9431945538974952,0
1314,6,2,10,1.3126406656049483,1572,11,0.9431945538974952,0
1290,6,2,10,1.5513800042532728,1606,11,0.8884502877862838,0
1408,6,2,10,1.1136912167313446,1520,11,0.9431945538974952,0
1545,6,2,10,1.901531034270816,1675,11,0.8884502877862838,0
1336,6,2,10,1.29672470969506,1615,11,0.8884502877862838,0
1452,6,2,10,1.4121153900417502,1610,11,0.9431945538974952,0
1393,6,2,10,1.244997852987923,1587,11,0.8884502877862838,0
1356,6,2,10,1.0699223379791518,1529,11,0.8884502877862838,0
1418,6,2,10,1.5991278719829378,1623,11,0.8884502877862838,0
1533,6,2,10,1.559337982208217,1758,11,0.9431945538974952,0
1536,6,2,10,1.770224398014237,1738,11,0.9431945538974952,0
1561,6,2,10,1.0778803159340962,1546,11,0.8884502877862838,0
1632,6,2,10,1.6309597838027143,1890,11,0.9431945538974952,0
1260,6,2,10,1.388241456176918,1710,11,0.9431945538974952,0
1528,6,2,10,2.0169217146175056,1779,11,0.8884502877862838,0
1287,6,2,10,1.5275060703884404,1628,11,0.8884502877862838,0
1474,6,2,10,1.8736781114285108,1799,11,0.9431945538974952,0
1601,6,2,10,1.3683465112895574,1666,11,0.9431945538974952,0
1507,6,2,10,1.50761112550108,1793,11,0.9431945538974952,0
1604,6,2,10,1.9651948579103689,1880,11,0.8884502877862838,0
1416,6,2,10,1.455884268793943,1645,11,0.8884502877862838,0
1395,6,2,10,1.3126406656049483,1750,11,0.9431945538974952,0
1561,6,2,10,1.7980773208565417,1679,11,0.8884502877862838,0
1501,6,2,10,1.555358993230745,1722,11,0.9431945538974952,0
1647,6,2,10,1.7821613649466532,1766,11,0.9431945538974952,0
1289,6,2,10,1.4877161806137198,1686,11,0.9431945538974952,0
1354,6,2,10,0.8351619883082996,1594,11,0.8884502877862838,0
1551,6,2,10,1.666770684599963,1810,11,0.8884502877862838,0
1408,6,2,10,1.5712749491406333,1704,11,0.8884502877862838,0
1400,6,2,10,1.3007036986725322,1615,11,0.8884502877862838,0
1352,6,2,10,1.404157412086806,1775,11,0.8884502877862838,0
1421,6,2,10,2.180060262693861,1761,11,0.9431945538974952,0
1605,6,2,10,2.008963736662561,1872,11,0.8884502877862838,0
1493,6,2,10,1.6627916956224909,1883,11,0.9431945538974952,0
1665,6,2,10,1.8060352988114856,1815,11,0.8884502877862838,0
1271,6,2,10,1.0102375033170707,1606,11,0.8884502877862838,0
1418,6,2,10,1.4399683128840548,1626,11,0.8884502877862838,0
1636,6,2,10,1.9612158689328965,1818,11,0.8884502877862838,0
1474,6,2,10,1.837867210631262,1786,11,0.9431945538974952,0
1510,6,2,10,1.4240523569741663,1708,11,0.8884502877862838,0
1429,6,2,10,1.8100142877889576,1823,11,0.9431945538974952,0
1432,6,2,10,1.607085849937882,1670,11,0.9431945538974952,0
1575,6,2,10,1.5712749491406333,1696,11,0.8884502877862838,0
1368,6,2,10,1.4081364010642785,1583,11,0.9431945538974952,0
1393,6,2,10,1.2410188640104511,1592,11,0.8884502877862838,0
1379,6,2,10,1.4797582026587754,1688,11,0.8884502877862838,0
1558,6,2,10,1.29672470969506,1581,11,0.8884502877862838,0
1426,6,2,10,1.7304345082395165,1618,11,0.8884502877862838,0
1477,6,2,10,1.865720133473567,1835,11,0.8884502877862838,0
1373,6,2,10,1.7622664200592928,1866,11,0.9431945538974952,0
1469,6,2,10,1.615043827892826,1629,11,0.8884502877862838,0
1302,6,2,10,0.9863635694522384,1494,11,0.9431945538974952,0
1490,6,2,10,1.5275060703884404,1722,11,0.9431945538974952,0
1518,6,2,10,1.4081364010642785,1580,11,0.9431945538974952,0
1423,6,2,10,1.6986025964197395,1789,11,0.9431945538974952,0
1663,6,2,10,1.499653147546136,1831,11,0.8884502877862838,0
1582,6,2,10,1.5115901144785522,1695,11,0.9431945538974952,0
1528,6,2,10,1.6866656294873237,1703,11,0.8884502877862838,0
1344,6,2,10,1.344472577424725,1654,11,0.8884502877862838,0
1439,6,2,10,1.3842624671994457,1620,11,0.8884502877862838,0
1486,6,2,10,1.50761112550108,1712,11,0.8884502877862838,0
1327,6,2,10,1.443947301861527,1622,11,0.9431945538974952,0
1439,6,2,10,1.877657100405983,1745,11,0.8884502877862838,0
1408,6,2,10,1.2410188640104511,1655,11,0.8884502877862838,0
1520,6,2,10,2.0606905933696984,1789,11,0.8884502877862838,0
1620,6,2,10,1.7145185523296278,1808,11,0.8884502877862838,0
1479,6,2,10,1.177355040370898,1700,11,0.8884502877862838,0
1491,6,2,10,1.6031068609604098,1720,11,0.8884502877862838,0
1402,6,2,10,1.1455231285511214,1490,11,0.9431945538974952,0
1382,6,2,10,1.1057332387764005,1584,11,0.8884502877862838,0
1511,6,2,10,1.611064838915354,1692,11,0.9431945538974952,0
1360,6,2,10,1.5991278719829378,1744,11,0.8884502877862838,0
1528,6,2,10,1.7622664200592928,1712,11,0.9431945538974952,0
1438,6,2,10,1.5235270814109685,1705,11,0.9431945538974952,0
1493,6,2,10,1.5752539381181052,1742,11,0.8884502877862838,0
1473,6,2,10,1.3325356104923087,1689,11,0.9431945538974952,0
1534,6,2,10,1.6747286625549072,1788,11,0.9431945538974952,0
1314,6,2,10,1.1654180734384818,1641,11,0.9431945538974952,0
1326,6,2,10,1.336514599469781,1633,11,0.9431945538974952,0
1477,6,2,10,1.615043827892826,1702,11,0.8884502877862838,0
1449,6,2,10,0.9943215474071824,1675,11,0.8884502877862838,0
320,0,2,10,0.3625136939107947,299,11,0.8884502877862838,1
419,0,2,10,0.5455471868745101,322,11,0.9431945538974952,1
376,0,2,10,0.5256522419871498,324,11,0.9431945538974952,1
233,0,2,5,0.7285806798382255,297,11,0.9431945538974952,1
264,2,2,5,0.4540304403926524,331,11,0.8884502877862838,1
299,0,2,10,0.6848118010860327,285,11,0.9431945538974952,1
242,2,2,10,0.6927697790409768,289,11,0.8884502877862838,1
333,2,2,10,0.6927697790409768,301,11,0.8884502877862838,1
234,2,2,10,0.7564336026805301,295,11,0.8884502877862838,1
303,2,2,10,0.5296312309646218,305,11,0.8884502877862838,1
261,2,2,5,0.9514040625766615,281,11,0.9431945538974952,1
389,0,2,10,0.5893160656267029,315,11,0.9431945538974952,1
246,0,2,10,0.7683705696129463,286,11,0.9431945538974952,1
266,2,2,5,0.7047067459733931,295,11,0.8884502877862838,1
231,2,2,10,0.863866305072276,289,11,0.9431945538974952,1
316,0,2,10,0.5256522419871498,288,11,0.8884502877862838,1
297,0,2,10,0.541568197897038,307,11,0.9431945538974952,1
321,0,2,10,0.8360133822299715,299,11,0.8884502877862838,1
232,2,2,5,0.9593620405316058,269,11,0.9431945538974952,1
340,0,2,10,0.5216732530096777,310,11,0.9431945538974952,1
299,2,2,10,0.9991519303063264,266,11,0.8884502877862838,1
313,2,2,5,0.808160459387667,305,11,0.9431945538974952,1
326,2,2,5,0.8996772058695247,284,11,0.9431945538974952,1
289,0,2,10,0.9036561948469968,289,11,0.9431945538974952,1
273,0,2,10,0.8758032720046922,295,11,0.8884502877862838,1
242,2,2,5,0.7683705696129463,298,11,0.9431945538974952,1
176,0,2,5,1.345323971346397,277,11,0.9431945538974952,1
328,2,2,5,0.7086857349508652,299,11,0.9431945538974952,1
291,2,2,5,0.7484756247255858,283,11,0.8884502877862838,1
273,2,2,5,0.5773790986942867,306,11,0.8884502877862838,1
262,2,2,5,0.5893160656267029,305,11,0.9431945538974952,1
359,2,2,10,0.1197953662849981,314,11,0.8884502877862838,1
315,0,2,5,0.6927697790409768,289,11,0.9431945538974952,1
164,0,2,10,1.237891268954651,256,11,0.9431945538974952,1
298,0,2,10,0.7962234924552508,286,11,0.8884502877862838,1
321,2,2,10,0.6848118010860327,305,11,0.8884502877862838,1
252,0,2,10,0.6131899994915354,312,11,0.8884502877862838,1
307,2,2,5,0.6092110105140632,310,11,0.9431945538974952,1
297,0,2,10,0.6848118010860327,286,11,0.8884502877862838,1
402,0,2,10,0.2670179584514649,321,11,0.8884502877862838,1
241,0,2,5,0.6927697790409768,300,11,0.8884502877862838,1
273,2,2,5,0.4739253852800127,283,11,0.8884502877862838,1
283,0,2,5,0.7444966357481138,291,11,0.8884502877862838,1
291,2,2,10,0.3625136939107947,296,11,0.8884502877862838,1
359,0,2,5,0.5853370766492308,304,11,0.8884502877862838,1
306,0,2,5,0.7604125916580021,284,11,0.8884502877862838,1
273,0,2,10,0.8758032720046922,292,11,0.9431945538974952,1
265,0,2,5,0.7285806798382255,303,11,0.9431945538974952,1
251,2,2,5,0.8002024814327229,277,11,0.8884502877862838,1
225,2,2,5,1.182185423270042,256,11,0.8884502877862838,1
245,2,2,10,0.7763285475678904,287,11,0.9431945538974952,1
297,2,2,10,0.7763285475678904,310,11,0.9431945538974952,1
328,0,2,10,0.7763285475678904,266,11,0.8884502877862838,1
263,2,2,10,1.0031309192837985,264,11,0.9431945538974952,1
211,2,2,10,0.7285806798382255,298,11,0.9431945538974952,1
269,2,2,10,0.915593161779413,272,11,0.8884502877862838,1
279,0,2,10,0.4659674073250686,303,11,0.9431945538974952,1
297,2,2,5,0.4699463963025407,302,11,0.9431945538974952,1
274,0,2,5,0.4938203301673731,299,11,0.8884502877862838,1
292,0,2,5,0.6370639333563678,291,11,0.8884502877862838,1
194,0,2,10,1.1225005886079609,266,11,0.9431945538974952,1
264,0,2,10,0.9434460846217176,285,11,0.8884502877862838,1
252,2,2,10,0.6967487680184489,289,11,0.8884502877862838,1
317,0,2,10,0.4659674073250686,315,11,0.8884502877862838,1
266,0,2,5,0.8877402389371084,269,11,0.8884502877862838,1
333,2,2,10,0.3983245947080434,324,11,0.8884502877862838,1
245,0,2,10,0.971299007464022,266,11,0.9431945538974952,1
313,0,2,5,0.4659674073250686,306,11,0.9431945538974952,1
303,0,2,10,0.859887316094804,294,11,0.9431945538974952,1
287,0,2,5,0.6052320215365912,274,11,0.9431945538974952,1
358,0,2,10,0.2908918923162973,303,11,0.8884502877862838,1
375,0,2,5,0.2550809915190487,346,11,0.8884502877862838,1
297,2,2,5,0.3107868372036577,319,11,0.9431945538974952,1
343,2,2,5,0.5893160656267029,305,11,0.9431945538974952,1
295,0,2,10,0.8121394483651391,276,11,0.9431945538974952,1
351,0,2,5,0.7763285475678904,292,11,0.9431945538974952,1
253,2,2,10,0.6410429223338399,303,11,0.8884502877862838,1
402,0,2,10,0.6887907900635047,280,11,0.9431945538974952,1
337,0,2,5,0.6052320215365912,294,11,0.9431945538974952,1
242,2,2,10,0.4023035836855154,299,11,0.8884502877862838,1
284,2,2,5,0.7126647239283372,286,11,0.9431945538974952,1
310,0,2,5,0.6569588782437281,301,11,0.8884502877862838,1
297,2,2,10,0.859887316094804,287,11,0.9431945538974952,1
292,2,2,5,0.6688958451761444,264,11,0.8884502877862838,1
308,2,2,10,0.4619884183475966,305,11,0.8884502877862838,1
301,2,2,10,0.5773790986942867,300,11,0.9431945538974952,1
341,0,2,10,0.6370639333563678,306,11,0.8884502877862838,1
280,2,2,10,0.8161184373426111,281,11,0.8884502877862838,1
241,0,2,10,0.7285806798382255,293,11,0.8884502877862838,1
357,2,2,10,0.4062825726629875,304,11,0.8884502877862838,1
299,2,2,10,0.6649168561986724,314,11,0.8884502877862838,1
410,2,2,5,0.4739253852800127,310,11,0.8884502877862838,1
348,0,2,10,0.5535051648294542,286,11,0.9431945538974952,1
338,0,2,5,0.5495261758519822,294,11,0.8884502877862838,1
332,0,2,5,0.5455471868745101,303,11,0.8884502877862838,1
333,2,2,5,0.6251269664239516,290,11,0.9431945538974952,1
319,2,2,5,0.3346607710684902,315,11,0.9431945538974952,1
253,2,2,10,0.7166437129058093,303,11,0.9431945538974952,1
350,2,2,10,0.5614631427843984,287,11,0.9431945538974952,1
245,2,2,10,0.8240764152975553,294,11,0.9431945538974952,1
272,0,2,10,0.8200974263200832,284,11,0.9431945538974952,1
279,2,2,5,0.7086857349508652,276,11,0.9431945538974952,1
320,2,2,10,0.9036561948469968,302,11,0.8884502877862838,1
316,2,2,10,0.3227238041360739,320,11,0.9431945538974952,1
341,2,2,5,0.7564336026805301,292,11,0.8884502877862838,1
197,2,2,5,0.7444966357481138,289,11,0.8884502877862838,1
274,2,2,10,0.808160459387667,287,11,0.9431945538974952,1
299,2,2,10,0.649000900288784,299,11,0.9431945538974952,1
383,0,2,10,0.5455471868745101,318,11,0.8884502877862838,1
326,0,2,5,0.6092110105140632,287,11,0.9431945538974952,1
281,0,2,10,0.8240764152975553,280,11,0.9431945538974952,1
266,2,2,10,0.8837612499596363,280,11,0.9431945538974952,1
327,0,2,5,0.3943456057305713,304,11,0.8884502877862838,1
281,2,2,10,0.6967487680184489,292,11,0.9431945538974952,1
286,2,2,10,0.6291059554014237,310,11,0.9431945538974952,1
366,0,2,10,0.5495261758519822,303,11,0.9431945538974952,1
324,2,2,5,0.8200974263200832,305,11,0.9431945538974952,1
232,0,2,10,0.8161184373426111,285,11,0.9431945538974952,1
350,0,2,10,0.7564336026805301,306,11,0.9431945538974952,1
354,2,2,10,0.5296312309646218,324,11,0.8884502877862838,1
226,2,2,5,0.8240764152975553,269,11,0.8884502877862838,1
267,0,2,5,0.4739253852800127,284,11,0.9431945538974952,1
312,0,2,10,0.6370639333563678,319,11,0.8884502877862838,1
274,2,2,5,0.5017783081223173,310,11,0.8884502877862838,1
298,2,2,10,0.6291059554014237,309,11,0.9431945538974952,1
278,0,2,5,0.8161184373426111,282,11,0.9431945538974952,1
373,0,2,10,0.5137152750547335,302,11,0.9431945538974952,1
282,0,2,5,0.8519293381398598,277,11,0.8884502877862838,1
311,0,2,10,0.9315091176893012,270,11,0.9431945538974952,1
266,2,2,10,0.7126647239283372,296,11,0.9431945538974952,1
288,2,2,5,0.7723495585904183,317,11,0.8884502877862838,1
339,2,2,5,0.4062825726629875,309,11,0.9431945538974952,1
308,2,2,5,0.5773790986942867,267,11,0.8884502877862838,1
273,2,2,5,0.8240764152975553,301,11,0.9431945538974952,1
297,2,2,5,0.7365386577931696,302,11,0.8884502877862838,1
366,2,2,10,0.7803075365453624,301,11,0.9431945538974952,1
388,2,2,5,0.1197953662849981,314,11,0.9431945538974952,1
350,0,2,10,0.8758032720046922,284,11,0.9431945538974952,1
282,2,2,10,1.007109908261271,275,11,0.9431945538974952,1
325,0,2,10,0.5176942640322055,297,11,0.8884502877862838,1
343,2,2,10,0.8041814704101949,276,11,0.9431945538974952,1
273,0,2,10,0.7643915806354742,289,11,0.9431945538974952,1
216,2,2,5,0.9116141728019408,272,11,0.8884502877862838,1
303,2,2,5,0.4460724624377082,289,11,0.8884502877862838,1
278,2,2,5,0.3704716718657388,310,11,0.8884502877862838,1
335,0,2,10,0.326702793113546,301,11,0.9431945538974952,1
299,2,2,10,0.6569588782437281,320,11,0.8884502877862838,1
322,2,2,5,0.7564336026805301,274,11,0.9431945538974952,1
234,2,2,10,0.8797822609821643,296,11,0.9431945538974952,1
363,2,2,5,0.649000900288784,306,11,0.8884502877862838,1
293,2,2,5,0.378429649820683,304,11,0.9431945538974952,1
348,2,2,5,0.597274043581647,291,11,0.9431945538974952,1
294,0,2,5,0.6808328121085606,292,11,0.9431945538974952,1
347,0,2,5,0.6927697790409768,305,11,0.8884502877862838,1
302,2,2,10,0.8877402389371084,280,11,0.9431945538974952,1
352,2,2,10,0.7643915806354742,298,11,0.8884502877862838,1
295,2,2,10,0.6251269664239516,310,11,0.8884502877862838,1
387,2,2,10,0.6370639333563678,298,11,0.8884502877862838,1
262,2,2,5,0.6092110105140632,309,11,0.9431945538974952,1
327,2,2,5,0.971299007464022,289,11,0.8884502877862838,1
229,0,2,10,0.7047067459733931,293,11,0.9431945538974952,1
287,0,2,10,0.6688958451761444,303,11,0.8884502877862838,1
358,2,2,5,0.4977993191448452,302,11,0.9431945538974952,1
337,0,2,10,0.7922445034777786,298,11,0.9431945538974952,1
365,0,2,10,0.5614631427843984,308,11,0.8884502877862838,1
343,0,2,5,0.4818833632349569,320,11,0.8884502877862838,1
265,2,2,5,0.8002024814327229,282,11,0.9431945538974952,1
373,0,2,5,0.6291059554014237,304,11,0.8884502877862838,1
318,0,2,5,0.9315091176893012,294,11,0.8884502877862838,1
344,0,2,5,0.4460724624377082,314,11,0.8884502877862838,1
193,0,2,10,1.074752720878296,255,11,0.9431945538974952,1
242,2,2,10,0.5216732530096777,320,11,0.8884502877862838,1
302,2,2,5,0.6330849443788957,302,11,0.8884502877862838,1
361,2,2,10,0.593295054604175,296,11,0.9431945538974952,1
312,2,2,10,0.6450219113113119,276,11,0.9431945538974952,1
313,0,2,10,0.5535051648294542,284,11,0.9431945538974952,1
358,0,2,10,0.5574841538069263,308,11,0.8884502877862838,1
377,0,2,5,0.597274043581647,305,11,0.8884502877862838,1
299,0,2,10,0.3744506608432109,303,11,0.8884502877862838,1
256,2,2,5,0.5694211207393426,303,11,0.9431945538974952,1
179,2,2,5,0.9553830515541336,276,11,0.8884502877862838,1
382,0,2,10,0.3903666167530992,333,11,0.8884502877862838,1
258,2,2,10,0.6171689884690075,313,11,0.8884502877862838,1
293,2,2,5,0.7047067459733931,290,11,0.9431945538974952,1
338,2,2,10,0.6092110105140632,297,11,0.8884502877862838,1
297,2,2,10,0.593295054604175,288,11,0.8884502877862838,1
299,0,2,10,0.7723495585904183,297,11,0.8884502877862838,1
246,0,2,5,0.7126647239283372,299,11,0.8884502877862838,1
280,2,2,10,0.9553830515541336,275,11,0.8884502877862838,1
257,2,2,10,0.8399923712074435,312,11,0.8884502877862838,1
222,2,2,5,0.7643915806354742,285,11,0.8884502877862838,1
351,2,2,10,0.5574841538069263,308,11,0.8884502877862838,1
392,2,2,10,0.4062825726629875,319,11,0.8884502877862838,1
232,2,2,10,0.7285806798382255,294,11,0.9431945538974952,1
213,0,2,5,0.9116141728019408,286,11,0.8884502877862838,1
375,0,2,10,0.2272280686767442,333,11,0.9431945538974952,1
339,0,2,10,0.3625136939107947,307,11,0.8884502877862838,1
351,0,2,5,0.3147658261811298,328,11,0.8884502877862838,1
309,2,2,5,0.4619884183475966,305,11,0.9431945538974952,1
315,2,2,5,0.6728748341536165,285,11,0.9431945538974952,1
418,0,2,10,0.3625136939107947,325,11,0.9431945538974952,1
289,0,2,10,0.8002024814327229,295,11,0.8884502877862838,1
263,0,2,10,0.8519293381398598,315,11,0.8884502877862838,1
418,0,2,10,0.3147658261811298,324,11,0.8884502877862838,1
291,2,2,10,0.9076351838244688,274,11,0.9431945538974952,1
255,2,2,5,0.8479503491623878,292,11,0.9431945538974952,1
380,0,2,5,0.5893160656267029,309,11,0.9431945538974952,1
308,2,2,10,0.5495261758519822,294,11,0.9431945538974952,1
333,2,2,5,0.8877402389371084,304,11,0.8884502877862838,1
260,2,2,10,0.7325596688156976,288,11,0.8884502877862838,1
302,2,2,5,0.541568197897038,297,11,0.8884502877862838,1
256,2,2,10,0.652979889266256,284,11,0.9431945538974952,1
346,2,2,5,0.6808328121085606,298,11,0.8884502877862838,1
331,2,2,10,0.5773790986942867,305,11,0.8884502877862838,1
176,2,2,5,0.8240764152975553,274,11,0.9431945538974952,1
183,2,2,5,0.6728748341536165,307,11,0.8884502877862838,1
288,2,2,10,0.9872149633739103,282,11,0.8884502877862838,1
283,2,2,10,0.7842865255228345,290,11,0.8884502877862838,1
384,2,2,5,0.1755012119696072,332,11,0.8884502877862838,1
402,2,2,10,0.5614631427843984,287,11,0.8884502877862838,1
338,0,2,10,0.6410429223338399,296,11,0.8884502877862838,1
362,2,2,5,0.4659674073250686,323,11,0.9431945538974952,1
339,2,2,5,0.6688958451761444,280,11,0.8884502877862838,1
187,0,2,5,1.0110888972387428,273,11,0.8884502877862838,1
319,0,2,10,0.4301565065278199,307,11,0.8884502877862838,1
345,2,2,10,0.5256522419871498,313,11,0.8884502877862838,1
324,0,2,10,0.8360133822299715,307,11,0.9431945538974952,1
330,2,2,10,0.6131899994915354,287,11,0.8884502877862838,1
240,2,2,10,0.5813580876717588,287,11,0.9431945538974952,1
333,2,2,10,0.5654421317618704,289,11,0.9431945538974952,1
293,2,2,5,0.7246016908607534,289,11,0.9431945538974952,1
360,2,2,5,0.5574841538069263,295,11,0.8884502877862838,1
339,0,2,5,0.5137152750547335,286,11,0.9431945538974952,1
389,2,2,10,0.7086857349508652,297,11,0.8884502877862838,1
248,2,2,10,0.7643915806354742,293,11,0.9431945538974952,1
272,0,2,10,0.7246016908607534,275,11,0.9431945538974952,1
319,0,2,10,0.6370639333563678,311,11,0.9431945538974952,1
290,2,2,10,0.863866305072276,278,11,0.8884502877862838,1
318,0,2,5,0.6370639333563678,287,11,0.9431945538974952,1
266,0,2,10,0.7126647239283372,291,11,0.8884502877862838,1
272,0,2,5,0.6251269664239516,284,11,0.8884502877862838,1
343,2,2,5,0.4619884183475966,310,11,0.8884502877862838,1
258,2,2,5,0.6569588782437281,307,11,0.9431945538974952,1
364,2,2,5,0.4818833632349569,309,11,0.9431945538974952,1
307,2,2,10,0.8002024814327229,305,11,0.8884502877862838,1
353,0,2,10,0.274975936406409,324,11,0.8884502877862838,1
335,2,2,5,0.5614631427843984,291,11,0.8884502877862838,1
392,2,2,10,0.2232490796992721,319,11,0.9431945538974952,1
271,0,2,5,0.6848118010860327,307,11,0.8884502877862838,1
300,0,2,10,0.5296312309646218,325,11,0.8884502877862838,1
390,0,2,10,0.2471230135641045,334,11,0.8884502877862838,1
333,2,2,10,0.8718242830272201,278,11,0.8884502877862838,1
285,0,2,5,0.8758032720046922,278,11,0.8884502877862838,1
313,2,2,5,0.6450219113113119,323,11,0.9431945538974952,1
264,0,2,10,0.5853370766492308,297,11,0.9431945538974952,1
368,0,2,10,0.4938203301673731,327,11,0.8884502877862838,1
285,2,2,5,0.7325596688156976,306,11,0.9431945538974952,1
294,2,2,10,0.8002024814327229,268,11,0.9431945538974952,1
240,0,2,10,0.9354881066667734,275,11,0.9431945538974952,1
380,2,2,10,0.4221985285728758,305,11,0.9431945538974952,1
272,0,2,10,0.5614631427843984,292,11,0.8884502877862838,1
295,2,2,10,0.3346607710684902,338,11,0.9431945538974952,1
295,2,2,10,0.593295054604175,312,11,0.8884502877862838,1
258,2,2,10,0.7564336026805301,299,11,0.9431945538974952,1
286,0,2,10,0.7683705696129463,296,11,0.9431945538974952,1
205,2,2,10,0.7882655145003066,264,11,0.8884502877862838,1
282,0,2,10,0.8041814704101949,271,11,0.9431945538974952,1
326,2,2,5,0.5694211207393426,288,11,0.9431945538974952,1
339,0,2,10,0.4261775175503479,335,11,0.9431945538974952,1
262,2,2,10,0.485862352212429,294,11,0.8884502877862838,1
365,0,2,5,0.5097362860772614,309,11,0.9431945538974952,1
337,2,2,5,0.597274043581647,299,11,0.8884502877862838,1
343,2,2,10,0.6887907900635047,286,11,0.8884502877862838,1
291,2,2,10,0.8041814704101949,297,11,0.8884502877862838,1
319,0,2,10,0.434135495505292,321,11,0.8884502877862838,1
295,2,2,5,0.6131899994915354,308,11,0.8884502877862838,1
348,0,2,5,0.5734001097168147,311,11,0.8884502877862838,1
272,2,2,10,0.752454613703058,298,11,0.8884502877862838,1
266,0,2,5,0.9911939523513824,279,11,0.8884502877862838,1
290,0,2,5,0.7246016908607534,308,11,0.8884502877862838,1
303,0,2,5,0.7047067459733931,295,11,0.9431945538974952,1
235,2,2,10,0.8479503491623878,278,11,0.8884502877862838,1
284,0,2,10,0.7086857349508652,296,11,0.8884502877862838,1
266,0,2,10,0.9951729413288544,280,11,0.9431945538974952,1
346,0,2,10,0.5535051648294542,304,11,0.8884502877862838,1
336,2,2,5,0.5535051648294542,293,11,0.8884502877862838,1
231,0,2,10,1.130458566562905,254,11,0.9431945538974952,1
294,2,2,10,1.1702484563376256,273,11,0.8884502877862838,1
246,0,2,5,0.6291059554014237,319,11,0.8884502877862838,1
310,0,2,10,0.5654421317618704,322,11,0.8884502877862838,1
340,2,2,10,0.7484756247255858,307,11,0.8884502877862838,1
285,2,2,10,0.7246016908607534,297,11,0.9431945538974952,1
324,0,2,5,0.8121394483651391,274,11,0.8884502877862838,1
232,2,2,10,1.007109908261271,270,11,0.8884502877862838,1
244,0,2,5,0.8917192279145806,298,11,0.9431945538974952,1
237,2,2,10,0.6688958451761444,287,11,0.9431945538974952,1
369,2,2,10,0.2431440245866324,317,11,0.8884502877862838,1
299,2,2,5,0.7723495585904183,293,11,0.9431945538974952,1
342,0,2,5,0.5495261758519822,305,11,0.8884502877862838,1
326,0,2,5,0.7842865255228345,295,11,0.9431945538974952,1
306,0,2,10,0.4739253852800127,312,11,0.8884502877862838,1
285,2,2,5,0.5495261758519822,301,11,0.9431945538974952,1
348,0,2,5,0.4818833632349569,303,11,0.9431945538974952,1
200,0,2,10,0.7285806798382255,281,11,0.8884502877862838,1
283,2,2,5,0.4779043742574848,298,11,0.8884502877862838,1
372,0,2,5,0.4938203301673731,307,11,0.8884502877862838,1
281,2,2,10,0.5694211207393426,309,11,0.8884502877862838,1
360,0,2,5,0.8041814704101949,289,11,0.8884502877862838,1
371,2,2,10,0.5216732530096777,293,11,0.9431945538974952,1
270,0,2,10,0.5853370766492308,285,11,0.8884502877862838,1
283,2,2,10,0.4938203301673731,300,11,0.9431945538974952,1
312,2,2,10,0.7564336026805301,294,11,0.9431945538974952,1
434,2,2,5,0.382408638798155,321,11,0.9431945538974952,1
311,0,2,10,0.7723495585904183,259,11,0.8884502877862838,1
249,2,2,5,0.9593620405316058,271,11,0.9431945538974952,1
342,0,2,5,0.5853370766492308,297,11,0.9431945538974952,1
246,0,2,5,0.6370639333563678,292,11,0.8884502877862838,1
365,0,2,5,0.4580094293701244,317,11,0.9431945538974952,1
292,2,2,5,0.7564336026805301,292,11,0.9431945538974952,1
289,2,2,5,0.7086857349508652,311,11,0.9431945538974952,1
285,0,2,10,0.6848118010860327,290,11,0.9431945538974952,1
326,2,2,10,0.6171689884690075,286,11,0.9431945538974952,1
285,0,2,10,0.9394670956442456,281,11,0.8884502877862838,1
304,0,2,5,0.7962234924552508,303,11,0.8884502877862838,1
290,0,2,5,0.7484756247255858,295,11,0.8884502877862838,1
346,2,2,10,0.7126647239283372,300,11,0.8884502877862838,1
287,0,2,10,0.7882655145003066,279,11,0.8884502877862838,1
274,0,2,10,0.8360133822299715,294,11,0.8884502877862838,1
243,0,2,10,0.4580094293701244,306,11,0.8884502877862838,1
356,0,2,5,0.4023035836855154,315,11,0.9431945538974952,1
330,2,2,10,0.6291059554014237,301,11,0.9431945538974952,1
258,0,2,5,0.9553830515541336,287,11,0.9431945538974952,1
305,0,2,10,0.4938203301673731,311,11,0.8884502877862838,1
312,0,2,5,0.8797822609821643,285,11,0.9431945538974952,1
359,2,2,10,0.5176942640322055,312,11,0.8884502877862838,1
324,0,2,5,0.8041814704101949,296,11,0.9431945538974952,1
204,0,2,10,0.7325596688156976,272,11,0.8884502877862838,1
226,0,2,10,0.8240764152975553,288,11,0.8884502877862838,1
341,2,2,5,0.7246016908607534,291,11,0.8884502877862838,1
285,2,2,10,0.7842865255228345,292,11,0.9431945538974952,1
383,2,2,5,0.4142405506179316,324,11,0.9431945538974952,1
266,2,2,10,0.4898413411899011,305,11,0.9431945538974952,1
405,0,2,10,0.4062825726629875,326,11,0.8884502877862838,1
312,2,2,5,0.6887907900635047,300,11,0.8884502877862838,1
325,2,2,10,0.4182195395954037,310,11,0.8884502877862838,1
338,0,2,10,0.5694211207393426,301,11,0.8884502877862838,1
267,0,2,5,0.8280554042750273,301,11,0.8884502877862838,1
257,0,2,5,0.8360133822299715,284,11,0.8884502877862838,1
358,2,2,5,0.6649168561986724,304,11,0.8884502877862838,1
381,2,2,10,0.4818833632349569,300,11,0.8884502877862838,1
267,0,2,10,1.019046875193687,289,11,0.8884502877862838,1
189,2,2,5,0.8200974263200832,267,11,0.8884502877862838,1
274,0,2,5,1.2100383461123465,275,11,0.8884502877862838,1
225,5,1,7,0.0473221707688289,272,6,0.8884502877862838,0
196,5,0,7,0.270145553507265,283,6,0.8884502877862838,0
224,2,0,7,0.5446957929528382,356,6,0.8884502877862838,0
203,2,1,7,0.3457463440792345,258,6,0.8884502877862838,0
230,2,1,7,0.0154902589490523,305,6,0.8884502877862838,0
160,2,1,7,0.1109859944083821,303,6,0.8884502877862838,0
103,5,0,7,1.2219753130447626,148,6,0.8884502877862838,0
193,5,1,7,0.2263766747550722,322,6,0.8884502877862838,0
206,2,0,7,0.3107868372036577,271,6,0.9431945538974952,0
326,5,0,7,0.2542295975973768,365,6,0.8884502877862838,0
205,2,0,7,0.1229229613407983,277,6,0.8884502877862838,0
172,2,1,7,0.2900404983946254,356,6,0.8884502877862838,0
238,5,1,7,1.0022795253621266,316,6,0.8884502877862838,0
242,5,0,7,0.7038553520517211,302,6,0.8884502877862838,0
232,5,0,7,1.1136912167313446,346,6,0.8884502877862838,0
240,5,0,7,1.1892920073033142,396,6,0.9431945538974952,0
258,2,0,7,0.1357113221948865,331,6,0.8884502877862838,0
256,5,1,7,0.5526537709077823,317,6,0.9431945538974952,0
218,5,0,7,0.0640895206003891,243,6,0.8884502877862838,0
201,5,1,7,0.5216732530096777,266,6,0.8884502877862838,0
253,2,1,7,0.9545316576324616,340,6,0.8884502877862838,0
244,2,0,7,0.588464671705031,353,6,0.9431945538974952,0
310,2,1,7,0.8988258119478527,382,6,0.9431945538974952,0
183,5,1,7,0.7714981646687463,320,6,0.9431945538974952,0
188,5,0,7,0.2152911017443279,260,6,0.9431945538974952,0
212,2,0,7,0.2312070576542162,300,6,0.8884502877862838,0
238,5,0,7,0.0163416528707242,303,6,0.9431945538974952,0
177,2,0,7,0.2351860466316883,334,6,0.8884502877862838,0
178,5,1,7,0.270145553507265,348,6,0.8884502877862838,0
185,2,1,7,0.0879634544652216,263,6,0.8884502877862838,0
169,2,1,7,0.5137152750547335,237,6,0.9431945538974952,0
174,5,1,7,0.7157923189841373,352,6,0.8884502877862838,0
142,5,0,7,0.2820825204396813,343,6,0.8884502877862838,0
195,2,1,7,0.4659674073250686,224,6,0.8884502877862838,0
224,2,1,7,0.1038794103751098,317,6,0.9431945538974952,0
109,5,1,7,0.060110531622917,153,6,0.9431945538974952,0
176,2,0,7,0.1237743552624702,244,6,0.9431945538974952,0
188,5,0,7,0.1396903111723585,325,6,0.8884502877862838,0
228,5,0,7,0.6043806276149193,334,6,0.9431945538974952,0
182,2,0,7,0.7834351316011626,337,6,0.8884502877862838,0
185,5,0,7,0.8161184373426111,248,6,0.9431945538974952,0
156,2,0,7,0.0154902589490523,313,6,0.9431945538974952,0
146,2,1,7,0.4500514514151803,282,6,0.8884502877862838,0
247,5,1,7,0.3974732007863714,326,6,0.8884502877862838,0
169,2,0,7,0.0115112699715802,328,6,0.8884502877862838,0
254,5,0,7,0.3855362338539552,249,6,0.9431945538974952,0
206,2,0,7,0.3696202779440669,341,6,0.8884502877862838,0
198,2,0,7,0.0433431817913568,292,6,0.9431945538974952,0
259,5,1,7,0.5327588260204219,292,6,0.8884502877862838,0
194,2,0,7,0.5924436606825031,295,6,0.8884502877862838,0
142,5,1,7,0.5694211207393426,253,6,0.8884502877862838,0
207,5,1,7,0.1357113221948865,281,6,0.8884502877862838,0
226,5,1,7,0.7595611977363301,269,6,0.9431945538974952,0
167,2,1,7,0.4571580354484525,297,6,0.8884502877862838,0
194,5,1,7,0.3059564543045137,259,6,0.8884502877862838,0
219,2,1,7,0.1865867849803515,271,6,0.9431945538974952,0
83,5,0,7,0.3744506608432109,247,6,0.9431945538974952,0
105,2,1,7,0.6171689884690075,276,6,0.9431945538974952,0
200,2,0,7,0.0393641928138847,261,6,0.8884502877862838,0
249,5,1,7,0.055280148723773,335,6,0.8884502877862838,0
227,5,1,7,0.5805066937500868,315,6,0.9431945538974952,0
194,2,0,7,0.0322576087806125,294,6,0.8884502877862838,0
125,2,1,7,0.4977993191448452,204,6,0.8884502877862838,0
296,2,0,7,0.7476242308039139,382,6,0.9431945538974952,0
254,2,1,7,0.1229229613407983,303,6,0.9431945538974952,0
224,2,0,7,0.5327588260204219,343,6,0.9431945538974952,0
222,2,1,7,0.1914171678794955,260,6,0.8884502877862838,0
146,5,0,7,0.382408638798155,206,6,0.9431945538974952,0
135,2,1,7,0.5256522419871498,229,6,0.9431945538974952,0
304,2,1,7,0.5765277047726147,285,6,0.9431945538974952,0
240,5,0,7,0.214439707822656,298,6,0.8884502877862838,0
191,5,1,7,0.6242755725022796,298,6,0.9431945538974952,0
243,5,1,7,0.958510646609934,321,6,0.9431945538974952,0
140,2,1,7,0.3585347049333226,262,6,0.9431945538974952,0
169,2,0,7,0.2820825204396813,285,6,0.9431945538974952,0
187,5,1,7,0.1786288070254073,315,6,0.8884502877862838,0
146,2,1,7,0.3107868372036577,220,6,0.8884502877862838,0
281,5,1,7,0.0871120605435496,301,6,0.9431945538974952,0
206,2,0,7,0.6799814181868887,390,6,0.8884502877862838,0
166,5,1,7,0.2383136416874884,300,6,0.9431945538974952,0
127,5,1,7,0.1786288070254073,233,6,0.8884502877862838,0
225,2,1,7,0.0402155867355567,290,6,0.8884502877862838,0
116,2,0,7,0.652979889266256,215,6,0.8884502877862838,0
113,5,1,7,0.2033541348119117,260,6,0.8884502877862838,0
168,2,0,7,0.2232490796992721,211,6,0.8884502877862838,0
249,2,0,7,0.0194692479265244,341,6,0.9431945538974952,0
214,2,0,7,0.4173681456737318,342,6,0.9431945538974952,0
194,2,0,7,0.4492000574935084,319,6,0.9431945538974952,0
246,5,1,7,0.3664926828882667,292,6,0.8884502877862838,0
287,5,0,7,0.1786288070254073,282,6,0.9431945538974952,0
192,5,0,7,0.004404685938308,261,6,0.9431945538974952,0
298,2,1,7,0.4253261236286759,303,6,0.9431945538974952,0
235,2,1,7,0.8431199662632437,356,6,0.8884502877862838,0
210,2,0,7,0.2113121127668558,267,6,0.9431945538974952,0
230,2,0,7,0.4531790464709804,336,6,0.9431945538974952,0
207,2,1,7,0.4779043742574848,289,6,0.8884502877862838,0
182,2,0,7,0.2422926306649605,236,6,0.9431945538974952,0
234,2,1,7,0.10700700543091,247,6,0.8884502877862838,0
203,5,1,7,0.5057572970997893,289,6,0.8884502877862838,0
131,2,1,7,0.378429649820683,215,6,0.9431945538974952,0
143,5,1,7,0.0919424434426936,271,6,0.9431945538974952,0
224,2,1,7,0.2908918923162973,255,6,0.9431945538974952,0
244,5,0,7,0.0362365977580846,286,6,0.8884502877862838,0
156,2,1,7,0.0871120605435496,319,6,0.8884502877862838,0
151,2,1,7,0.1357113221948865,273,6,0.9431945538974952,0
270,5,1,7,0.9266787347901572,329,6,0.9431945538974952,0
214,2,1,7,0.3417673551017623,325,6,0.8884502877862838,0
285,2,1,7,0.9187207568352131,380,6,0.9431945538974952,0
112,5,0,7,0.4301565065278199,236,6,0.8884502877862838,0
213,2,0,7,0.1308809392957424,276,6,0.8884502877862838,0
208,2,1,7,0.214439707822656,316,6,0.9431945538974952,0
174,5,1,7,0.321872410214402,258,6,0.8884502877862838,0
148,2,0,7,0.7922445034777786,217,6,0.8884502877862838,0
228,2,1,7,0.6123386055698634,272,6,0.8884502877862838,0
173,2,1,7,0.0760264875328053,255,6,0.8884502877862838,0
243,2,0,7,0.0632381266787172,249,6,0.8884502877862838,0
164,2,0,7,0.4221985285728758,230,6,0.9431945538974952,0
264,5,1,7,1.0301324482044312,353,6,0.8884502877862838,0
183,5,0,7,0.1428179062281586,268,6,0.8884502877862838,0
251,2,1,7,0.0871120605435496,318,6,0.9431945538974952,0
156,2,1,7,0.0473221707688289,282,6,0.9431945538974952,0
171,5,1,7,0.0234482369039964,324,6,0.9431945538974952,0
222,5,0,7,0.3656412889665948,302,6,0.9431945538974952,0
158,2,0,7,0.3107868372036577,299,6,0.8884502877862838,0
123,5,0,7,0.3147658261811298,254,6,0.8884502877862838,0
133,2,1,7,0.7763285475678904,256,6,0.9431945538974952,0
132,2,1,7,0.7643915806354742,263,6,0.8884502877862838,0
233,5,0,7,1.06594334900168,400,6,0.9431945538974952,0
180,5,0,7,0.429305112606148,316,6,0.8884502877862838,0
192,2,1,7,0.2789549253838811,297,6,0.8884502877862838,0
159,5,1,7,0.2152911017443279,253,6,0.9431945538974952,0
127,5,1,7,0.373599266921539,352,6,0.9431945538974952,0
185,2,0,7,0.7365386577931696,232,6,0.9431945538974952,0
159,5,1,7,0.4460724624377082,256,6,0.9431945538974952,0
191,5,1,7,0.2781035314622092,342,6,0.8884502877862838,0
161,2,1,7,0.274975936406409,234,6,0.9431945538974952,0
248,2,0,7,0.6202965835248075,306,6,0.9431945538974952,0
243,2,1,7,0.0711961046336613,302,6,0.8884502877862838,0
89,5,1,7,0.3068078482261857,193,6,0.9431945538974952,0
217,5,0,7,0.1109859944083821,272,6,0.8884502877862838,0
159,5,0,7,0.4372630905610921,357,6,0.8884502877862838,0
297,5,1,7,0.7396662528489698,377,6,0.9431945538974952,0
197,2,1,7,0.2064817298677118,335,6,0.8884502877862838,0
161,5,0,7,0.1269019503182704,306,6,0.9431945538974952,0
161,2,1,7,0.6171689884690075,244,6,0.9431945538974952,0
174,2,0,7,0.0672171156561892,365,6,0.8884502877862838,0
184,2,1,7,0.111837388330054,259,6,0.8884502877862838,0
185,5,0,7,0.7564336026805301,216,6,0.8884502877862838,0
211,2,0,7,0.540716803975366,304,6,0.8884502877862838,0
240,5,0,7,0.0441945757130287,297,6,0.8884502877862838,0
152,2,0,7,0.2033541348119117,306,6,0.8884502877862838,0
312,5,1,7,1.3643675223120857,422,6,0.8884502877862838,0
242,2,1,7,1.0858382938890403,399,6,0.9431945538974952,0
135,2,1,7,0.5336102199420939,183,6,0.9431945538974952,0
182,2,0,7,0.4173681456737318,391,6,0.8884502877862838,0
198,2,0,7,0.6760024292094166,324,6,0.8884502877862838,0
228,2,0,7,0.0919424434426936,266,6,0.8884502877862838,0
228,5,0,7,0.2511020025415766,285,6,0.8884502877862838,0
201,2,0,7,0.2351860466316883,250,6,0.9431945538974952,0
166,5,1,7,0.7436452418264419,293,6,0.9431945538974952,0
195,5,1,7,0.4062825726629875,314,6,0.8884502877862838,0
188,2,0,7,0.2073331237893838,411,6,0.9431945538974952,0
170,5,1,7,0.0919424434426936,296,6,0.8884502877862838,0
153,2,0,7,0.4898413411899011,233,6,0.9431945538974952,0
217,2,0,7,0.0720474985553333,274,6,0.8884502877862838,0
174,5,0,7,0.1428179062281586,239,6,0.8884502877862838,0
225,2,1,7,0.163564245037191,317,6,0.9431945538974952,0
225,5,1,7,0.0632381266787172,304,6,0.8884502877862838,0
240,5,1,7,0.0592591377012451,280,6,0.9431945538974952,0
199,5,0,7,0.8311829993308275,382,6,0.9431945538974952,0
220,5,1,7,0.0950700384984938,287,6,0.8884502877862838,0
104,5,1,7,1.2617652028194837,194,6,0.8884502877862838,0
209,5,0,7,0.3178934212369299,251,6,0.9431945538974952,0
290,5,0,7,0.9505526686549896,442,6,0.9431945538974952,0
220,2,1,7,0.0163416528707242,290,6,0.8884502877862838,0
145,5,0,7,0.1993751458344396,253,6,0.8884502877862838,0
214,5,1,7,0.3465977380009064,283,6,0.8884502877862838,0
269,5,1,7,0.962489635587406,345,6,0.8884502877862838,0
137,2,0,7,0.1189439723633262,317,6,0.8884502877862838,0
235,5,1,7,0.2621875755523209,362,6,0.9431945538974952,0
225,5,0,7,0.4452210685160363,343,6,0.9431945538974952,0
189,2,0,7,0.4332841015836201,360,6,0.8884502877862838,0
171,2,1,7,0.4690950023808687,268,6,0.8884502877862838,0
215,2,0,7,0.1277533442399423,239,6,0.8884502877862838,0
281,2,1,7,0.2391650356091604,355,6,0.9431945538974952,0
198,2,0,7,0.807309065465995,259,6,0.9431945538974952,0
150,5,0,7,0.1109859944083821,182,6,0.9431945538974952,0
184,2,1,7,0.6680444512544724,324,6,0.9431945538974952,0
130,2,0,7,0.8192460323984113,372,6,0.9431945538974952,0
259,2,0,7,0.4173681456737318,330,6,0.8884502877862838,0
137,5,1,7,0.2670179584514649,256,6,0.8884502877862838,0
234,2,1,7,0.3099354432819858,300,6,0.8884502877862838,0
231,5,0,7,0.0004256969608359,312,6,0.9431945538974952,0
122,2,1,7,0.6728748341536165,208,6,0.9431945538974952,0
241,2,0,7,0.0751750936111334,317,6,0.9431945538974952,0
223,2,0,7,0.6521284953445842,305,6,0.9431945538974952,0
181,2,1,7,0.1030280164534379,289,6,0.8884502877862838,0
341,2,0,7,1.29672470969506,350,6,0.8884502877862838,0
286,2,0,7,0.910762778880269,395,6,0.9431945538974952,0
96,2,0,7,0.7484756247255858,200,6,0.9431945538974952,0
288,2,1,7,0.2502506086199046,324,6,0.8884502877862838,0
215,5,0,7,0.0115112699715802,325,6,0.8884502877862838,0
229,2,1,7,0.4531790464709804,356,6,0.8884502877862838,0
239,2,1,7,0.652979889266256,279,6,0.9431945538974952,0
108,2,1,7,0.1953961568569676,287,6,0.9431945538974952,0
273,2,1,7,0.3099354432819858,327,6,0.8884502877862838,0
230,2,1,7,0.4182195395954037,215,6,0.8884502877862838,0
260,2,1,7,0.699876363074249,330,6,0.9431945538974952,0
158,2,1,7,0.2471230135641045,243,6,0.9431945538974952,0
218,5,0,7,1.2251029081005629,367,6,0.9431945538974952,0
193,2,0,7,0.5296312309646218,261,6,0.9431945538974952,0
199,2,1,7,0.0402155867355567,293,6,0.8884502877862838,0
296,5,0,7,0.0839844654877495,369,6,0.8884502877862838,0
148,5,0,7,0.0711961046336613,277,6,0.9431945538974952,0
195,2,1,7,0.593295054604175,237,6,0.8884502877862838,0
157,5,0,7,0.0831330715660775,283,6,0.8884502877862838,0
153,2,1,7,0.1715222229921351,290,6,0.9431945538974952,0
313,2,1,7,1.2290818970780348,314,6,0.8884502877862838,0
142,5,0,7,0.0314062148589406,263,6,0.9431945538974952,0
201,5,1,7,0.0950700384984938,228,6,0.8884502877862838,0
209,5,0,7,0.2869129033388253,341,6,0.8884502877862838,0
216,5,1,7,0.1945447629352956,276,6,0.8884502877862838,0
176,5,1,7,0.0473221707688289,240,6,0.8884502877862838,0
162,2,0,7,0.1237743552624702,281,6,0.9431945538974952,0
185,5,1,7,0.1786288070254073,339,6,0.8884502877862838,0
110,2,0,7,0.10700700543091,237,6,0.8884502877862838,0
165,2,0,7,0.1388389172506866,293,6,0.8884502877862838,0
232,2,1,7,0.4770529803358129,303,6,0.8884502877862838,0
169,2,0,7,0.0919424434426936,332,6,0.8884502877862838,0
266,5,1,7,0.4531790464709804,329,6,0.8884502877862838,0
125,5,1,7,0.4372630905610921,315,6,0.9431945538974952,0
189,2,0,7,0.0322576087806125,311,6,0.8884502877862838,0
146,5,1,7,0.3068078482261857,267,6,0.8884502877862838,0
321,2,1,7,0.1149649833858541,236,6,0.9431945538974952,0
279,5,1,7,0.7714981646687463,351,6,0.9431945538974952,0
195,2,1,7,0.158733862138047,247,6,0.9431945538974952,0
292,2,1,7,0.1428179062281586,325,6,0.9431945538974952,0
137,2,1,7,1.0110888972387428,268,6,0.9431945538974952,0
191,5,1,7,0.9306577237676292,332,6,0.8884502877862838,0
228,5,0,7,0.1197953662849981,222,6,0.8884502877862838,0
160,5,1,7,0.377578255899011,322,6,0.9431945538974952,0
235,5,1,7,0.3019774653270416,334,6,0.8884502877862838,0
187,5,0,7,0.0163416528707242,264,6,0.8884502877862838,0
237,5,1,7,0.0640895206003891,297,6,0.9431945538974952,0
279,5,1,7,0.4770529803358129,344,6,0.9431945538974952,0
169,2,0,7,0.0680685095778612,306,6,0.9431945538974952,0
251,2,0,7,0.8192460323984113,349,6,0.9431945538974952,0
181,5,1,7,0.3616622999891227,342,6,0.9431945538974952,0
186,2,1,7,0.5128638811330616,279,6,0.9431945538974952,0
122,5,0,7,0.485862352212429,221,6,0.8884502877862838,0
227,5,1,7,0.3616622999891227,275,6,0.9431945538974952,0
152,2,0,7,0.6808328121085606,225,6,0.9431945538974952,0
192,2,1,7,0.3656412889665948,270,6,0.9431945538974952,0
164,2,1,7,0.1945447629352956,296,6,0.8884502877862838,0
314,2,0,7,1.288766731740116,426,6,0.9431945538974952,0
259,5,1,7,0.1706708290704632,267,6,0.9431945538974952,0
130,2,0,7,0.0990490274759658,265,6,0.8884502877862838,0
222,5,1,7,0.0990490274759658,347,6,0.9431945538974952,0
177,5,1,7,0.111837388330054,315,6,0.9431945538974952,0
272,2,0,7,0.1985237519127677,303,6,0.8884502877862838,0
193,5,0,7,0.0760264875328053,276,6,0.8884502877862838,0
166,5,0,7,0.326702793113546,278,6,0.8884502877862838,0
190,5,1,7,0.7197713079616094,296,6,0.9431945538974952,0
241,5,1,7,0.4850109582907571,344,6,0.9431945538974952,0
249,5,1,7,0.4611370244259246,328,6,0.9431945538974952,0
199,2,0,7,0.7396662528489698,384,6,0.8884502877862838,0
211,5,1,7,0.3338093771468182,286,6,0.8884502877862838,0
78,5,1,7,0.6370639333563678,207,6,0.8884502877862838,0
300,2,0,7,0.9784055914972942,421,6,0.9431945538974952,0
241,5,1,7,0.1746498180479352,371,6,0.9431945538974952,0
331,2,0,7,0.4412420795385642,368,6,0.8884502877862838,0
256,5,1,7,0.2073331237893838,324,6,0.8884502877862838,0
222,5,1,7,0.1507758841831028,335,6,0.8884502877862838,0
81,2,0,7,0.4023035836855154,267,6,0.8884502877862838,0
194,5,0,7,0.0592591377012451,289,6,0.8884502877862838,0
232,5,1,7,0.266166564529793,286,6,0.9431945538974952,0
150,2,0,7,0.2431440245866324,275,6,0.8884502877862838,0
225,2,1,7,0.6163175945473355,310,6,0.8884502877862838,0
142,5,0,7,0.2223976857776001,232,6,0.9431945538974952,0
164,2,0,7,0.3426187490234343,311,6,0.9431945538974952,0
158,2,0,7,0.5137152750547335,255,6,0.8884502877862838,0
105,2,0,7,1.023025864171159,228,6,0.8884502877862838,0
159,5,0,7,0.652979889266256,233,6,0.8884502877862838,0
230,2,1,7,0.0481735646905008,287,6,0.8884502877862838,0
215,5,0,7,0.0242996308256684,303,6,0.9431945538974952,0
220,2,1,7,0.4898413411899011,284,6,0.9431945538974952,0
163,2,0,7,0.382408638798155,194,6,0.9431945538974952,0
120,2,1,7,0.6410429223338399,226,6,0.9431945538974952,0
205,2,1,7,0.3068078482261857,206,6,0.9431945538974952,0
155,5,0,7,0.6848118010860327,179,6,0.9431945538974952,0
128,5,0,7,0.8956982168920526,250,6,0.9431945538974952,0
196,5,1,7,0.056131542645445,273,6,0.9431945538974952,0
161,2,1,7,0.274975936406409,226,6,0.8884502877862838,0
307,2,0,7,0.2979984763495695,358,6,0.8884502877862838,0
201,2,1,7,0.1953961568569676,301,6,0.9431945538974952,0
188,2,0,7,0.4977993191448452,283,6,0.9431945538974952,0
207,2,1,7,0.7047067459733931,269,6,0.9431945538974952,0
165,5,0,7,0.6282545614797517,266,6,0.8884502877862838,0
241,2,0,7,0.695897374096777,321,6,0.8884502877862838,0
214,5,1,7,0.0711961046336613,300,6,0.8884502877862838,0
122,2,0,7,0.0751750936111334,307,6,0.9431945538974952,0
142,2,1,7,0.429305112606148,320,6,0.9431945538974952,0
254,5,0,7,0.2670179584514649,239,6,0.9431945538974952,0
258,2,1,7,0.429305112606148,359,6,0.9431945538974952,0
265,5,0,7,1.0460484041143194,338,6,0.9431945538974952,0
132,5,0,7,0.7444966357481138,233,6,0.9431945538974952,0
246,2,0,7,0.8232250213758834,351,6,0.8884502877862838,0
204,2,1,7,0.6600864732995283,289,6,0.9431945538974952,0
193,2,0,7,0.3664926828882667,261,6,0.9431945538974952,0
208,2,0,7,0.1109859944083821,253,6,0.9431945538974952,0
211,2,0,7,0.3895152228314272,239,6,0.9431945538974952,0
220,5,0,7,0.9266787347901572,325,6,0.8884502877862838,0
298,5,0,7,0.429305112606148,342,6,0.8884502877862838,0
149,5,0,7,0.537589208919566,260,6,0.9431945538974952,0
252,2,1,7,0.0521525536679729,248,6,0.8884502877862838,0
339,2,0,7,0.8829098560379645,300,6,0.8884502877862838,0
255,2,0,7,0.4889899472682291,334,6,0.8884502877862838,0
222,5,1,7,0.3505767269783785,278,6,0.9431945538974952,0
200,5,1,7,0.2343346527100163,277,6,0.9431945538974952,0
249,5,0,7,0.588464671705031,268,6,0.8884502877862838,0
188,2,0,7,0.7794561426236906,350,6,0.9431945538974952,0
167,2,0,7,0.4173681456737318,322,6,0.8884502877862838,0
193,2,0,7,0.6083596165923914,291,6,0.8884502877862838,0
183,5,1,7,0.4133891566962597,408,6,0.9431945538974952,0
250,2,0,7,0.7754771536462185,383,6,0.8884502877862838,0
280,2,1,7,0.9147417678577412,347,6,0.8884502877862838,0
212,5,0,7,0.7953720985335788,340,6,0.8884502877862838,0
190,2,0,7,0.3696202779440669,291,6,0.8884502877862838,0
237,5,0,7,0.2789549253838811,263,6,0.8884502877862838,0
157,5,0,7,0.0322576087806125,236,6,0.8884502877862838,0
231,5,1,7,0.9943215474071824,286,6,0.9431945538974952,0
260,2,0,7,0.4850109582907571,371,6,0.9431945538974952,0
228,5,0,7,0.3386397600459622,288,6,0.8884502877862838,0
161,2,1,7,0.6171689884690075,260,6,0.8884502877862838,0
205,5,0,7,0.3585347049333226,277,6,0.9431945538974952,0
208,5,0,7,0.055280148723773,334,6,0.9431945538974952,0
221,2,1,7,0.6123386055698634,348,6,0.8884502877862838,0
151,2,0,7,0.214439707822656,304,6,0.8884502877862838,0
239,2,1,7,0.270145553507265,355,6,0.8884502877862838,0
175,2,1,7,0.1396903111723585,278,6,0.9431945538974952,0
345,2,0,7,0.8192460323984113,415,6,0.8884502877862838,0
231,5,0,7,0.2582085865748488,331,6,0.9431945538974952,0
193,5,0,7,0.7595611977363301,302,6,0.8884502877862838,0
254,5,0,7,0.0592591377012451,298,6,0.9431945538974952,0
216,2,0,7,0.4452210685160363,305,6,0.8884502877862838,0
112,2,1,7,0.7086857349508652,232,6,0.9431945538974952,0
126,5,0,7,0.5455471868745101,175,6,0.9431945538974952,0
227,2,0,7,0.2272280686767442,285,6,0.9431945538974952,0
208,2,0,7,0.0711961046336613,288,6,0.9431945538974952,0
190,5,1,7,0.0791540825886055,334,6,0.9431945538974952,0
179,5,1,7,0.5734001097168147,245,6,0.8884502877862838,0
247,5,0,7,0.1794802009470793,269,6,0.9431945538974952,0
229,2,0,7,0.6521284953445842,296,6,0.9431945538974952,0
100,6,0,9,0.593295054604175,322,11,1.804272708628173,0
211,6,0,9,0.485862352212429,341,11,0.8884502877862838,0
303,6,0,9,0.4730739913583408,421,11,0.8884502877862838,0
198,6,0,9,0.1914171678794955,395,11,0.9431945538974952,0
292,6,0,10,0.1476482891273027,367,11,0.9431945538974952,0
213,6,0,10,0.2303556637325443,458,11,1.804272708628173,0
194,6,0,10,0.1237743552624702,400,11,0.9431945538974952,0
170,6,0,9,0.2502506086199046,400,11,0.8884502877862838,0
189,6,0,10,0.266166564529793,429,11,0.8884502877862838,0
232,6,0,10,0.2152911017443279,413,11,1.804272708628173,0
214,6,0,10,0.5088848921555895,379,11,1.804272708628173,0
101,6,0,10,0.3187448151586018,393,11,0.9431945538974952,0
202,6,0,9,0.0154902589490523,417,11,1.804272708628173,0
231,6,0,9,0.3068078482261857,375,11,0.8884502877862838,0
294,6,0,10,0.0083836749157801,428,11,0.9431945538974952,0
184,6,0,9,0.0680685095778612,405,11,1.804272708628173,0
254,6,0,9,0.0473221707688289,385,11,0.9431945538974952,0
188,6,0,10,0.3537043220341786,451,11,0.9431945538974952,0
94,6,0,9,0.2908918923162973,334,11,1.804272708628173,0
240,6,0,10,0.2303556637325443,449,11,0.9431945538974952,0
183,6,0,9,0.2192700907218,338,11,1.804272708628173,0
215,6,0,10,0.2940194873720975,456,11,0.9431945538974952,0
264,6,0,9,0.2900404983946254,400,11,0.9431945538974952,0
281,6,0,10,0.540716803975366,473,11,0.8884502877862838,0
198,6,0,9,0.0274272258814685,381,11,0.8884502877862838,0
258,6,0,9,0.0680685095778612,456,11,0.8884502877862838,0
191,6,0,10,0.004404685938308,335,11,0.9431945538974952,0
274,6,0,10,0.1715222229921351,448,11,0.9431945538974952,0
138,6,0,10,0.2948708812937694,335,11,0.9431945538974952,0
217,6,0,10,0.1666918400929911,385,11,1.804272708628173,0
209,6,0,10,0.0879634544652216,381,11,1.804272708628173,0
164,6,0,9,0.0433431817913568,439,11,0.9431945538974952,0
255,6,0,9,0.1786288070254073,404,11,1.804272708628173,0
198,6,0,10,0.1715222229921351,474,11,1.804272708628173,0
237,6,0,9,0.2383136416874884,514,11,0.8884502877862838,0
133,6,0,9,0.1834591899245513,439,11,0.9431945538974952,0
238,6,0,9,0.2232490796992721,382,11,1.804272708628173,0
190,6,0,10,0.2272280686767442,285,11,1.804272708628173,0
205,6,0,9,0.1706708290704632,454,11,0.9431945538974952,0
195,6,0,9,0.1317323332174144,432,11,0.8884502877862838,0
342,6,0,10,0.2582085865748488,433,11,0.8884502877862838,0
221,6,0,10,0.326702793113546,360,11,0.9431945538974952,0
154,6,0,9,0.1229229613407983,417,11,1.804272708628173,0
175,6,0,9,0.2869129033388253,374,11,0.8884502877862838,0
178,6,0,9,0.2908918923162973,434,11,0.8884502877862838,0
143,6,0,10,0.0035532920166361,379,11,0.8884502877862838,0
246,6,0,9,0.1786288070254073,456,11,0.9431945538974952,0
292,6,0,10,0.3537043220341786,417,11,0.8884502877862838,0
107,6,0,10,0.3943456057305713,350,11,0.9431945538974952,0
107,6,0,9,0.1396903111723585,337,11,1.804272708628173,0
217,6,0,10,0.0959214324201657,344,11,1.804272708628173,0
266,6,0,9,0.3019774653270416,460,11,0.9431945538974952,0
107,6,0,10,0.4062825726629875,355,11,0.8884502877862838,0
225,6,0,9,0.1547548731605749,434,11,1.804272708628173,0
236,6,0,10,0.2630389694739928,375,11,1.804272708628173,0
200,6,0,10,0.0879634544652216,415,11,1.804272708628173,0
219,6,0,10,0.1666918400929911,457,11,0.9431945538974952,0
237,6,0,10,0.2979984763495695,475,11,0.9431945538974952,0
173,6,0,9,0.2223976857776001,428,11,0.8884502877862838,0
280,6,0,10,0.3974732007863714,453,11,0.9431945538974952,0
226,6,0,9,0.5049059031781175,473,11,1.804272708628173,0
196,6,0,9,0.1388389172506866,452,11,1.804272708628173,0
250,6,0,9,0.1556062670822468,414,11,1.804272708628173,0
219,6,0,10,0.1556062670822468,409,11,0.8884502877862838,0
273,6,0,10,0.4730739913583408,497,11,0.8884502877862838,0
162,6,0,10,0.1038794103751098,436,11,0.8884502877862838,0
176,6,0,10,0.0035532920166361,409,11,1.804272708628173,0
229,6,0,10,0.1277533442399423,382,11,1.804272708628173,0
215,6,0,9,0.1197953662849981,422,11,0.9431945538974952,0
160,6,0,10,0.6291059554014237,355,11,0.9431945538974952,0
191,6,0,9,0.10700700543091,399,11,0.9431945538974952,0
158,6,0,10,0.2869129033388253,404,11,0.9431945538974952,0
280,6,0,9,0.1905657739578236,388,11,1.804272708628173,0
152,6,0,10,0.5574841538069263,357,11,0.8884502877862838,0
232,6,0,9,0.4810319693132849,429,11,0.8884502877862838,0
199,6,0,9,0.1834591899245513,300,11,1.804272708628173,0
196,6,0,10,0.3576833110116507,416,11,1.804272708628173,0
210,6,0,10,0.1666918400929911,434,11,0.9431945538974952,0
284,6,0,10,0.3417673551017623,482,11,1.804272708628173,0
177,6,0,9,0.0115112699715802,438,11,0.8884502877862838,0
225,6,0,9,0.4261775175503479,322,11,1.804272708628173,0
175,6,0,9,0.1237743552624702,388,11,1.804272708628173,0
282,6,0,9,0.1348599282732145,439,11,0.9431945538974952,0
195,6,0,9,0.1158163773075261,410,11,1.804272708628173,0
266,6,0,9,0.3298303881693462,450,11,1.804272708628173,0
190,6,0,9,0.0035532920166361,417,11,0.8884502877862838,0
240,6,0,10,0.0839844654877495,359,11,1.804272708628173,0
137,6,0,10,0.3426187490234343,383,11,0.8884502877862838,0
104,6,0,10,0.2272280686767442,407,11,0.9431945538974952,0
214,6,0,10,0.3585347049333226,350,11,1.804272708628173,0
241,6,0,10,0.1308809392957424,404,11,0.8884502877862838,0
96,6,0,9,0.0592591377012451,366,11,0.8884502877862838,0
182,6,0,10,0.0791540825886055,390,11,0.8884502877862838,0
214,6,0,9,0.2343346527100163,457,11,0.8884502877862838,0
221,6,0,10,0.0640895206003891,370,11,1.804272708628173,0
325,6,0,10,0.2064817298677118,422,11,0.9431945538974952,0
211,6,0,10,0.2104607188451839,392,11,0.8884502877862838,0
198,6,0,10,0.4261775175503479,330,11,0.9431945538974952,0
217,6,0,9,0.2263766747550722,356,11,0.8884502877862838,0
176,6,0,9,0.060110531622917,358,11,0.9431945538974952,0
202,6,0,9,0.2073331237893838,324,11,1.804272708628173,0
151,6,0,9,0.1874381789020234,347,11,1.804272708628173,0
187,6,0,10,0.0990490274759658,457,11,0.8884502877862838,0
267,6,0,9,0.0154902589490523,459,11,1.804272708628173,0
252,6,0,10,0.0800054765102774,453,11,0.8884502877862838,0
85,6,0,10,0.6171689884690075,271,11,0.8884502877862838,0
142,6,0,9,0.3227238041360739,309,11,0.8884502877862838,0
209,6,0,9,0.111837388330054,470,11,0.8884502877862838,0
174,6,0,9,0.434135495505292,361,11,1.804272708628173,0
199,6,0,10,0.1786288070254073,420,11,0.8884502877862838,0
172,6,0,9,0.1317323332174144,367,11,0.9431945538974952,0
247,6,0,10,0.0353852038364127,422,11,0.9431945538974952,0
284,6,0,9,0.111837388330054,436,11,0.8884502877862838,0
217,6,0,9,0.0999004213976378,386,11,1.804272708628173,0
213,6,0,9,0.2462716196424326,469,11,1.804272708628173,0
272,6,0,9,0.266166564529793,418,11,0.8884502877862838,0
241,6,0,10,0.2741245424847371,416,11,0.9431945538974952,0
257,6,0,10,0.1945447629352956,488,11,1.804272708628173,0
231,6,0,10,0.2471230135641045,353,11,0.8884502877862838,0
247,6,0,10,0.3417673551017623,485,11,1.804272708628173,0
246,6,0,9,0.0393641928138847,409,11,0.9431945538974952,0
159,6,0,9,0.1078583993525819,375,11,1.804272708628173,0
170,6,0,10,0.0640895206003891,392,11,0.8884502877862838,0
180,6,0,10,0.1834591899245513,366,11,0.8884502877862838,0
204,6,0,10,0.3258513991918741,449,11,0.9431945538974952,0
271,6,0,9,0.3139144322594578,497,11,0.9431945538974952,0
145,6,0,9,0.1158163773075261,333,11,0.9431945538974952,0
288,6,0,10,0.2462716196424326,416,11,0.8884502877862838,0
172,6,0,10,0.2789549253838811,411,11,0.8884502877862838,0
247,6,0,9,0.1030280164534379,446,11,0.8884502877862838,0
173,6,0,10,0.1715222229921351,419,11,0.9431945538974952,0
127,6,0,10,0.4898413411899011,313,11,0.8884502877862838,0
123,6,0,10,0.4221985285728758,348,11,1.804272708628173,0
162,6,0,9,0.541568197897038,262,11,0.9431945538974952,0
279,6,0,9,0.377578255899011,444,11,1.804272708628173,0
191,6,0,9,0.0592591377012451,435,11,1.804272708628173,0
184,6,0,10,0.0004256969608359,408,11,0.9431945538974952,0
151,6,0,9,0.1237743552624702,373,11,0.9431945538974952,0
118,6,0,10,0.2829339143613532,346,11,0.9431945538974952,0
204,6,0,10,0.2113121127668558,383,11,0.8884502877862838,0
168,6,0,9,0.1197953662849981,425,11,1.804272708628173,0
176,6,0,9,0.0115112699715802,406,11,0.9431945538974952,0
114,6,0,10,0.1516272781047747,385,11,0.8884502877862838,0
281,6,0,9,0.5805066937500868,425,11,0.8884502877862838,0
205,6,0,9,0.0513011597463009,452,11,0.8884502877862838,0
192,6,0,9,0.373599266921539,437,11,0.9431945538974952,0
240,6,0,9,0.0871120605435496,374,11,1.804272708628173,0
209,6,0,10,0.4659674073250686,371,11,0.9431945538974952,0
194,6,0,10,0.0123626638932521,323,11,1.804272708628173,0
190,6,0,9,0.0322576087806125,407,11,0.9431945538974952,0
194,6,0,9,0.0473221707688289,397,11,0.9431945538974952,0
256,6,0,9,0.0481735646905008,432,11,0.8884502877862838,0
179,6,0,10,0.0194692479265244,411,11,1.804272708628173,0
171,6,0,10,0.2073331237893838,378,11,0.8884502877862838,0
224,6,0,10,0.2550809915190487,405,11,0.9431945538974952,0
186,6,0,9,0.1436693001498306,391,11,0.8884502877862838,0
243,6,0,9,0.1914171678794955,398,11,0.9431945538974952,0
286,6,0,9,0.1467968952056307,450,11,0.8884502877862838,0
243,6,0,10,0.5446957929528382,479,11,0.9431945538974952,0
277,6,0,10,0.0751750936111334,450,11,0.9431945538974952,0
269,6,0,9,0.1436693001498306,382,11,1.804272708628173,0
205,6,0,10,0.2192700907218,418,11,0.8884502877862838,0
283,6,0,9,0.0035532920166361,470,11,0.9431945538974952,0
201,6,0,10,0.1237743552624702,352,11,0.8884502877862838,0
111,6,0,10,0.1189439723633262,374,11,0.9431945538974952,0
176,6,0,10,0.0282786198031404,384,11,0.8884502877862838,0
263,6,0,9,0.1556062670822468,320,11,1.804272708628173,0
141,6,0,9,0.0959214324201657,355,11,1.804272708628173,0
69,6,0,9,0.3983245947080434,306,11,1.804272708628173,0
212,6,0,10,0.2152911017443279,311,11,1.804272708628173,0
214,6,0,10,0.0720474985553333,421,11,1.804272708628173,0
281,6,0,10,0.1706708290704632,446,11,1.804272708628173,0
166,6,0,10,0.0959214324201657,365,11,1.804272708628173,0
150,6,0,10,0.1436693001498306,403,11,1.804272708628173,0
173,6,0,9,0.3903666167530992,396,11,0.9431945538974952,0
185,6,0,10,0.2025027408902398,406,11,0.8884502877862838,0
254,6,0,9,0.0513011597463009,430,11,0.8884502877862838,0
192,6,0,9,0.0083836749157801,425,11,1.804272708628173,0
135,6,0,9,0.0402155867355567,369,11,0.9431945538974952,0
217,6,0,10,0.0481735646905008,387,11,1.804272708628173,0
138,6,0,9,0.2391650356091604,409,11,1.804272708628173,0
93,6,0,9,0.3306817820910181,337,11,0.9431945538974952,0
218,6,0,10,0.3855362338539552,405,11,0.8884502877862838,0
141,6,0,9,0.1396903111723585,423,11,0.9431945538974952,0
178,6,0,9,0.1030280164534379,428,11,1.804272708628173,0
218,6,0,10,0.10700700543091,503,11,1.804272708628173,0
154,6,0,9,0.2312070576542162,471,11,0.9431945538974952,0
152,6,0,10,0.10700700543091,428,11,0.9431945538974952,0
244,6,0,9,0.4929689362457012,454,11,1.804272708628173,0
197,6,0,10,0.2621875755523209,465,11,0.8884502877862838,0
262,6,0,10,0.4969479252231732,447,11,1.804272708628173,0
182,6,0,9,0.4301565065278199,372,11,0.9431945538974952,0
162,6,0,9,0.4818833632349569,325,11,0.8884502877862838,0
168,6,0,10,0.3585347049333226,306,11,0.8884502877862838,0
167,6,0,10,0.1834591899245513,395,11,1.804272708628173,0
267,6,0,10,0.0760264875328053,398,11,1.804272708628173,0
192,6,0,10,0.0473221707688289,415,11,0.9431945538974952,0
300,6,0,9,0.2979984763495695,433,11,0.8884502877862838,0
132,6,0,9,0.7484756247255858,298,11,0.9431945538974952,0
153,6,0,10,0.2232490796992721,442,11,0.9431945538974952,0
134,6,0,9,0.597274043581647,320,11,0.9431945538974952,0
193,6,0,10,0.1189439723633262,396,11,0.9431945538974952,0
195,6,0,9,0.3178934212369299,423,11,0.8884502877862838,0
229,6,0,10,0.2192700907218,431,11,0.9431945538974952,0
262,6,0,10,0.2303556637325443,404,11,0.9431945538974952,0
200,6,0,10,0.373599266921539,432,11,1.804272708628173,0
245,6,0,10,0.5216732530096777,405,11,0.8884502877862838,0
215,6,0,10,0.1715222229921351,366,11,0.8884502877862838,0
287,6,0,10,0.0083836749157801,430,11,0.9431945538974952,0
267,6,0,10,0.1229229613407983,390,11,1.804272708628173,0
213,6,0,10,0.1197953662849981,389,11,0.8884502877862838,0
155,6,0,10,0.0322576087806125,377,11,0.8884502877862838,0
262,6,0,9,0.0950700384984938,376,11,0.9431945538974952,0
154,6,0,9,0.1953961568569676,398,11,0.8884502877862838,0
202,6,0,9,0.0441945757130287,396,11,0.9431945538974952,0
77,6,0,9,0.3983245947080434,382,11,0.8884502877862838,0
117,6,0,9,0.2550809915190487,290,11,1.804272708628173,0
268,6,0,9,0.0990490274759658,432,11,0.8884502877862838,0
221,6,0,9,0.6131899994915354,366,11,0.8884502877862838,0
257,6,0,9,0.1666918400929911,426,11,1.804272708628173,0
215,6,0,9,0.1914171678794955,422,11,0.8884502877862838,0
217,6,0,10,0.0879634544652216,425,11,0.8884502877862838,0
275,6,0,10,0.2630389694739928,377,11,0.9431945538974952,0
342,6,0,9,0.1666918400929911,461,11,1.804272708628173,0
111,6,0,9,0.0711961046336613,418,11,0.8884502877862838,0
189,6,0,9,0.6251269664239516,318,11,1.804272708628173,0
216,6,0,10,0.0871120605435496,367,11,0.8884502877862838,0
238,6,0,10,0.2033541348119117,383,11,0.9431945538974952,0
174,6,0,9,0.5336102199420939,316,11,1.804272708628173,0
250,6,0,9,0.0481735646905008,421,11,0.8884502877862838,0
183,6,0,10,0.1467968952056307,396,11,0.8884502877862838,0
199,6,0,9,0.10700700543091,412,11,0.8884502877862838,0
217,6,0,9,0.4420934734602362,383,11,1.804272708628173,0
285,6,0,9,0.3497253330567065,446,11,0.9431945538974952,0
179,6,0,10,0.2582085865748488,399,11,1.804272708628173,0
215,6,0,10,0.2104607188451839,488,11,0.9431945538974952,0
248,6,0,9,0.1158163773075261,388,11,0.8884502877862838,0
298,6,0,9,0.5614631427843984,391,11,0.8884502877862838,0
191,6,0,9,0.1507758841831028,420,11,1.804272708628173,0
143,6,0,9,0.0640895206003891,441,11,1.804272708628173,0
193,6,0,9,0.2422926306649605,399,11,0.8884502877862838,0
253,6,0,10,0.321872410214402,445,11,0.8884502877862838,0
197,6,0,10,0.4898413411899011,390,11,1.804272708628173,0
158,6,0,9,0.3664926828882667,380,11,0.9431945538974952,0
156,6,0,9,0.1826077960028794,423,11,0.8884502877862838,0
143,6,0,10,0.5734001097168147,332,11,0.8884502877862838,0
218,6,0,10,0.3497253330567065,467,11,0.8884502877862838,0
125,6,0,10,0.4898413411899011,327,11,0.8884502877862838,0
219,6,0,9,0.0831330715660775,384,11,0.8884502877862838,0
172,6,0,10,0.0035532920166361,405,11,0.8884502877862838,0
208,6,0,9,0.3068078482261857,314,11,0.9431945538974952,0
185,6,0,10,0.214439707822656,424,11,0.9431945538974952,0
136,6,0,10,0.8360133822299715,339,11,0.8884502877862838,0
160,6,0,9,0.0959214324201657,371,11,0.8884502877862838,0
202,6,0,10,0.0831330715660775,402,11,0.9431945538974952,0
156,6,0,9,0.3983245947080434,332,11,0.9431945538974952,0
222,6,0,9,0.0274272258814685,399,11,0.9431945538974952,0
221,6,0,10,0.3068078482261857,439,11,1.804272708628173,0
236,6,0,10,0.2064817298677118,440,11,1.804272708628173,0
213,6,0,10,0.1357113221948865,444,11,1.804272708628173,0
275,6,0,10,0.2303556637325443,437,11,0.9431945538974952,0
274,6,0,10,0.0959214324201657,466,11,1.804272708628173,0
211,6,0,9,0.0672171156561892,421,11,1.804272708628173,0
286,6,0,10,0.0720474985553333,423,11,1.804272708628173,0
157,6,0,9,0.4301565065278199,336,11,1.804272708628173,0
250,6,0,10,0.4094101677187876,388,11,1.804272708628173,0
162,6,0,9,0.2590599804965208,334,11,0.8884502877862838,0
206,6,0,10,0.0163416528707242,361,11,1.804272708628173,0
329,6,0,9,0.2303556637325443,473,11,0.8884502877862838,0
233,6,0,10,0.1826077960028794,487,11,1.804272708628173,0
218,6,0,10,0.0163416528707242,443,11,1.804272708628173,0
241,6,0,10,0.4651160134033967,533,11,1.804272708628173,0
207,6,0,10,0.3505767269783785,354,11,1.804272708628173,0
202,6,0,9,0.4062825726629875,394,11,1.804272708628173,0
128,6,0,10,0.434135495505292,276,11,0.9431945538974952,0
215,6,0,10,0.2431440245866324,347,11,0.9431945538974952,0
241,6,0,9,0.3696202779440669,481,11,0.8884502877862838,0
211,6,0,9,0.2988498702712415,324,11,1.804272708628173,0
261,6,0,9,0.3576833110116507,475,11,1.804272708628173,0
139,6,0,9,0.167543234014663,399,11,0.8884502877862838,0
254,6,0,9,0.1357113221948865,394,11,0.8884502877862838,0
212,6,0,10,0.274975936406409,386,11,1.804272708628173,0
269,6,0,10,0.1308809392957424,443,11,0.9431945538974952,0
122,6,0,10,0.3465977380009064,230,11,0.9431945538974952,0
188,6,0,9,0.1158163773075261,392,11,0.9431945538974952,0
203,6,0,10,0.321872410214402,432,11,0.9431945538974952,0
245,6,0,10,0.0481735646905008,416,11,1.804272708628173,0
238,6,0,10,0.2033541348119117,415,11,0.9431945538974952,0
183,6,0,10,0.1396903111723585,388,11,0.8884502877862838,0
232,6,0,9,0.2152911017443279,366,11,0.9431945538974952,0
229,6,0,10,0.1516272781047747,357,11,0.9431945538974952,0
187,6,0,10,0.4412420795385642,454,11,0.9431945538974952,0
197,6,0,9,0.163564245037191,398,11,0.9431945538974952,0
260,6,0,10,0.0521525536679729,354,11,1.804272708628173,0
117,6,0,9,0.3505767269783785,326,11,0.8884502877862838,0
194,6,0,10,0.3187448151586018,358,11,0.9431945538974952,0
128,6,0,10,0.1229229613407983,396,11,0.8884502877862838,0
177,6,0,9,0.1834591899245513,403,11,0.8884502877862838,0
164,6,0,9,0.0123626638932521,356,11,1.804272708628173,0
103,6,0,9,0.4699463963025407,361,11,0.9431945538974952,0
180,6,0,9,0.4619884183475966,350,11,0.8884502877862838,0
141,6,0,10,0.3068078482261857,399,11,1.804272708628173,0
199,6,0,10,0.0879634544652216,353,11,0.8884502877862838,0
243,6,0,9,0.1507758841831028,419,11,1.804272708628173,0
107,6,0,10,0.1953961568569676,367,11,0.8884502877862838,0
240,6,0,10,0.167543234014663,364,11,0.9431945538974952,0
122,6,0,9,0.434135495505292,368,11,0.8884502877862838,0
205,6,0,9,0.0163416528707242,404,11,0.8884502877862838,0
172,6,0,10,0.0592591377012451,366,11,1.804272708628173,0
167,6,0,9,0.274975936406409,374,11,0.9431945538974952,0
187,6,0,9,0.1556062670822468,349,11,0.9431945538974952,0
193,6,0,10,0.2630389694739928,393,11,0.8884502877862838,0
182,6,0,10,0.2590599804965208,396,11,1.804272708628173,0
240,6,0,10,0.1277533442399423,392,11,0.8884502877862838,0
263,6,0,10,0.2391650356091604,318,11,0.9431945538974952,0
225,6,0,10,0.541568197897038,304,11,0.9431945538974952,0
171,6,0,9,0.0959214324201657,366,11,0.9431945538974952,0
154,6,0,9,0.0203206418481963,386,11,0.8884502877862838,0
194,6,0,9,0.2312070576542162,373,11,0.8884502877862838,0
224,6,0,9,0.3943456057305713,351,11,0.8884502877862838,0
119,6,0,9,0.2988498702712415,333,11,0.9431945538974952,0
217,6,0,9,0.270145553507265,492,11,0.9431945538974952,0
210,6,0,9,0.0950700384984938,357,11,1.804272708628173,0
201,6,0,9,0.3107868372036577,388,11,1.804272708628173,0
257,6,0,9,0.5685697268176706,415,11,1.804272708628173,0
227,6,0,10,0.4850109582907571,451,11,0.9431945538974952,0
105,6,0,9,0.4739253852800127,340,11,0.8884502877862838,0
208,6,0,9,0.5336102199420939,365,11,1.804272708628173,0
252,6,0,9,0.6083596165923914,460,11,0.9431945538974952,0
167,6,0,9,0.2988498702712415,349,11,0.8884502877862838,0
127,6,0,10,0.163564245037191,415,11,0.8884502877862838,0
212,6,0,10,0.2343346527100163,435,11,1.804272708628173,0
208,6,0,10,0.0711961046336613,410,11,0.9431945538974952,0
214,6,0,9,0.1109859944083821,456,11,0.9431945538974952,0
235,6,0,9,0.4173681456737318,455,11,0.8884502877862838,0
195,6,0,10,0.377578255899011,400,11,0.8884502877862838,0
159,6,0,10,0.4571580354484525,443,11,1.804272708628173,0
243,6,0,9,0.0203206418481963,413,11,0.8884502877862838,0
216,6,0,9,0.0871120605435496,438,11,0.8884502877862838,0
101,6,0,9,0.4460724624377082,294,11,0.8884502877862838,0
283,6,0,9,0.5088848921555895,441,11,0.8884502877862838,0
219,6,0,10,0.2900404983946254,434,11,0.8884502877862838,0
202,6,0,9,0.2025027408902398,419,11,0.8884502877862838,0
159,6,0,9,0.2033541348119117,373,11,0.8884502877862838,0
185,6,0,10,0.4062825726629875,377,11,1.804272708628173,0
103,6,0,10,0.1953961568569676,387,11,1.804272708628173,0
227,6,0,9,0.3457463440792345,492,11,1.804272708628173,0
311,6,0,10,0.4173681456737318,468,11,1.804272708628173,0
95,6,0,10,0.6251269664239516,282,11,1.804272708628173,0
140,6,0,9,0.0521525536679729,428,11,0.9431945538974952,0
170,6,0,10,0.5495261758519822,260,11,1.804272708628173,0
138,6,0,9,0.055280148723773,389,11,0.8884502877862838,0
144,6,0,9,0.6728748341536165,299,11,1.804272708628173,0
1048,2,5,0,0.6481495063671121,1975,10,0.9431945538974952,0
928,2,5,9,0.5606117488627265,1710,0,1.804272708628173,0
1296,2,5,0,0.214439707822656,2003,0,0.9431945538974952,0
540,2,5,9,0.1317323332174144,1673,0,0.9431945538974952,0
1009,2,5,0,0.9465736796775176,2064,10,0.9431945538974952,0
847,2,5,9,0.0194692479265244,1742,10,0.9431945538974952,0
678,2,5,9,0.0234482369039964,1501,0,0.9431945538974952,0
909,2,5,0,0.2940194873720975,1924,10,1.804272708628173,0
1206,5,5,0,0.7317082748940257,1997,10,0.9431945538974952,0
1034,5,5,0,0.5725487157951427,2027,0,0.9431945538974952,0
909,5,5,0,0.6123386055698634,2039,10,0.9431945538974952,0
1207,5,5,0,0.9545316576324616,2204,10,0.9431945538974952,0
903,2,5,0,0.4452210685160363,2038,10,0.9431945538974952,0
845,5,5,0,0.7913931095561068,1915,10,0.9431945538974952,0
996,2,5,0,0.6043806276149193,1953,0,0.9431945538974952,0
1127,5,5,0,0.5606117488627265,1859,10,0.9431945538974952,0
1196,5,5,9,0.4690950023808687,2019,0,0.9431945538974952,0
1075,2,5,9,1.2091869521906744,2277,0,0.9431945538974952,0
883,5,5,9,0.1786288070254073,1748,10,1.804272708628173,0
727,2,5,9,0.2343346527100163,1882,10,1.804272708628173,0
645,5,5,0,0.0314062148589406,1864,10,1.804272708628173,0
1113,5,5,0,0.5327588260204219,1823,0,0.9431945538974952,0
1210,5,5,9,0.6362125394346959,1976,0,0.9431945538974952,0
1061,2,5,0,0.5606117488627265,1902,10,0.9431945538974952,0
1270,2,5,0,0.8351619883082996,2066,10,1.804272708628173,0
1171,2,5,0,0.6720234402319445,2124,0,1.804272708628173,0
812,5,5,9,0.4014521897638435,1745,0,1.804272708628173,0
716,5,5,0,0.1945447629352956,1956,10,0.9431945538974952,0
996,5,5,9,0.162712851115519,2077,10,0.9431945538974952,0
959,5,5,0,0.3178934212369299,2034,0,0.9431945538974952,0
1141,5,5,0,0.4452210685160363,1776,10,1.804272708628173,0
1277,5,5,9,1.3723255002670296,2180,10,0.9431945538974952,0
1016,2,5,9,1.0181954812720149,2216,10,0.9431945538974952,0
696,5,5,9,0.2184186968001281,1772,10,1.804272708628173,0
962,2,5,9,0.9028048009253248,1933,0,0.9431945538974952,0
954,2,5,0,0.7595611977363301,2094,0,0.9431945538974952,0
765,2,5,9,0.4133891566962597,1847,0,0.9431945538974952,0
888,5,5,9,0.695897374096777,1905,10,0.9431945538974952,0
814,5,5,0,0.0672171156561892,1868,10,0.9431945538974952,0
916,5,5,9,0.2621875755523209,2030,10,1.804272708628173,0
773,5,5,9,0.7197713079616094,2003,10,1.804272708628173,0
846,2,5,0,0.0711961046336613,1675,10,1.804272708628173,0
873,2,5,0,0.3338093771468182,1996,10,0.9431945538974952,0
1126,5,5,0,0.3696202779440669,1984,0,1.804272708628173,0
883,5,5,9,0.5725487157951427,1884,10,0.9431945538974952,0
798,2,5,0,0.3457463440792345,1974,0,0.9431945538974952,0
1101,2,5,0,0.4452210685160363,2045,10,1.804272708628173,0
984,5,5,9,0.6680444512544724,1896,10,1.804272708628173,0
938,2,5,9,0.3855362338539552,2016,0,1.804272708628173,0
934,5,5,9,0.962489635587406,2110,10,1.804272708628173,0
986,5,5,0,0.6600864732995283,1904,0,0.9431945538974952,0
741,5,5,0,0.5805066937500868,1931,10,1.804272708628173,0
944,5,5,9,0.4651160134033967,1857,10,0.9431945538974952,0
1115,5,5,0,0.5526537709077823,1834,0,0.9431945538974952,0
1240,2,5,0,0.966468624564878,1968,0,1.804272708628173,0
914,5,5,9,0.3298303881693462,1806,0,0.9431945538974952,0
1206,2,5,0,1.0540063820692636,2153,10,1.804272708628173,0
958,5,5,9,0.5049059031781175,1991,0,0.9431945538974952,0
1244,2,5,9,1.1296071726412331,2067,0,0.9431945538974952,0
950,5,5,0,0.5685697268176706,1872,10,1.804272708628173,0
878,5,5,9,0.6322335504572237,1914,10,1.804272708628173,0
795,2,5,0,0.0115112699715802,1668,10,0.9431945538974952,0
1013,2,5,9,0.1467968952056307,1958,10,1.804272708628173,0
1073,5,5,9,0.958510646609934,1921,0,0.9431945538974952,0
1038,5,5,0,0.8152670434209391,2056,10,0.9431945538974952,0
811,2,5,0,0.2621875755523209,1808,10,0.9431945538974952,0
1132,5,5,0,0.7317082748940257,1912,0,0.9431945538974952,0
1082,2,5,0,0.9823845804747664,2226,0,0.9431945538974952,0
1166,2,5,9,0.97044761354235,2126,0,0.9431945538974952,0
1070,2,5,0,0.3258513991918741,1733,10,1.804272708628173,0
693,5,5,0,0.0711961046336613,1828,0,0.9431945538974952,0
799,5,5,0,0.2184186968001281,1847,0,0.9431945538974952,0
918,5,5,9,0.1706708290704632,1999,0,0.9431945538974952,0
1059,5,5,9,0.6481495063671121,1921,0,0.9431945538974952,0
1105,2,5,9,0.6242755725022796,1991,10,1.804272708628173,0
868,2,5,9,0.1317323332174144,1559,0,1.804272708628173,0
794,5,5,9,0.5327588260204219,2113,0,1.804272708628173,0
1248,2,5,9,1.2609138088978116,2066,0,1.804272708628173,0
950,2,5,9,0.9226997458126852,2158,0,0.9431945538974952,0
689,2,5,9,0.060110531622917,1713,0,1.804272708628173,0
1324,2,5,0,0.7675191756912743,2065,10,0.9431945538974952,0
871,2,5,0,1.149502117528593,2073,10,0.9431945538974952,0
927,2,5,9,0.1874381789020234,1738,10,1.804272708628173,0
1007,5,5,0,0.5208218590880057,1908,0,1.804272708628173,0
892,5,5,9,0.3497253330567065,1888,10,1.804272708628173,0
1064,5,5,0,0.7595611977363301,2169,0,1.804272708628173,0
554,5,5,0,0.0990490274759658,1625,0,1.804272708628173,0
998,5,5,9,0.5725487157951427,2043,10,1.804272708628173,0
1130,5,5,0,0.807309065465995,1841,10,0.9431945538974952,0
1003,2,5,0,0.9346367127451014,1840,0,1.804272708628173,0
949,5,5,9,0.4492000574935084,1861,10,1.804272708628173,0
1015,2,5,9,0.3895152228314272,1966,10,0.9431945538974952,0
1372,5,5,9,1.233060886055507,2120,0,0.9431945538974952,0
1018,5,5,9,1.0778803159340962,2092,10,0.9431945538974952,0
1046,2,5,0,0.8192460323984113,1941,0,1.804272708628173,0
1044,2,5,9,0.4889899472682291,1855,0,1.804272708628173,0
1022,2,5,9,0.9306577237676292,1983,10,0.9431945538974952,0
954,5,5,0,0.6083596165923914,1881,10,0.9431945538974952,0
657,5,5,0,0.7754771536462185,2073,0,0.9431945538974952,0
1029,5,5,0,0.5844856827275589,1897,0,1.804272708628173,0
1070,5,5,9,0.7993510875110509,2047,0,0.9431945538974952,0
816,5,5,0,0.699876363074249,1841,10,0.9431945538974952,0
850,5,5,0,0.4531790464709804,1926,10,1.804272708628173,0
888,2,5,0,0.4770529803358129,1841,0,1.804272708628173,0
776,2,5,0,0.9505526686549896,2044,0,0.9431945538974952,0
1119,2,5,0,0.8510779442181878,1930,10,1.804272708628173,0
782,5,5,9,0.0640895206003891,1630,0,1.804272708628173,0
1098,5,5,9,0.8829098560379645,2014,10,0.9431945538974952,0
794,2,5,0,0.0154902589490523,1815,10,0.9431945538974952,0
962,5,5,9,1.0022795253621266,1993,0,0.9431945538974952,0
885,5,5,0,0.6760024292094166,2112,0,0.9431945538974952,0
891,5,5,9,0.5526537709077823,1791,0,1.804272708628173,0
1195,5,5,9,0.3656412889665948,1843,0,0.9431945538974952,0
1111,5,5,9,1.0181954812720149,2320,0,1.804272708628173,0
1032,5,5,9,0.3895152228314272,1900,0,0.9431945538974952,0
942,2,5,9,0.3855362338539552,1986,10,1.804272708628173,0
941,2,5,0,0.1189439723633262,1924,0,0.9431945538974952,0
976,2,5,9,0.4531790464709804,1851,10,0.9431945538974952,0
1000,2,5,0,0.3377883661242903,1949,10,1.804272708628173,0
864,2,5,9,0.4173681456737318,1955,0,0.9431945538974952,0
999,5,5,0,0.373599266921539,2063,0,1.804272708628173,0
1190,5,5,9,0.9147417678577412,2116,10,0.9431945538974952,0
1212,5,5,0,0.6799814181868887,1709,0,0.9431945538974952,0
1129,2,5,9,0.1865867849803515,1954,0,1.804272708628173,0
1028,5,5,9,0.6362125394346959,2085,0,0.9431945538974952,0
622,5,5,0,0.2829339143613532,1714,10,1.804272708628173,0
821,5,5,0,0.2542295975973768,1912,0,0.9431945538974952,0
861,5,5,0,0.5049059031781175,1804,10,1.804272708628173,0
599,5,5,0,0.3855362338539552,2036,10,0.9431945538974952,0
822,5,5,0,0.695897374096777,1911,10,0.9431945538974952,0
723,2,5,0,0.0871120605435496,1795,10,1.804272708628173,0
955,2,5,9,0.4173681456737318,2133,0,1.804272708628173,0
809,5,5,0,0.9386157017225736,1931,10,1.804272708628173,0
876,5,5,9,0.5924436606825031,1766,10,1.804272708628173,0
952,5,5,9,0.7237502969390814,1906,10,0.9431945538974952,0
1084,2,5,9,0.7317082748940257,1949,0,1.804272708628173,0
1430,2,5,0,0.8908678339929086,2158,0,0.9431945538974952,0
922,2,5,9,0.6083596165923914,1873,0,0.9431945538974952,0
959,5,5,0,0.0314062148589406,1851,10,0.9431945538974952,0
630,5,5,9,0.0879634544652216,1766,10,1.804272708628173,0
1050,2,5,0,0.4412420795385642,1837,10,0.9431945538974952,0
1015,5,5,9,0.7038553520517211,1865,0,0.9431945538974952,0
1296,2,5,9,0.8192460323984113,2005,0,1.804272708628173,0
738,2,5,9,0.1396903111723585,1734,0,1.804272708628173,0
1042,2,5,9,0.5844856827275589,1981,10,1.804272708628173,0
1006,5,5,9,0.5526537709077823,2209,10,0.9431945538974952,0
1048,5,5,9,0.699876363074249,1896,10,0.9431945538974952,0
734,5,5,0,0.1476482891273027,1605,0,0.9431945538974952,0
1089,5,5,0,0.8192460323984113,2054,0,1.804272708628173,0
875,5,5,0,0.5208218590880057,1935,0,1.804272708628173,0
1074,5,5,9,0.3537043220341786,1832,0,0.9431945538974952,0
1109,2,5,0,0.958510646609934,2204,10,1.804272708628173,0
724,2,5,9,0.1706708290704632,1899,10,1.804272708628173,0
937,5,5,0,0.158733862138047,1840,0,1.804272708628173,0
817,5,5,0,0.1985237519127677,1962,10,1.804272708628173,0
844,2,5,0,0.699876363074249,2068,0,1.804272708628173,0
809,2,5,9,0.0751750936111334,1835,0,0.9431945538974952,0
1045,2,5,9,1.233060886055507,2292,0,0.9431945538974952,0
613,5,5,0,0.4810319693132849,2038,10,0.9431945538974952,0
892,2,5,0,0.2033541348119117,1804,0,1.804272708628173,0
945,2,5,0,0.3815572448764831,1938,0,0.9431945538974952,0
1095,2,5,0,1.1296071726412331,2336,0,0.9431945538974952,0
978,5,5,0,0.270145553507265,1851,0,0.9431945538974952,0
1265,2,5,9,0.863014911150604,2136,10,1.804272708628173,0
740,5,5,9,0.5088848921555895,1881,10,0.9431945538974952,0
693,2,5,0,0.0075322809941081,1770,0,1.804272708628173,0
970,5,5,9,0.6481495063671121,2093,10,0.9431945538974952,0
1118,5,5,9,1.014216492294543,2114,10,1.804272708628173,0
883,2,5,0,0.0592591377012451,1690,10,1.804272708628173,0
757,2,5,9,0.1467968952056307,1865,0,1.804272708628173,0
948,5,5,0,0.9943215474071824,2230,10,0.9431945538974952,0
1088,2,5,9,0.863014911150604,2091,0,0.9431945538974952,0
1038,2,5,0,0.3139144322594578,1890,0,1.804272708628173,0
727,2,5,0,0.4889899472682291,1754,0,0.9431945538974952,0
791,2,5,9,0.640191528412168,1943,0,0.9431945538974952,0
1082,2,5,0,0.4412420795385642,1893,10,1.804272708628173,0
647,2,5,0,0.1388389172506866,1802,10,1.804272708628173,0
965,5,5,0,0.5685697268176706,2174,10,0.9431945538974952,0
1279,2,5,9,1.1136912167313446,2329,10,0.9431945538974952,0
1118,2,5,0,1.0380904261593753,1992,10,1.804272708628173,0
855,5,5,0,0.2383136416874884,2113,10,1.804272708628173,0
871,5,5,0,0.4651160134033967,1826,0,0.9431945538974952,0
1116,2,5,9,0.97044761354235,1969,10,1.804272708628173,0
952,2,5,9,0.1715222229921351,1499,0,1.804272708628173,0
962,2,5,0,0.9823845804747664,2176,0,0.9431945538974952,0
546,5,5,0,0.0242996308256684,1483,10,1.804272708628173,0
969,5,5,0,0.5168428701105336,2001,0,0.9431945538974952,0
1337,2,5,9,0.9465736796775176,2195,10,0.9431945538974952,0
1118,2,5,0,0.0314062148589406,1888,10,1.804272708628173,0
1095,5,5,9,0.4014521897638435,1812,0,1.804272708628173,0
838,2,5,9,0.4810319693132849,1917,10,1.804272708628173,0
1107,2,5,9,0.7317082748940257,1966,0,1.804272708628173,0
741,2,5,9,0.4690950023808687,1973,0,1.804272708628173,0
797,5,5,0,0.7714981646687463,1988,0,1.804272708628173,0
582,2,5,0,0.4062825726629875,1584,0,1.804272708628173,0
936,2,5,9,0.6362125394346959,1851,10,1.804272708628173,0
968,2,5,0,0.5248008480654778,1904,0,0.9431945538974952,0
547,2,5,9,0.162712851115519,2154,10,0.9431945538974952,0
748,5,5,0,0.8152670434209391,2029,0,1.804272708628173,0
885,5,5,0,0.3377883661242903,2036,0,1.804272708628173,0
925,5,5,9,1.014216492294543,2109,0,1.804272708628173,0
1332,5,5,9,0.8908678339929086,2176,10,0.9431945538974952,0
979,2,5,0,0.5446957929528382,1769,10,1.804272708628173,0
836,2,5,0,0.9187207568352131,2128,0,1.804272708628173,0
1272,5,5,0,0.5168428701105336,1995,0,1.804272708628173,0
1064,2,5,0,0.8431199662632437,2186,10,1.804272708628173,0
958,5,5,0,0.3616622999891227,1781,10,0.9431945538974952,0
819,2,5,0,0.5844856827275589,1874,0,0.9431945538974952,0
943,5,5,0,0.9028048009253248,2048,10,0.9431945538974952,0
996,2,5,9,1.1693970624159538,2202,0,1.804272708628173,0
861,2,5,9,0.7356872638714977,2085,10,0.9431945538974952,0
1014,2,5,9,0.4253261236286759,1988,10,1.804272708628173,0
1047,2,5,9,0.0194692479265244,1763,10,0.9431945538974952,0
978,2,5,0,0.8749518780830203,2142,10,0.9431945538974952,0
941,2,5,9,0.5446957929528382,2129,10,1.804272708628173,0
863,5,5,0,0.5924436606825031,1966,10,1.804272708628173,0
773,5,5,0,0.0950700384984938,1753,0,1.804272708628173,0
1006,5,5,9,0.910762778880269,2093,0,1.804272708628173,0
1027,2,5,9,0.3537043220341786,1971,0,0.9431945538974952,0
1073,2,5,0,0.3019774653270416,1768,10,0.9431945538974952,0
816,5,5,0,0.0194692479265244,1757,10,0.9431945538974952,0
942,2,5,0,0.5128638811330616,1959,0,0.9431945538974952,0
834,2,5,9,0.6481495063671121,1754,10,0.9431945538974952,0
854,2,5,0,0.0314062148589406,1938,0,0.9431945538974952,0
1366,5,5,0,1.3763044892445015,2139,0,1.804272708628173,0
1054,5,5,9,0.6004016386374472,1900,0,1.804272708628173,0
808,5,5,9,0.6600864732995283,2091,10,0.9431945538974952,0
659,2,5,0,0.321872410214402,1821,10,0.9431945538974952,0
1098,2,5,9,0.3497253330567065,1917,0,0.9431945538974952,0
773,2,5,0,0.695897374096777,1847,10,0.9431945538974952,0
885,5,5,0,0.2940194873720975,2106,10,0.9431945538974952,0
808,5,5,9,0.4611370244259246,1845,10,0.9431945538974952,0
895,2,5,9,0.2272280686767442,1613,0,0.9431945538974952,0
1135,5,5,9,0.4014521897638435,1901,0,0.9431945538974952,0
704,2,5,9,0.7476242308039139,2042,10,0.9431945538974952,0
1017,5,5,9,0.6362125394346959,2034,0,1.804272708628173,0
789,5,5,9,0.1158163773075261,1650,10,1.804272708628173,0
1055,2,5,0,0.8431199662632437,1935,10,1.804272708628173,0
641,2,5,0,0.0035532920166361,1915,0,0.9431945538974952,0
876,5,5,9,0.7157923189841373,2172,0,1.804272708628173,0
898,2,5,0,0.3417673551017623,1786,0,0.9431945538974952,0
1040,2,5,0,0.7874141205786347,1850,0,0.9431945538974952,0
932,2,5,0,0.4611370244259246,2001,0,1.804272708628173,0
687,2,5,9,0.2462716196424326,1896,10,0.9431945538974952,0
1235,5,5,9,1.0022795253621266,2128,10,0.9431945538974952,0
917,5,5,9,0.8510779442181878,2043,10,0.9431945538974952,0
729,5,5,0,0.2343346527100163,1854,0,0.9431945538974952,0
824,2,5,0,0.699876363074249,2032,0,1.804272708628173,0
738,5,5,9,0.1348599282732145,1788,10,0.9431945538974952,0
1037,2,5,0,0.6521284953445842,1977,10,1.804272708628173,0
1125,2,5,9,0.4770529803358129,2020,0,0.9431945538974952,0
990,2,5,9,0.2940194873720975,1872,10,0.9431945538974952,0
630,2,5,0,0.2621875755523209,1887,0,0.9431945538974952,0
913,5,5,9,1.133586161618705,2059,0,1.804272708628173,0
1054,5,5,0,0.4929689362457012,1906,0,0.9431945538974952,0
1068,5,5,0,1.1972499852582583,2005,10,0.9431945538974952,0
1400,5,5,9,1.0380904261593753,2224,0,1.804272708628173,0
1101,2,5,9,0.910762778880269,2101,10,1.804272708628173,0
1155,5,5,0,0.7953720985335788,2081,0,0.9431945538974952,0
1266,2,5,9,0.9226997458126852,1776,10,0.9431945538974952,0
989,2,5,9,0.0513011597463009,1566,10,0.9431945538974952,0
1007,5,5,0,0.807309065465995,2088,0,0.9431945538974952,0
903,5,5,9,0.4531790464709804,1989,0,0.9431945538974952,0
1139,5,5,0,0.588464671705031,2003,10,0.9431945538974952,0
935,2,5,0,1.1693970624159538,2076,0,1.804272708628173,0
1031,5,5,9,0.8470989552407158,2084,0,1.804272708628173,0
938,2,5,9,0.2025027408902398,1893,10,0.9431945538974952,0
922,2,5,9,0.8311829993308275,2066,10,1.804272708628173,0
750,5,5,0,0.863014911150604,2064,0,1.804272708628173,0
1142,5,5,9,0.7396662528489698,1948,10,1.804272708628173,0
620,5,5,9,0.5009269142006454,1941,10,0.9431945538974952,0
709,2,5,0,0.7794561426236906,1892,0,0.9431945538974952,0
1222,2,5,9,0.8351619883082996,2126,10,0.9431945538974952,0
1057,5,5,9,1.0898172828665122,2251,0,1.804272708628173,0
1046,2,5,9,0.7874141205786347,1914,0,0.9431945538974952,0
815,2,5,9,0.6083596165923914,1897,10,0.9431945538974952,0
866,2,5,9,0.2184186968001281,1883,10,0.9431945538974952,0
1019,2,5,0,0.9943215474071824,2037,0,0.9431945538974952,0
1047,5,5,0,0.640191528412168,2078,10,1.804272708628173,0
1067,2,5,0,0.5844856827275589,2000,10,0.9431945538974952,0
771,5,5,9,0.536737814997894,1677,10,0.9431945538974952,0
1090,2,5,9,0.7993510875110509,1949,10,0.9431945538974952,0
917,2,5,0,0.9386157017225736,2018,10,0.9431945538974952,0
889,2,5,9,0.7555822087588581,2090,10,0.9431945538974952,0
1005,2,5,9,0.4452210685160363,1864,0,0.9431945538974952,0
813,5,5,9,0.4730739913583408,1894,10,1.804272708628173,0
881,5,5,0,0.807309065465995,1843,10,1.804272708628173,0
884,5,5,9,0.4054311787413155,1927,10,0.9431945538974952,0
1026,2,5,0,0.8272040103533554,1936,0,0.9431945538974952,0
1120,5,5,0,0.7993510875110509,1864,0,0.9431945538974952,0
1022,5,5,9,0.1467968952056307,2123,0,1.804272708628173,0
1174,5,5,0,0.6163175945473355,1928,10,0.9431945538974952,0
1019,2,5,0,0.863014911150604,2000,10,1.804272708628173,0
993,2,5,9,0.803330076488523,1997,0,1.804272708628173,0
796,5,5,9,0.167543234014663,1681,10,1.804272708628173,0
718,2,5,9,0.6163175945473355,1750,0,1.804272708628173,0
1058,2,5,9,0.7754771536462185,2078,0,0.9431945538974952,0
629,5,5,9,0.5526537709077823,1918,10,0.9431945538974952,0
1000,5,5,0,0.3855362338539552,1865,0,1.804272708628173,0
699,2,5,9,0.373599266921539,1999,10,0.9431945538974952,0
928,2,5,0,0.1666918400929911,1811,0,0.9431945538974952,0
886,2,5,0,0.7675191756912743,1751,0,1.804272708628173,0
563,5,5,0,0.0393641928138847,1603,10,0.9431945538974952,0
671,5,5,0,0.5526537709077823,2065,0,1.804272708628173,0
566,2,5,0,0.274975936406409,1477,0,0.9431945538974952,0
1106,5,5,0,0.3895152228314272,1965,10,0.9431945538974952,0
1130,2,5,0,0.9187207568352131,2057,10,1.804272708628173,0
671,2,5,0,0.5566327598852544,1766,10,1.804272708628173,0
1339,2,5,9,0.7913931095561068,2221,10,0.9431945538974952,0
839,5,5,9,0.4651160134033967,2179,10,0.9431945538974952,0
942,5,5,0,0.8232250213758834,2025,10,1.804272708628173,0
1025,2,5,0,0.6004016386374472,1969,0,1.804272708628173,0
1010,2,5,9,0.588464671705031,2111,0,0.9431945538974952,0
535,5,5,0,0.5486747819303103,1891,10,0.9431945538974952,0
1037,5,5,9,0.4571580354484525,1923,0,1.804272708628173,0
901,2,5,9,0.3855362338539552,2011,0,1.804272708628173,0
1051,2,5,0,0.4253261236286759,1862,0,0.9431945538974952,0
676,5,5,9,0.3497253330567065,1814,0,0.9431945538974952,0
853,2,5,9,0.4889899472682291,1961,0,0.9431945538974952,0
902,5,5,9,0.2343346527100163,1978,0,0.9431945538974952,0
670,5,5,0,0.3099354432819858,1434,10,0.9431945538974952,0
949,5,5,9,0.7317082748940257,2229,0,1.804272708628173,0
661,2,5,0,0.3147658261811298,1537,10,1.804272708628173,0
1015,2,5,9,0.9187207568352131,2136,10,0.9431945538974952,0
1093,5,5,9,1.3524305553796692,2086,10,1.804272708628173,0
962,2,5,0,0.3099354432819858,1881,10,0.9431945538974952,0
832,2,5,9,0.4452210685160363,1875,0,0.9431945538974952,0
798,5,5,9,0.0481735646905008,1801,0,1.804272708628173,0
999,5,5,0,0.6799814181868887,1746,10,0.9431945538974952,0
1072,5,5,9,1.022174470249487,1957,10,1.804272708628173,0
1181,5,5,0,0.699876363074249,2314,0,1.804272708628173,0
1200,2,5,0,0.4690950023808687,1978,10,1.804272708628173,0
987,5,5,9,0.3656412889665948,1853,10,0.9431945538974952,0
983,5,5,9,0.5566327598852544,1981,10,0.9431945538974952,0
854,5,5,9,0.2621875755523209,1701,10,0.9431945538974952,0
1021,2,5,9,0.4651160134033967,1806,10,0.9431945538974952,0
969,5,5,0,0.10700700543091,1808,0,0.9431945538974952,0
1003,5,5,0,0.699876363074249,1948,0,0.9431945538974952,0
1093,5,5,0,0.270145553507265,1903,10,0.9431945538974952,0
816,2,5,0,0.8948468229703807,1951,0,1.804272708628173,0
1026,5,5,0,0.9266787347901572,2079,0,1.804272708628173,0
848,5,5,9,0.3178934212369299,1841,10,0.9431945538974952,0
950,5,5,0,0.1388389172506866,1899,0,0.9431945538974952,0
998,5,5,9,0.9784055914972942,2113,10,1.804272708628173,0
1056,5,5,9,0.4929689362457012,1819,10,1.804272708628173,0
994,2,5,9,1.0102375033170707,2257,0,1.804272708628173,0
1023,2,5,9,0.3059564543045137,1878,10,1.804272708628173,0
954,5,5,9,0.5208218590880057,1919,0,0.9431945538974952,0
867,2,5,9,0.6163175945473355,1860,10,0.9431945538974952,0
939,2,5,9,0.0115112699715802,1757,0,1.804272708628173,0
800,2,5,0,0.6799814181868887,1987,10,1.804272708628173,0
601,5,5,0,0.0314062148589406,1739,0,0.9431945538974952,0
1065,2,5,9,0.4014521897638435,2033,0,0.9431945538974952,0
884,2,5,7,0.3059564543045137,1991,10,1.804272708628173,0
633,6,5,7,0.1834591899245513,1844,10,0.9431945538974952,0
762,6,5,7,0.5446957929528382,1980,10,0.9431945538974952,0
885,2,5,7,0.2820825204396813,2039,10,0.9431945538974952,0
917,6,5,3,1.0540063820692636,2190,10,0.9431945538974952,0
975,6,5,3,0.2263766747550722,2084,10,0.9431945538974952,0
844,6,5,3,0.4690950023808687,2147,10,1.804272708628173,0
1067,2,5,3,0.3537043220341786,1999,10,0.9431945538974952,0
798,6,5,7,0.1666918400929911,1919,10,0.9431945538974952,0
851,6,5,7,0.6720234402319445,2082,10,0.9431945538974952,0
991,2,5,7,0.4014521897638435,1868,10,1.804272708628173,0
840,5,5,7,0.4969479252231732,1953,10,0.9431945538974952,0
912,5,5,3,0.3258513991918741,1938,10,0.9431945538974952,0
819,6,5,7,0.859035922173132,2031,10,0.9431945538974952,0
894,5,5,7,0.7834351316011626,2274,10,1.804272708628173,0
865,5,5,3,0.6839604071643608,1809,10,0.9431945538974952,0
802,2,5,3,0.6879393961418329,2005,10,0.9431945538974952,0
646,6,5,7,0.3537043220341786,1885,10,1.804272708628173,0
856,2,5,3,0.5168428701105336,1821,10,1.804272708628173,0
636,2,5,7,0.1197953662849981,1794,10,1.804272708628173,0
911,6,5,3,0.2900404983946254,1881,10,1.804272708628173,0
653,6,5,3,0.4412420795385642,2054,10,1.804272708628173,0
736,5,5,3,0.321872410214402,1899,10,0.9431945538974952,0
715,5,5,3,0.6919183851193049,2069,10,1.804272708628173,0
901,5,5,7,0.2860615094171533,1725,10,0.9431945538974952,0
769,2,5,7,0.0314062148589406,1859,10,1.804272708628173,0
852,6,5,7,0.5128638811330616,1848,10,1.804272708628173,0
1079,5,5,3,0.8908678339929086,2073,10,0.9431945538974952,0
909,2,5,7,0.3983245947080434,1736,10,1.804272708628173,0
1094,2,5,7,0.7635401867138022,2214,10,0.9431945538974952,0
746,2,5,7,0.1277533442399423,1825,10,0.9431945538974952,0
938,2,5,7,0.5773790986942867,1839,10,1.804272708628173,0
803,6,5,3,0.4810319693132849,1997,10,0.9431945538974952,0
779,6,5,7,0.6561074843220562,2027,10,0.9431945538974952,0
841,6,5,3,0.2502506086199046,1809,10,0.9431945538974952,0
837,5,5,7,0.3019774653270416,2059,10,0.9431945538974952,0
679,6,5,7,0.0314062148589406,1784,10,1.804272708628173,0
773,2,5,3,0.640191528412168,2012,10,0.9431945538974952,0
465,5,5,3,0.4619884183475966,1744,10,0.9431945538974952,0
931,2,5,3,0.540716803975366,1936,10,0.9431945538974952,0
971,6,5,7,0.9545316576324616,1998,10,0.9431945538974952,0
795,2,5,7,0.0672171156561892,1719,10,0.9431945538974952,0
583,5,5,7,0.270996947428937,1652,10,0.9431945538974952,0
922,6,5,3,1.177355040370898,2180,10,1.804272708628173,0
755,6,5,3,0.0282786198031404,1724,10,1.804272708628173,0
913,2,5,3,0.5168428701105336,2116,10,1.804272708628173,0
774,2,5,3,0.2422926306649605,1949,10,1.804272708628173,0
859,2,5,3,0.3338093771468182,2112,10,1.804272708628173,0
904,6,5,3,0.640191528412168,1915,10,1.804272708628173,0
956,6,5,3,0.5805066937500868,2053,10,0.9431945538974952,0
718,2,5,7,0.0751750936111334,2000,10,0.9431945538974952,0
735,2,5,7,0.2550809915190487,1756,10,0.9431945538974952,0
866,2,5,7,0.6163175945473355,1838,10,0.9431945538974952,0
627,2,5,7,0.2940194873720975,1901,10,0.9431945538974952,0
924,2,5,3,0.274975936406409,2077,10,0.9431945538974952,0
907,6,5,3,0.1786288070254073,1988,10,0.9431945538974952,0
775,2,5,3,0.751603219781386,1986,10,1.804272708628173,0
634,6,5,7,0.4301565065278199,1878,10,1.804272708628173,0
699,6,5,3,0.2670179584514649,1687,10,1.804272708628173,0
1048,5,5,3,0.7874141205786347,2159,10,1.804272708628173,0
817,5,5,3,0.751603219781386,1983,10,1.804272708628173,0
791,5,5,7,0.6043806276149193,1820,10,0.9431945538974952,0
940,5,5,7,0.0481735646905008,1829,10,1.804272708628173,0
651,5,5,3,0.6083596165923914,1955,10,1.804272708628173,0
727,6,5,3,0.1826077960028794,1746,10,0.9431945538974952,0
724,5,5,3,0.1715222229921351,1879,10,0.9431945538974952,0
945,2,5,7,0.6879393961418329,1904,10,0.9431945538974952,0
794,6,5,7,0.6561074843220562,2052,10,0.9431945538974952,0
900,5,5,7,0.2025027408902398,2065,10,1.804272708628173,0
603,6,5,3,0.0362365977580846,1929,10,0.9431945538974952,0
850,2,5,3,0.1706708290704632,1825,10,1.804272708628173,0
923,2,5,7,0.5088848921555895,1922,10,0.9431945538974952,0
960,2,5,3,0.8868888450154365,2056,10,0.9431945538974952,0
690,5,5,3,0.1428179062281586,2158,10,0.9431945538974952,0
844,2,5,7,0.2422926306649605,2080,10,1.804272708628173,0
730,2,5,7,0.2223976857776001,1860,10,1.804272708628173,0
660,6,5,3,0.4094101677187876,1955,10,1.804272708628173,0
798,6,5,7,0.1308809392957424,1776,10,1.804272708628173,0
783,5,5,7,0.266166564529793,1686,10,0.9431945538974952,0
838,5,5,3,0.1874381789020234,1988,10,0.9431945538974952,0
780,6,5,3,0.0203206418481963,2138,10,1.804272708628173,0
721,2,5,3,0.0871120605435496,1784,10,0.9431945538974952,0
827,5,5,3,0.2343346527100163,1999,10,0.9431945538974952,0
824,2,5,7,0.2860615094171533,2151,10,1.804272708628173,0
813,6,5,7,0.1436693001498306,2000,10,1.804272708628173,0
838,6,5,3,0.4571580354484525,1810,10,0.9431945538974952,0
701,5,5,3,0.2152911017443279,1487,10,0.9431945538974952,0
743,5,5,7,0.1269019503182704,2025,10,1.804272708628173,0
1037,5,5,3,0.377578255899011,2090,10,0.9431945538974952,0
797,5,5,3,0.8311829993308275,2080,10,0.9431945538974952,0
593,5,5,3,0.3704716718657388,1664,10,1.804272708628173,0
853,2,5,7,0.429305112606148,1982,10,1.804272708628173,0
725,6,5,7,0.3974732007863714,1910,10,0.9431945538974952,0
624,2,5,3,0.6481495063671121,1768,10,0.9431945538974952,0
858,5,5,3,0.1428179062281586,2088,10,0.9431945538974952,0
813,6,5,7,0.0990490274759658,1752,10,1.804272708628173,0
850,5,5,7,0.4810319693132849,1953,10,1.804272708628173,0
677,6,5,3,0.3545557159558505,1668,10,0.9431945538974952,0
858,5,5,7,0.4182195395954037,1798,10,1.804272708628173,0
797,2,5,3,0.2263766747550722,1754,10,0.9431945538974952,0
1048,6,5,7,0.7476242308039139,2013,10,1.804272708628173,0
863,6,5,3,0.7396662528489698,2086,10,1.804272708628173,0
839,6,5,7,0.321872410214402,2052,10,0.9431945538974952,0
682,5,5,3,0.2383136416874884,1993,10,0.9431945538974952,0
868,2,5,3,0.378429649820683,1870,10,0.9431945538974952,0
937,2,5,3,0.7754771536462185,1906,10,0.9431945538974952,0
882,5,5,7,0.3934942118088994,1882,10,0.9431945538974952,0
771,2,5,7,0.2462716196424326,1754,10,1.804272708628173,0
925,6,5,3,0.9187207568352131,2226,10,0.9431945538974952,0
761,5,5,7,0.6242755725022796,1947,10,1.804272708628173,0
824,2,5,3,0.0800054765102774,1695,10,0.9431945538974952,0
797,5,5,3,0.6202965835248075,2204,10,0.9431945538974952,0
918,6,5,3,0.7396662528489698,2088,10,1.804272708628173,0
845,5,5,3,0.5725487157951427,2011,10,1.804272708628173,0
635,6,5,3,0.0402155867355567,1991,10,0.9431945538974952,0
874,6,5,7,0.0274272258814685,1951,10,1.804272708628173,0
748,5,5,3,0.2383136416874884,1806,10,1.804272708628173,0
879,2,5,7,0.6879393961418329,2040,10,1.804272708628173,0
795,6,5,3,0.4810319693132849,2290,10,1.804272708628173,0
698,6,5,7,0.0194692479265244,1889,10,1.804272708628173,0
757,5,5,7,0.5734001097168147,1667,10,1.804272708628173,0
880,2,5,3,0.1308809392957424,2036,10,1.804272708628173,0
766,6,5,3,0.4452210685160363,2047,10,0.9431945538974952,0
785,6,5,7,0.3855362338539552,1622,10,0.9431945538974952,0
1013,2,5,7,0.1905657739578236,2266,10,0.9431945538974952,0
708,2,5,7,0.163564245037191,1912,10,1.804272708628173,0
785,2,5,3,0.1826077960028794,1761,10,0.9431945538974952,0
786,2,5,7,0.3059564543045137,1882,10,1.804272708628173,0
978,6,5,3,0.8311829993308275,2140,10,1.804272708628173,0
858,5,5,3,0.4253261236286759,2023,10,0.9431945538974952,0
716,2,5,7,0.4261775175503479,1837,10,1.804272708628173,0
794,2,5,3,0.3107868372036577,1705,10,0.9431945538974952,0
807,5,5,3,0.3576833110116507,1895,10,0.9431945538974952,0
879,6,5,3,0.2064817298677118,1951,10,0.9431945538974952,0
822,5,5,3,0.055280148723773,1625,10,1.804272708628173,0
844,6,5,7,0.7874141205786347,2053,10,0.9431945538974952,0
589,6,5,3,0.1357113221948865,1695,10,1.804272708628173,0
606,2,5,3,0.1237743552624702,1748,10,0.9431945538974952,0
959,6,5,7,0.7118133300066652,2207,10,1.804272708628173,0
767,6,5,3,0.5685697268176706,1918,10,0.9431945538974952,0
844,2,5,3,0.1746498180479352,1807,10,0.9431945538974952,0
753,6,5,3,0.4889899472682291,1863,10,0.9431945538974952,0
672,6,5,7,0.2312070576542162,1792,10,1.804272708628173,0
1052,2,5,3,1.388241456176918,2307,10,1.804272708628173,0
1022,2,5,3,1.0460484041143194,1941,10,0.9431945538974952,0
562,6,5,7,0.4221985285728758,1967,10,1.804272708628173,0
874,5,5,7,0.1308809392957424,2058,10,0.9431945538974952,0
877,6,5,3,0.7157923189841373,2060,10,1.804272708628173,0
804,6,5,7,0.0473221707688289,1699,10,1.804272708628173,0
613,6,5,7,0.5176942640322055,1820,10,0.9431945538974952,0
1021,6,5,3,0.7237502969390814,1930,10,0.9431945538974952,0
781,2,5,7,0.4094101677187876,2051,10,1.804272708628173,0
918,2,5,7,0.5645907378401985,1796,10,1.804272708628173,0
872,5,5,3,0.751603219781386,2226,10,0.9431945538974952,0
733,5,5,7,0.1229229613407983,1699,10,1.804272708628173,0
770,5,5,7,0.004404685938308,1885,10,1.804272708628173,0
855,6,5,7,0.0402155867355567,2012,10,0.9431945538974952,0
935,6,5,3,0.8152670434209391,2217,10,1.804272708628173,0
914,5,5,3,0.4969479252231732,2174,10,1.804272708628173,0
966,5,5,3,0.8351619883082996,2183,10,0.9431945538974952,0
895,2,5,3,0.4372630905610921,2017,10,1.804272708628173,0
811,6,5,7,0.6362125394346959,2052,10,0.9431945538974952,0
609,6,5,3,0.1945447629352956,1860,10,1.804272708628173,0
810,6,5,7,0.6680444512544724,2154,10,0.9431945538974952,0
780,5,5,7,0.7157923189841373,1993,10,1.804272708628173,0
725,2,5,7,0.2979984763495695,1900,10,0.9431945538974952,0
914,6,5,7,0.2343346527100163,1952,10,1.804272708628173,0
456,2,5,3,0.0959214324201657,1663,10,1.804272708628173,0
811,5,5,3,0.7157923189841373,2055,10,0.9431945538974952,0
824,6,5,7,0.4014521897638435,1955,10,0.9431945538974952,0
751,2,5,3,1.2529558309428672,2145,10,1.804272708628173,0
641,2,5,3,0.4571580354484525,1896,10,1.804272708628173,0
818,2,5,3,0.0402155867355567,1646,10,0.9431945538974952,0
876,6,5,3,0.9545316576324616,2158,10,1.804272708628173,0
779,6,5,7,0.3099354432819858,1801,10,0.9431945538974952,0
829,5,5,3,0.5606117488627265,2027,10,1.804272708628173,0
791,6,5,7,0.0910910495210217,1873,10,1.804272708628173,0
584,6,5,3,0.0075322809941081,1869,10,0.9431945538974952,0
946,2,5,3,0.7277292859165536,2284,10,0.9431945538974952,0
689,5,5,3,0.3497253330567065,1916,10,0.9431945538974952,0
718,5,5,3,0.4253261236286759,1926,10,0.9431945538974952,0
1038,5,5,3,1.2688717868527557,2326,10,0.9431945538974952,0
867,5,5,7,0.0473221707688289,2104,10,1.804272708628173,0
781,2,5,3,0.4580094293701244,1473,10,0.9431945538974952,0
828,5,5,3,0.6242755725022796,2025,10,1.804272708628173,0
889,5,5,7,0.4690950023808687,2068,10,0.9431945538974952,0
931,5,5,7,0.6760024292094166,1995,10,0.9431945538974952,0
686,6,5,3,0.2630389694739928,1938,10,1.804272708628173,0
841,2,5,3,0.1556062670822468,1774,10,1.804272708628173,0
859,6,5,7,0.1428179062281586,2018,10,1.804272708628173,0
640,2,5,3,0.3338093771468182,1892,10,0.9431945538974952,0
1037,5,5,3,0.0393641928138847,1853,10,0.9431945538974952,0
811,6,5,3,0.0242996308256684,1714,10,0.9431945538974952,0
801,6,5,7,0.266166564529793,1837,10,0.9431945538974952,0
776,5,5,3,0.4810319693132849,1949,10,1.804272708628173,0
489,2,5,3,0.4301565065278199,1759,10,1.804272708628173,0
782,6,5,7,0.8470989552407158,1927,10,1.804272708628173,0
894,6,5,3,0.2781035314622092,1857,10,0.9431945538974952,0
827,2,5,3,0.2741245424847371,1917,10,0.9431945538974952,0
852,2,5,3,0.5526537709077823,1947,10,0.9431945538974952,0
846,2,5,3,0.5645907378401985,2000,10,1.804272708628173,0
644,2,5,7,0.0632381266787172,1788,10,1.804272708628173,0
909,5,5,3,0.3377883661242903,2233,10,1.804272708628173,0
783,5,5,3,0.1985237519127677,2016,10,1.804272708628173,0
608,6,5,3,0.3744506608432109,1703,10,0.9431945538974952,0
1000,5,5,3,0.5765277047726147,2227,10,0.9431945538974952,0
505,6,5,7,0.3505767269783785,1580,10,0.9431945538974952,0
936,2,5,7,0.377578255899011,2212,10,1.804272708628173,0
816,6,5,3,0.1467968952056307,1918,10,1.804272708628173,0
857,2,5,3,0.3099354432819858,1837,10,0.9431945538974952,0
715,5,5,7,0.5964226496599752,1921,10,1.804272708628173,0
671,5,5,7,0.7595611977363301,1964,10,1.804272708628173,0
943,2,5,3,0.4929689362457012,2043,10,0.9431945538974952,0
964,6,5,7,0.8829098560379645,2285,10,0.9431945538974952,0
723,6,5,3,0.056131542645445,1708,10,1.804272708628173,0
896,5,5,7,0.3616622999891227,2239,10,1.804272708628173,0
915,5,5,7,0.4133891566962597,2240,10,0.9431945538974952,0
708,2,5,3,0.0362365977580846,1784,10,1.804272708628173,0
1030,6,5,7,0.2860615094171533,1899,10,1.804272708628173,0
536,2,5,7,0.4500514514151803,1631,10,0.9431945538974952,0
907,6,5,3,0.7118133300066652,1987,10,1.804272708628173,0
973,2,5,3,0.3696202779440669,2128,10,1.804272708628173,0
659,5,5,3,0.0751750936111334,2238,10,1.804272708628173,0
1181,5,5,7,1.344472577424725,2391,10,1.804272708628173,0
928,5,5,7,0.3099354432819858,1949,10,1.804272708628173,0
575,5,5,7,0.4054311787413155,1966,10,0.9431945538974952,0
743,2,5,3,0.162712851115519,1916,10,1.804272708628173,0
817,5,5,3,0.1428179062281586,1857,10,1.804272708628173,0
975,2,5,3,0.7197713079616094,2338,10,0.9431945538974952,0
952,5,5,7,0.588464671705031,2113,10,1.804272708628173,0
1043,5,5,7,0.8510779442181878,2163,10,1.804272708628173,0
784,2,5,3,0.2741245424847371,1848,10,0.9431945538974952,0
845,6,5,3,0.3019774653270416,2043,10,1.804272708628173,0
962,6,5,7,0.4253261236286759,1896,10,0.9431945538974952,0
775,6,5,7,0.4332841015836201,2139,10,1.804272708628173,0
876,5,5,3,0.6561074843220562,2032,10,0.9431945538974952,0
903,5,5,3,0.3298303881693462,1962,10,0.9431945538974952,0
947,5,5,3,0.3943456057305713,1690,10,1.804272708628173,0
578,6,5,3,0.597274043581647,1672,10,0.9431945538974952,0
843,5,5,3,0.6919183851193049,2092,10,0.9431945538974952,0
800,6,5,7,0.2351860466316883,1862,10,1.804272708628173,0
807,2,5,7,0.2184186968001281,1779,10,1.804272708628173,0
923,2,5,7,0.7993510875110509,2212,10,0.9431945538974952,0
611,2,5,7,0.9028048009253248,2214,10,1.804272708628173,0
775,5,5,7,0.0632381266787172,1981,10,0.9431945538974952,0
783,6,5,3,0.3696202779440669,2204,10,1.804272708628173,0
643,5,5,3,0.1277533442399423,1711,10,1.804272708628173,0
680,6,5,7,0.1317323332174144,1677,10,1.804272708628173,0
848,5,5,7,0.6163175945473355,1894,10,1.804272708628173,0
617,2,5,3,0.2104607188451839,1966,10,0.9431945538974952,0
705,5,5,7,0.2741245424847371,1825,10,0.9431945538974952,0
772,6,5,3,0.2223976857776001,1730,10,1.804272708628173,0
664,5,5,3,0.597274043581647,1504,10,1.804272708628173,0
731,2,5,7,0.0711961046336613,1927,10,1.804272708628173,0
881,5,5,3,0.429305112606148,2260,10,1.804272708628173,0
756,6,5,3,0.4492000574935084,1761,10,1.804272708628173,0
707,5,5,3,0.1428179062281586,1955,10,1.804272708628173,0
663,6,5,7,0.541568197897038,1708,10,0.9431945538974952,0
870,6,5,7,0.1746498180479352,1879,10,1.804272708628173,0
979,5,5,3,0.8232250213758834,2113,10,1.804272708628173,0
850,5,5,7,0.4611370244259246,1920,10,0.9431945538974952,0
967,6,5,3,0.8868888450154365,2387,10,1.804272708628173,0
924,5,5,3,1.173376051393426,2222,10,1.804272708628173,0
966,5,5,3,0.9386157017225736,2296,10,0.9431945538974952,0
875,2,5,7,0.3815572448764831,1979,10,1.804272708628173,0
826,6,5,3,0.4810319693132849,2003,10,0.9431945538974952,0
778,5,5,7,1.0977752608214564,2201,10,0.9431945538974952,0
974,2,5,3,1.0579853710467355,2093,10,0.9431945538974952,0
875,5,5,3,0.6481495063671121,2178,10,0.9431945538974952,0
1049,6,5,7,0.7038553520517211,2045,10,1.804272708628173,0
669,2,5,7,0.2511020025415766,1689,10,0.9431945538974952,0
792,6,5,7,0.4213471346512039,2122,10,1.804272708628173,0
691,6,5,3,0.0154902589490523,1770,10,0.9431945538974952,0
774,6,5,7,0.382408638798155,1712,10,1.804272708628173,0
745,2,5,3,0.0154902589490523,1818,10,0.9431945538974952,0
765,2,5,3,0.0393641928138847,1852,10,0.9431945538974952,0
865,5,5,3,0.2383136416874884,1968,10,1.804272708628173,0
884,6,5,7,0.7038553520517211,1956,10,1.804272708628173,0
958,5,5,3,1.0500273930917916,2353,10,1.804272708628173,0
813,5,5,7,0.3019774653270416,2105,10,0.9431945538974952,0
638,5,5,3,0.0871120605435496,1920,10,0.9431945538974952,0
829,6,5,7,0.4173681456737318,1968,10,0.9431945538974952,0
695,2,5,3,0.4062825726629875,1791,10,0.9431945538974952,0
851,6,5,3,0.5924436606825031,2131,10,0.9431945538974952,0
454,5,5,7,0.4619884183475966,1643,10,0.9431945538974952,0
899,2,5,3,0.1547548731605749,1939,10,0.9431945538974952,0
906,6,5,7,0.588464671705031,2030,10,1.804272708628173,0
846,6,5,3,0.0910910495210217,1818,10,1.804272708628173,0
661,6,5,3,0.5057572970997893,1866,10,0.9431945538974952,0
787,2,5,7,0.1476482891273027,1905,10,1.804272708628173,0
841,6,5,3,0.2502506086199046,1829,10,0.9431945538974952,0
815,2,5,3,0.0314062148589406,1759,10,1.804272708628173,0
694,5,5,3,0.270145553507265,1884,10,0.9431945538974952,0
620,2,5,3,0.0393641928138847,1855,10,1.804272708628173,0
724,5,5,3,0.4929689362457012,1922,10,1.804272708628173,0
715,5,5,7,0.0720474985553333,1923,10,1.804272708628173,0
759,5,5,7,0.1357113221948865,1595,10,1.804272708628173,0
698,6,5,7,0.2940194873720975,1957,10,1.804272708628173,0
709,5,5,3,0.2462716196424326,2052,10,1.804272708628173,0
707,5,5,3,0.270145553507265,1738,10,1.804272708628173,0
771,6,5,3,0.0314062148589406,1804,10,0.9431945538974952,0
738,2,5,3,0.0194692479265244,1872,10,0.9431945538974952,0
684,2,5,3,0.2948708812937694,1957,10,0.9431945538974952,0
871,6,5,3,0.3417673551017623,2079,10,1.804272708628173,0
672,2,5,7,0.0004256969608359,2123,10,1.804272708628173,0
863,2,5,7,0.3019774653270416,2009,10,0.9431945538974952,0
769,6,5,7,0.1388389172506866,1857,10,1.804272708628173,0
576,6,5,3,0.5486747819303103,1755,10,1.804272708628173,0
925,5,5,3,0.3178934212369299,1874,10,0.9431945538974952,0
853,5,5,3,0.4531790464709804,1937,10,1.804272708628173,0
829,2,5,3,1.0420694151368477,2042,10,1.804272708628173,0
737,5,5,7,0.1945447629352956,1925,10,0.9431945538974952,0
791,5,5,7,0.214439707822656,1813,10,0.9431945538974952,0
740,2,5,3,0.3426187490234343,1707,10,1.804272708628173,0
885,2,5,3,0.2104607188451839,1930,10,0.9431945538974952,0
741,2,5,7,0.2979984763495695,1822,10,0.9431945538974952,0
1051,5,5,3,1.3285566215148368,2374,10,1.804272708628173,0
657,2,5,3,0.1428179062281586,1732,10,0.9431945538974952,0
609,2,5,7,0.2988498702712415,1707,10,0.9431945538974952,0
629,5,5,3,0.0910910495210217,1849,10,0.9431945538974952,0
963,5,5,7,0.7953720985335788,2017,10,0.9431945538974952,0
776,5,5,3,0.4133891566962597,2140,10,0.9431945538974952,0
722,5,5,7,0.382408638798155,1667,10,0.9431945538974952,0
836,6,5,7,0.3895152228314272,1867,10,1.804272708628173,0
715,2,5,7,0.3139144322594578,1880,10,1.804272708628173,0
694,5,5,7,0.3258513991918741,1970,10,0.9431945538974952,0
834,2,5,7,0.10700700543091,1823,10,1.804272708628173,0
904,5,5,3,0.1197953662849981,1807,10,0.9431945538974952,0
763,6,5,3,0.0751750936111334,1910,10,0.9431945538974952,0
773,5,5,3,0.0203206418481963,2126,10,0.9431945538974952,0
837,2,5,7,0.3934942118088994,1793,10,1.804272708628173,0
759,5,5,7,0.0075322809941081,1776,10,0.9431945538974952,0
689,2,5,3,0.5088848921555895,2105,10,0.9431945538974952,0
884,2,5,3,0.7595611977363301,2221,10,1.804272708628173,0
826,2,5,3,0.4611370244259246,2225,10,1.804272708628173,0
833,2,5,3,0.5606117488627265,2049,10,0.9431945538974952,0
749,5,5,7,0.2860615094171533,2025,10,0.9431945538974952,0
891,2,5,7,0.6919183851193049,1926,10,1.804272708628173,0
851,6,5,3,0.3417673551017623,1961,10,1.804272708628173,0
864,2,5,3,0.1834591899245513,1867,10,1.804272708628173,0
928,5,5,7,0.4094101677187876,1932,10,1.804272708628173,0
581,2,5,3,0.0839844654877495,1819,10,0.9431945538974952,0
736,6,5,3,0.3815572448764831,1980,10,1.804272708628173,0
1114,2,5,7,1.06594334900168,2343,10,0.9431945538974952,0
774,6,5,7,0.7953720985335788,1970,10,1.804272708628173,0
737,6,5,3,0.3545557159558505,1767,10,0.9431945538974952,0
772,2,5,7,0.540716803975366,1994,10,1.804272708628173,0
909,5,5,3,1.1017542497989286,2126,10,0.9431945538974952,0
813,6,5,3,0.3298303881693462,1936,10,0.9431945538974952,0
1010,6,5,3,0.7675191756912743,2305,10,0.9431945538974952,0
710,6,5,7,0.3983245947080434,1970,10,0.9431945538974952,0
770,5,5,3,0.0035532920166361,1929,10,1.804272708628173,0
916,6,5,3,0.1348599282732145,1978,10,1.804272708628173,0
1690,5,0,10,1.149502117528593,2620,11,0.9431945538974952,0
1351,5,1,10,0.9505526686549896,2313,11,0.9431945538974952,0
1658,5,1,10,1.555358993230745,2615,11,0.9431945538974952,0
1359,5,1,10,0.5287798370429498,2414,11,1.804272708628173,0
1498,2,0,10,1.0420694151368477,2781,11,0.9431945538974952,0
1496,5,0,10,1.0420694151368477,2586,11,1.804272708628173,0
1153,5,0,10,0.64417051738964,2271,11,1.804272708628173,0
1357,2,0,10,0.7277292859165536,2475,11,0.9431945538974952,0
1382,5,1,10,1.244997852987923,2438,11,1.804272708628173,0
1188,2,0,10,0.8510779442181878,2276,11,1.804272708628173,0
1462,6,1,10,1.1654180734384818,2573,11,0.9431945538974952,0
1409,2,1,10,0.6640654622770004,2427,11,0.9431945538974952,0
1549,6,0,10,1.8139932767664293,2702,11,0.9431945538974952,0
809,2,0,10,0.5097362860772614,2138,11,1.804272708628173,0
1498,2,1,10,1.1296071726412331,2646,11,0.9431945538974952,0
794,6,0,10,0.695897374096777,2044,11,1.804272708628173,0
1382,6,0,10,0.5248008480654778,2179,11,1.804272708628173,0
1574,5,1,10,1.336514599469781,2393,11,1.804272708628173,0
1333,2,0,10,0.7197713079616094,2258,11,0.9431945538974952,0
1470,2,0,10,0.6362125394346959,2381,11,0.9431945538974952,0
1518,6,1,10,2.096501494166947,2672,11,1.804272708628173,0
1293,6,0,10,1.0460484041143194,2529,11,1.804272708628173,0
1331,6,0,10,0.9386157017225736,2402,11,0.9431945538974952,0
1416,5,1,10,1.185313018325842,2449,11,0.9431945538974952,0
1592,5,1,10,1.5513800042532728,2783,11,0.9431945538974952,0
1252,5,0,10,0.699876363074249,2434,11,1.804272708628173,0
1622,2,1,10,1.6468757397126026,2376,11,1.804272708628173,0
1442,5,0,10,1.3603885333346133,2591,11,0.9431945538974952,0
1520,2,1,10,1.6389177617576585,2530,11,1.804272708628173,0
1515,5,1,10,1.284787742762644,2392,11,0.9431945538974952,0
1563,6,1,10,1.1057332387764005,2598,11,1.804272708628173,0
1278,2,1,10,0.8829098560379645,2488,11,1.804272708628173,0
1135,5,1,10,0.7675191756912743,2398,11,0.9431945538974952,0
1455,5,0,10,1.0181954812720149,2193,11,1.804272708628173,0
1502,5,0,10,0.6362125394346959,2411,11,0.9431945538974952,0
1016,2,0,10,0.2940194873720975,2113,11,0.9431945538974952,0
1166,2,1,10,0.9465736796775176,2457,11,1.804272708628173,0
1061,2,1,10,1.0858382938890403,2651,11,1.804272708628173,0
1757,2,0,10,0.9386157017225736,2601,11,0.9431945538974952,0
1425,6,1,10,1.2290818970780348,2638,11,1.804272708628173,0
1355,2,1,10,1.5832119160730496,2722,11,1.804272708628173,0
1866,6,1,10,1.4877161806137198,2585,11,0.9431945538974952,0
1300,5,1,10,0.7714981646687463,2449,11,0.9431945538974952,0
1497,5,1,10,1.5314850593659124,2726,11,0.9431945538974952,0
811,6,1,10,0.7953720985335788,2332,11,1.804272708628173,0
1519,6,0,10,1.3842624671994457,2535,11,0.9431945538974952,0
1485,5,0,10,0.9943215474071824,2516,11,1.804272708628173,0
1260,5,1,10,1.3126406656049483,2516,11,1.804272708628173,0
1651,2,0,10,0.8152670434209391,2397,11,0.9431945538974952,0
1152,6,0,10,0.5725487157951427,2060,11,0.9431945538974952,0
1479,6,0,10,0.966468624564878,2473,11,0.9431945538974952,0
1504,5,0,10,1.2410188640104511,2490,11,0.9431945538974952,0
1548,2,0,10,1.4638422467488872,2456,11,1.804272708628173,0
1011,5,0,10,0.2223976857776001,2141,11,1.804272708628173,0
1376,5,0,10,0.859035922173132,2403,11,0.9431945538974952,0
1624,6,1,10,1.344472577424725,2572,11,1.804272708628173,0
1029,2,1,10,0.3974732007863714,2430,11,1.804272708628173,0
1184,5,1,10,0.4929689362457012,2262,11,1.804272708628173,0
1291,5,0,10,1.447926290838999,2610,11,0.9431945538974952,0
1470,6,1,10,0.8948468229703807,2440,11,0.9431945538974952,0
1330,2,0,10,0.5964226496599752,2427,11,0.9431945538974952,0
1327,2,1,10,1.4678212357263594,2491,11,1.804272708628173,0
1237,2,0,10,1.0261534592269592,2539,11,0.9431945538974952,0
1692,6,0,10,1.3245776325373646,2520,11,1.804272708628173,0
988,5,1,10,0.8709728891055483,2397,11,0.9431945538974952,0
1422,6,1,10,0.6481495063671121,2294,11,0.9431945538974952,0
1445,2,0,10,1.5434220262983287,2511,11,1.804272708628173,0
1502,6,0,10,0.7555822087588581,2484,11,0.9431945538974952,0
1087,5,1,10,0.9346367127451014,2334,11,0.9431945538974952,0
1218,2,0,10,1.2131659411681466,2527,11,1.804272708628173,0
1393,6,1,10,0.7794561426236906,2313,11,1.804272708628173,0
1158,2,1,10,0.7874141205786347,2546,11,1.804272708628173,0
1237,2,0,10,0.2621875755523209,2265,11,1.804272708628173,0
1633,6,0,10,0.962489635587406,2276,11,0.9431945538974952,0
1396,2,1,10,1.5115901144785522,2846,11,0.9431945538974952,0
1657,6,1,10,1.4160943790192224,2696,11,1.804272708628173,0
1290,2,1,10,0.7714981646687463,2356,11,0.9431945538974952,0
1310,5,0,10,0.7476242308039139,2494,11,1.804272708628173,0
1472,2,0,10,0.9744266025198222,2505,11,0.9431945538974952,0
1593,2,0,10,0.8669939001280762,2541,11,0.9431945538974952,0
1500,5,1,10,1.6031068609604098,2757,11,1.804272708628173,0
1638,5,0,10,1.0460484041143194,2554,11,0.9431945538974952,0
1300,6,0,10,0.8669939001280762,2565,11,0.9431945538974952,0
1187,6,1,10,0.6640654622770004,2347,11,0.9431945538974952,0
1310,6,0,10,0.8749518780830203,2494,11,0.9431945538974952,0
1416,2,0,10,1.1614390844610096,2595,11,1.804272708628173,0
1231,5,1,10,0.4014521897638435,2421,11,1.804272708628173,0
1553,5,1,10,1.7861403539241252,2730,11,1.804272708628173,0
1415,5,0,10,0.6879393961418329,2478,11,1.804272708628173,0
1535,5,1,10,1.1057332387764005,2456,11,1.804272708628173,0
1261,5,1,10,0.4810319693132849,2283,11,1.804272708628173,0
1149,2,0,10,0.5049059031781175,2358,11,0.9431945538974952,0
1345,5,0,10,0.7237502969390814,2545,11,1.804272708628173,0
1640,2,0,10,1.455884268793943,2671,11,0.9431945538974952,0
725,2,1,10,0.163564245037191,2111,11,1.804272708628173,0
1345,2,0,10,0.9943215474071824,2459,11,0.9431945538974952,0
1299,2,0,10,0.7317082748940257,2284,11,0.9431945538974952,0
1334,2,1,10,0.4492000574935084,2297,11,0.9431945538974952,0
1238,5,0,10,0.1595852560597189,2231,11,0.9431945538974952,0
1410,5,1,10,1.6707496735774352,2647,11,0.9431945538974952,0
1611,6,0,10,2.040795648482338,2671,11,1.804272708628173,0
1282,5,0,10,0.2582085865748488,2418,11,1.804272708628173,0
1442,6,1,10,0.6680444512544724,2368,11,1.804272708628173,0
1522,5,0,10,1.925404968135648,2823,11,0.9431945538974952,0
1568,5,1,10,1.1057332387764005,2505,11,0.9431945538974952,0
1555,5,0,10,1.2489768419653953,2482,11,0.9431945538974952,0
1723,2,0,10,1.2489768419653953,2544,11,0.9431945538974952,0
1440,6,1,10,1.9492789020004804,2884,11,1.804272708628173,0
1196,2,1,10,0.5446957929528382,2541,11,1.804272708628173,0
1206,5,1,10,0.5924436606825031,2100,11,0.9431945538974952,0
1274,5,0,10,0.540716803975366,2415,11,0.9431945538974952,0
1413,2,0,10,0.9744266025198222,2396,11,0.9431945538974952,0
1669,2,1,10,0.9744266025198222,2337,11,0.9431945538974952,0
1170,6,1,10,0.4094101677187876,2312,11,1.804272708628173,0
1844,5,1,10,1.193270996280786,2727,11,0.9431945538974952,0
1803,6,1,10,1.4121153900417502,2607,11,1.804272708628173,0
1144,5,1,10,0.4969479252231732,2388,11,0.9431945538974952,0
1468,5,0,10,1.3404935884472529,2556,11,0.9431945538974952,0
1068,6,1,10,0.9266787347901572,2592,11,0.9431945538974952,0
1195,5,0,10,1.0301324482044312,2430,11,0.9431945538974952,0
1435,2,1,10,0.8669939001280762,2497,11,0.9431945538974952,0
1177,6,1,10,0.0760264875328053,2290,11,1.804272708628173,0
1249,5,1,10,0.4611370244259246,2154,11,1.804272708628173,0
1390,2,0,10,1.0341114371819031,2553,11,0.9431945538974952,0
1548,6,0,10,1.3046826876500044,2561,11,0.9431945538974952,0
1241,6,1,10,1.3205986435598926,2594,11,1.804272708628173,0
1099,5,1,10,1.173376051393426,2396,11,0.9431945538974952,0
1544,5,1,10,1.0062585143395988,2420,11,0.9431945538974952,0
1254,2,1,10,1.6349387727801863,2498,11,1.804272708628173,0
1367,5,1,10,0.9346367127451014,2430,11,0.9431945538974952,0
1120,2,0,10,0.4690950023808687,2219,11,0.9431945538974952,0
1486,6,0,10,0.4054311787413155,2563,11,0.9431945538974952,0
1445,6,0,10,1.766245409036765,2638,11,1.804272708628173,0
788,2,0,10,0.158733862138047,2061,11,1.804272708628173,0
1310,6,0,10,0.3417673551017623,2068,11,1.804272708628173,0
1127,2,1,10,0.5128638811330616,2284,11,1.804272708628173,0
1385,6,1,10,0.7118133300066652,2447,11,1.804272708628173,0
1440,6,0,10,0.9823845804747664,2148,11,0.9431945538974952,0
1490,5,0,10,1.0380904261593753,2575,11,0.9431945538974952,0
1355,6,1,10,0.2940194873720975,2093,11,0.9431945538974952,0
1015,2,0,10,0.266166564529793,2078,11,1.804272708628173,0
1324,5,0,10,1.4240523569741663,2681,11,0.9431945538974952,0
1370,6,0,10,1.109712227753873,2538,11,0.9431945538974952,0
1422,5,0,10,1.2648927978752835,2547,11,0.9431945538974952,0
1543,2,0,10,0.536737814997894,2293,11,0.9431945538974952,0
1219,5,1,10,0.6640654622770004,2360,11,1.804272708628173,0
1382,2,1,10,1.3723255002670296,2603,11,0.9431945538974952,0
1609,5,0,10,1.1455231285511214,2532,11,1.804272708628173,0
1633,2,0,10,1.0261534592269592,2501,11,0.9431945538974952,0
1103,6,1,10,0.8391409772857716,2443,11,0.9431945538974952,0
1234,6,0,10,0.7595611977363301,2694,11,0.9431945538974952,0
1575,6,1,10,1.4001784231093342,2493,11,0.9431945538974952,0
1350,5,1,10,0.6004016386374472,2169,11,0.9431945538974952,0
1705,6,1,10,1.7980773208565417,2756,11,1.804272708628173,0
1175,2,0,10,1.1534811065060655,2503,11,1.804272708628173,0
1324,5,1,10,0.8829098560379645,2146,11,1.804272708628173,0
1400,5,0,10,0.962489635587406,2451,11,1.804272708628173,0
1269,5,0,10,1.4001784231093342,2493,11,0.9431945538974952,0
1268,2,1,10,1.2290818970780348,2420,11,1.804272708628173,0
1705,5,1,10,0.9744266025198222,2451,11,0.9431945538974952,0
1269,2,1,10,1.4359893239065826,2505,11,0.9431945538974952,0
1312,5,0,10,1.3007036986725322,2644,11,1.804272708628173,0
1448,6,1,10,0.8431199662632437,2524,11,0.9431945538974952,0
1533,2,0,10,0.695897374096777,2437,11,1.804272708628173,0
1144,2,0,10,1.3763044892445015,2420,11,0.9431945538974952,0
948,5,0,10,0.1985237519127677,2151,11,1.804272708628173,0
1203,2,0,10,0.6163175945473355,2202,11,1.804272708628173,0
1405,6,1,10,1.193270996280786,2515,11,0.9431945538974952,0
1156,2,1,10,0.5805066937500868,2132,11,0.9431945538974952,0
1512,5,1,10,0.9226997458126852,2538,11,1.804272708628173,0
1183,5,0,10,0.6004016386374472,2490,11,0.9431945538974952,0
1203,5,0,10,0.0711961046336613,2232,11,0.9431945538974952,0
1280,6,0,10,0.5088848921555895,2397,11,1.804272708628173,0
1009,5,0,10,0.3059564543045137,2030,11,0.9431945538974952,0
1336,6,1,10,0.699876363074249,2466,11,0.9431945538974952,0
1336,5,0,10,1.2728507758302277,2586,11,0.9431945538974952,0
1305,6,0,10,1.288766731740116,2521,11,0.9431945538974952,0
1334,6,0,10,0.5446957929528382,2373,11,0.9431945538974952,0
1459,2,1,10,1.0102375033170707,2233,11,1.804272708628173,0
1354,6,1,10,1.6826866405098513,2811,11,1.804272708628173,0
1554,5,1,10,1.3285566215148368,2474,11,1.804272708628173,0
1525,6,0,10,1.0699223379791518,2566,11,0.9431945538974952,0
1602,6,1,10,1.817972265743902,2790,11,0.9431945538974952,0
1274,6,1,10,0.4730739913583408,2185,11,0.9431945538974952,0
1700,6,0,10,1.5235270814109685,2594,11,1.804272708628173,0
1417,2,1,10,0.1467968952056307,2162,11,1.804272708628173,0
1409,2,1,10,1.1693970624159538,2408,11,0.9431945538974952,0
1687,5,0,10,1.6866656294873237,2839,11,1.804272708628173,0
932,5,0,10,0.8749518780830203,2595,11,0.9431945538974952,0
1757,6,0,10,0.6839604071643608,2376,11,1.804272708628173,0
1361,2,1,10,1.3404935884472529,2824,11,0.9431945538974952,0
1326,6,1,10,0.2502506086199046,2233,11,0.9431945538974952,0
1471,2,1,10,1.1693970624159538,2536,11,1.804272708628173,0
1103,6,1,10,0.270996947428937,2226,11,0.9431945538974952,0
1414,6,1,10,1.2808087537851718,2438,11,0.9431945538974952,0
1238,2,0,10,0.2900404983946254,2298,11,0.9431945538974952,0
1119,6,0,10,0.962489635587406,2321,11,1.804272708628173,0
1668,5,0,10,1.2131659411681466,2449,11,0.9431945538974952,0
1082,2,0,10,0.1428179062281586,2180,11,1.804272708628173,0
1356,2,1,10,1.1534811065060655,2385,11,1.804272708628173,0
1399,5,1,10,0.4173681456737318,2364,11,1.804272708628173,0
1605,5,1,10,1.0699223379791518,2538,11,1.804272708628173,0
1743,5,0,10,1.5792329270955774,2789,11,0.9431945538974952,0
1185,6,0,10,0.3139144322594578,2237,11,1.804272708628173,0
1266,2,1,10,1.404157412086806,2552,11,0.9431945538974952,0
1081,6,1,10,0.5535051648294542,1878,11,1.804272708628173,0
1646,6,0,10,1.8139932767664293,2895,11,1.804272708628173,0
1844,6,1,10,1.0898172828665122,2652,11,1.804272708628173,0
1293,5,1,10,0.859035922173132,2254,11,0.9431945538974952,0
1531,5,1,10,0.8272040103533554,2386,11,1.804272708628173,0
1113,5,1,10,0.7635401867138022,2454,11,1.804272708628173,0
1624,5,0,10,1.29672470969506,2593,11,0.9431945538974952,0
1457,5,1,10,1.8060352988114856,2745,11,0.9431945538974952,0
1638,2,1,10,1.177355040370898,2462,11,1.804272708628173,0
1580,2,0,10,0.8510779442181878,2449,11,1.804272708628173,0
1450,6,0,10,1.1017542497989286,2578,11,1.804272708628173,0
1384,6,1,10,0.97044761354235,2632,11,1.804272708628173,0
1492,6,0,10,0.4014521897638435,2315,11,0.9431945538974952,0
1313,5,0,10,0.3815572448764831,2295,11,0.9431945538974952,0
1600,2,0,10,0.64417051738964,2494,11,1.804272708628173,0
1478,2,0,10,0.859035922173132,2286,11,0.9431945538974952,0
1619,2,0,10,0.859035922173132,2715,11,1.804272708628173,0
1501,5,1,10,0.2502506086199046,2383,11,0.9431945538974952,0
1371,5,0,10,0.2621875755523209,2383,11,0.9431945538974952,0
1536,6,1,10,1.7344134972169882,2634,11,0.9431945538974952,0
1571,2,0,10,0.9943215474071824,2535,11,0.9431945538974952,0
1554,6,1,10,1.3922204451543898,2555,11,0.9431945538974952,0
1191,6,0,10,1.1057332387764005,2408,11,0.9431945538974952,0
1702,6,1,10,1.1136912167313446,2555,11,0.9431945538974952,0
1391,2,0,10,0.3338093771468182,2218,11,1.804272708628173,0
1156,6,0,10,1.2489768419653953,2648,11,1.804272708628173,0
1186,6,1,10,0.7714981646687463,2559,11,1.804272708628173,0
1376,2,0,10,0.64417051738964,2439,11,1.804272708628173,0
1343,2,0,10,1.933362946090592,2568,11,1.804272708628173,0
1483,5,1,10,0.5924436606825031,2406,11,0.9431945538974952,0
1320,5,0,10,0.0075322809941081,2133,11,1.804272708628173,0
1307,6,0,10,0.8709728891055483,2502,11,1.804272708628173,0
1526,2,1,10,1.7423714751719324,2673,11,1.804272708628173,0
1584,2,1,10,1.3166196545824205,2442,11,1.804272708628173,0
1200,5,1,10,1.2728507758302277,2443,11,1.804272708628173,0
1268,5,0,10,0.8431199662632437,2282,11,0.9431945538974952,0
1306,6,1,10,1.6906446184647954,2746,11,1.804272708628173,0
1583,6,0,10,1.1455231285511214,2402,11,0.9431945538974952,0
1088,6,0,10,0.004404685938308,2177,11,0.9431945538974952,0
1544,5,1,10,1.0858382938890403,2646,11,0.9431945538974952,0
1069,5,1,10,0.0680685095778612,2211,11,0.9431945538974952,0
1296,2,1,10,0.97044761354235,2563,11,1.804272708628173,0
1252,2,0,10,0.6123386055698634,2533,11,1.804272708628173,0
1759,2,1,10,1.766245409036765,2942,11,0.9431945538974952,0
1645,5,0,10,0.8868888450154365,2514,11,1.804272708628173,0
1235,2,1,10,0.803330076488523,2393,11,1.804272708628173,0
1502,6,1,10,0.9187207568352131,2463,11,0.9431945538974952,0
1085,6,0,10,0.162712851115519,2579,11,0.9431945538974952,0
1414,2,0,10,1.336514599469781,2583,11,1.804272708628173,0
1354,6,0,10,1.149502117528593,2491,11,1.804272708628173,0
1059,2,1,10,1.0540063820692636,2507,11,0.9431945538974952,0
1095,6,1,10,0.0473221707688289,2007,11,0.9431945538974952,0
1452,5,0,10,1.5115901144785522,2595,11,0.9431945538974952,0
1541,2,0,10,0.9943215474071824,2527,11,1.804272708628173,0
1303,5,1,10,0.699876363074249,2408,11,1.804272708628173,0
1140,5,0,10,0.8868888450154365,2156,11,1.804272708628173,0
1220,5,1,10,0.536737814997894,2376,11,1.804272708628173,0
1118,5,1,10,0.695897374096777,2332,11,1.804272708628173,0
1183,2,0,10,0.4094101677187876,2491,11,1.804272708628173,0
1121,2,1,10,0.807309065465995,2246,11,1.804272708628173,0
1406,5,0,10,0.5685697268176706,2367,11,0.9431945538974952,0
1500,2,1,10,1.5195480924334963,2594,11,1.804272708628173,0
1206,5,1,10,1.5752539381181052,2504,11,1.804272708628173,0
1294,2,0,10,0.97044761354235,2305,11,1.804272708628173,0
1221,6,1,10,0.9147417678577412,2381,11,0.9431945538974952,0
1255,2,0,10,0.6919183851193049,2589,11,0.9431945538974952,0
1619,2,0,10,0.9943215474071824,2666,11,1.804272708628173,0
1355,5,1,10,1.336514599469781,2398,11,0.9431945538974952,0
1378,6,1,10,0.751603219781386,2319,11,0.9431945538974952,0
1426,5,1,10,0.2462716196424326,2371,11,1.804272708628173,0
1302,6,1,10,0.5049059031781175,2449,11,0.9431945538974952,0
1165,5,1,10,0.807309065465995,2635,11,0.9431945538974952,0
1079,5,1,10,0.3377883661242903,2287,11,1.804272708628173,0
1004,2,1,10,0.5009269142006454,2326,11,1.804272708628173,0
1465,2,0,10,1.499653147546136,2780,11,0.9431945538974952,0
1647,2,0,10,1.244997852987923,2632,11,0.9431945538974952,0
1054,5,1,10,0.966468624564878,2448,11,1.804272708628173,0
1430,6,0,10,0.1467968952056307,2161,11,0.9431945538974952,0
1374,6,1,10,0.3457463440792345,2449,11,0.9431945538974952,0
1589,2,0,10,1.567295960163161,2525,11,0.9431945538974952,0
1111,2,1,10,0.0274272258814685,2312,11,0.9431945538974952,0
1222,6,0,10,1.3126406656049483,2622,11,0.9431945538974952,0
1411,5,1,10,0.962489635587406,2530,11,0.9431945538974952,0
1576,2,1,10,1.5354640483433846,2815,11,1.804272708628173,0
1167,6,0,10,0.7595611977363301,2525,11,1.804272708628173,0
1476,6,1,10,1.149502117528593,2583,11,1.804272708628173,0
1533,2,0,10,1.18133402934837,2415,11,0.9431945538974952,0
1078,5,1,10,0.4253261236286759,2268,11,1.804272708628173,0
1599,6,1,10,0.8470989552407158,2388,11,1.804272708628173,0
1635,5,1,10,2.1243544170092514,2589,11,1.804272708628173,0
1580,6,0,10,0.640191528412168,2366,11,0.9431945538974952,0
1612,5,1,10,1.3285566215148368,2602,11,1.804272708628173,0
1167,6,1,10,0.2860615094171533,2164,11,1.804272708628173,0
1618,6,0,10,1.6309597838027143,2501,11,0.9431945538974952,0
1430,6,1,10,0.5088848921555895,2373,11,1.804272708628173,0
1230,2,0,10,0.97044761354235,2394,11,1.804272708628173,0
1202,6,0,10,1.0341114371819031,2644,11,1.804272708628173,0
1483,2,1,10,0.9545316576324616,2564,11,1.804272708628173,0
1387,2,1,10,0.803330076488523,2282,11,1.804272708628173,0
1443,6,0,10,0.9386157017225736,2578,11,0.9431945538974952,0
1193,2,1,10,0.1945447629352956,2219,11,1.804272708628173,0
1332,6,1,10,0.588464671705031,2461,11,1.804272708628173,0
1515,5,1,10,0.8948468229703807,2384,11,1.804272708628173,0
1750,6,1,10,1.5434220262983287,2567,11,1.804272708628173,0
1490,2,1,10,1.1057332387764005,2429,11,0.9431945538974952,0
1294,6,1,10,0.5765277047726147,2529,11,1.804272708628173,0
1187,6,0,10,1.0420694151368477,2508,11,0.9431945538974952,0
1187,6,0,10,0.1556062670822468,2229,11,0.9431945538974952,0
1120,2,1,10,0.5805066937500868,2347,11,0.9431945538974952,0
1257,6,1,10,0.4332841015836201,2318,11,0.9431945538974952,0
1556,2,0,10,0.9386157017225736,2489,11,0.9431945538974952,0
1175,6,0,10,0.0711961046336613,2433,11,0.9431945538974952,0
1644,2,0,10,0.4133891566962597,2580,11,1.804272708628173,0
1180,2,0,10,0.9187207568352131,2268,11,1.804272708628173,0
1457,6,1,10,0.859035922173132,2585,11,0.9431945538974952,0
1378,2,1,10,0.6600864732995283,2520,11,1.804272708628173,0
1402,5,0,10,1.6548337176675467,2596,11,1.804272708628173,0
1312,5,1,10,0.5964226496599752,2239,11,0.9431945538974952,0
1627,2,1,10,1.149502117528593,2570,11,1.804272708628173,0
1663,6,1,10,1.022174470249487,2584,11,0.9431945538974952,0
923,6,0,10,0.3855362338539552,2250,11,0.9431945538974952,0
1428,5,1,10,0.7237502969390814,2223,11,0.9431945538974952,0
1567,2,0,10,1.1296071726412331,2526,11,1.804272708628173,0
1417,2,1,10,1.109712227753873,2328,11,0.9431945538974952,0
1716,2,0,10,1.0261534592269592,2461,11,0.9431945538974952,0
1591,5,0,10,0.9147417678577412,2353,11,1.804272708628173,0
1268,5,0,10,0.9465736796775176,2379,11,1.804272708628173,0
1753,6,0,10,0.5208218590880057,2540,11,1.804272708628173,0
984,6,1,10,0.1229229613407983,2215,11,0.9431945538974952,0
1455,5,0,10,0.6123386055698634,2414,11,1.804272708628173,0
1228,2,0,10,0.2900404983946254,2345,11,1.804272708628173,0
1280,6,1,10,1.3126406656049483,2613,11,1.804272708628173,0
1347,5,1,10,0.7874141205786347,2232,11,0.9431945538974952,0
1440,6,1,10,1.7383924861944604,2731,11,0.9431945538974952,0
1557,6,0,10,0.9903425584297104,2445,11,0.9431945538974952,0
1414,2,0,10,0.8192460323984113,2586,11,1.804272708628173,0
1056,2,0,10,1.1455231285511214,2202,11,0.9431945538974952,0
1471,5,0,10,0.863014911150604,2468,11,0.9431945538974952,0
1260,2,1,10,0.5685697268176706,2283,11,1.804272708628173,0
1132,5,1,10,0.1945447629352956,2297,11,0.9431945538974952,0
1753,6,1,10,1.3325356104923087,2638,11,1.804272708628173,0
1179,5,1,10,0.8948468229703807,2364,11,0.9431945538974952,0
1244,2,0,10,1.2131659411681466,2443,11,0.9431945538974952,0
1471,5,1,10,0.2979984763495695,2437,11,1.804272708628173,0
1463,5,0,10,0.3974732007863714,2446,11,0.9431945538974952,0
1030,2,1,10,0.7157923189841373,2338,11,1.804272708628173,0
1704,5,1,10,1.5513800042532728,2566,11,0.9431945538974952,0
1281,6,0,10,1.4399683128840548,2826,11,1.804272708628173,0
527,6,1,10,0.1357113221948865,1012,6,1.804272708628173,1
589,6,1,11,0.3147658261811298,899,6,0.9431945538974952,1
498,6,1,10,0.2431440245866324,969,6,1.804272708628173,1
473,2,1,11,0.5017783081223173,813,6,0.9431945538974952,1
571,6,1,10,0.3028288592487136,915,6,0.9431945538974952,1
579,2,1,10,0.1595852560597189,1045,6,0.9431945538974952,1
533,6,1,10,0.485862352212429,871,6,1.804272708628173,1
513,6,1,11,0.3744506608432109,908,6,1.804272708628173,1
506,2,1,10,0.2630389694739928,927,6,0.9431945538974952,1
573,2,1,10,0.1197953662849981,1027,6,0.9431945538974952,1
598,6,1,11,0.0839844654877495,1015,6,0.9431945538974952,1
631,6,1,10,0.2391650356091604,1051,6,1.804272708628173,1
472,6,1,11,0.274975936406409,951,6,1.804272708628173,1
424,6,1,10,0.5654421317618704,826,6,0.9431945538974952,1
581,2,1,11,0.2908918923162973,909,6,1.804272708628173,1
551,2,1,10,0.434135495505292,918,6,0.9431945538974952,1
512,2,1,11,0.6251269664239516,796,6,0.9431945538974952,1
609,2,1,10,0.3744506608432109,942,6,1.804272708628173,1
492,2,1,10,0.4818833632349569,840,6,0.9431945538974952,1
597,2,1,11,0.0720474985553333,958,6,1.804272708628173,1
582,6,1,11,0.4779043742574848,842,6,0.9431945538974952,1
550,6,1,11,0.167543234014663,1018,6,0.9431945538974952,1
589,2,1,11,0.3107868372036577,874,6,1.804272708628173,1
446,6,1,10,0.0839844654877495,1015,6,0.9431945538974952,1
562,6,1,10,0.4142405506179316,899,6,1.804272708628173,1
575,6,1,10,0.3426187490234343,890,6,1.804272708628173,1
586,2,1,11,0.4301565065278199,983,6,0.9431945538974952,1
614,2,1,11,0.3664926828882667,935,6,1.804272708628173,1
524,6,1,11,0.4699463963025407,959,6,1.804272708628173,1
619,6,1,11,0.5017783081223173,949,6,1.804272708628173,1
512,2,1,11,0.3028288592487136,988,6,1.804272708628173,1
549,6,1,11,0.3704716718657388,822,6,0.9431945538974952,1
566,6,1,11,0.2789549253838811,853,6,0.9431945538974952,1
554,2,1,10,0.1078583993525819,1018,6,0.9431945538974952,1
572,6,1,11,0.163564245037191,1012,6,0.9431945538974952,1
616,6,1,10,0.0919424434426936,1023,6,1.804272708628173,1
480,2,1,11,0.1993751458344396,976,6,0.9431945538974952,1
619,6,1,10,0.0314062148589406,1105,6,1.804272708628173,1
552,2,1,11,0.3505767269783785,993,6,1.804272708628173,1
567,6,1,11,0.1874381789020234,1046,6,1.804272708628173,1
767,6,1,10,0.0242996308256684,1033,6,0.9431945538974952,1
550,6,1,11,0.0322576087806125,1035,6,0.9431945538974952,1
478,6,1,11,0.326702793113546,772,6,0.9431945538974952,1
560,6,1,11,0.5176942640322055,969,6,1.804272708628173,1
549,6,1,10,0.1993751458344396,1003,6,1.804272708628173,1
600,2,1,11,0.0871120605435496,1087,6,1.804272708628173,1
578,2,1,10,0.0592591377012451,962,6,1.804272708628173,1
566,2,1,11,0.3863876277756271,1016,6,1.804272708628173,1
549,2,1,10,0.2431440245866324,891,6,1.804272708628173,1
569,2,1,10,0.3346607710684902,911,6,1.804272708628173,1
684,6,1,11,0.1317323332174144,995,6,1.804272708628173,1
611,2,1,10,0.2192700907218,958,6,1.804272708628173,1
626,2,1,10,0.0402155867355567,980,6,1.804272708628173,1
673,6,1,10,0.158733862138047,1055,6,0.9431945538974952,1
636,6,1,10,0.0083836749157801,1009,6,0.9431945538974952,1
629,2,1,11,0.1109859944083821,970,6,0.9431945538974952,1
532,6,1,11,0.1396903111723585,1042,6,1.804272708628173,1
515,6,1,10,0.7723495585904183,830,6,0.9431945538974952,1
581,6,1,10,0.1715222229921351,994,6,0.9431945538974952,1
501,6,1,11,0.1953961568569676,1022,6,1.804272708628173,1
545,2,1,11,0.056131542645445,1029,6,1.804272708628173,1
601,6,1,10,0.1348599282732145,996,6,0.9431945538974952,1
479,6,1,10,0.2152911017443279,983,6,1.804272708628173,1
475,2,1,10,0.3863876277756271,867,6,0.9431945538974952,1
405,6,1,10,0.5614631427843984,918,6,1.804272708628173,1
613,2,1,10,0.2192700907218,1071,6,1.804272708628173,1
402,6,1,10,0.7723495585904183,802,6,0.9431945538974952,1
581,6,1,10,0.0672171156561892,1087,6,0.9431945538974952,1
559,2,1,11,0.4977993191448452,878,6,1.804272708628173,1
424,2,1,10,0.6887907900635047,798,6,0.9431945538974952,1
659,6,1,10,0.0959214324201657,1118,6,0.9431945538974952,1
595,2,1,11,0.3426187490234343,945,6,1.804272708628173,1
522,2,1,11,0.0154902589490523,931,6,0.9431945538974952,1
425,2,1,10,0.274975936406409,928,6,1.804272708628173,1
534,6,1,10,0.2471230135641045,1019,6,0.9431945538974952,1
472,6,1,11,0.3863876277756271,957,6,0.9431945538974952,1
574,2,1,11,0.4182195395954037,923,6,0.9431945538974952,1
526,2,1,11,0.3744506608432109,909,6,1.804272708628173,1
617,6,1,11,0.0711961046336613,999,6,0.9431945538974952,1
624,2,1,10,0.2988498702712415,932,6,0.9431945538974952,1
485,6,1,11,0.2312070576542162,996,6,0.9431945538974952,1
568,2,1,11,0.3227238041360739,896,6,0.9431945538974952,1
566,6,1,11,0.2908918923162973,986,6,0.9431945538974952,1
580,6,1,10,0.3625136939107947,933,6,1.804272708628173,1
642,2,1,11,0.0800054765102774,989,6,0.9431945538974952,1
616,2,1,11,0.1507758841831028,996,6,0.9431945538974952,1
503,6,1,11,0.3107868372036577,889,6,0.9431945538974952,1
450,2,1,11,0.6450219113113119,836,6,1.804272708628173,1
599,6,1,10,0.1436693001498306,1023,6,0.9431945538974952,1
456,6,1,10,0.3187448151586018,905,6,0.9431945538974952,1
662,6,1,11,0.2630389694739928,959,6,0.9431945538974952,1
561,6,1,10,0.541568197897038,986,6,0.9431945538974952,1
505,6,1,10,0.2869129033388253,936,6,1.804272708628173,1
501,2,1,11,0.2312070576542162,983,6,1.804272708628173,1
676,2,1,11,0.0791540825886055,1064,6,1.804272708628173,1
679,2,1,11,0.0353852038364127,885,6,0.9431945538974952,1
581,6,1,10,0.3545557159558505,919,6,0.9431945538974952,1
527,6,1,11,0.2312070576542162,826,6,0.9431945538974952,1
561,2,1,11,0.3545557159558505,951,6,0.9431945538974952,1
500,2,1,11,0.4221985285728758,847,6,1.804272708628173,1
560,2,1,10,0.4182195395954037,885,6,0.9431945538974952,1
623,6,1,11,0.0473221707688289,1042,6,1.804272708628173,1
587,2,1,11,0.0680685095778612,1002,6,0.9431945538974952,1
427,2,1,11,0.5893160656267029,796,6,0.9431945538974952,1
506,6,1,10,0.3346607710684902,976,6,1.804272708628173,1
495,2,1,10,0.5614631427843984,909,6,0.9431945538974952,1
477,2,1,10,0.4659674073250686,860,6,0.9431945538974952,1
635,2,1,11,0.3346607710684902,968,6,1.804272708628173,1
610,6,1,11,0.1755012119696072,1009,6,0.9431945538974952,1
567,2,1,10,0.3465977380009064,957,6,0.9431945538974952,1
496,6,1,10,0.060110531622917,991,6,1.804272708628173,1
560,2,1,11,0.1914171678794955,969,6,1.804272708628173,1
540,6,1,11,0.2908918923162973,1024,6,0.9431945538974952,1
616,2,1,11,0.0680685095778612,1111,6,0.9431945538974952,1
611,2,1,11,0.3346607710684902,910,6,1.804272708628173,1
546,2,1,10,0.2312070576542162,863,6,1.804272708628173,1
496,2,1,10,0.7166437129058093,826,6,0.9431945538974952,1
714,2,1,11,0.4014521897638435,1113,6,0.9431945538974952,1
587,2,1,11,0.2630389694739928,958,6,1.804272708628173,1
504,2,1,10,0.2590599804965208,1071,6,1.804272708628173,1
526,2,1,10,0.4500514514151803,900,6,0.9431945538974952,1
562,6,1,11,0.2152911017443279,911,6,0.9431945538974952,1
487,2,1,10,0.3545557159558505,933,6,0.9431945538974952,1
590,2,1,10,0.3426187490234343,924,6,0.9431945538974952,1
636,6,1,10,0.2232490796992721,972,6,1.804272708628173,1
592,2,1,10,0.3744506608432109,917,6,0.9431945538974952,1
466,6,1,11,0.649000900288784,814,6,0.9431945538974952,1
610,6,1,10,0.0314062148589406,1029,6,0.9431945538974952,1
574,2,1,11,0.1229229613407983,1100,6,0.9431945538974952,1
482,6,1,11,0.4062825726629875,834,6,1.804272708628173,1
633,6,1,11,0.2590599804965208,902,6,1.804272708628173,1
537,2,1,10,0.378429649820683,872,6,1.804272708628173,1
680,6,1,11,0.0115112699715802,1071,6,0.9431945538974952,1
630,2,1,11,0.1428179062281586,962,6,1.804272708628173,1
634,6,1,10,0.3704716718657388,1076,6,1.804272708628173,1
426,6,1,11,0.3505767269783785,905,6,1.804272708628173,1
485,6,1,11,0.382408638798155,940,6,0.9431945538974952,1
507,6,1,10,0.593295054604175,840,6,0.9431945538974952,1
573,6,1,10,0.1595852560597189,1006,6,1.804272708628173,1
545,2,1,10,0.1396903111723585,1071,6,0.9431945538974952,1
536,2,1,10,0.2869129033388253,970,6,1.804272708628173,1
499,2,1,11,0.111837388330054,956,6,1.804272708628173,1
602,2,1,11,0.2511020025415766,932,6,0.9431945538974952,1
630,2,1,11,0.3983245947080434,982,6,1.804272708628173,1
514,2,1,10,0.1197953662849981,925,6,0.9431945538974952,1
537,2,1,10,0.378429649820683,1026,6,0.9431945538974952,1
518,2,1,10,0.0362365977580846,947,6,0.9431945538974952,1
612,6,1,11,0.1794802009470793,997,6,0.9431945538974952,1
522,6,1,11,0.3744506608432109,854,6,0.9431945538974952,1
595,6,1,10,0.0203206418481963,995,6,0.9431945538974952,1
641,2,1,11,0.0322576087806125,1007,6,0.9431945538974952,1
570,2,1,10,0.2192700907218,917,6,0.9431945538974952,1
529,2,1,10,0.111837388330054,923,6,1.804272708628173,1
600,6,1,11,0.167543234014663,1026,6,0.9431945538974952,1
590,6,1,11,0.1030280164534379,1091,6,0.9431945538974952,1
520,6,1,11,0.3465977380009064,889,6,1.804272708628173,1
598,2,1,11,0.3346607710684902,918,6,0.9431945538974952,1
615,2,1,11,0.5216732530096777,851,6,1.804272708628173,1
635,6,1,11,0.163564245037191,900,6,0.9431945538974952,1
464,2,1,11,0.2391650356091604,968,6,1.804272708628173,1
638,2,1,10,0.4023035836855154,1032,6,1.804272708628173,1
494,6,1,11,0.5296312309646218,874,6,0.9431945538974952,1
445,2,1,11,0.5734001097168147,852,6,1.804272708628173,1
537,2,1,10,0.2550809915190487,961,6,0.9431945538974952,1
530,6,1,10,0.274975936406409,974,6,1.804272708628173,1
593,2,1,10,0.0035532920166361,962,6,1.804272708628173,1
420,6,1,11,0.3704716718657388,869,6,1.804272708628173,1
554,6,1,10,0.3187448151586018,990,6,0.9431945538974952,1
499,6,1,10,0.3545557159558505,830,6,1.804272708628173,1
561,2,1,10,0.382408638798155,951,6,0.9431945538974952,1
669,6,1,11,0.0314062148589406,1042,6,0.9431945538974952,1
619,2,1,10,0.2232490796992721,1004,6,1.804272708628173,1
545,6,1,10,0.5495261758519822,854,6,1.804272708628173,1
521,6,1,11,0.326702793113546,895,6,1.804272708628173,1
436,6,1,10,0.4739253852800127,802,6,1.804272708628173,1
463,2,1,10,0.2033541348119117,958,6,1.804272708628173,1
433,2,1,11,0.5773790986942867,773,6,1.804272708628173,1
420,6,1,10,0.5853370766492308,793,6,1.804272708628173,1
582,6,1,10,0.0282786198031404,1109,6,0.9431945538974952,1
462,6,1,11,0.3704716718657388,823,6,0.9431945538974952,1
570,2,1,11,0.0242996308256684,973,6,1.804272708628173,1
586,2,1,11,0.3545557159558505,922,6,1.804272708628173,1
654,6,1,11,0.2113121127668558,1033,6,1.804272708628173,1
508,6,1,10,0.6848118010860327,900,6,1.804272708628173,1
672,2,1,11,0.2152911017443279,888,6,0.9431945538974952,1
555,6,1,11,0.4182195395954037,895,6,0.9431945538974952,1
490,2,1,10,0.3386397600459622,932,6,1.804272708628173,1
734,2,1,10,0.0393641928138847,1069,6,0.9431945538974952,1
537,6,1,10,0.4142405506179316,949,6,1.804272708628173,1
587,6,1,11,0.0203206418481963,915,6,1.804272708628173,1
531,6,1,10,0.0274272258814685,924,6,0.9431945538974952,1
546,6,1,11,0.1476482891273027,978,6,1.804272708628173,1
506,2,1,10,0.5057572970997893,794,6,0.9431945538974952,1
449,6,1,10,0.6012530325591191,842,6,1.804272708628173,1
560,2,1,11,0.3585347049333226,1010,6,1.804272708628173,1
535,6,1,10,0.3903666167530992,945,6,0.9431945538974952,1
465,2,1,10,0.2232490796992721,1047,6,1.804272708628173,1
619,6,1,11,0.3386397600459622,821,6,0.9431945538974952,1
664,2,1,11,0.1953961568569676,942,6,0.9431945538974952,1
605,6,1,11,0.0800054765102774,1077,6,1.804272708628173,1
658,2,1,10,0.3178934212369299,1152,6,1.804272708628173,1
560,6,1,11,0.5455471868745101,967,6,1.804272708628173,1
593,2,1,11,0.4420934734602362,936,6,1.804272708628173,1
524,2,1,10,0.3505767269783785,970,6,1.804272708628173,1
613,6,1,11,0.1237743552624702,983,6,0.9431945538974952,1
637,6,1,10,0.2471230135641045,1013,6,0.9431945538974952,1
484,2,1,10,0.326702793113546,858,6,0.9431945538974952,1
445,6,1,11,0.5574841538069263,805,6,0.9431945538974952,1
651,6,1,11,0.1666918400929911,1114,6,0.9431945538974952,1
538,6,1,10,0.652979889266256,862,6,1.804272708628173,1
576,6,1,10,0.0640895206003891,1089,6,0.9431945538974952,1
514,6,1,11,0.5614631427843984,819,6,0.9431945538974952,1
577,2,1,10,0.2471230135641045,940,6,0.9431945538974952,1
538,2,1,10,0.3346607710684902,866,6,1.804272708628173,1
591,6,1,11,0.004404685938308,1000,6,0.9431945538974952,1
726,6,1,11,0.1834591899245513,928,6,0.9431945538974952,1
632,6,1,11,0.0322576087806125,998,6,1.804272708628173,1
608,2,1,11,0.0680685095778612,1024,6,1.804272708628173,1
477,6,1,10,0.4023035836855154,823,6,0.9431945538974952,1
666,2,1,10,0.0711961046336613,1073,6,0.9431945538974952,1
597,6,1,10,0.537589208919566,858,6,1.804272708628173,1
604,6,1,10,0.2312070576542162,961,6,1.804272708628173,1
486,2,1,11,0.5216732530096777,877,6,1.804272708628173,1
563,2,1,10,0.163564245037191,962,6,1.804272708628173,1
461,6,1,11,0.1556062670822468,1033,6,1.804272708628173,1
568,6,1,10,0.1516272781047747,921,6,0.9431945538974952,1
560,2,1,10,0.3346607710684902,947,6,0.9431945538974952,1
574,6,1,11,0.1755012119696072,1069,6,0.9431945538974952,1
685,6,1,10,0.2471230135641045,1028,6,0.9431945538974952,1
608,2,1,11,0.270996947428937,1127,6,1.804272708628173,1
554,6,1,10,0.4142405506179316,968,6,1.804272708628173,1
546,2,1,10,0.0592591377012451,1060,6,1.804272708628173,1
495,6,1,10,0.378429649820683,814,6,0.9431945538974952,1
577,2,1,11,0.378429649820683,901,6,1.804272708628173,1
466,6,1,10,0.4023035836855154,862,6,1.804272708628173,1
476,2,1,11,0.3187448151586018,921,6,1.804272708628173,1
553,6,1,11,0.2908918923162973,1078,6,1.804272708628173,1
576,6,1,10,0.3744506608432109,857,6,1.804272708628173,1
609,6,1,11,0.3863876277756271,981,6,1.804272708628173,1
541,2,1,10,0.2113121127668558,1027,6,0.9431945538974952,1
602,2,1,10,0.2511020025415766,984,6,1.804272708628173,1
658,2,1,10,0.0711961046336613,932,6,1.804272708628173,1
558,6,1,10,0.2033541348119117,889,6,0.9431945538974952,1
555,6,1,11,0.5773790986942867,828,6,0.9431945538974952,1
520,6,1,11,0.3863876277756271,976,6,0.9431945538974952,1
587,6,1,11,0.3943456057305713,969,6,1.804272708628173,1
512,2,1,10,0.3028288592487136,977,6,0.9431945538974952,1
536,6,1,11,0.5057572970997893,972,6,0.9431945538974952,1
543,6,1,10,0.0513011597463009,1017,6,1.804272708628173,1
393,2,1,10,0.5137152750547335,787,6,0.9431945538974952,1
578,6,1,10,0.2511020025415766,966,6,1.804272708628173,1
588,2,1,10,0.2312070576542162,899,6,1.804272708628173,1
511,6,1,11,0.1715222229921351,890,6,1.804272708628173,1
601,6,1,11,0.0441945757130287,1044,6,1.804272708628173,1
533,2,1,10,0.2511020025415766,904,6,0.9431945538974952,1
648,2,1,11,0.1436693001498306,996,6,0.9431945538974952,1
425,6,1,10,0.2829339143613532,952,6,1.804272708628173,1
599,2,1,11,0.2670179584514649,835,6,1.804272708628173,1
583,6,1,11,0.1516272781047747,1028,6,1.804272708628173,1
626,2,1,11,0.2908918923162973,940,6,0.9431945538974952,1
502,2,1,11,0.0163416528707242,1030,6,1.804272708628173,1
535,6,1,11,0.111837388330054,911,6,1.804272708628173,1
660,2,1,11,0.1556062670822468,957,6,1.804272708628173,1
542,6,1,10,0.2789549253838811,962,6,0.9431945538974952,1
575,2,1,10,0.0234482369039964,1017,6,0.9431945538974952,1
583,6,1,11,0.2232490796992721,980,6,0.9431945538974952,1
587,2,1,11,0.1953961568569676,993,6,0.9431945538974952,1
535,2,1,11,0.0919424434426936,1010,6,1.804272708628173,1
652,2,1,10,0.4182195395954037,857,6,0.9431945538974952,1
513,6,1,10,0.2073331237893838,729,6,1.804272708628173,1
559,6,1,11,0.167543234014663,1009,6,1.804272708628173,1
576,6,1,11,0.2789549253838811,1080,6,0.9431945538974952,1
638,2,1,11,0.0004256969608359,1120,6,1.804272708628173,1
546,6,1,10,0.3386397600459622,945,6,0.9431945538974952,1
533,2,1,10,0.6211479774464795,950,6,1.804272708628173,1
657,2,1,11,0.1547548731605749,979,6,0.9431945538974952,1
587,6,1,10,0.4540304403926524,1029,6,1.804272708628173,1
601,6,1,10,0.1556062670822468,1023,6,0.9431945538974952,1
572,2,1,10,0.2152911017443279,944,6,1.804272708628173,1
700,2,1,11,0.0672171156561892,1064,6,1.804272708628173,1
511,2,1,11,0.1755012119696072,939,6,0.9431945538974952,1
553,6,1,10,0.4898413411899011,923,6,0.9431945538974952,1
491,2,1,11,0.1914171678794955,888,6,1.804272708628173,1
549,2,1,10,0.1158163773075261,949,6,0.9431945538974952,1
581,2,1,11,0.541568197897038,922,6,1.804272708628173,1
532,6,1,10,0.2789549253838811,998,6,0.9431945538974952,1
549,2,1,10,0.3426187490234343,943,6,1.804272708628173,1
587,2,1,10,0.1755012119696072,999,6,0.9431945538974952,1
547,6,1,10,0.0800054765102774,939,6,0.9431945538974952,1
490,2,1,10,0.4102615616404595,887,6,0.9431945538974952,1
630,6,1,11,0.4460724624377082,944,6,1.804272708628173,1
541,6,1,10,0.4182195395954037,852,6,1.804272708628173,1
628,2,1,11,0.0441945757130287,1126,6,0.9431945538974952,1
537,6,1,11,0.6848118010860327,935,6,0.9431945538974952,1
560,6,1,11,0.2948708812937694,921,6,1.804272708628173,1
533,6,1,11,0.1556062670822468,915,6,0.9431945538974952,1
646,2,1,11,0.2590599804965208,937,6,0.9431945538974952,1
540,2,1,10,0.1715222229921351,1051,6,1.804272708628173,1
560,2,1,11,0.5256522419871498,943,6,1.804272708628173,1
667,6,1,11,0.0362365977580846,937,6,0.9431945538974952,1
540,2,1,10,0.0800054765102774,991,6,0.9431945538974952,1
601,2,1,11,0.0441945757130287,1023,6,1.804272708628173,1
531,2,1,11,0.1595852560597189,961,6,0.9431945538974952,1
555,6,1,10,0.4062825726629875,958,6,1.804272708628173,1
580,2,1,10,0.1237743552624702,1087,6,1.804272708628173,1
587,6,1,11,0.167543234014663,907,6,1.804272708628173,1
545,2,1,11,0.2908918923162973,860,6,0.9431945538974952,1
615,2,1,10,0.1595852560597189,1010,6,1.804272708628173,1
662,6,1,10,0.0242996308256684,1042,6,1.804272708628173,1
599,6,1,11,0.2511020025415766,1010,6,1.804272708628173,1
558,2,1,11,0.434135495505292,873,6,1.804272708628173,1
591,2,1,10,0.4699463963025407,960,6,1.804272708628173,1
627,2,1,10,0.2550809915190487,1004,6,1.804272708628173,1
446,2,1,11,0.3068078482261857,884,6,1.804272708628173,1
592,6,1,11,0.1476482891273027,955,6,0.9431945538974952,1
433,2,1,11,0.3028288592487136,889,6,1.804272708628173,1
597,6,1,11,0.0402155867355567,1092,6,1.804272708628173,1
519,2,1,10,0.378429649820683,814,6,0.9431945538974952,1
639,2,1,10,0.0839844654877495,1048,6,1.804272708628173,1
431,6,1,10,0.5097362860772614,763,6,0.9431945538974952,1
530,6,1,11,0.2113121127668558,986,6,0.9431945538974952,1
585,2,1,10,0.4221985285728758,940,6,1.804272708628173,1
600,6,1,11,0.3386397600459622,1037,6,1.804272708628173,1
438,2,1,11,0.5654421317618704,816,6,0.9431945538974952,1
626,2,1,10,0.0879634544652216,991,6,1.804272708628173,1
529,6,1,10,0.3346607710684902,890,6,0.9431945538974952,1
608,2,1,11,0.2948708812937694,921,6,0.9431945538974952,1
489,2,1,11,0.5137152750547335,816,6,0.9431945538974952,1
446,2,1,11,0.2590599804965208,878,6,0.9431945538974952,1
565,2,1,11,0.2550809915190487,943,6,1.804272708628173,1
565,2,1,11,0.1953961568569676,997,6,1.804272708628173,1
614,2,1,10,0.3417673551017623,1083,6,1.804272708628173,1
572,6,1,10,0.1715222229921351,1010,6,0.9431945538974952,1
573,2,1,11,0.5654421317618704,916,6,0.9431945538974952,1
567,2,1,11,0.163564245037191,993,6,1.804272708628173,1
627,2,1,10,0.1038794103751098,1026,6,1.804272708628173,1
521,6,1,10,0.2192700907218,966,6,1.804272708628173,1
578,2,1,11,0.0203206418481963,1037,6,0.9431945538974952,1
608,6,1,11,0.1277533442399423,862,6,0.9431945538974952,1
601,2,1,10,0.0441945757130287,899,6,0.9431945538974952,1
611,2,1,10,0.1277533442399423,946,6,1.804272708628173,1
584,6,1,10,0.2351860466316883,1049,6,0.9431945538974952,1
417,2,1,11,0.4580094293701244,860,6,0.9431945538974952,1
547,2,1,10,0.6211479774464795,859,6,1.804272708628173,1
591,2,1,11,0.0871120605435496,918,6,1.804272708628173,1
608,2,1,10,0.0521525536679729,979,6,0.9431945538974952,1
521,2,1,10,0.4500514514151803,934,6,0.9431945538974952,1
435,2,1,10,0.3585347049333226,834,6,1.804272708628173,1
535,2,1,11,0.0282786198031404,1006,6,1.804272708628173,1
577,2,1,10,0.3147658261811298,996,6,0.9431945538974952,1
504,6,1,11,0.1755012119696072,971,6,0.9431945538974952,1
405,6,1,11,0.3306817820910181,953,6,0.9431945538974952,1
586,2,1,11,0.274975936406409,973,6,1.804272708628173,1
646,5,1,10,0.3147658261811298,754,11,0.9431945538974952,0
643,5,1,10,0.5734001097168147,712,11,0.9431945538974952,0
545,5,1,10,0.9434460846217176,635,11,0.8884502877862838,0
641,5,1,10,0.2391650356091604,811,11,0.9431945538974952,0
558,5,1,10,0.4062825726629875,805,11,0.8884502877862838,0
643,5,1,10,0.2351860466316883,831,11,0.8884502877862838,0
513,5,1,10,0.5336102199420939,749,11,0.9431945538974952,0
546,5,1,10,0.6370639333563678,662,11,0.9431945538974952,0
527,5,1,10,0.2471230135641045,700,11,0.9431945538974952,0
565,5,1,10,0.5813580876717588,761,11,0.9431945538974952,0
642,5,1,10,0.7405176467706417,723,11,0.8884502877862838,0
590,5,1,10,0.2152911017443279,680,11,0.8884502877862838,0
550,5,1,10,0.4619884183475966,786,11,0.8884502877862838,0
581,5,1,10,0.8121394483651391,669,11,0.8884502877862838,0
528,5,1,10,0.0919424434426936,862,11,0.9431945538974952,0
692,5,1,10,0.2590599804965208,853,11,0.8884502877862838,0
679,5,1,10,0.3377883661242903,937,11,0.9431945538974952,0
592,5,1,10,0.4619884183475966,663,11,0.8884502877862838,0
475,5,1,10,0.979256985418966,623,11,0.8884502877862838,0
652,5,1,10,0.0640895206003891,815,11,0.9431945538974952,0
517,5,1,10,0.5614631427843984,686,11,0.8884502877862838,0
473,5,1,10,0.6251269664239516,723,11,0.9431945538974952,0
476,5,1,10,0.9116141728019408,663,11,0.9431945538974952,0
530,5,1,10,0.5614631427843984,700,11,0.8884502877862838,0
656,5,1,10,0.3028288592487136,788,11,0.9431945538974952,0
612,5,1,10,0.1396903111723585,800,11,0.9431945538974952,0
533,5,1,10,0.8041814704101949,669,11,0.9431945538974952,0
508,5,1,10,0.5734001097168147,680,11,0.8884502877862838,0
661,5,1,10,0.3346607710684902,754,11,0.9431945538974952,0
518,5,1,10,0.1666918400929911,812,11,0.8884502877862838,0
589,5,1,10,0.6609378672212003,771,11,0.9431945538974952,0
524,5,1,10,0.6967487680184489,734,11,0.8884502877862838,0
594,5,1,10,0.3426187490234343,744,11,0.8884502877862838,0
556,5,1,10,0.1357113221948865,842,11,0.9431945538974952,0
635,5,1,10,0.5296312309646218,738,11,0.8884502877862838,0
571,5,1,10,0.3346607710684902,697,11,0.8884502877862838,0
706,5,1,10,0.6092110105140632,720,11,0.9431945538974952,0
604,5,1,10,0.6688958451761444,707,11,0.8884502877862838,0
540,5,1,10,0.5773790986942867,760,11,0.9431945538974952,0
499,5,1,10,0.9235511397343572,657,11,0.8884502877862838,0
489,5,1,10,0.8002024814327229,716,11,0.9431945538974952,0
437,5,1,10,1.1145426106530167,521,11,0.9431945538974952,0
669,5,1,10,0.0163416528707242,842,11,0.9431945538974952,0
505,5,1,10,0.3704716718657388,710,11,0.9431945538974952,0
484,5,1,10,0.2391650356091604,793,11,0.8884502877862838,0
619,5,1,10,0.270996947428937,796,11,0.8884502877862838,0
618,5,1,10,0.4142405506179316,798,11,0.9431945538974952,0
573,5,1,10,0.163564245037191,783,11,0.9431945538974952,0
551,5,1,10,0.3346607710684902,852,11,0.9431945538974952,0
614,5,1,10,0.2351860466316883,783,11,0.8884502877862838,0
526,5,1,10,0.4898413411899011,740,11,0.8884502877862838,0
456,5,1,10,0.4739253852800127,774,11,0.9431945538974952,0
470,5,1,10,0.2908918923162973,775,11,0.9431945538974952,0
594,5,1,10,0.4580094293701244,790,11,0.8884502877862838,0
576,5,1,10,0.649000900288784,783,11,0.8884502877862838,0
500,5,1,10,0.1436693001498306,762,11,0.9431945538974952,0
614,5,1,10,0.2590599804965208,869,11,0.9431945538974952,0
560,5,1,10,0.4221985285728758,812,11,0.8884502877862838,0
626,5,1,10,0.1715222229921351,816,11,0.9431945538974952,0
529,5,1,10,0.0163416528707242,736,11,0.8884502877862838,0
795,5,1,10,0.1865867849803515,856,11,0.8884502877862838,0
614,5,1,10,0.4898413411899011,775,11,0.9431945538974952,0
471,5,1,10,0.537589208919566,751,11,0.8884502877862838,0
657,5,1,10,0.1308809392957424,856,11,0.8884502877862838,0
657,5,1,10,0.3386397600459622,818,11,0.8884502877862838,0
467,5,1,10,0.859887316094804,647,11,0.9431945538974952,0
552,5,1,10,0.7604125916580021,640,11,0.9431945538974952,0
476,5,1,10,0.5654421317618704,595,11,0.9431945538974952,0
580,5,1,10,0.2312070576542162,736,11,0.9431945538974952,0
646,5,1,10,0.1038794103751098,681,11,0.8884502877862838,0
517,5,1,10,0.5176942640322055,772,11,0.9431945538974952,0
690,5,1,10,0.2391650356091604,816,11,0.9431945538974952,0
532,5,1,10,0.7643915806354742,623,11,0.8884502877862838,0
587,5,1,10,0.0154902589490523,772,11,0.8884502877862838,0
570,5,1,10,1.090668676788184,671,11,0.9431945538974952,0
658,5,1,10,0.3505767269783785,804,11,0.9431945538974952,0
600,5,1,10,0.1516272781047747,821,11,0.8884502877862838,0
596,5,1,10,0.2431440245866324,776,11,0.8884502877862838,0
473,5,1,10,0.4938203301673731,695,11,0.9431945538974952,0
543,5,1,10,0.9394670956442456,626,11,0.9431945538974952,0
581,5,1,10,0.6887907900635047,767,11,0.9431945538974952,0
554,5,1,10,0.8360133822299715,750,11,0.8884502877862838,0
590,5,1,10,0.7962234924552508,737,11,0.8884502877862838,0
393,5,1,10,0.5574841538069263,747,11,0.9431945538974952,0
579,5,1,10,0.9354881066667734,776,11,0.9431945538974952,0
541,5,1,10,0.7564336026805301,660,11,0.9431945538974952,0
558,5,1,10,0.3386397600459622,722,11,0.9431945538974952,0
476,5,1,10,0.485862352212429,675,11,0.9431945538974952,0
475,5,1,10,0.7126647239283372,701,11,0.9431945538974952,0
479,5,1,10,0.9354881066667734,691,11,0.8884502877862838,0
500,5,1,10,0.5216732530096777,718,11,0.8884502877862838,0
527,5,1,10,0.649000900288784,760,11,0.8884502877862838,0
574,5,1,10,0.3426187490234343,735,11,0.9431945538974952,0
367,5,1,10,1.1145426106530167,604,11,0.9431945538974952,0
538,5,1,10,0.4420934734602362,756,11,0.9431945538974952,0
552,5,1,10,0.4818833632349569,876,11,0.8884502877862838,0
511,5,1,10,0.3346607710684902,778,11,0.9431945538974952,0
590,5,1,10,0.0839844654877495,809,11,0.8884502877862838,0
528,5,1,10,0.5256522419871498,758,11,0.9431945538974952,0
636,5,1,10,0.2948708812937694,736,11,0.9431945538974952,0
612,5,1,10,0.593295054604175,694,11,0.8884502877862838,0
590,5,1,10,0.6052320215365912,804,11,0.8884502877862838,0
558,5,1,10,0.3505767269783785,813,11,0.8884502877862838,0
557,5,1,10,0.3983245947080434,697,11,0.9431945538974952,0
548,5,1,10,0.5853370766492308,769,11,0.9431945538974952,0
551,5,1,10,0.5256522419871498,795,11,0.9431945538974952,0
562,5,1,10,0.5893160656267029,763,11,0.9431945538974952,0
476,5,1,10,0.8121394483651391,729,11,0.9431945538974952,0
633,5,1,10,0.1755012119696072,803,11,0.9431945538974952,0
608,5,1,10,0.7126647239283372,677,11,0.8884502877862838,0
460,5,1,10,0.2988498702712415,758,11,0.8884502877862838,0
606,5,1,10,0.3107868372036577,766,11,0.8884502877862838,0
559,5,1,10,0.434135495505292,750,11,0.8884502877862838,0
471,5,1,10,0.3147658261811298,764,11,0.8884502877862838,0
509,5,1,10,0.6291059554014237,798,11,0.9431945538974952,0
646,5,1,10,0.2232490796992721,779,11,0.8884502877862838,0
513,5,1,10,0.4221985285728758,750,11,0.9431945538974952,0
525,5,1,10,0.3187448151586018,674,11,0.9431945538974952,0
566,5,1,10,0.5694211207393426,680,11,0.9431945538974952,0
500,5,1,10,0.9434460846217176,639,11,0.9431945538974952,0
631,5,1,10,0.2869129033388253,787,11,0.9431945538974952,0
452,5,1,10,0.9394670956442456,735,11,0.9431945538974952,0
415,5,1,10,0.2431440245866324,748,11,0.9431945538974952,0
573,5,1,10,0.593295054604175,728,11,0.8884502877862838,0
482,5,1,10,1.0866896878107122,685,11,0.9431945538974952,0
490,5,1,10,0.6251269664239516,790,11,0.9431945538974952,0
592,5,1,10,0.1874381789020234,778,11,0.8884502877862838,0
664,5,1,10,0.270996947428937,822,11,0.9431945538974952,0
605,5,1,10,0.3505767269783785,701,11,0.9431945538974952,0
555,5,1,10,0.2502506086199046,908,11,0.8884502877862838,0
551,5,1,10,0.8837612499596363,671,11,0.8884502877862838,0
521,5,1,10,0.1158163773075261,798,11,0.8884502877862838,0
672,5,1,10,0.6569588782437281,725,11,0.8884502877862838,0
637,5,1,10,0.3147658261811298,868,11,0.8884502877862838,0
702,5,1,10,0.1905657739578236,845,11,0.8884502877862838,0
517,5,1,10,0.2152911017443279,777,11,0.8884502877862838,0
607,5,1,10,0.8797822609821643,682,11,0.9431945538974952,0
479,5,1,10,0.6330849443788957,688,11,0.9431945538974952,0
590,5,1,10,0.4619884183475966,756,11,0.8884502877862838,0
605,5,1,10,0.3704716718657388,720,11,0.8884502877862838,0
539,5,1,10,0.3545557159558505,724,11,0.8884502877862838,0
456,5,1,10,0.9116141728019408,592,11,0.8884502877862838,0
521,5,1,10,0.004404685938308,824,11,0.8884502877862838,0
551,5,1,10,0.3227238041360739,736,11,0.9431945538974952,0
530,5,1,10,0.6012530325591191,745,11,0.9431945538974952,0
491,5,1,10,0.8360133822299715,746,11,0.9431945538974952,0
530,5,1,10,0.4301565065278199,727,11,0.8884502877862838,0
559,5,1,10,0.752454613703058,694,11,0.9431945538974952,0
612,5,1,10,0.652979889266256,642,11,0.8884502877862838,0
492,5,1,10,0.6887907900635047,653,11,0.8884502877862838,0
589,5,1,10,0.7365386577931696,760,11,0.8884502877862838,0
601,5,1,10,0.4699463963025407,704,11,0.9431945538974952,0
649,5,1,10,0.4182195395954037,762,11,0.8884502877862838,0
549,5,1,10,0.6649168561986724,691,11,0.8884502877862838,0
521,5,1,10,0.5813580876717588,749,11,0.8884502877862838,0
449,5,1,10,0.7842865255228345,658,11,0.9431945538974952,0
650,5,1,10,0.4500514514151803,793,11,0.9431945538974952,0
641,5,1,10,0.2113121127668558,744,11,0.9431945538974952,0
614,5,1,10,0.5097362860772614,822,11,0.9431945538974952,0
602,5,1,10,0.274975936406409,865,11,0.8884502877862838,0
590,5,1,10,0.5495261758519822,809,11,0.9431945538974952,0
446,5,1,10,0.4142405506179316,744,11,0.9431945538974952,0
620,5,1,10,0.1953961568569676,869,11,0.8884502877862838,0
477,5,1,10,0.9514040625766615,654,11,0.8884502877862838,0
530,5,1,10,0.7643915806354742,686,11,0.9431945538974952,0
519,5,1,10,0.6012530325591191,650,11,0.9431945538974952,0
547,5,1,10,0.2391650356091604,743,11,0.9431945538974952,0
542,5,1,10,0.3346607710684902,771,11,0.8884502877862838,0
459,5,1,10,0.541568197897038,631,11,0.9431945538974952,0
381,5,1,10,0.6370639333563678,666,11,0.8884502877862838,0
579,5,1,10,0.4580094293701244,746,11,0.8884502877862838,0
571,5,1,10,0.5176942640322055,781,11,0.9431945538974952,0
641,5,1,10,0.7842865255228345,681,11,0.9431945538974952,0
533,5,1,10,0.6688958451761444,665,11,0.9431945538974952,0
494,5,1,10,0.5535051648294542,724,11,0.9431945538974952,0
609,5,1,10,0.752454613703058,666,11,0.8884502877862838,0
506,5,1,10,0.4818833632349569,657,11,0.8884502877862838,0
566,5,1,10,0.270996947428937,826,11,0.8884502877862838,0
689,5,1,10,0.3704716718657388,747,11,0.8884502877862838,0
670,5,1,10,0.2829339143613532,814,11,0.9431945538974952,0
588,5,1,10,0.4221985285728758,772,11,0.9431945538974952,0
639,5,1,10,0.3704716718657388,823,11,0.8884502877862838,0
681,5,1,10,0.163564245037191,745,11,0.9431945538974952,0
553,5,1,10,0.4540304403926524,780,11,0.9431945538974952,0
539,5,1,10,0.2391650356091604,730,11,0.9431945538974952,0
497,5,1,10,0.6768538231310886,814,11,0.8884502877862838,0
642,5,1,10,0.649000900288784,744,11,0.8884502877862838,0
592,5,1,10,0.2829339143613532,817,11,0.9431945538974952,0
426,5,1,10,1.0349628311035752,677,11,0.9431945538974952,0
555,5,1,10,0.7723495585904183,747,11,0.9431945538974952,0
530,5,1,10,0.6171689884690075,705,11,0.9431945538974952,0
669,5,1,10,0.0950700384984938,893,11,0.8884502877862838,0
375,5,1,10,0.6808328121085606,635,11,0.9431945538974952,0
639,5,1,10,0.0672171156561892,832,11,0.9431945538974952,0
498,5,1,10,0.5813580876717588,701,11,0.9431945538974952,0
556,5,1,10,0.3306817820910181,753,11,0.9431945538974952,0
581,5,1,10,0.7803075365453624,697,11,0.9431945538974952,0
453,5,1,10,0.979256985418966,686,11,0.9431945538974952,0
584,5,1,10,0.5853370766492308,747,11,0.9431945538974952,0
548,5,1,10,0.6370639333563678,719,11,0.9431945538974952,0
660,5,1,10,0.5017783081223173,858,11,0.8884502877862838,0
608,5,1,10,0.5813580876717588,725,11,0.8884502877862838,0
504,5,1,10,0.4898413411899011,691,11,0.8884502877862838,0
493,5,1,10,1.0588367649684076,637,11,0.8884502877862838,0
572,5,1,10,0.5694211207393426,763,11,0.8884502877862838,0
591,5,1,10,0.2829339143613532,829,11,0.9431945538974952,0
466,5,1,10,0.808160459387667,699,11,0.9431945538974952,0
668,5,1,10,0.1507758841831028,815,11,0.9431945538974952,0
565,5,1,10,0.8200974263200832,747,11,0.8884502877862838,0
573,5,1,10,0.0194692479265244,788,11,0.8884502877862838,0
595,5,1,10,0.5336102199420939,759,11,0.8884502877862838,0
450,5,1,10,0.8200974263200832,624,11,0.8884502877862838,0
591,5,1,10,0.4739253852800127,763,11,0.9431945538974952,0
568,5,1,10,0.2471230135641045,760,11,0.8884502877862838,0
567,5,1,10,0.2511020025415766,802,11,0.8884502877862838,0
501,5,1,10,0.8996772058695247,748,11,0.8884502877862838,0
499,5,1,10,0.752454613703058,713,11,0.8884502877862838,0
559,5,1,10,0.5773790986942867,720,11,0.8884502877862838,0
517,5,1,10,0.5137152750547335,780,11,0.8884502877862838,0
446,5,1,10,0.5853370766492308,672,11,0.9431945538974952,0
540,5,1,10,0.2152911017443279,740,11,0.8884502877862838,0
627,5,1,10,0.0680685095778612,745,11,0.9431945538974952,0
688,5,1,10,0.4460724624377082,790,11,0.9431945538974952,0
540,5,1,10,0.6092110105140632,689,11,0.8884502877862838,0
449,5,1,10,0.7126647239283372,696,11,0.9431945538974952,0
561,5,1,10,0.5097362860772614,672,11,0.9431945538974952,0
564,5,1,10,0.6251269664239516,704,11,0.8884502877862838,0
489,5,1,10,0.6927697790409768,700,11,0.9431945538974952,0
501,5,1,10,0.5614631427843984,719,11,0.8884502877862838,0
560,5,1,10,0.4142405506179316,675,11,0.9431945538974952,0
562,5,1,10,0.2829339143613532,763,11,0.8884502877862838,0
455,5,1,10,1.0110888972387428,590,11,0.9431945538974952,0
627,5,1,10,0.1556062670822468,825,11,0.8884502877862838,0
660,5,1,10,0.378429649820683,836,11,0.9431945538974952,0
527,5,1,10,0.4221985285728758,781,11,0.9431945538974952,0
553,5,1,10,0.378429649820683,808,11,0.9431945538974952,0
554,5,1,10,0.4659674073250686,709,11,0.9431945538974952,0
482,5,1,10,0.1993751458344396,821,11,0.8884502877862838,0
583,5,1,10,0.4261775175503479,790,11,0.9431945538974952,0
496,5,1,10,0.859887316094804,635,11,0.9431945538974952,0
611,5,1,10,0.4739253852800127,802,11,0.8884502877862838,0
448,5,1,10,1.1026056437206004,637,11,0.9431945538974952,0
536,5,1,10,0.1038794103751098,741,11,0.8884502877862838,0
504,5,1,10,0.593295054604175,701,11,0.9431945538974952,0
622,5,1,10,0.2152911017443279,786,11,0.8884502877862838,0
498,5,1,10,0.3346607710684902,778,11,0.8884502877862838,0
648,5,1,10,0.2113121127668558,807,11,0.8884502877862838,0
505,5,1,10,0.8002024814327229,629,11,0.8884502877862838,0
505,5,1,10,0.1874381789020234,759,11,0.9431945538974952,0
462,5,1,10,0.5694211207393426,720,11,0.9431945538974952,0
561,5,1,10,0.5017783081223173,751,11,0.8884502877862838,0
469,5,1,10,0.752454613703058,653,11,0.8884502877862838,0
565,5,1,10,0.5734001097168147,783,11,0.9431945538974952,0
556,5,1,10,0.2550809915190487,797,11,0.9431945538974952,0
543,5,1,10,0.5097362860772614,684,11,0.8884502877862838,0
427,5,1,10,1.297576103616732,618,11,0.8884502877862838,0
565,5,1,10,0.5574841538069263,686,11,0.9431945538974952,0
592,5,1,10,0.8240764152975553,782,11,0.8884502877862838,0
611,5,1,10,0.3505767269783785,666,11,0.9431945538974952,0
672,5,1,10,0.5495261758519822,766,11,0.9431945538974952,0
491,5,1,10,0.6768538231310886,665,11,0.8884502877862838,0
561,5,1,10,0.5336102199420939,755,11,0.8884502877862838,0
618,5,1,10,0.1993751458344396,683,11,0.8884502877862838,0
614,5,1,10,0.4779043742574848,691,11,0.9431945538974952,0
514,5,1,10,0.7484756247255858,717,11,0.8884502877862838,0
406,5,1,10,0.7604125916580021,692,11,0.9431945538974952,0
594,5,1,10,0.3545557159558505,792,11,0.9431945538974952,0
559,5,1,10,0.5614631427843984,738,11,0.8884502877862838,0
625,5,1,10,0.2073331237893838,844,11,0.9431945538974952,0
518,5,1,10,0.96732001848655,630,11,0.9431945538974952,0
585,5,1,10,0.2391650356091604,798,11,0.9431945538974952,0
519,5,1,10,0.2113121127668558,718,11,0.9431945538974952,0
399,5,1,10,0.4580094293701244,676,11,0.9431945538974952,0
474,5,1,10,0.6410429223338399,701,11,0.9431945538974952,0
698,5,1,10,0.0163416528707242,845,11,0.9431945538974952,0
529,5,1,10,0.8399923712074435,759,11,0.9431945538974952,0
552,5,1,10,0.863866305072276,713,11,0.8884502877862838,0
448,5,1,10,0.3306817820910181,747,11,0.9431945538974952,0
613,5,1,10,0.7803075365453624,674,11,0.9431945538974952,0
623,5,1,10,0.5654421317618704,691,11,0.8884502877862838,0
615,5,1,10,0.3386397600459622,788,11,0.8884502877862838,0
629,5,1,10,0.7564336026805301,673,11,0.8884502877862838,0
502,5,1,10,0.4102615616404595,768,11,0.8884502877862838,0
586,5,1,10,0.3068078482261857,771,11,0.8884502877862838,0
585,5,1,10,0.4739253852800127,715,11,0.9431945538974952,0
453,5,1,10,0.3028288592487136,860,11,0.8884502877862838,0
466,5,1,10,0.6211479774464795,675,11,0.9431945538974952,0
578,5,1,10,0.919572150756885,671,11,0.8884502877862838,0
528,5,1,10,0.4580094293701244,725,11,0.9431945538974952,0
482,5,1,10,0.3625136939107947,707,11,0.8884502877862838,0
591,5,1,10,0.2869129033388253,762,11,0.8884502877862838,0
342,5,1,10,0.9872149633739103,608,11,0.9431945538974952,0
601,5,1,10,0.0441945757130287,803,11,0.8884502877862838,0
547,5,1,10,0.1755012119696072,759,11,0.9431945538974952,0
635,5,1,10,0.3107868372036577,801,11,0.9431945538974952,0
595,5,1,10,0.4142405506179316,761,11,0.9431945538974952,0
520,5,1,10,0.2431440245866324,760,11,0.9431945538974952,0
541,5,1,10,0.378429649820683,710,11,0.9431945538974952,0
527,5,1,10,0.3863876277756271,783,11,0.8884502877862838,0
614,5,1,10,0.1755012119696072,810,11,0.9431945538974952,0
614,5,1,10,0.167543234014663,790,11,0.8884502877862838,0
547,5,1,10,0.4221985285728758,756,11,0.8884502877862838,0
673,5,1,10,0.378429649820683,804,11,0.9431945538974952,0
472,5,1,10,0.4938203301673731,831,11,0.8884502877862838,0
559,5,1,10,0.3625136939107947,838,11,0.8884502877862838,0
555,5,1,10,0.6251269664239516,656,11,0.9431945538974952,0
536,5,1,10,0.0640895206003891,775,11,0.9431945538974952,0
661,5,1,10,0.326702793113546,834,11,0.8884502877862838,0
585,5,1,10,0.6330849443788957,793,11,0.8884502877862838,0
514,5,1,10,0.4659674073250686,744,11,0.9431945538974952,0
585,5,1,10,0.8519293381398598,654,11,0.9431945538974952,0
501,5,1,10,0.270996947428937,687,11,0.8884502877862838,0
579,5,1,10,0.3863876277756271,721,11,0.8884502877862838,0
477,5,1,10,0.4182195395954037,736,11,0.9431945538974952,0
500,5,1,10,0.8678452940497481,710,11,0.8884502877862838,0
543,5,1,10,0.4779043742574848,746,11,0.8884502877862838,0
631,5,1,10,0.3664926828882667,796,11,0.9431945538974952,0
590,5,1,10,0.6012530325591191,736,11,0.8884502877862838,0
546,5,1,10,0.0282786198031404,758,11,0.8884502877862838,0
629,5,1,10,0.2312070576542162,848,11,0.9431945538974952,0
611,5,1,10,0.3903666167530992,730,11,0.8884502877862838,0
538,5,1,10,0.6569588782437281,664,11,0.8884502877862838,0
450,5,1,10,0.593295054604175,657,11,0.8884502877862838,0
609,5,1,10,0.326702793113546,779,11,0.9431945538974952,0
623,5,1,10,0.0362365977580846,832,11,0.9431945538974952,0
568,5,1,10,0.1197953662849981,784,11,0.9431945538974952,0
587,5,1,10,0.2391650356091604,777,11,0.9431945538974952,0
556,5,1,10,0.593295054604175,727,11,0.8884502877862838,0
467,5,1,10,0.4420934734602362,682,11,0.8884502877862838,0
601,5,1,10,0.0999004213976378,784,11,0.9431945538974952,0
535,5,1,10,0.2272280686767442,759,11,0.9431945538974952,0
474,5,1,10,0.9951729413288544,590,11,0.9431945538974952,0
586,5,1,10,0.111837388330054,810,11,0.8884502877862838,0
422,5,1,10,0.2351860466316883,791,11,0.9431945538974952,0
463,5,1,10,0.8797822609821643,784,11,0.8884502877862838,0
554,5,1,10,0.1595852560597189,776,11,0.9431945538974952,0
596,5,1,10,0.7683705696129463,681,11,0.9431945538974952,0
578,5,1,10,0.6211479774464795,718,11,0.8884502877862838,0
551,5,1,10,0.3505767269783785,738,11,0.9431945538974952,0
577,5,1,10,0.8161184373426111,725,11,0.8884502877862838,0
618,5,1,10,0.7564336026805301,726,11,0.8884502877862838,0
595,5,1,10,0.0879634544652216,803,11,0.9431945538974952,0
624,5,1,10,0.0680685095778612,898,11,0.9431945538974952,0
557,5,1,10,0.541568197897038,758,11,0.9431945538974952,0
607,5,1,10,0.6808328121085606,731,11,0.9431945538974952,0
533,5,1,10,0.5137152750547335,699,11,0.8884502877862838,0
512,5,1,10,0.7962234924552508,729,11,0.8884502877862838,0
552,5,1,10,0.3903666167530992,675,11,0.8884502877862838,0
514,5,1,10,0.8320343932524994,631,11,0.9431945538974952,0
579,5,1,10,0.163564245037191,795,11,0.9431945538974952,0
551,5,1,10,0.6450219113113119,742,11,0.8884502877862838,0
570,5,1,10,0.3227238041360739,854,11,0.8884502877862838,0
519,5,1,10,0.5097362860772614,732,11,0.8884502877862838,0
443,6,0,8,0.2064817298677118,713,5,0.9431945538974952,0
431,6,0,8,0.3227238041360739,610,9,0.8884502877862838,0
445,6,0,8,0.4054311787413155,810,11,0.8884502877862838,0
390,6,0,8,0.2343346527100163,563,11,0.9431945538974952,0
402,6,0,8,0.0800054765102774,603,5,0.8884502877862838,0
424,6,0,8,0.2383136416874884,755,9,0.8884502877862838,0
302,6,0,8,0.7405176467706417,533,9,0.8884502877862838,0
406,6,0,8,0.4452210685160363,722,11,0.9431945538974952,0
493,6,0,8,0.1905657739578236,809,9,0.9431945538974952,0
458,6,0,8,0.1197953662849981,627,11,0.8884502877862838,0
429,6,1,8,0.3426187490234343,734,9,0.8884502877862838,0
484,6,0,8,0.060110531622917,630,5,0.9431945538974952,0
426,6,1,8,0.158733862138047,700,9,0.9431945538974952,0
442,6,1,8,0.056131542645445,769,5,0.8884502877862838,0
450,6,0,8,0.0999004213976378,772,11,0.8884502877862838,0
411,6,1,8,0.2104607188451839,703,9,0.8884502877862838,0
378,6,0,8,0.1038794103751098,640,11,0.9431945538974952,0
369,6,0,8,0.3227238041360739,736,11,0.8884502877862838,0
454,6,0,8,0.0322576087806125,756,11,0.8884502877862838,0
352,6,0,8,0.2312070576542162,654,5,0.8884502877862838,0
428,6,0,8,0.2471230135641045,653,11,0.9431945538974952,0
418,6,1,8,0.1746498180479352,747,9,0.8884502877862838,0
426,6,0,8,0.2064817298677118,794,5,0.8884502877862838,0
478,6,1,8,0.0959214324201657,768,9,0.8884502877862838,0
445,6,1,8,0.111837388330054,716,5,0.8884502877862838,0
481,6,1,8,0.163564245037191,681,11,0.9431945538974952,0
404,6,1,8,0.1794802009470793,707,5,0.9431945538974952,0
517,6,1,8,0.5486747819303103,906,9,0.9431945538974952,0
404,6,0,8,0.0163416528707242,700,11,0.8884502877862838,0
383,6,0,8,0.2820825204396813,748,11,0.9431945538974952,0
429,6,1,8,0.0999004213976378,699,9,0.8884502877862838,0
407,6,1,8,0.0990490274759658,804,9,0.8884502877862838,0
350,6,0,8,0.1516272781047747,670,11,0.9431945538974952,0
385,6,1,8,0.2471230135641045,493,9,0.9431945538974952,0
412,6,0,8,0.1237743552624702,715,9,0.8884502877862838,0
390,6,0,8,0.3187448151586018,644,11,0.9431945538974952,0
392,6,1,8,0.3386397600459622,605,5,0.9431945538974952,0
476,6,1,8,0.3616622999891227,818,11,0.8884502877862838,0
423,6,1,8,0.2033541348119117,629,9,0.9431945538974952,0
398,6,1,8,0.1706708290704632,665,5,0.9431945538974952,0
418,6,0,8,0.2741245424847371,671,11,0.8884502877862838,0
339,6,0,8,0.5495261758519822,562,9,0.8884502877862838,0
421,6,0,8,0.0035532920166361,779,5,0.8884502877862838,0
369,6,0,8,0.2113121127668558,687,9,0.8884502877862838,0
421,6,0,8,0.5486747819303103,903,5,0.9431945538974952,0
394,6,0,8,0.1945447629352956,681,5,0.8884502877862838,0
429,6,0,8,0.2025027408902398,640,9,0.8884502877862838,0
428,6,0,8,0.2312070576542162,679,11,0.8884502877862838,0
366,6,1,8,0.0035532920166361,711,11,0.9431945538974952,0
438,6,1,8,0.4452210685160363,699,9,0.8884502877862838,0
420,6,1,8,0.0791540825886055,697,9,0.9431945538974952,0
381,6,1,8,0.1507758841831028,624,11,0.9431945538974952,0
379,6,0,8,0.0760264875328053,717,11,0.9431945538974952,0
351,6,1,8,0.2312070576542162,607,5,0.8884502877862838,0
491,6,0,8,0.3258513991918741,837,9,0.8884502877862838,0
386,6,0,8,0.2550809915190487,595,9,0.9431945538974952,0
435,6,0,8,0.2184186968001281,702,9,0.9431945538974952,0
349,6,0,8,0.2590599804965208,610,5,0.8884502877862838,0
391,6,1,8,0.6131899994915354,637,5,0.8884502877862838,0
479,6,1,8,0.3744506608432109,617,11,0.8884502877862838,0
450,6,1,8,0.1357113221948865,632,11,0.8884502877862838,0
432,6,1,8,0.0322576087806125,818,11,0.8884502877862838,0
402,6,1,8,0.0282786198031404,683,9,0.8884502877862838,0
483,6,0,8,0.3139144322594578,881,11,0.8884502877862838,0
423,6,1,8,0.0521525536679729,726,11,0.9431945538974952,0
351,6,1,8,0.2033541348119117,585,9,0.9431945538974952,0
503,6,1,8,0.0839844654877495,710,5,0.8884502877862838,0
400,6,0,8,0.3505767269783785,572,5,0.8884502877862838,0
483,6,0,8,0.695897374096777,751,5,0.8884502877862838,0
506,6,0,8,0.162712851115519,799,5,0.8884502877862838,0
366,6,0,8,0.1396903111723585,618,5,0.9431945538974952,0
425,6,0,8,0.1755012119696072,709,5,0.8884502877862838,0
376,6,0,8,0.1467968952056307,713,9,0.9431945538974952,0
269,6,0,8,0.4580094293701244,572,11,0.8884502877862838,0
361,6,1,8,0.5495261758519822,588,9,0.8884502877862838,0
438,6,0,8,0.0353852038364127,681,5,0.8884502877862838,0
363,6,0,8,0.3068078482261857,747,9,0.9431945538974952,0
412,6,0,8,0.0075322809941081,689,11,0.9431945538974952,0
383,6,0,8,0.1874381789020234,750,5,0.9431945538974952,0
394,6,1,8,0.3983245947080434,668,5,0.9431945538974952,0
498,6,0,8,0.0800054765102774,709,5,0.9431945538974952,0
392,6,1,8,0.0871120605435496,728,11,0.8884502877862838,0
461,6,0,8,0.1109859944083821,803,11,0.9431945538974952,0
309,6,1,8,0.2312070576542162,647,11,0.8884502877862838,0
413,6,1,8,0.0154902589490523,649,9,0.8884502877862838,0
398,6,1,8,0.0194692479265244,674,5,0.8884502877862838,0
358,6,0,8,0.0473221707688289,704,11,0.9431945538974952,0
411,6,1,8,0.3187448151586018,605,5,0.9431945538974952,0
382,6,0,8,0.1476482891273027,671,5,0.8884502877862838,0
368,6,1,8,0.0879634544652216,715,5,0.8884502877862838,0
415,6,1,8,0.0004256969608359,658,11,0.9431945538974952,0
438,6,1,8,0.4102615616404595,649,11,0.8884502877862838,0
348,6,0,8,0.0402155867355567,709,9,0.8884502877862838,0
438,6,0,8,0.4062825726629875,709,5,0.9431945538974952,0
219,6,1,8,0.3983245947080434,538,11,0.8884502877862838,0
321,6,0,8,0.6012530325591191,556,11,0.8884502877862838,0
388,6,1,8,0.0433431817913568,681,9,0.9431945538974952,0
386,6,0,8,0.1158163773075261,663,5,0.9431945538974952,0
345,6,1,8,0.0831330715660775,670,5,0.9431945538974952,0
410,6,1,8,0.1953961568569676,581,5,0.8884502877862838,0
375,6,1,8,0.1078583993525819,733,5,0.8884502877862838,0
433,6,1,8,0.0640895206003891,676,11,0.8884502877862838,0
455,6,1,8,0.1229229613407983,799,9,0.9431945538974952,0
483,6,0,8,0.3139144322594578,783,5,0.8884502877862838,0
411,6,0,8,0.2908918923162973,626,11,0.8884502877862838,0
378,6,1,8,0.1348599282732145,841,9,0.9431945538974952,0
342,6,0,8,0.167543234014663,684,9,0.8884502877862838,0
366,6,1,8,0.0322576087806125,757,5,0.8884502877862838,0
421,6,0,8,0.2272280686767442,691,11,0.9431945538974952,0
410,6,0,8,0.2988498702712415,633,11,0.9431945538974952,0
412,6,1,8,0.2542295975973768,686,11,0.8884502877862838,0
333,6,0,8,0.1556062670822468,723,9,0.8884502877862838,0
402,6,0,8,0.1953961568569676,754,5,0.9431945538974952,0
434,6,1,8,0.0234482369039964,657,9,0.8884502877862838,0
445,6,1,8,0.3187448151586018,713,5,0.8884502877862838,0
314,6,1,8,0.0950700384984938,799,5,0.9431945538974952,0
498,6,0,8,0.2940194873720975,853,11,0.9431945538974952,0
391,6,0,8,0.2152911017443279,646,9,0.8884502877862838,0
388,6,1,8,0.3704716718657388,711,5,0.9431945538974952,0
361,6,0,8,0.1396903111723585,710,11,0.9431945538974952,0
427,6,0,8,0.0402155867355567,699,11,0.8884502877862838,0
252,6,0,8,0.0720474985553333,667,11,0.8884502877862838,0
377,6,0,8,0.0751750936111334,686,5,0.8884502877862838,0
399,6,1,8,0.1357113221948865,645,5,0.9431945538974952,0
469,6,0,8,0.1666918400929911,668,9,0.9431945538974952,0
388,6,0,8,0.2422926306649605,805,11,0.9431945538974952,0
405,6,1,8,0.2104607188451839,725,9,0.8884502877862838,0
339,6,0,8,0.3107868372036577,597,9,0.9431945538974952,0
420,6,1,8,0.0879634544652216,570,11,0.9431945538974952,0
398,6,0,8,0.5287798370429498,932,9,0.9431945538974952,0
372,6,1,8,0.0402155867355567,770,5,0.9431945538974952,0
385,6,0,8,0.0950700384984938,704,5,0.8884502877862838,0
493,6,1,8,0.1993751458344396,682,9,0.8884502877862838,0
361,6,0,8,0.4898413411899011,583,11,0.8884502877862838,0
421,6,1,8,0.3457463440792345,714,11,0.8884502877862838,0
406,6,0,8,0.162712851115519,630,9,0.9431945538974952,0
433,6,0,8,0.0433431817913568,609,11,0.8884502877862838,0
438,6,0,8,0.0362365977580846,708,9,0.8884502877862838,0
377,6,0,8,0.0353852038364127,680,9,0.8884502877862838,0
355,6,0,8,0.5017783081223173,567,5,0.8884502877862838,0
425,6,1,8,0.4261775175503479,609,11,0.8884502877862838,0
340,6,1,8,0.3625136939107947,588,9,0.8884502877862838,0
358,6,1,8,0.1834591899245513,713,11,0.8884502877862838,0
425,6,0,8,0.1428179062281586,772,11,0.8884502877862838,0
410,6,1,8,0.0274272258814685,736,5,0.9431945538974952,0
346,6,1,8,0.3983245947080434,590,5,0.9431945538974952,0
389,6,0,8,0.1666918400929911,737,11,0.8884502877862838,0
386,6,1,8,0.0680685095778612,803,5,0.9431945538974952,0
414,6,0,8,0.0760264875328053,651,5,0.9431945538974952,0
464,6,1,8,0.1706708290704632,752,11,0.9431945538974952,0
461,6,1,8,0.4938203301673731,641,9,0.8884502877862838,0
371,6,1,8,0.3664926828882667,681,9,0.9431945538974952,0
445,6,0,8,0.4372630905610921,901,11,0.8884502877862838,0
365,6,1,8,0.1317323332174144,648,9,0.8884502877862838,0
340,6,0,8,0.3068078482261857,687,9,0.9431945538974952,0
442,6,1,8,0.3656412889665948,778,11,0.9431945538974952,0
388,6,0,8,0.2869129033388253,642,5,0.8884502877862838,0
421,6,1,8,0.274975936406409,615,11,0.9431945538974952,0
450,6,1,8,0.2263766747550722,770,5,0.9431945538974952,0
460,6,1,8,0.695897374096777,785,11,0.8884502877862838,0
388,6,1,8,0.1428179062281586,709,9,0.8884502877862838,0
387,6,1,8,0.163564245037191,651,9,0.8884502877862838,0
356,6,1,8,0.2471230135641045,764,9,0.9431945538974952,0
442,6,1,8,0.1905657739578236,778,9,0.9431945538974952,0
442,6,1,8,0.0353852038364127,770,5,0.8884502877862838,0
398,6,1,8,0.3147658261811298,622,5,0.8884502877862838,0
371,6,0,8,0.321872410214402,787,5,0.9431945538974952,0
481,6,1,8,0.2900404983946254,861,9,0.8884502877862838,0
403,6,0,8,0.1030280164534379,802,11,0.8884502877862838,0
352,6,0,8,0.2073331237893838,757,9,0.9431945538974952,0
332,6,1,8,0.4301565065278199,593,9,0.8884502877862838,0
387,6,1,8,0.0242996308256684,806,11,0.8884502877862838,0
422,6,0,8,0.1357113221948865,652,11,0.9431945538974952,0
394,6,0,8,0.1874381789020234,663,11,0.8884502877862838,0
438,6,0,8,0.2582085865748488,780,11,0.9431945538974952,0
355,6,1,8,0.3505767269783785,620,11,0.9431945538974952,0
292,6,0,8,0.2113121127668558,600,11,0.9431945538974952,0
389,6,1,8,0.1794802009470793,606,11,0.8884502877862838,0
451,6,1,8,0.1874381789020234,626,5,0.9431945538974952,0
425,6,1,8,0.1428179062281586,768,11,0.8884502877862838,0
347,6,0,8,0.5017783081223173,754,5,0.8884502877862838,0
359,6,1,8,0.0521525536679729,595,11,0.9431945538974952,0
381,6,0,8,0.2630389694739928,643,11,0.9431945538974952,0
421,6,1,8,0.2064817298677118,655,11,0.9431945538974952,0
364,6,0,8,0.4460724624377082,472,11,0.9431945538974952,0
373,6,0,8,0.0919424434426936,656,11,0.8884502877862838,0
408,6,1,8,0.2948708812937694,687,5,0.8884502877862838,0
348,6,1,8,0.0035532920166361,735,11,0.9431945538974952,0
565,6,1,8,0.1985237519127677,775,5,0.9431945538974952,0
393,6,0,8,0.0672171156561892,784,11,0.8884502877862838,0
471,6,0,8,0.1030280164534379,714,11,0.8884502877862838,0
350,6,0,8,0.7007277569959209,618,9,0.9431945538974952,0
448,6,1,8,0.270996947428937,693,5,0.9431945538974952,0
366,6,0,8,0.3147658261811298,665,9,0.8884502877862838,0
451,6,0,8,0.0720474985553333,694,9,0.9431945538974952,0
461,6,0,8,0.2789549253838811,698,11,0.8884502877862838,0
433,6,1,8,0.5685697268176706,712,9,0.8884502877862838,0
437,6,0,8,0.162712851115519,636,9,0.9431945538974952,0
422,6,1,8,0.2471230135641045,697,5,0.8884502877862838,0
314,6,0,8,0.1476482891273027,712,9,0.9431945538974952,0
428,6,1,8,0.1428179062281586,834,9,0.9431945538974952,0
359,6,0,8,0.5176942640322055,510,11,0.8884502877862838,0
281,6,1,8,0.5296312309646218,557,11,0.9431945538974952,0
370,6,0,8,0.0919424434426936,642,5,0.9431945538974952,0
454,6,1,8,0.0919424434426936,734,11,0.9431945538974952,0
356,6,1,8,0.2383136416874884,762,11,0.9431945538974952,0
352,6,1,8,0.3227238041360739,615,11,0.9431945538974952,0
318,6,0,8,0.0035532920166361,777,11,0.8884502877862838,0
361,6,1,8,0.1476482891273027,620,11,0.8884502877862838,0
397,6,1,8,0.3696202779440669,830,9,0.8884502877862838,0
435,6,0,8,0.2789549253838811,720,9,0.8884502877862838,0
477,6,0,8,0.0314062148589406,781,5,0.9431945538974952,0
401,6,0,8,0.3386397600459622,601,9,0.8884502877862838,0
366,6,0,8,0.111837388330054,692,9,0.9431945538974952,0
430,6,1,8,0.0242996308256684,704,11,0.9431945538974952,0
343,6,0,8,0.3147658261811298,713,9,0.8884502877862838,0
314,6,0,8,0.3576833110116507,730,11,0.9431945538974952,0
374,6,1,8,0.2073331237893838,721,9,0.8884502877862838,0
384,6,0,8,0.382408638798155,540,5,0.8884502877862838,0
367,6,0,8,0.3426187490234343,665,5,0.8884502877862838,0
429,6,0,8,0.2272280686767442,706,11,0.9431945538974952,0
336,6,1,8,0.2223976857776001,648,9,0.9431945538974952,0
409,6,1,8,0.2869129033388253,634,5,0.9431945538974952,0
371,6,0,8,0.0314062148589406,726,5,0.8884502877862838,0
346,6,0,8,0.158733862138047,750,11,0.8884502877862838,0
453,6,0,8,0.5128638811330616,790,9,0.9431945538974952,0
463,6,1,8,0.1507758841831028,623,9,0.9431945538974952,0
377,6,1,8,0.1030280164534379,610,11,0.8884502877862838,0
362,6,0,8,0.3545557159558505,616,11,0.8884502877862838,0
419,6,0,8,0.1030280164534379,742,9,0.8884502877862838,0
521,6,0,8,0.0402155867355567,659,5,0.9431945538974952,0
395,6,1,8,0.1197953662849981,714,5,0.8884502877862838,0
397,6,0,8,0.0203206418481963,723,5,0.9431945538974952,0
445,6,1,8,0.1229229613407983,817,11,0.9431945538974952,0
417,6,1,8,0.1229229613407983,694,5,0.8884502877862838,0
336,6,1,8,0.4540304403926524,495,11,0.8884502877862838,0
367,6,1,8,0.1357113221948865,731,11,0.9431945538974952,0
393,6,0,8,0.0282786198031404,726,9,0.8884502877862838,0
490,6,1,8,0.0959214324201657,662,11,0.9431945538974952,0
399,6,0,8,0.0194692479265244,734,11,0.9431945538974952,0
458,6,0,8,0.1229229613407983,762,11,0.8884502877862838,0
432,6,1,8,0.4062825726629875,706,11,0.8884502877862838,0
337,6,1,8,0.0800054765102774,767,11,0.8884502877862838,0
437,6,1,8,0.0800054765102774,657,9,0.9431945538974952,0
383,6,1,8,0.1317323332174144,629,9,0.9431945538974952,0
427,6,1,8,0.158733862138047,703,5,0.9431945538974952,0
429,6,1,8,0.1794802009470793,644,9,0.9431945538974952,0
440,6,1,8,0.4054311787413155,840,5,0.8884502877862838,0
368,6,0,8,0.2502506086199046,807,11,0.8884502877862838,0
360,6,0,8,0.1914171678794955,620,9,0.8884502877862838,0
403,6,1,8,0.2033541348119117,718,11,0.8884502877862838,0
359,6,0,8,0.1158163773075261,702,11,0.9431945538974952,0
329,6,1,8,0.1277533442399423,567,5,0.8884502877862838,0
433,6,0,8,0.3298303881693462,772,5,0.8884502877862838,0
349,6,0,8,0.2621875755523209,768,9,0.9431945538974952,0
369,6,1,8,0.3505767269783785,669,5,0.8884502877862838,0
414,6,0,8,0.0274272258814685,769,11,0.8884502877862838,0
493,6,0,8,0.0115112699715802,808,9,0.9431945538974952,0
411,6,1,8,0.0959214324201657,542,11,0.8884502877862838,0
485,6,0,8,0.1109859944083821,714,9,0.9431945538974952,0
442,6,0,8,0.2303556637325443,760,5,0.9431945538974952,0
408,6,1,8,0.0632381266787172,672,11,0.9431945538974952,0
452,6,1,8,0.0672171156561892,733,5,0.8884502877862838,0
432,6,1,8,0.2869129033388253,623,5,0.8884502877862838,0
459,6,0,8,0.4213471346512039,907,5,0.9431945538974952,0
457,6,1,8,0.2303556637325443,779,5,0.9431945538974952,0
422,6,0,8,0.1197953662849981,660,11,0.8884502877862838,0
382,6,0,8,0.2948708812937694,717,11,0.8884502877862838,0
412,6,1,8,0.274975936406409,732,5,0.9431945538974952,0
297,6,0,8,0.0203206418481963,642,5,0.9431945538974952,0
425,6,0,8,0.266166564529793,692,11,0.9431945538974952,0
388,6,1,8,0.0640895206003891,829,11,0.9431945538974952,0
408,6,0,8,0.4500514514151803,664,11,0.8884502877862838,0
342,6,0,8,0.2192700907218,640,9,0.8884502877862838,0
453,6,0,8,0.1396903111723585,745,9,0.9431945538974952,0
338,6,0,8,0.111837388330054,629,9,0.9431945538974952,0
488,6,0,8,0.0672171156561892,776,9,0.8884502877862838,0
400,6,1,8,0.0314062148589406,809,9,0.9431945538974952,0
393,6,0,8,0.1269019503182704,664,11,0.9431945538974952,0
358,6,0,8,0.5694211207393426,611,5,0.9431945538974952,0
396,6,1,8,0.2908918923162973,616,9,0.9431945538974952,0
413,6,1,8,0.0402155867355567,730,11,0.8884502877862838,0
425,6,1,8,0.3426187490234343,789,9,0.9431945538974952,0
362,6,1,8,0.326702793113546,696,5,0.8884502877862838,0
504,6,0,8,0.6362125394346959,794,9,0.9431945538974952,0
481,6,1,8,0.3616622999891227,789,9,0.8884502877862838,0
357,6,1,8,0.2670179584514649,592,9,0.9431945538974952,0
365,6,1,8,0.1953961568569676,688,9,0.8884502877862838,0
419,6,0,8,0.0282786198031404,734,5,0.9431945538974952,0
351,6,0,8,0.0879634544652216,730,11,0.9431945538974952,0
365,6,1,8,0.0274272258814685,680,9,0.8884502877862838,0
388,6,1,8,0.1269019503182704,747,11,0.8884502877862838,0
425,6,0,8,0.2422926306649605,783,9,0.9431945538974952,0
395,6,0,8,0.3664926828882667,677,11,0.9431945538974952,0
388,6,0,8,0.0274272258814685,727,5,0.8884502877862838,0
473,6,1,8,0.2462716196424326,852,11,0.9431945538974952,0
311,6,1,8,0.434135495505292,581,5,0.8884502877862838,0
370,6,1,8,0.1467968952056307,663,11,0.8884502877862838,0
503,6,1,8,0.4452210685160363,794,11,0.8884502877862838,0
469,6,1,8,0.0234482369039964,643,5,0.8884502877862838,0
445,6,1,8,0.1595852560597189,643,9,0.9431945538974952,0
374,6,0,8,0.3187448151586018,635,11,0.9431945538974952,0
357,6,0,8,0.0242996308256684,715,5,0.9431945538974952,0
372,6,1,8,0.1516272781047747,639,11,0.9431945538974952,0
339,6,1,8,0.3426187490234343,631,9,0.9431945538974952,0
413,6,0,8,0.1467968952056307,849,9,0.8884502877862838,0
397,6,1,8,0.0035532920166361,678,5,0.8884502877862838,0
369,6,1,8,0.4699463963025407,555,11,0.9431945538974952,0
414,6,0,8,0.0632381266787172,845,11,0.8884502877862838,0
387,6,0,8,0.3306817820910181,568,9,0.8884502877862838,0
414,6,0,8,0.4023035836855154,627,9,0.8884502877862838,0
341,6,1,8,0.3147658261811298,557,9,0.9431945538974952,0
401,6,1,8,0.1109859944083821,720,5,0.8884502877862838,0
390,6,1,8,0.0322576087806125,633,11,0.9431945538974952,0
372,6,1,8,0.0123626638932521,635,11,0.9431945538974952,0
459,6,1,8,0.2462716196424326,803,5,0.8884502877862838,0
314,6,0,8,0.6768538231310886,555,9,0.8884502877862838,0
326,6,1,8,0.4779043742574848,777,5,0.8884502877862838,0
414,6,0,8,0.1357113221948865,622,11,0.9431945538974952,0
485,6,1,8,0.0800054765102774,688,11,0.9431945538974952,0
433,6,1,8,0.2431440245866324,591,11,0.8884502877862838,0
377,6,0,8,0.2431440245866324,524,5,0.8884502877862838,0
420,6,0,8,0.1158163773075261,702,5,0.8884502877862838,0
411,6,1,8,0.1953961568569676,623,5,0.9431945538974952,0
353,6,0,8,0.2152911017443279,693,9,0.8884502877862838,0
366,6,1,8,0.0433431817913568,791,9,0.9431945538974952,0
530,6,1,8,0.5287798370429498,946,9,0.9431945538974952,0
349,6,1,8,0.4261775175503479,669,11,0.9431945538974952,0
363,6,0,8,0.1595852560597189,608,5,0.8884502877862838,0
420,6,1,8,0.0163416528707242,727,9,0.9431945538974952,0
448,6,0,8,0.0800054765102774,665,11,0.8884502877862838,0
355,6,1,8,0.0203206418481963,719,11,0.9431945538974952,0
426,6,0,8,0.0083836749157801,568,9,0.9431945538974952,0
383,6,0,8,0.0481735646905008,731,11,0.8884502877862838,0
350,6,1,8,0.5495261758519822,644,11,0.9431945538974952,0
417,6,0,8,0.3346607710684902,566,5,0.9431945538974952,0
390,6,0,8,0.2511020025415766,558,9,0.8884502877862838,0
414,6,1,8,0.1109859944083821,805,5,0.8884502877862838,0
409,6,0,8,0.1914171678794955,583,9,0.8884502877862838,0
421,6,1,8,0.0115112699715802,702,11,0.8884502877862838,0
390,6,0,8,0.3625136939107947,656,11,0.9431945538974952,0
375,6,0,8,0.0680685095778612,764,11,0.8884502877862838,0
336,6,1,8,0.0871120605435496,700,5,0.8884502877862838,0
293,6,1,8,0.3903666167530992,604,5,0.9431945538974952,0
440,6,0,8,0.4133891566962597,772,9,0.8884502877862838,0
367,6,0,8,0.1746498180479352,804,9,0.9431945538974952,0
408,6,0,8,0.3744506608432109,658,5,0.8884502877862838,0
504,6,0,8,0.055280148723773,764,9,0.9431945538974952,0
457,6,1,8,0.0760264875328053,714,9,0.8884502877862838,0
371,6,1,8,0.3227238041360739,630,9,0.8884502877862838,0
358,6,0,8,0.3585347049333226,528,11,0.9431945538974952,0
433,6,0,8,0.2582085865748488,834,5,0.8884502877862838,0
363,6,1,8,0.3943456057305713,651,5,0.8884502877862838,0
238,6,1,10,1.2020803681574024,789,11,0.9431945538974952,1
250,5,1,10,1.2140173350898185,692,11,0.8884502877862838,1
224,2,1,10,1.1583114894052096,767,11,0.9431945538974952,1
270,5,1,10,1.1065846326980726,885,11,0.8884502877862838,1
271,6,1,10,1.281660147706844,675,11,0.8884502877862838,1
245,5,1,10,1.2617652028194837,770,11,0.9431945538974952,1
254,5,1,10,1.2140173350898185,729,11,0.9431945538974952,1
305,6,1,10,1.1622904783826815,775,11,0.9431945538974952,1
227,6,1,10,1.2299332909997067,696,11,0.8884502877862838,1
250,5,1,10,1.190143401224986,751,11,0.9431945538974952,1
238,6,1,10,1.3612399272562852,573,11,0.8884502877862838,1
210,2,1,10,1.3095130705491482,663,11,0.9431945538974952,1
213,5,1,10,1.3811348721436456,721,11,0.9431945538974952,1
207,6,1,10,1.405008806008478,662,11,0.9431945538974952,1
303,5,1,10,1.186164412247514,735,11,0.8884502877862838,1
267,5,1,10,1.3055340815716765,573,11,0.9431945538974952,1
219,6,1,10,1.4328617288507826,610,11,0.9431945538974952,1
232,5,1,10,1.3652189162337574,620,11,0.8884502877862838,1
303,6,1,10,1.3373659933914528,763,11,0.8884502877862838,1
256,6,1,10,1.4686726296480312,608,11,0.9431945538974952,1
271,5,1,10,1.3612399272562852,690,11,0.9431945538974952,1
197,6,1,10,1.4487776847606708,616,11,0.9431945538974952,1
195,5,1,10,1.4169457729408943,557,11,0.8884502877862838,1
200,6,1,10,1.1622904783826815,732,11,0.8884502877862838,1
291,5,1,10,1.1384165445178491,828,11,0.8884502877862838,1
219,6,1,10,1.3055340815716765,630,11,0.9431945538974952,1
237,2,1,10,1.3612399272562852,572,11,0.8884502877862838,1
241,2,1,10,1.3851138611211178,653,11,0.8884502877862838,1
249,2,1,10,1.1742274453150978,751,11,0.9431945538974952,1
232,5,1,10,1.2697231807744276,726,11,0.9431945538974952,1
190,5,1,10,1.3095130705491482,523,11,0.9431945538974952,1
251,5,1,10,1.3055340815716765,666,11,0.9431945538974952,1
233,6,1,10,1.3294080154365089,619,11,0.9431945538974952,1
194,2,1,10,1.3572609382788132,676,11,0.9431945538974952,1
308,2,1,10,1.2737021697518995,758,11,0.9431945538974952,1
240,6,1,10,1.2498282358870672,638,11,0.9431945538974952,1
242,2,1,10,1.3652189162337574,739,11,0.8884502877862838,1
283,5,1,10,1.1463745224727933,764,11,0.9431945538974952,1
349,6,1,10,1.1583114894052096,684,11,0.9431945538974952,1
280,6,1,10,1.1782064342925698,803,11,0.8884502877862838,1
291,5,1,10,1.1742274453150978,751,11,0.8884502877862838,1
202,6,1,10,1.3174710485040924,673,11,0.8884502877862838,1
281,2,1,10,1.2697231807744276,745,11,0.8884502877862838,1
307,6,1,10,1.1981013791799302,693,11,0.9431945538974952,1
228,2,1,10,1.456735662715615,623,11,0.9431945538974952,1
260,5,1,10,1.464693640670559,548,11,0.8884502877862838,1
219,5,1,10,1.3890928500985895,587,11,0.8884502877862838,1
201,2,1,10,1.2299332909997067,598,11,0.8884502877862838,1
244,2,1,10,1.5203994863551682,628,11,0.8884502877862838,1
295,2,1,10,1.08271069883324,850,11,0.8884502877862838,1
252,2,1,10,1.1543325004277374,772,11,0.8884502877862838,1
255,6,1,10,1.3333870044139808,653,11,0.9431945538974952,1
193,6,1,10,1.297576103616732,675,11,0.8884502877862838,1
223,6,1,10,1.2617652028194837,701,11,0.8884502877862838,1
183,2,1,10,1.3652189162337574,659,11,0.9431945538974952,1
253,2,1,10,1.289618125661788,588,11,0.8884502877862838,1
240,2,1,10,1.3771558831661737,707,11,0.8884502877862838,1
233,5,1,10,1.508462519422752,559,11,0.8884502877862838,1
261,2,1,10,1.1384165445178491,707,11,0.9431945538974952,1
230,5,1,10,1.1941223902024585,697,11,0.9431945538974952,1
267,5,1,10,1.1742274453150978,801,11,0.9431945538974952,1
298,5,1,10,1.2737021697518995,667,11,0.9431945538974952,1
282,5,1,10,1.4209247619183665,589,11,0.9431945538974952,1
235,6,1,10,1.5482524091974728,425,11,0.9431945538974952,1
241,5,1,10,1.401029817031006,688,11,0.8884502877862838,1
210,5,1,10,1.353281949301341,707,11,0.9431945538974952,1
276,2,1,10,1.134437555540377,806,11,0.8884502877862838,1
256,5,1,10,1.29359711463926,672,11,0.9431945538974952,1
257,5,1,10,1.4368407178282547,582,11,0.8884502877862838,1
199,2,1,10,1.1105636216755446,752,11,0.9431945538974952,1
190,5,1,10,1.2458492469095952,695,11,0.8884502877862838,1
294,2,1,10,1.3055340815716765,758,11,0.8884502877862838,1
339,5,1,10,1.1145426106530167,819,11,0.9431945538974952,1
267,2,1,10,1.1145426106530167,684,11,0.8884502877862838,1
247,5,1,10,1.2259543020222348,772,11,0.8884502877862838,1
239,6,1,10,1.2617652028194837,769,11,0.9431945538974952,1
203,2,1,10,1.2179963240672906,713,11,0.8884502877862838,1
266,2,1,10,0.9434460846217176,883,11,0.8884502877862838,1
258,5,1,10,1.1981013791799302,708,11,0.9431945538974952,1
309,5,1,10,1.29359711463926,644,11,0.8884502877862838,1
289,2,1,10,1.0946476657656563,711,11,0.9431945538974952,1
289,5,1,10,1.1065846326980726,732,11,0.9431945538974952,1
269,2,1,10,1.1981013791799302,794,11,0.8884502877862838,1
268,5,1,10,1.2776811587293715,718,11,0.8884502877862838,1
234,2,1,10,1.2100383461123465,678,11,0.9431945538974952,1
264,5,1,10,1.2856391366843158,702,11,0.9431945538974952,1
218,6,1,10,1.349302960323869,612,11,0.8884502877862838,1
213,6,1,10,1.4209247619183665,547,11,0.9431945538974952,1
229,6,1,10,1.3691979052112293,665,11,0.9431945538974952,1
250,5,1,10,1.182185423270042,759,11,0.8884502877862838,1
228,6,1,10,1.186164412247514,695,11,0.9431945538974952,1
265,2,1,10,1.397050828053534,647,11,0.9431945538974952,1
274,6,1,10,1.2140173350898185,741,11,0.8884502877862838,1
247,5,1,10,1.2776811587293715,704,11,0.8884502877862838,1
212,6,1,10,0.8041814704101949,971,11,0.8884502877862838,1
270,2,1,10,1.301555092594204,621,11,0.9431945538974952,1
330,2,1,10,1.134437555540377,817,11,0.8884502877862838,1
272,2,1,10,1.2577862138420113,631,11,0.9431945538974952,1
260,6,1,10,1.3373659933914528,743,11,0.8884502877862838,1
246,6,1,10,1.5402944312425286,676,11,0.8884502877862838,1
269,6,1,10,1.281660147706844,710,11,0.9431945538974952,1
287,2,1,10,1.2020803681574024,664,11,0.8884502877862838,1
244,5,1,10,1.3134920595266204,702,11,0.9431945538974952,1
270,5,1,10,1.007109908261271,826,11,0.8884502877862838,1
242,6,1,10,1.1702484563376256,582,11,0.9431945538974952,1
206,2,1,10,1.412966783963422,579,11,0.9431945538974952,1
204,5,1,10,1.341344982368925,689,11,0.8884502877862838,1
213,6,1,10,1.2657441917969554,541,11,0.9431945538974952,1
270,6,1,10,1.190143401224986,746,11,0.8884502877862838,1
270,6,1,10,1.3731768941887017,687,11,0.9431945538974952,1
267,5,1,10,1.3174710485040924,622,11,0.9431945538974952,1
255,6,1,10,1.3055340815716765,678,11,0.8884502877862838,1
276,5,1,10,1.241870257932123,629,11,0.8884502877862838,1
237,2,1,10,1.301555092594204,602,11,0.8884502877862838,1
289,5,1,10,1.0031309192837985,689,11,0.8884502877862838,1
299,6,1,10,1.1145426106530167,823,11,0.8884502877862838,1
295,5,1,10,1.023025864171159,906,11,0.8884502877862838,1
251,5,1,10,1.4686726296480312,607,11,0.9431945538974952,1
302,6,1,10,1.1423955334953213,738,11,0.8884502877862838,1
252,6,1,10,1.2856391366843158,721,11,0.9431945538974952,1
234,2,1,10,1.349302960323869,642,11,0.9431945538974952,1
179,5,1,10,1.3174710485040924,701,11,0.8884502877862838,1
274,6,1,10,1.0548577759909357,753,11,0.8884502877862838,1
193,5,1,10,1.3294080154365089,691,11,0.8884502877862838,1
249,2,1,10,1.289618125661788,613,11,0.8884502877862838,1
173,6,1,10,1.508462519422752,664,11,0.8884502877862838,1
236,6,1,10,1.4447986957831989,622,11,0.9431945538974952,1
261,6,1,10,1.241870257932123,699,11,0.8884502877862838,1
222,2,1,10,1.3572609382788132,655,11,0.9431945538974952,1
265,6,1,10,1.2617652028194837,731,11,0.9431945538974952,1
259,5,1,10,1.29359711463926,726,11,0.8884502877862838,1
232,5,1,10,1.2299332909997067,786,11,0.8884502877862838,1
272,2,1,10,1.2100383461123465,675,11,0.9431945538974952,1
274,2,1,10,1.3851138611211178,584,11,0.8884502877862838,1
227,5,1,10,1.3731768941887017,650,11,0.8884502877862838,1
258,2,1,10,1.341344982368925,694,11,0.8884502877862838,1
200,5,1,10,1.4965255524903358,554,11,0.8884502877862838,1
299,2,1,10,1.090668676788184,758,11,0.8884502877862838,1
275,6,1,10,1.3294080154365089,637,11,0.8884502877862838,1
202,5,1,10,1.3572609382788132,649,11,0.9431945538974952,1
219,6,1,10,1.5164204973776962,606,11,0.8884502877862838,1
236,5,1,10,1.2140173350898185,709,11,0.9431945538974952,1
271,6,1,10,1.1622904783826815,691,11,0.9431945538974952,1
171,6,1,10,1.341344982368925,590,11,0.8884502877862838,1
264,2,1,10,1.1463745224727933,671,11,0.8884502877862838,1
211,5,1,10,1.2140173350898185,721,11,0.8884502877862838,1
269,2,1,10,1.078731709855768,770,11,0.9431945538974952,1
286,2,1,10,0.9991519303063264,851,11,0.8884502877862838,1
240,6,1,10,1.4368407178282547,623,11,0.9431945538974952,1
297,5,1,10,1.2577862138420113,814,11,0.9431945538974952,1
268,6,1,10,1.2498282358870672,734,11,0.8884502877862838,1
291,5,1,10,1.3811348721436456,751,11,0.9431945538974952,1
242,2,1,10,1.1463745224727933,687,11,0.9431945538974952,1
263,2,1,10,1.1543325004277374,917,11,0.9431945538974952,1
273,5,1,10,1.2100383461123465,631,11,0.9431945538974952,1
243,6,1,10,1.1463745224727933,686,11,0.8884502877862838,1
254,2,1,10,1.2498282358870672,769,11,0.9431945538974952,1
234,2,1,10,1.1981013791799302,715,11,0.8884502877862838,1
278,6,1,10,1.3572609382788132,536,11,0.8884502877862838,1
193,6,1,10,1.289618125661788,593,11,0.8884502877862838,1
252,5,1,10,1.1702484563376256,772,11,0.8884502877862838,1
250,5,1,10,1.1543325004277374,729,11,0.9431945538974952,1
274,6,1,10,1.241870257932123,732,11,0.8884502877862838,1
224,2,1,10,1.508462519422752,529,11,0.9431945538974952,1
245,6,1,10,1.3333870044139808,702,11,0.9431945538974952,1
234,6,1,10,1.2657441917969554,589,11,0.8884502877862838,1
205,2,1,10,1.3055340815716765,841,11,0.8884502877862838,1
258,5,1,10,1.3174710485040924,712,11,0.9431945538974952,1
296,2,1,10,1.1463745224727933,675,11,0.8884502877862838,1
203,5,1,10,1.2458492469095952,671,11,0.9431945538974952,1
210,6,1,10,1.4447986957831989,588,11,0.9431945538974952,1
239,5,1,10,1.4328617288507826,661,11,0.9431945538974952,1
242,2,1,10,1.3691979052112293,646,11,0.8884502877862838,1
222,2,1,10,1.5005045414678078,496,11,0.9431945538974952,1
200,6,1,10,1.4328617288507826,529,11,0.9431945538974952,1
248,5,1,10,1.3851138611211178,594,11,0.8884502877862838,1
274,5,1,10,0.963341029509078,809,11,0.9431945538974952,1
215,2,1,10,1.3095130705491482,669,11,0.9431945538974952,1
277,2,1,10,1.3851138611211178,686,11,0.8884502877862838,1
285,2,1,10,1.2617652028194837,664,11,0.8884502877862838,1
189,2,1,10,1.186164412247514,804,11,0.8884502877862838,1
215,5,1,10,1.1463745224727933,721,11,0.9431945538974952,1
201,5,1,10,1.6278321887469145,529,11,0.9431945538974952,1
252,6,1,10,1.4925465635128636,502,11,0.9431945538974952,1
236,5,1,10,1.1463745224727933,750,11,0.9431945538974952,1
289,6,1,10,1.2697231807744276,756,11,0.8884502877862838,1
259,6,1,10,1.3811348721436456,768,11,0.9431945538974952,1
321,6,1,10,0.975277996441494,850,11,0.9431945538974952,1
288,5,1,10,1.253807224864539,688,11,0.9431945538974952,1
206,6,1,10,1.4249037508958384,541,11,0.8884502877862838,1
273,5,1,10,1.2577862138420113,651,11,0.9431945538974952,1
244,2,1,10,1.345323971346397,636,11,0.9431945538974952,1
232,6,1,10,1.1583114894052096,729,11,0.9431945538974952,1
275,5,1,10,1.186164412247514,767,11,0.9431945538974952,1
312,5,1,10,1.3174710485040924,655,11,0.8884502877862838,1
241,5,1,10,1.2458492469095952,661,11,0.8884502877862838,1
229,2,1,10,1.5920212879496656,625,11,0.8884502877862838,1
262,2,1,10,1.1981013791799302,750,11,0.8884502877862838,1
299,2,1,10,1.1026056437206004,645,11,0.9431945538974952,1
252,6,1,10,1.393071839076062,633,11,0.9431945538974952,1
267,2,1,10,1.2657441917969554,728,11,0.9431945538974952,1
235,5,1,10,1.3134920595266204,757,11,0.8884502877862838,1
275,5,1,10,1.3134920595266204,642,11,0.9431945538974952,1
254,5,1,10,1.281660147706844,599,11,0.8884502877862838,1
225,2,1,10,1.3333870044139808,662,11,0.8884502877862838,1
297,5,1,10,1.1463745224727933,685,11,0.9431945538974952,1
210,6,1,10,1.301555092594204,498,11,0.9431945538974952,1
247,6,1,10,1.4209247619183665,515,11,0.9431945538974952,1
249,6,1,10,1.3294080154365089,732,11,0.9431945538974952,1
271,2,1,10,1.2498282358870672,681,11,0.8884502877862838,1
242,6,1,10,1.1782064342925698,758,11,0.8884502877862838,1
232,5,1,10,1.281660147706844,722,11,0.9431945538974952,1
255,6,1,10,1.3811348721436456,637,11,0.9431945538974952,1
258,5,1,10,1.5363154422650565,583,11,0.8884502877862838,1
255,2,1,10,1.023025864171159,778,11,0.9431945538974952,1
255,2,1,10,1.1026056437206004,742,11,0.9431945538974952,1
259,5,1,10,1.1702484563376256,785,11,0.9431945538974952,1
255,2,1,10,1.1105636216755446,816,11,0.9431945538974952,1
191,2,1,10,1.4806095965804476,603,11,0.8884502877862838,1
204,2,1,10,1.4925465635128636,452,11,0.9431945538974952,1
254,5,1,10,1.440819706805727,558,11,0.8884502877862838,1
259,5,1,10,1.3811348721436456,649,11,0.8884502877862838,1
196,5,1,10,1.5482524091974728,572,11,0.8884502877862838,1
276,6,1,10,1.3055340815716765,707,11,0.8884502877862838,1
258,5,1,10,1.1065846326980726,742,11,0.8884502877862838,1
228,2,1,10,1.3811348721436456,623,11,0.9431945538974952,1
238,6,1,10,1.289618125661788,694,11,0.9431945538974952,1
264,6,1,10,1.134437555540377,755,11,0.8884502877862838,1
313,5,1,10,1.3055340815716765,632,11,0.8884502877862838,1
280,2,1,10,1.397050828053534,634,11,0.8884502877862838,1
222,6,1,10,1.1981013791799302,575,11,0.9431945538974952,1
286,2,1,10,1.0548577759909357,881,11,0.8884502877862838,1
248,6,1,10,1.1543325004277374,724,11,0.8884502877862838,1
252,5,1,10,1.1742274453150978,730,11,0.8884502877862838,1
253,5,1,10,1.3174710485040924,651,11,0.9431945538974952,1
247,2,1,10,1.2299332909997067,658,11,0.9431945538974952,1
280,6,1,10,1.4288827398733106,614,11,0.8884502877862838,1
271,2,1,10,1.345323971346397,658,11,0.8884502877862838,1
322,2,1,10,0.9951729413288544,850,11,0.8884502877862838,1
249,5,1,10,1.0508787870134637,802,11,0.9431945538974952,1
276,2,1,10,1.190143401224986,723,11,0.8884502877862838,1
190,6,1,10,1.2697231807744276,558,11,0.9431945538974952,1
277,2,1,10,1.130458566562905,761,11,0.9431945538974952,1
261,5,1,10,1.2498282358870672,671,11,0.8884502877862838,1
216,6,1,10,1.29359711463926,697,11,0.8884502877862838,1
259,6,1,10,1.5323364532875845,626,11,0.8884502877862838,1
236,2,1,10,1.046899798035991,784,11,0.8884502877862838,1
260,5,1,10,1.2776811587293715,683,11,0.9431945538974952,1
212,6,1,10,1.4607146516930871,621,11,0.9431945538974952,1
220,2,1,10,1.2697231807744276,555,11,0.8884502877862838,1
236,5,1,10,1.345323971346397,645,11,0.8884502877862838,1
227,6,1,10,0.9872149633739103,794,11,0.9431945538974952,1
220,5,1,10,1.3055340815716765,658,11,0.8884502877862838,1
266,6,1,10,1.2498282358870672,712,11,0.9431945538974952,1
227,6,1,10,1.4169457729408943,662,11,0.9431945538974952,1
290,2,1,10,1.1105636216755446,756,11,0.8884502877862838,1
215,6,1,10,1.2219753130447626,599,11,0.8884502877862838,1
292,6,1,10,1.0667947429233515,824,11,0.9431945538974952,1
288,2,1,10,1.2219753130447626,753,11,0.9431945538974952,1
235,6,1,10,1.2737021697518995,777,11,0.8884502877862838,1
270,2,1,10,1.1503535114502654,603,11,0.9431945538974952,1
241,6,1,10,1.186164412247514,720,11,0.8884502877862838,1
301,6,1,10,1.1384165445178491,793,11,0.9431945538974952,1
224,5,1,10,1.2219753130447626,783,11,0.8884502877862838,1
221,2,1,10,1.3254290264590365,709,11,0.8884502877862838,1
228,6,1,10,1.3095130705491482,713,11,0.9431945538974952,1
235,5,1,10,1.393071839076062,577,11,0.9431945538974952,1
291,6,1,10,1.0628157539458798,749,11,0.8884502877862838,1
257,5,1,10,1.401029817031006,678,11,0.9431945538974952,1
234,6,1,10,1.3612399272562852,623,11,0.9431945538974952,1
260,6,1,10,1.2657441917969554,591,11,0.9431945538974952,1
267,6,1,10,1.50448353044528,578,11,0.9431945538974952,1
247,6,1,10,1.2737021697518995,696,11,0.9431945538974952,1
198,5,1,10,1.3890928500985895,725,11,0.8884502877862838,1
322,2,1,10,1.2617652028194837,585,11,0.8884502877862838,1
253,5,1,10,1.2737021697518995,708,11,0.8884502877862838,1
223,2,1,10,1.440819706805727,651,11,0.9431945538974952,1
289,6,1,10,1.1463745224727933,786,11,0.9431945538974952,1
269,5,1,10,1.3811348721436456,601,11,0.9431945538974952,1
281,6,1,10,1.2737021697518995,751,11,0.9431945538974952,1
198,2,1,10,1.353281949301341,647,11,0.8884502877862838,1
257,6,1,10,1.341344982368925,689,11,0.9431945538974952,1
317,6,1,10,0.9991519303063264,829,11,0.8884502877862838,1
299,2,1,10,1.3572609382788132,630,11,0.8884502877862838,1
260,5,1,10,1.190143401224986,727,11,0.9431945538974952,1
243,6,1,10,1.397050828053534,668,11,0.8884502877862838,1
274,2,1,10,1.345323971346397,727,11,0.8884502877862838,1
209,5,1,10,1.4368407178282547,609,11,0.9431945538974952,1
286,2,1,10,1.1503535114502654,804,11,0.8884502877862838,1
193,2,1,10,1.281660147706844,704,11,0.9431945538974952,1
296,6,1,10,0.9474250735991896,853,11,0.8884502877862838,1
247,6,1,10,1.08271069883324,788,11,0.9431945538974952,1
228,5,1,10,1.3055340815716765,601,11,0.9431945538974952,1
301,2,1,10,1.2458492469095952,669,11,0.8884502877862838,1
269,2,1,10,1.1463745224727933,684,11,0.8884502877862838,1
218,2,1,10,1.3373659933914528,667,11,0.8884502877862838,1
265,5,1,10,1.2458492469095952,748,11,0.9431945538974952,1
293,2,1,10,1.0866896878107122,801,11,0.8884502877862838,1
242,2,1,10,1.412966783963422,585,11,0.8884502877862838,1
207,5,1,10,1.2060593571348743,735,11,0.8884502877862838,1
259,2,1,10,1.3652189162337574,619,11,0.8884502877862838,1
230,2,1,10,1.2060593571348743,783,11,0.9431945538974952,1
263,2,1,10,1.4368407178282547,647,11,0.9431945538974952,1
248,5,1,10,1.233912279977179,768,11,0.8884502877862838,1
234,5,1,10,1.1543325004277374,677,11,0.9431945538974952,1
228,2,1,10,1.397050828053534,652,11,0.9431945538974952,1
224,6,1,10,1.233912279977179,653,11,0.8884502877862838,1
239,5,1,10,1.2140173350898185,769,11,0.8884502877862838,1
214,6,1,10,1.349302960323869,654,11,0.9431945538974952,1
213,6,1,10,1.1742274453150978,724,11,0.8884502877862838,1
292,5,1,10,1.2498282358870672,677,11,0.9431945538974952,1
216,2,1,10,1.2458492469095952,767,11,0.8884502877862838,1
243,6,1,10,1.393071839076062,616,11,0.8884502877862838,1
262,2,1,10,1.1941223902024585,628,11,0.9431945538974952,1
179,2,1,10,1.452756673738143,531,11,0.8884502877862838,1
286,2,1,10,1.1065846326980726,786,11,0.8884502877862838,1
288,6,1,10,1.1543325004277374,694,11,0.8884502877862838,1
273,6,1,10,1.349302960323869,564,11,0.9431945538974952,1
289,5,1,10,1.023025864171159,884,11,0.8884502877862838,1
197,2,1,10,1.412966783963422,646,11,0.8884502877862838,1
218,6,1,10,1.3731768941887017,652,11,0.8884502877862838,1
242,6,1,10,1.3174710485040924,690,11,0.8884502877862838,1
193,2,1,10,1.349302960323869,590,11,0.9431945538974952,1
269,2,1,10,1.2498282358870672,756,11,0.8884502877862838,1
226,5,1,10,1.3572609382788132,575,11,0.9431945538974952,1
286,5,1,10,1.130458566562905,817,11,0.8884502877862838,1
186,2,1,10,1.3890928500985895,636,11,0.8884502877862838,1
217,2,1,10,1.3134920595266204,653,11,0.9431945538974952,1
291,6,1,10,1.2299332909997067,771,11,0.9431945538974952,1
243,2,1,10,1.3612399272562852,605,11,0.9431945538974952,1
209,6,1,10,1.289618125661788,627,11,0.9431945538974952,1
295,2,1,10,1.2617652028194837,804,11,0.8884502877862838,1
255,2,1,10,1.3174710485040924,733,11,0.9431945538974952,1
275,2,1,10,1.452756673738143,720,11,0.8884502877862838,1
290,5,1,10,1.186164412247514,773,11,0.8884502877862838,1
202,5,1,10,1.3214500374815643,573,11,0.8884502877862838,1
248,2,1,10,1.1981013791799302,582,11,0.9431945538974952,1
319,6,1,10,1.353281949301341,675,11,0.9431945538974952,1
312,5,1,10,1.0150678862162148,791,11,0.9431945538974952,1
308,5,1,10,1.007109908261271,763,11,0.8884502877862838,1
280,2,1,10,1.2697231807744276,681,11,0.8884502877862838,1
218,6,1,10,1.130458566562905,815,11,0.9431945538974952,1
257,2,1,10,1.4288827398733106,642,11,0.9431945538974952,1
251,5,1,10,1.1742274453150978,746,11,0.9431945538974952,1
256,6,1,10,1.134437555540377,783,11,0.9431945538974952,1
265,6,1,10,1.2776811587293715,702,11,0.8884502877862838,1
216,5,1,10,1.4209247619183665,561,11,0.9431945538974952,1
204,2,1,10,1.3214500374815643,687,11,0.9431945538974952,1
239,5,1,10,1.1583114894052096,757,11,0.8884502877862838,1
211,2,1,10,1.341344982368925,685,11,0.8884502877862838,1
210,5,1,10,1.405008806008478,601,11,0.9431945538974952,1
271,6,1,10,1.2458492469095952,805,11,0.8884502877862838,1
213,5,1,10,1.29359711463926,644,11,0.9431945538974952,1
432,2,6,1,0.2422926306649605,484,6,0.9431945538974952,1
345,2,6,5,0.2590599804965208,412,12,0.8884502877862838,1
426,2,6,5,0.1556062670822468,433,6,0.9431945538974952,1
378,2,6,1,0.0004256969608359,430,12,0.9431945538974952,1
446,2,6,1,0.0163416528707242,506,6,0.8884502877862838,1
353,2,6,1,0.3346607710684902,439,6,0.8884502877862838,1
447,2,6,5,0.0203206418481963,453,12,0.8884502877862838,1
385,2,6,5,0.6887907900635047,401,6,0.8884502877862838,1
388,2,6,5,0.0513011597463009,430,12,0.8884502877862838,1
406,2,6,5,0.3187448151586018,432,6,0.9431945538974952,1
352,2,6,5,0.2869129033388253,427,12,0.9431945538974952,1
401,2,6,1,0.1953961568569676,427,12,0.9431945538974952,1
390,2,6,1,0.3863876277756271,458,6,0.8884502877862838,1
385,2,6,1,0.3545557159558505,384,12,0.9431945538974952,1
371,2,6,1,0.0242996308256684,445,12,0.8884502877862838,1
364,2,6,1,0.2908918923162973,454,6,0.8884502877862838,1
376,2,6,11,0.1914171678794955,410,12,0.8884502877862838,1
410,2,6,5,0.0075322809941081,431,6,0.8884502877862838,1
321,2,6,5,0.382408638798155,405,6,0.8884502877862838,1
406,2,6,1,0.1794802009470793,433,6,0.9431945538974952,1
319,2,6,1,0.2908918923162973,407,12,0.8884502877862838,1
337,2,6,11,0.056131542645445,427,12,0.8884502877862838,1
297,2,6,1,0.7803075365453624,358,12,0.8884502877862838,1
371,2,6,11,0.1428179062281586,471,12,0.9431945538974952,1
346,2,6,1,0.0751750936111334,456,12,0.8884502877862838,1
384,2,6,1,0.1945447629352956,426,12,0.9431945538974952,1
462,2,6,5,0.1507758841831028,485,12,0.9431945538974952,1
393,2,6,11,0.2223976857776001,447,12,0.8884502877862838,1
420,2,6,5,0.0672171156561892,473,12,0.8884502877862838,1
472,2,6,5,0.1189439723633262,421,12,0.9431945538974952,1
407,2,6,11,0.2312070576542162,454,12,0.9431945538974952,1
442,2,6,1,0.0521525536679729,455,6,0.8884502877862838,1
401,2,6,11,0.0879634544652216,434,6,0.9431945538974952,1
395,2,6,11,0.3227238041360739,413,12,0.8884502877862838,1
322,2,6,11,0.434135495505292,392,6,0.9431945538974952,1
384,2,6,1,0.0035532920166361,464,12,0.9431945538974952,1
483,2,6,11,0.0871120605435496,492,12,0.9431945538974952,1
402,2,6,1,0.0353852038364127,445,12,0.8884502877862838,1
441,2,6,1,0.060110531622917,417,12,0.8884502877862838,1
445,2,6,5,0.3537043220341786,477,12,0.8884502877862838,1
350,2,6,11,0.0959214324201657,455,12,0.9431945538974952,1
382,2,6,11,0.3545557159558505,398,6,0.8884502877862838,1
355,2,6,1,0.1237743552624702,457,12,0.8884502877862838,1
495,2,6,5,0.4014521897638435,472,12,0.8884502877862838,1
335,2,6,11,0.3147658261811298,448,6,0.9431945538974952,1
418,2,6,5,0.2312070576542162,434,6,0.8884502877862838,1
447,2,6,11,0.3258513991918741,492,12,0.9431945538974952,1
520,2,6,5,0.1467968952056307,480,6,0.9431945538974952,1
411,2,6,1,0.2152911017443279,436,6,0.9431945538974952,1
345,2,6,5,0.1436693001498306,403,6,0.8884502877862838,1
492,2,6,1,0.2542295975973768,478,12,0.9431945538974952,1
282,2,6,1,0.1357113221948865,425,12,0.8884502877862838,1
389,2,6,5,0.1109859944083821,420,12,0.8884502877862838,1
450,2,6,1,0.0163416528707242,427,12,0.8884502877862838,1
395,2,6,5,0.2462716196424326,519,12,0.8884502877862838,1
377,2,6,5,0.1547548731605749,456,12,0.8884502877862838,1
465,2,6,11,0.1826077960028794,460,12,0.9431945538974952,1
373,2,6,5,0.4659674073250686,402,12,0.8884502877862838,1
395,2,6,11,0.2104607188451839,473,12,0.8884502877862838,1
347,2,6,5,0.0839844654877495,446,6,0.8884502877862838,1
421,2,6,1,0.270996947428937,453,12,0.9431945538974952,1
416,2,6,11,0.2033541348119117,389,12,0.9431945538974952,1
411,2,6,5,0.0839844654877495,425,6,0.8884502877862838,1
406,2,6,11,0.5495261758519822,424,12,0.9431945538974952,1
437,2,6,5,0.0194692479265244,430,12,0.8884502877862838,1
396,2,6,11,0.2303556637325443,449,6,0.8884502877862838,1
402,2,6,11,0.4142405506179316,436,12,0.8884502877862838,1
370,2,6,11,0.0720474985553333,428,12,0.8884502877862838,1
402,2,6,11,0.3457463440792345,473,6,0.9431945538974952,1
413,2,6,5,0.3346607710684902,442,6,0.8884502877862838,1
358,2,6,1,0.3585347049333226,400,12,0.9431945538974952,1
399,2,6,11,0.3625136939107947,443,12,0.8884502877862838,1
446,2,6,5,0.0990490274759658,427,6,0.9431945538974952,1
405,2,6,11,0.3346607710684902,401,6,0.9431945538974952,1
492,2,6,1,0.3377883661242903,482,12,0.8884502877862838,1
335,2,6,1,0.0720474985553333,427,6,0.9431945538974952,1
385,2,6,11,0.3903666167530992,435,12,0.9431945538974952,1
500,2,6,5,0.0711961046336613,469,6,0.9431945538974952,1
495,2,6,11,0.0919424434426936,455,12,0.8884502877862838,1
388,2,6,11,0.111837388330054,451,12,0.8884502877862838,1
422,2,6,5,0.0760264875328053,394,12,0.8884502877862838,1
526,2,6,5,0.5685697268176706,580,6,0.9431945538974952,1
413,2,6,1,0.0791540825886055,464,6,0.9431945538974952,1
381,2,6,11,0.2900404983946254,445,6,0.8884502877862838,1
433,2,6,1,0.0513011597463009,462,6,0.8884502877862838,1
353,2,6,5,0.2869129033388253,410,12,0.8884502877862838,1
464,2,6,5,0.1109859944083821,465,6,0.9431945538974952,1
375,2,6,5,0.2192700907218,463,6,0.8884502877862838,1
465,2,6,1,0.004404685938308,486,12,0.9431945538974952,1
343,2,6,1,0.1158163773075261,463,6,0.9431945538974952,1
483,2,6,5,0.2979984763495695,495,6,0.9431945538974952,1
490,2,6,5,0.1914171678794955,435,12,0.9431945538974952,1
510,2,6,11,0.0791540825886055,427,6,0.9431945538974952,1
391,2,6,11,0.3068078482261857,410,6,0.9431945538974952,1
414,2,6,11,0.0163416528707242,449,6,0.8884502877862838,1
406,2,6,11,0.1038794103751098,430,6,0.9431945538974952,1
456,2,6,1,0.1834591899245513,408,6,0.9431945538974952,1
414,2,6,5,0.2152911017443279,420,6,0.9431945538974952,1
372,2,6,11,0.6211479774464795,386,12,0.8884502877862838,1
346,2,6,11,0.2789549253838811,401,12,0.8884502877862838,1
428,2,6,1,0.2113121127668558,459,6,0.8884502877862838,1
389,2,6,1,0.0274272258814685,471,6,0.8884502877862838,1
358,2,6,11,0.2192700907218,425,12,0.8884502877862838,1
461,2,6,1,0.2630389694739928,432,6,0.8884502877862838,1
459,2,6,1,0.0871120605435496,449,12,0.8884502877862838,1
362,2,6,1,0.0831330715660775,442,6,0.8884502877862838,1
394,2,6,11,0.214439707822656,473,6,0.9431945538974952,1
470,2,6,5,0.1269019503182704,483,12,0.8884502877862838,1
449,2,6,11,0.4133891566962597,463,6,0.8884502877862838,1
416,2,6,5,0.0760264875328053,479,6,0.8884502877862838,1
359,2,6,11,0.485862352212429,364,12,0.9431945538974952,1
426,2,6,1,0.0362365977580846,450,6,0.8884502877862838,1
356,2,6,5,0.2303556637325443,485,6,0.8884502877862838,1
272,2,6,11,0.2232490796992721,434,6,0.8884502877862838,1
365,2,6,11,0.0154902589490523,428,6,0.9431945538974952,1
400,2,6,5,0.3465977380009064,427,12,0.8884502877862838,1
432,2,6,1,0.055280148723773,421,12,0.8884502877862838,1
387,2,6,11,0.2391650356091604,447,12,0.8884502877862838,1
485,2,6,5,0.6362125394346959,514,6,0.8884502877862838,1
413,2,6,11,0.2900404983946254,451,6,0.9431945538974952,1
405,2,6,1,0.1794802009470793,434,6,0.8884502877862838,1
415,2,6,5,0.1317323332174144,446,12,0.9431945538974952,1
401,2,6,1,0.10700700543091,431,6,0.8884502877862838,1
452,2,6,5,0.1547548731605749,492,12,0.9431945538974952,1
336,2,6,11,0.2550809915190487,431,12,0.9431945538974952,1
403,2,6,1,0.1755012119696072,460,6,0.9431945538974952,1
400,2,6,11,0.5654421317618704,413,12,0.8884502877862838,1
406,2,6,5,0.2940194873720975,464,6,0.8884502877862838,1
423,2,6,1,0.0234482369039964,437,6,0.9431945538974952,1
476,2,6,1,0.2152911017443279,360,12,0.9431945538974952,1
388,2,6,1,0.0115112699715802,450,12,0.9431945538974952,1
426,2,6,1,0.0632381266787172,438,12,0.8884502877862838,1
349,2,6,11,0.2192700907218,455,6,0.8884502877862838,1
323,2,6,5,0.5535051648294542,443,6,0.8884502877862838,1
410,2,6,5,0.0163416528707242,495,12,0.8884502877862838,1
325,2,6,5,0.4739253852800127,421,6,0.9431945538974952,1
438,2,6,11,0.1666918400929911,485,6,0.8884502877862838,1
446,2,6,5,0.0123626638932521,408,12,0.9431945538974952,1
436,2,6,5,0.1786288070254073,498,12,0.9431945538974952,1
355,2,6,1,0.3616622999891227,402,12,0.8884502877862838,1
401,2,6,11,0.1388389172506866,447,12,0.9431945538974952,1
419,2,6,5,0.1507758841831028,455,6,0.8884502877862838,1
377,2,6,1,0.1396903111723585,392,6,0.8884502877862838,1
375,2,6,11,0.3855362338539552,485,12,0.9431945538974952,1
442,2,6,11,0.4452210685160363,502,6,0.8884502877862838,1
355,2,6,1,0.2113121127668558,414,6,0.8884502877862838,1
430,2,6,1,0.1467968952056307,491,12,0.9431945538974952,1
460,2,6,5,0.0680685095778612,504,12,0.8884502877862838,1
361,2,6,1,0.1229229613407983,475,6,0.8884502877862838,1
446,2,6,5,0.373599266921539,488,12,0.9431945538974952,1
439,2,6,1,0.111837388330054,458,12,0.9431945538974952,1
445,2,6,11,0.4372630905610921,508,6,0.9431945538974952,1
486,2,6,1,0.2590599804965208,476,6,0.9431945538974952,1
481,2,6,1,0.0234482369039964,465,6,0.9431945538974952,1
384,2,6,5,0.378429649820683,420,6,0.8884502877862838,1
382,2,6,1,0.1826077960028794,489,6,0.8884502877862838,1
344,2,6,11,0.2303556637325443,411,12,0.9431945538974952,1
349,2,6,1,0.2590599804965208,433,6,0.9431945538974952,1
462,2,6,1,0.270145553507265,465,6,0.9431945538974952,1
336,2,6,11,0.5574841538069263,458,6,0.8884502877862838,1
385,2,6,1,0.0083836749157801,438,12,0.8884502877862838,1
436,2,6,1,0.0441945757130287,466,12,0.9431945538974952,1
357,2,6,11,0.0760264875328053,474,12,0.8884502877862838,1
442,2,6,11,0.1428179062281586,466,6,0.9431945538974952,1
407,2,6,11,0.0640895206003891,478,6,0.9431945538974952,1
391,2,6,1,0.2033541348119117,390,12,0.9431945538974952,1
428,2,6,5,0.1428179062281586,421,12,0.9431945538974952,1
452,2,6,5,0.0075322809941081,470,6,0.8884502877862838,1
407,2,6,5,0.111837388330054,427,6,0.9431945538974952,1
402,2,6,11,0.2113121127668558,463,6,0.9431945538974952,1
372,2,6,1,0.3903666167530992,413,12,0.9431945538974952,1
404,2,6,11,0.1078583993525819,438,6,0.9431945538974952,1
336,2,6,5,0.1874381789020234,429,6,0.8884502877862838,1
458,2,6,5,0.0035532920166361,471,12,0.9431945538974952,1
358,2,6,11,0.1269019503182704,412,12,0.8884502877862838,1
417,2,6,11,0.274975936406409,430,6,0.9431945538974952,1
404,2,6,11,0.5614631427843984,388,6,0.8884502877862838,1
340,2,6,1,0.2351860466316883,422,6,0.9431945538974952,1
487,2,6,11,0.0672171156561892,513,6,0.8884502877862838,1
338,2,6,5,0.2988498702712415,459,6,0.9431945538974952,1
419,2,6,1,0.0672171156561892,422,12,0.8884502877862838,1
350,2,6,1,0.1436693001498306,458,6,0.8884502877862838,1
342,2,6,11,0.1428179062281586,477,12,0.9431945538974952,1
394,2,6,11,0.0402155867355567,441,6,0.8884502877862838,1
423,2,6,5,0.0274272258814685,441,12,0.8884502877862838,1
350,2,6,11,0.0481735646905008,430,12,0.8884502877862838,1
333,2,6,5,0.2908918923162973,438,12,0.8884502877862838,1
343,2,6,11,0.0990490274759658,468,12,0.8884502877862838,1
438,2,6,11,0.055280148723773,453,6,0.9431945538974952,1
409,2,6,1,0.3465977380009064,437,12,0.8884502877862838,1
395,2,6,5,0.1985237519127677,482,12,0.9431945538974952,1
456,2,6,11,0.0123626638932521,454,12,0.9431945538974952,1
414,2,6,5,0.0234482369039964,447,12,0.9431945538974952,1
417,2,6,1,0.2550809915190487,429,12,0.8884502877862838,1
373,2,6,1,0.1914171678794955,487,12,0.9431945538974952,1
345,2,6,11,0.2073331237893838,449,6,0.8884502877862838,1
392,2,6,11,0.1277533442399423,422,6,0.9431945538974952,1
418,2,6,1,0.1595852560597189,462,12,0.9431945538974952,1
348,2,6,5,0.0274272258814685,495,12,0.9431945538974952,1
413,2,6,5,0.1985237519127677,490,6,0.8884502877862838,1
358,2,6,1,0.4818833632349569,395,6,0.8884502877862838,1
354,2,6,5,0.2033541348119117,413,12,0.9431945538974952,1
412,2,6,11,0.2104607188451839,427,12,0.9431945538974952,1
475,2,6,11,0.1348599282732145,534,6,0.9431945538974952,1
414,2,6,11,0.056131542645445,442,12,0.8884502877862838,1
309,2,6,5,0.8041814704101949,349,6,0.8884502877862838,1
356,2,6,1,0.2670179584514649,420,6,0.8884502877862838,1
418,2,6,1,0.0433431817913568,483,6,0.9431945538974952,1
400,2,6,1,0.266166564529793,493,12,0.9431945538974952,1
368,2,6,1,0.0322576087806125,447,12,0.8884502877862838,1
378,2,6,1,0.3258513991918741,436,6,0.9431945538974952,1
438,2,6,11,0.1476482891273027,460,6,0.9431945538974952,1
439,2,6,1,0.2988498702712415,419,6,0.9431945538974952,1
378,2,6,5,0.3664926828882667,411,6,0.8884502877862838,1
365,2,6,1,0.2462716196424326,478,6,0.8884502877862838,1
446,2,6,5,0.1109859944083821,487,12,0.8884502877862838,1
325,2,6,1,0.1030280164534379,460,6,0.9431945538974952,1
320,2,6,11,0.1428179062281586,460,6,0.9431945538974952,1
352,2,6,11,0.0760264875328053,445,12,0.9431945538974952,1
316,2,6,5,0.3107868372036577,386,6,0.8884502877862838,1
480,2,6,5,0.0521525536679729,479,12,0.9431945538974952,1
413,2,6,1,0.1396903111723585,445,12,0.9431945538974952,1
376,2,6,5,0.2670179584514649,472,6,0.9431945538974952,1
428,2,6,1,0.2343346527100163,464,6,0.8884502877862838,1
379,2,6,5,0.0083836749157801,451,6,0.8884502877862838,1
459,2,6,1,0.0910910495210217,465,6,0.9431945538974952,1
400,2,6,1,0.3227238041360739,414,6,0.9431945538974952,1
461,2,6,11,0.0672171156561892,466,12,0.9431945538974952,1
449,2,6,1,0.0513011597463009,482,12,0.9431945538974952,1
504,2,6,5,0.0282786198031404,433,12,0.8884502877862838,1
359,2,6,11,0.0711961046336613,450,6,0.9431945538974952,1
382,2,6,1,0.0203206418481963,444,6,0.8884502877862838,1
426,2,6,5,0.0760264875328053,422,6,0.8884502877862838,1
293,2,6,5,0.3107868372036577,449,6,0.8884502877862838,1
397,2,6,1,0.0791540825886055,430,6,0.8884502877862838,1
538,2,6,5,0.4531790464709804,521,12,0.8884502877862838,1
328,2,6,11,0.4381144844827641,417,12,0.9431945538974952,1
470,2,6,5,0.0123626638932521,517,12,0.8884502877862838,1
358,2,6,5,0.167543234014663,413,6,0.9431945538974952,1
440,2,6,11,0.163564245037191,441,6,0.8884502877862838,1
307,2,6,5,0.5296312309646218,409,6,0.8884502877862838,1
328,2,6,1,0.5654421317618704,415,12,0.9431945538974952,1
378,2,6,11,0.1953961568569676,423,6,0.9431945538974952,1
392,2,6,1,0.2025027408902398,477,6,0.9431945538974952,1
301,2,6,1,0.4261775175503479,432,12,0.8884502877862838,1
375,2,6,11,0.1038794103751098,481,6,0.8884502877862838,1
472,2,6,5,0.0115112699715802,452,12,0.8884502877862838,1
414,2,6,11,0.0004256969608359,502,6,0.9431945538974952,1
437,2,6,1,0.2351860466316883,428,12,0.8884502877862838,1
380,2,6,5,0.270145553507265,486,12,0.9431945538974952,1
409,2,6,5,0.2988498702712415,423,6,0.8884502877862838,1
422,2,6,5,0.2025027408902398,460,12,0.9431945538974952,1
412,2,6,11,0.111837388330054,423,12,0.9431945538974952,1
415,2,6,1,0.3068078482261857,403,12,0.8884502877862838,1
265,2,6,5,0.1229229613407983,481,6,0.8884502877862838,1
374,2,6,5,0.382408638798155,400,6,0.9431945538974952,1
412,2,6,1,0.270145553507265,472,6,0.8884502877862838,1
379,2,6,11,0.1874381789020234,436,6,0.9431945538974952,1
363,2,6,11,0.0282786198031404,449,6,0.9431945538974952,1
395,2,6,11,0.1109859944083821,474,6,0.8884502877862838,1
433,2,6,5,0.2422926306649605,515,12,0.8884502877862838,1
363,2,6,11,0.167543234014663,455,6,0.8884502877862838,1
371,2,6,1,0.2383136416874884,457,12,0.9431945538974952,1
392,2,6,5,0.0959214324201657,454,6,0.8884502877862838,1
514,2,6,11,0.536737814997894,533,12,0.8884502877862838,1
520,2,6,11,0.1109859944083821,463,6,0.9431945538974952,1
423,2,6,1,0.0513011597463009,473,6,0.8884502877862838,1
390,2,6,1,0.3147658261811298,405,6,0.9431945538974952,1
362,2,6,1,0.1556062670822468,421,12,0.9431945538974952,1
436,2,6,1,0.10700700543091,472,6,0.8884502877862838,1
340,2,6,5,0.0680685095778612,434,6,0.8884502877862838,1
456,2,6,1,0.382408638798155,398,12,0.8884502877862838,1
316,2,6,5,0.4659674073250686,378,6,0.8884502877862838,1
434,2,6,1,0.1715222229921351,432,6,0.8884502877862838,1
263,2,6,5,1.1941223902024585,376,12,0.8884502877862838,1
489,2,6,11,0.4332841015836201,488,12,0.8884502877862838,1
442,2,6,5,0.1078583993525819,464,12,0.9431945538974952,1
386,2,6,1,0.2621875755523209,480,12,0.8884502877862838,1
404,2,6,1,0.1826077960028794,510,12,0.9431945538974952,1
400,2,6,5,0.163564245037191,493,12,0.9431945538974952,1
444,2,6,1,0.0711961046336613,454,12,0.8884502877862838,1
388,2,6,1,0.378429649820683,417,6,0.9431945538974952,1
493,2,6,1,0.2025027408902398,490,6,0.9431945538974952,1
466,2,6,11,0.4381144844827641,492,12,0.9431945538974952,1
409,2,6,11,0.004404685938308,421,6,0.9431945538974952,1
362,2,6,11,0.0004256969608359,386,12,0.9431945538974952,1
405,2,6,5,0.1357113221948865,423,12,0.9431945538974952,1
471,2,6,11,0.158733862138047,505,6,0.9431945538974952,1
467,2,6,5,0.6640654622770004,510,6,0.9431945538974952,1
326,2,6,11,0.1953961568569676,430,12,0.9431945538974952,1
454,2,6,5,0.2590599804965208,464,6,0.9431945538974952,1
334,2,6,5,0.2908918923162973,468,12,0.8884502877862838,1
380,2,6,11,0.0521525536679729,395,12,0.9431945538974952,1
425,2,6,11,0.2940194873720975,477,12,0.9431945538974952,1
404,2,6,5,0.5137152750547335,446,6,0.8884502877862838,1
465,2,6,11,0.2781035314622092,453,12,0.9431945538974952,1
322,2,6,1,0.382408638798155,428,6,0.9431945538974952,1
350,2,6,5,0.4221985285728758,404,6,0.8884502877862838,1
397,2,6,1,0.0990490274759658,430,6,0.8884502877862838,1
365,2,6,11,0.1905657739578236,431,6,0.8884502877862838,1
366,2,6,11,0.2025027408902398,462,6,0.9431945538974952,1
403,2,6,11,0.111837388330054,468,6,0.8884502877862838,1
431,2,6,11,0.2303556637325443,421,6,0.8884502877862838,1
368,2,6,5,0.4381144844827641,412,6,0.8884502877862838,1
385,2,6,11,0.7206227018832814,395,12,0.9431945538974952,1
362,2,6,1,0.1834591899245513,402,12,0.8884502877862838,1
419,2,6,11,0.111837388330054,496,12,0.9431945538974952,1
359,2,6,5,0.1158163773075261,437,12,0.9431945538974952,1
468,2,6,1,0.2263766747550722,479,12,0.9431945538974952,1
471,2,6,11,0.0274272258814685,473,12,0.9431945538974952,1
437,2,6,5,0.0075322809941081,417,6,0.8884502877862838,1
437,2,6,1,0.3187448151586018,421,6,0.9431945538974952,1
368,2,6,11,0.1945447629352956,500,6,0.9431945538974952,1
313,2,6,1,0.4779043742574848,442,6,0.9431945538974952,1
449,2,6,1,0.2073331237893838,463,12,0.8884502877862838,1
458,2,6,11,0.0751750936111334,451,6,0.9431945538974952,1
437,2,6,5,0.0123626638932521,452,12,0.8884502877862838,1
429,2,6,1,0.1507758841831028,488,6,0.9431945538974952,1
475,2,6,1,0.0353852038364127,457,12,0.9431945538974952,1
392,2,6,1,0.4500514514151803,389,12,0.8884502877862838,1
432,2,6,1,0.1826077960028794,438,12,0.8884502877862838,1
388,2,6,5,0.0314062148589406,467,12,0.8884502877862838,1
410,2,6,5,0.1030280164534379,451,6,0.8884502877862838,1
388,2,6,1,0.1786288070254073,462,6,0.9431945538974952,1
380,2,6,5,0.056131542645445,442,6,0.9431945538974952,1
393,2,6,1,0.2582085865748488,453,12,0.8884502877862838,1
424,2,6,5,0.0521525536679729,413,12,0.8884502877862838,1
420,2,6,1,0.3346607710684902,431,6,0.8884502877862838,1
381,2,6,11,0.3028288592487136,434,6,0.8884502877862838,1
470,2,6,1,0.0871120605435496,447,6,0.8884502877862838,1
472,2,6,5,0.1507758841831028,457,12,0.8884502877862838,1
399,2,6,1,0.326702793113546,448,6,0.9431945538974952,1
430,2,6,5,0.2582085865748488,508,6,0.9431945538974952,1
360,2,6,5,0.3465977380009064,390,12,0.8884502877862838,1
467,2,6,5,0.4611370244259246,525,12,0.8884502877862838,1
393,2,6,1,0.0242996308256684,407,12,0.8884502877862838,1
315,2,6,5,0.0163416528707242,431,12,0.8884502877862838,1
388,2,6,11,0.0632381266787172,462,6,0.9431945538974952,1
423,2,6,5,0.2303556637325443,494,6,0.9431945538974952,1
389,2,6,1,0.1396903111723585,445,12,0.8884502877862838,1
441,2,6,11,0.0282786198031404,425,12,0.9431945538974952,1
407,2,6,5,0.162712851115519,465,12,0.8884502877862838,1
454,2,6,5,0.1746498180479352,476,12,0.9431945538974952,1
364,2,6,11,0.2152911017443279,440,12,0.9431945538974952,1
445,2,6,1,0.1993751458344396,427,12,0.9431945538974952,1
432,2,6,1,0.0242996308256684,452,6,0.8884502877862838,1
429,2,6,11,0.4651160134033967,519,6,0.8884502877862838,1
431,2,6,1,0.321872410214402,510,6,0.8884502877862838,1
439,2,6,11,0.3696202779440669,479,6,0.8884502877862838,1
438,2,6,11,0.1038794103751098,472,12,0.9431945538974952,1
423,2,6,5,0.1396903111723585,453,12,0.8884502877862838,1
464,2,6,1,0.1794802009470793,470,12,0.9431945538974952,1
454,2,6,5,0.1706708290704632,487,12,0.8884502877862838,1
325,2,6,11,0.597274043581647,245,6,0.9431945538974952,1
301,2,6,11,0.8002024814327229,236,6,0.9431945538974952,1
279,2,6,10,0.7962234924552508,231,6,0.8884502877862838,1
353,2,6,10,0.5137152750547335,251,6,0.8884502877862838,1
341,2,6,10,0.8240764152975553,247,6,0.9431945538974952,1
369,2,6,10,0.6808328121085606,270,6,0.8884502877862838,1
230,2,6,10,1.08271069883324,202,6,0.8884502877862838,1
351,2,6,10,0.6330849443788957,250,6,0.8884502877862838,1
373,2,6,10,0.5734001097168147,272,6,0.8884502877862838,1
316,2,6,10,0.8240764152975553,291,6,0.8884502877862838,1
329,2,6,11,0.4699463963025407,237,6,0.8884502877862838,1
324,2,6,10,0.1516272781047747,325,6,0.9431945538974952,1
358,2,6,10,0.7882655145003066,244,6,0.9431945538974952,1
440,2,6,10,0.3983245947080434,311,6,0.9431945538974952,1
358,2,6,11,0.6211479774464795,265,6,0.9431945538974952,1
307,2,6,11,0.4062825726629875,245,6,0.8884502877862838,1
261,2,6,11,0.7484756247255858,220,6,0.9431945538974952,1
298,2,6,11,0.3147658261811298,274,6,0.8884502877862838,1
231,2,6,10,0.8041814704101949,248,6,0.8884502877862838,1
258,2,6,10,0.382408638798155,316,6,0.8884502877862838,1
288,2,6,11,0.7643915806354742,250,6,0.8884502877862838,1
298,2,6,10,0.8718242830272201,255,6,0.9431945538974952,1
312,2,6,11,0.963341029509078,201,6,0.9431945538974952,1
366,2,6,11,0.8041814704101949,221,6,0.8884502877862838,1
333,2,6,10,0.6808328121085606,254,6,0.9431945538974952,1
281,2,6,10,0.649000900288784,295,6,0.8884502877862838,1
313,2,6,11,0.593295054604175,266,6,0.9431945538974952,1
279,2,6,10,0.7922445034777786,300,6,0.9431945538974952,1
241,2,6,10,0.7365386577931696,260,6,0.9431945538974952,1
321,2,6,10,0.8519293381398598,232,6,0.9431945538974952,1
320,2,6,10,0.4182195395954037,273,6,0.9431945538974952,1
277,2,6,11,0.8559083271173319,226,6,0.9431945538974952,1
255,2,6,11,0.597274043581647,200,6,0.9431945538974952,1
351,2,6,10,0.4938203301673731,249,6,0.8884502877862838,1
256,2,6,11,0.9514040625766615,200,6,0.9431945538974952,1
192,2,6,10,0.96732001848655,219,6,0.9431945538974952,1
302,2,6,10,0.7962234924552508,255,6,0.9431945538974952,1
328,2,6,11,0.7405176467706417,254,6,0.9431945538974952,1
308,2,6,10,0.6450219113113119,264,6,0.8884502877862838,1
196,2,6,11,0.9514040625766615,172,6,0.8884502877862838,1
413,2,6,11,0.8280554042750273,248,6,0.9431945538974952,1
295,2,6,10,0.8399923712074435,251,6,0.8884502877862838,1
317,2,6,10,0.541568197897038,275,6,0.9431945538974952,1
281,2,6,10,0.5455471868745101,283,6,0.9431945538974952,1
392,2,6,11,0.4062825726629875,267,6,0.9431945538974952,1
286,2,6,10,0.8758032720046922,212,6,0.9431945538974952,1
338,2,6,10,1.0349628311035752,198,6,0.9431945538974952,1
308,2,6,11,0.7723495585904183,230,6,0.9431945538974952,1
301,2,6,11,0.6768538231310886,230,6,0.9431945538974952,1
287,2,6,10,1.019046875193687,180,6,0.8884502877862838,1
262,2,6,10,0.7285806798382255,209,6,0.8884502877862838,1
258,2,6,11,0.9235511397343572,215,6,0.9431945538974952,1
291,2,6,10,0.8200974263200832,256,6,0.8884502877862838,1
274,2,6,10,0.6887907900635047,236,6,0.9431945538974952,1
307,2,6,10,0.8280554042750273,222,6,0.8884502877862838,1
306,2,6,11,0.8439713601849157,247,6,0.8884502877862838,1
384,2,6,10,0.6808328121085606,279,6,0.8884502877862838,1
372,2,6,11,0.167543234014663,312,6,0.8884502877862838,1
205,2,6,10,1.0389418200810472,218,6,0.8884502877862838,1
275,2,6,11,0.6848118010860327,205,6,0.8884502877862838,1
270,2,6,10,1.1463745224727933,164,6,0.8884502877862838,1
284,2,6,10,0.8559083271173319,215,6,0.9431945538974952,1
327,2,6,10,0.7922445034777786,177,6,0.8884502877862838,1
299,2,6,11,0.4500514514151803,277,6,0.8884502877862838,1
311,2,6,10,0.96732001848655,236,6,0.8884502877862838,1
274,2,6,10,0.6768538231310886,243,6,0.8884502877862838,1
333,2,6,11,0.6688958451761444,253,6,0.9431945538974952,1
318,2,6,10,0.6649168561986724,225,6,0.9431945538974952,1
278,2,6,11,1.1026056437206004,175,6,0.9431945538974952,1
333,2,6,11,0.6052320215365912,269,6,0.8884502877862838,1
382,2,6,10,0.3505767269783785,245,6,0.8884502877862838,1
291,2,6,11,0.971299007464022,216,6,0.9431945538974952,1
333,2,6,10,0.597274043581647,229,6,0.8884502877862838,1
351,2,6,11,0.4182195395954037,301,6,0.8884502877862838,1
412,2,6,10,0.3028288592487136,269,6,0.9431945538974952,1
309,2,6,10,0.6768538231310886,250,6,0.9431945538974952,1
297,2,6,10,0.5853370766492308,278,6,0.8884502877862838,1
248,2,6,10,0.8121394483651391,192,6,0.9431945538974952,1
314,2,6,11,0.6927697790409768,200,6,0.8884502877862838,1
289,2,6,10,0.6450219113113119,278,6,0.9431945538974952,1
410,2,6,10,0.2630389694739928,256,6,0.9431945538974952,1
360,2,6,10,0.919572150756885,271,6,0.8884502877862838,1
342,2,6,10,0.4739253852800127,222,6,0.8884502877862838,1
346,2,6,11,0.6330849443788957,246,6,0.9431945538974952,1
304,2,6,11,0.4102615616404595,280,6,0.8884502877862838,1
246,2,6,10,0.5574841538069263,270,6,0.8884502877862838,1
297,2,6,11,0.5137152750547335,274,6,0.9431945538974952,1
331,2,6,10,0.5336102199420939,274,6,0.9431945538974952,1
378,2,6,10,0.5614631427843984,283,6,0.9431945538974952,1
340,2,6,11,0.326702793113546,291,6,0.9431945538974952,1
300,2,6,11,0.6768538231310886,261,6,0.8884502877862838,1
347,2,6,10,0.2908918923162973,280,6,0.8884502877862838,1
359,2,6,10,0.3147658261811298,237,6,0.9431945538974952,1
240,2,6,10,0.9553830515541336,209,6,0.8884502877862838,1
318,2,6,10,0.6410429223338399,226,6,0.8884502877862838,1
370,2,6,11,0.6012530325591191,291,6,0.8884502877862838,1
344,2,6,11,0.6768538231310886,275,6,0.8884502877862838,1
280,2,6,11,0.7365386577931696,215,6,0.9431945538974952,1
249,2,6,10,0.649000900288784,276,6,0.8884502877862838,1
274,2,6,10,1.0866896878107122,181,6,0.8884502877862838,1
307,2,6,10,0.6768538231310886,262,6,0.8884502877862838,1
229,2,6,11,0.5574841538069263,236,6,0.9431945538974952,1
379,2,6,10,0.485862352212429,294,6,0.9431945538974952,1
280,2,6,11,0.9991519303063264,236,6,0.8884502877862838,1
372,2,6,11,0.7166437129058093,255,6,0.9431945538974952,1
378,2,6,11,0.541568197897038,239,6,0.8884502877862838,1
333,2,6,10,0.7285806798382255,287,6,0.8884502877862838,1
288,2,6,10,0.3744506608432109,283,6,0.9431945538974952,1
222,2,6,10,0.6251269664239516,214,6,0.9431945538974952,1
321,2,6,10,0.863866305072276,245,6,0.8884502877862838,1
268,2,6,10,0.752454613703058,239,6,0.9431945538974952,1
311,2,6,11,0.1197953662849981,322,6,0.8884502877862838,1
280,2,6,10,0.8797822609821643,220,6,0.9431945538974952,1
352,2,6,11,0.4221985285728758,233,6,0.8884502877862838,1
277,2,6,11,0.7604125916580021,253,6,0.9431945538974952,1
322,2,6,10,0.5893160656267029,236,6,0.9431945538974952,1
329,2,6,10,0.5893160656267029,233,6,0.9431945538974952,1
248,2,6,10,0.96732001848655,241,6,0.8884502877862838,1
386,2,6,11,0.6291059554014237,256,6,0.9431945538974952,1
340,2,6,10,0.270996947428937,339,6,0.9431945538974952,1
382,2,6,10,0.6450219113113119,214,6,0.9431945538974952,1
315,2,6,10,0.4619884183475966,241,6,0.9431945538974952,1
295,2,6,11,0.270996947428937,288,6,0.8884502877862838,1
278,2,6,11,0.593295054604175,224,6,0.9431945538974952,1
312,2,6,11,0.7246016908607534,241,6,0.8884502877862838,1
264,2,6,10,0.649000900288784,205,6,0.9431945538974952,1
292,2,6,11,0.7365386577931696,230,6,0.9431945538974952,1
248,2,6,10,0.7126647239283372,290,6,0.9431945538974952,1
260,2,6,10,0.8837612499596363,223,6,0.8884502877862838,1
306,2,6,11,1.074752720878296,235,6,0.9431945538974952,1
325,2,6,11,0.2829339143613532,319,6,0.8884502877862838,1
321,2,6,11,0.5455471868745101,272,6,0.8884502877862838,1
265,2,6,11,0.9514040625766615,228,6,0.9431945538974952,1
352,2,6,10,0.4182195395954037,288,6,0.8884502877862838,1
250,2,6,11,0.485862352212429,292,6,0.8884502877862838,1
310,2,6,10,0.6012530325591191,278,6,0.9431945538974952,1
277,2,6,11,0.6967487680184489,225,6,0.9431945538974952,1
369,2,6,10,0.2351860466316883,309,6,0.9431945538974952,1
400,2,6,11,0.2113121127668558,370,6,0.9431945538974952,1
319,2,6,11,0.6569588782437281,222,6,0.8884502877862838,1
393,2,6,10,0.3147658261811298,307,6,0.9431945538974952,1
319,2,6,11,0.7365386577931696,260,6,0.9431945538974952,1
359,2,6,11,0.6609378672212003,264,6,0.9431945538974952,1
319,2,6,11,0.8399923712074435,249,6,0.8884502877862838,1
296,2,6,11,0.8678452940497481,241,6,0.9431945538974952,1
333,2,6,11,0.6211479774464795,229,6,0.9431945538974952,1
410,2,6,10,0.1158163773075261,312,6,0.8884502877862838,1
339,2,6,10,0.7126647239283372,246,6,0.8884502877862838,1
281,2,6,11,0.7643915806354742,206,6,0.8884502877862838,1
283,2,6,11,0.752454613703058,236,6,0.9431945538974952,1
346,2,6,11,0.6052320215365912,252,6,0.9431945538974952,1
293,2,6,10,0.537589208919566,263,6,0.9431945538974952,1
222,2,6,11,0.8996772058695247,230,6,0.8884502877862838,1
426,2,6,11,0.3664926828882667,295,6,0.9431945538974952,1
271,2,6,10,0.6450219113113119,238,6,0.8884502877862838,1
355,2,6,11,0.6211479774464795,249,6,0.9431945538974952,1
253,2,6,11,0.4739253852800127,226,6,0.9431945538974952,1
294,2,6,11,0.537589208919566,253,6,0.8884502877862838,1
323,2,6,11,0.9315091176893012,191,6,0.8884502877862838,1
447,2,6,10,0.5256522419871498,277,6,0.9431945538974952,1
291,2,6,11,0.6211479774464795,251,6,0.8884502877862838,1
238,2,6,11,0.6291059554014237,273,6,0.8884502877862838,1
292,2,6,11,0.5535051648294542,248,6,0.9431945538974952,1
275,2,6,10,0.963341029509078,228,6,0.9431945538974952,1
319,2,6,11,0.9514040625766615,223,6,0.8884502877862838,1
371,2,6,10,0.6688958451761444,250,6,0.8884502877862838,1
345,2,6,10,0.3068078482261857,328,6,0.8884502877862838,1
399,2,6,10,0.7564336026805301,224,6,0.9431945538974952,1
307,2,6,11,0.7803075365453624,221,6,0.9431945538974952,1
268,2,6,11,0.9434460846217176,207,6,0.9431945538974952,1
213,2,6,10,0.863866305072276,197,6,0.8884502877862838,1
267,2,6,11,0.5336102199420939,268,6,0.9431945538974952,1
279,2,6,11,0.7126647239283372,208,6,0.8884502877862838,1
300,2,6,10,0.9593620405316058,228,6,0.9431945538974952,1
362,2,6,11,0.5137152750547335,258,6,0.9431945538974952,1
304,2,6,11,0.4977993191448452,281,6,0.8884502877862838,1
258,2,6,11,0.9235511397343572,211,6,0.9431945538974952,1
132,2,6,11,1.0508787870134637,179,6,0.8884502877862838,1
287,2,6,11,0.8996772058695247,216,6,0.9431945538974952,1
306,2,6,10,0.8161184373426111,234,6,0.9431945538974952,1
339,2,6,10,0.4739253852800127,296,6,0.8884502877862838,1
289,2,6,11,0.6768538231310886,260,6,0.9431945538974952,1
313,2,6,11,0.7882655145003066,247,6,0.9431945538974952,1
315,2,6,11,0.3704716718657388,223,6,0.8884502877862838,1
256,2,6,11,0.7405176467706417,236,6,0.9431945538974952,1
338,2,6,11,0.5574841538069263,263,6,0.9431945538974952,1
366,2,6,10,0.6609378672212003,246,6,0.8884502877862838,1
320,2,6,10,0.5495261758519822,255,6,0.9431945538974952,1
238,2,6,10,0.8559083271173319,227,6,0.8884502877862838,1
213,2,6,10,1.1264795775854328,154,6,0.9431945538974952,1
281,2,6,11,0.7126647239283372,239,6,0.8884502877862838,1
355,2,6,10,0.6012530325591191,268,6,0.9431945538974952,1
326,2,6,10,0.7325596688156976,290,6,0.8884502877862838,1
330,2,6,11,0.5017783081223173,240,6,0.8884502877862838,1
262,2,6,11,0.6728748341536165,229,6,0.8884502877862838,1
291,2,6,10,0.5614631427843984,266,6,0.8884502877862838,1
304,2,6,11,0.6887907900635047,228,6,0.8884502877862838,1
302,2,6,11,0.9036561948469968,186,6,0.9431945538974952,1
287,2,6,11,0.7882655145003066,250,6,0.9431945538974952,1
328,2,6,11,0.3426187490234343,292,6,0.9431945538974952,1
295,2,6,11,0.8320343932524994,228,6,0.9431945538974952,1
275,2,6,11,0.7803075365453624,268,6,0.8884502877862838,1
254,2,6,10,0.859887316094804,248,6,0.9431945538974952,1
294,2,6,11,0.5773790986942867,273,6,0.9431945538974952,1
258,2,6,11,0.7325596688156976,194,6,0.8884502877862838,1
319,2,6,11,0.5734001097168147,308,6,0.9431945538974952,1
223,2,6,11,1.08271069883324,191,6,0.8884502877862838,1
281,2,6,10,0.7842865255228345,178,6,0.9431945538974952,1
181,2,6,10,0.8559083271173319,225,6,0.9431945538974952,1
247,2,6,11,0.919572150756885,181,6,0.8884502877862838,1
280,2,6,11,0.6251269664239516,282,6,0.9431945538974952,1
205,2,6,10,1.08271069883324,189,6,0.9431945538974952,1
334,2,6,10,0.4182195395954037,264,6,0.8884502877862838,1
286,2,6,11,0.5853370766492308,229,6,0.9431945538974952,1
311,2,6,10,0.7405176467706417,239,6,0.9431945538974952,1
306,2,6,10,0.7206227018832814,246,6,0.9431945538974952,1
313,2,6,11,0.7564336026805301,250,6,0.9431945538974952,1
254,2,6,10,0.9434460846217176,205,6,0.8884502877862838,1
338,2,6,10,0.4818833632349569,262,6,0.9431945538974952,1
325,2,6,11,0.3545557159558505,288,6,0.9431945538974952,1
303,2,6,11,0.7325596688156976,258,6,0.9431945538974952,1
270,2,6,10,0.808160459387667,186,6,0.9431945538974952,1
342,2,6,10,0.649000900288784,209,6,0.9431945538974952,1
289,2,6,10,0.3147658261811298,279,6,0.8884502877862838,1
197,2,6,10,0.7086857349508652,216,6,0.8884502877862838,1
394,2,6,11,0.859887316094804,298,6,0.9431945538974952,1
405,2,6,10,0.5694211207393426,258,6,0.8884502877862838,1
295,2,6,10,0.7086857349508652,287,6,0.9431945538974952,1
335,2,6,10,0.6688958451761444,247,6,0.8884502877862838,1
336,2,6,10,0.5694211207393426,222,6,0.9431945538974952,1
269,2,6,10,0.4261775175503479,290,6,0.9431945538974952,1
344,2,6,10,0.963341029509078,236,6,0.9431945538974952,1
343,2,6,10,0.5057572970997893,253,6,0.9431945538974952,1
295,2,6,10,1.023025864171159,202,6,0.8884502877862838,1
353,2,6,10,0.5296312309646218,282,6,0.8884502877862838,1
298,2,6,10,0.5495261758519822,260,6,0.9431945538974952,1
260,2,6,11,0.9593620405316058,201,6,0.8884502877862838,1
297,2,6,10,0.7405176467706417,271,6,0.9431945538974952,1
305,2,6,10,0.7246016908607534,214,6,0.8884502877862838,1
248,2,6,11,0.7405176467706417,216,6,0.9431945538974952,1
287,2,6,10,0.4818833632349569,246,6,0.8884502877862838,1
336,2,6,10,0.5893160656267029,288,6,0.9431945538974952,1
355,2,6,10,0.6370639333563678,251,6,0.9431945538974952,1
251,2,6,11,0.7365386577931696,220,6,0.8884502877862838,1
278,2,6,10,0.8956982168920526,233,6,0.8884502877862838,1
237,2,6,10,0.7484756247255858,224,6,0.9431945538974952,1
286,2,6,11,0.6768538231310886,252,6,0.8884502877862838,1
362,2,6,10,0.6211479774464795,271,6,0.8884502877862838,1
194,2,6,10,1.0349628311035752,204,6,0.9431945538974952,1
304,2,6,11,0.4977993191448452,261,6,0.8884502877862838,1
283,2,6,11,0.597274043581647,283,6,0.8884502877862838,1
269,2,6,10,0.6131899994915354,271,6,0.9431945538974952,1
256,2,6,10,0.5216732530096777,251,6,0.9431945538974952,1
303,2,6,11,0.5773790986942867,291,6,0.8884502877862838,1
303,2,6,10,0.6848118010860327,271,6,0.9431945538974952,1
279,2,6,11,0.4977993191448452,234,6,0.9431945538974952,1
264,2,6,10,0.808160459387667,221,6,0.8884502877862838,1
250,2,6,11,0.9275301287118292,177,6,0.9431945538974952,1
357,2,6,10,0.4420934734602362,281,6,0.9431945538974952,1
327,2,6,10,0.4261775175503479,261,6,0.8884502877862838,1
267,2,6,11,0.9354881066667734,241,6,0.8884502877862838,1
301,2,6,10,0.7126647239283372,232,6,0.9431945538974952,1
284,2,6,11,0.9514040625766615,220,6,0.8884502877862838,1
324,2,6,10,0.3465977380009064,301,6,0.8884502877862838,1
267,2,6,11,0.8877402389371084,216,6,0.8884502877862838,1
340,2,6,11,0.7285806798382255,215,6,0.8884502877862838,1
327,2,6,10,0.5137152750547335,308,6,0.8884502877862838,1
329,2,6,10,0.6052320215365912,262,6,0.9431945538974952,1
200,2,6,11,0.9991519303063264,192,6,0.9431945538974952,1
202,2,6,11,0.8041814704101949,207,6,0.9431945538974952,1
265,2,6,11,0.4938203301673731,211,6,0.8884502877862838,1
321,2,6,11,0.7007277569959209,221,6,0.8884502877862838,1
208,2,6,11,0.5614631427843984,235,6,0.8884502877862838,1
283,2,6,10,0.5137152750547335,266,6,0.9431945538974952,1
321,2,6,10,0.7683705696129463,247,6,0.8884502877862838,1
282,2,6,11,0.7763285475678904,250,6,0.9431945538974952,1
317,2,6,10,0.3744506608432109,281,6,0.9431945538974952,1
273,2,6,11,0.652979889266256,197,6,0.9431945538974952,1
322,2,6,10,0.7444966357481138,185,6,0.9431945538974952,1
213,2,6,11,0.9116141728019408,237,6,0.9431945538974952,1
237,2,6,10,1.007109908261271,227,6,0.9431945538974952,1
306,2,6,11,0.8280554042750273,252,6,0.9431945538974952,1
362,2,6,10,0.5336102199420939,247,6,0.8884502877862838,1
376,2,6,10,0.5216732530096777,242,6,0.9431945538974952,1
365,2,6,10,0.4659674073250686,281,6,0.9431945538974952,1
334,2,6,11,0.6450219113113119,275,6,0.9431945538974952,1
340,2,6,10,0.5574841538069263,270,6,0.9431945538974952,1
390,2,6,10,0.3903666167530992,299,6,0.8884502877862838,1
335,2,6,10,0.9553830515541336,240,6,0.8884502877862838,1
342,2,6,10,0.5216732530096777,282,6,0.9431945538974952,1
298,2,6,10,0.6291059554014237,279,6,0.8884502877862838,1
296,2,6,11,0.5336102199420939,244,6,0.8884502877862838,1
302,2,6,10,0.8678452940497481,234,6,0.8884502877862838,1
340,2,6,11,0.6052320215365912,279,6,0.9431945538974952,1
269,2,6,10,0.7365386577931696,209,6,0.8884502877862838,1
305,2,6,10,0.8161184373426111,221,6,0.9431945538974952,1
272,2,6,11,0.7842865255228345,229,6,0.8884502877862838,1
318,2,6,11,0.7604125916580021,254,6,0.8884502877862838,1
411,2,6,10,0.7047067459733931,283,6,0.8884502877862838,1
275,2,6,11,0.5773790986942867,225,6,0.9431945538974952,1
223,2,6,11,0.7246016908607534,209,6,0.8884502877862838,1
336,2,6,10,0.649000900288784,253,6,0.8884502877862838,1
286,2,6,11,0.9076351838244688,224,6,0.9431945538974952,1
388,2,6,10,0.3187448151586018,320,6,0.8884502877862838,1
313,2,6,10,0.5734001097168147,252,6,0.8884502877862838,1
348,2,6,11,0.5614631427843984,246,6,0.8884502877862838,1
266,2,6,11,0.5734001097168147,237,6,0.8884502877862838,1
314,2,6,10,0.485862352212429,220,6,0.8884502877862838,1
337,2,6,11,0.6370639333563678,278,6,0.9431945538974952,1
359,2,6,11,0.3426187490234343,255,6,0.8884502877862838,1
359,2,6,11,0.6927697790409768,252,6,0.8884502877862838,1
369,2,6,10,0.5256522419871498,295,6,0.9431945538974952,1
269,2,6,11,0.4739253852800127,282,6,0.9431945538974952,1
318,2,6,11,0.7126647239283372,256,6,0.9431945538974952,1
294,2,6,11,0.971299007464022,198,6,0.9431945538974952,1
256,2,6,10,1.0110888972387428,215,6,0.8884502877862838,1
310,2,6,10,0.7047067459733931,264,6,0.8884502877862838,1
201,2,6,11,0.7365386577931696,196,6,0.9431945538974952,1
296,2,6,11,0.6768538231310886,210,6,0.9431945538974952,1
295,2,6,11,1.0866896878107122,179,6,0.8884502877862838,1
324,2,6,11,0.3585347049333226,238,6,0.8884502877862838,1
358,2,6,10,0.4818833632349569,283,6,0.8884502877862838,1
343,2,6,10,0.6609378672212003,267,6,0.9431945538974952,1
243,2,6,11,0.5455471868745101,218,6,0.8884502877862838,1
332,2,6,11,0.7007277569959209,262,6,0.9431945538974952,1
312,2,6,10,0.4898413411899011,269,6,0.9431945538974952,1
402,2,6,10,0.4221985285728758,302,6,0.9431945538974952,1
301,2,6,10,0.752454613703058,240,6,0.9431945538974952,1
266,2,6,10,0.8718242830272201,236,6,0.8884502877862838,1
360,2,6,10,0.4023035836855154,297,6,0.8884502877862838,1
363,2,6,10,0.485862352212429,240,6,0.9431945538974952,1
366,2,6,10,0.6092110105140632,298,6,0.8884502877862838,1
252,2,6,10,0.963341029509078,226,6,0.8884502877862838,1
276,2,6,10,0.4898413411899011,258,6,0.9431945538974952,1
248,2,6,10,0.5574841538069263,271,6,0.9431945538974952,1
293,2,6,11,0.485862352212429,290,6,0.8884502877862838,1
299,2,6,10,0.5137152750547335,278,6,0.8884502877862838,1
308,2,6,10,0.4619884183475966,273,6,0.9431945538974952,1
267,2,6,10,0.915593161779413,232,6,0.8884502877862838,1
287,2,6,10,0.6131899994915354,229,6,0.9431945538974952,1
242,2,6,10,0.7683705696129463,245,6,0.9431945538974952,1
370,2,6,10,0.434135495505292,326,6,0.9431945538974952,1
229,2,6,10,0.7763285475678904,232,6,0.8884502877862838,1
190,2,6,11,1.0429208090585194,199,6,0.9431945538974952,1
297,2,6,11,0.4142405506179316,238,6,0.8884502877862838,1
301,2,6,11,0.8678452940497481,239,6,0.8884502877862838,1
242,2,6,10,0.859887316094804,264,6,0.8884502877862838,1
448,2,6,10,0.1078583993525819,318,6,0.9431945538974952,1
316,2,6,10,0.6092110105140632,287,6,0.8884502877862838,1
321,2,6,11,0.5455471868745101,308,6,0.9431945538974952,1
308,2,6,11,0.6092110105140632,209,6,0.9431945538974952,1
360,2,6,10,0.4062825726629875,300,6,0.8884502877862838,1
298,2,6,11,0.7763285475678904,222,6,0.8884502877862838,1
274,6,6,7,0.3696202779440669,343,8,0.9431945538974952,1
324,2,6,7,0.6202965835248075,378,6,0.8884502877862838,1
393,2,6,7,0.6680444512544724,394,8,0.8884502877862838,1
310,6,6,7,0.910762778880269,356,6,0.9431945538974952,1
383,6,6,7,0.64417051738964,341,8,0.8884502877862838,1
354,6,6,7,0.6521284953445842,361,8,0.8884502877862838,1
359,6,6,7,1.0778803159340962,419,6,0.8884502877862838,1
300,6,6,7,0.8789308670604924,348,8,0.8884502877862838,1
351,6,6,7,0.803330076488523,363,8,0.8884502877862838,1
359,2,6,7,0.7953720985335788,341,6,0.8884502877862838,1
278,6,6,7,0.8192460323984113,330,6,0.8884502877862838,1
249,2,6,7,0.588464671705031,308,8,0.8884502877862838,1
346,6,6,7,0.3139144322594578,337,8,0.8884502877862838,1
209,6,6,7,0.6322335504572237,377,8,0.9431945538974952,1
378,2,6,7,0.9306577237676292,362,6,0.8884502877862838,1
280,6,6,7,0.4889899472682291,318,6,0.8884502877862838,1
250,2,6,7,0.7555822087588581,322,6,0.9431945538974952,1
386,2,6,7,0.9346367127451014,395,8,0.9431945538974952,1
303,2,6,7,0.536737814997894,348,6,0.9431945538974952,1
312,6,6,7,0.8908678339929086,356,8,0.9431945538974952,1
325,6,6,7,0.8669939001280762,325,8,0.9431945538974952,1
291,6,6,7,0.5208218590880057,346,8,0.8884502877862838,1
360,6,6,7,1.233060886055507,395,8,0.9431945538974952,1
291,6,6,7,0.7277292859165536,354,8,0.8884502877862838,1
297,2,6,7,0.751603219781386,372,6,0.9431945538974952,1
266,2,6,7,0.6123386055698634,333,8,0.9431945538974952,1
291,6,6,7,0.9465736796775176,389,6,0.9431945538974952,1
382,2,6,7,0.751603219781386,321,8,0.9431945538974952,1
285,6,6,7,0.8669939001280762,370,6,0.9431945538974952,1
233,2,6,7,0.0950700384984938,325,6,0.8884502877862838,1
396,2,6,7,1.0261534592269592,370,8,0.8884502877862838,1
351,6,6,7,0.910762778880269,352,8,0.8884502877862838,1
266,6,6,7,0.7754771536462185,369,8,0.8884502877862838,1
253,6,6,7,0.5009269142006454,320,6,0.8884502877862838,1
335,6,6,7,0.2781035314622092,350,6,0.8884502877862838,1
358,2,6,7,0.8311829993308275,369,6,0.8884502877862838,1
269,2,6,7,0.3298303881693462,311,8,0.8884502877862838,1
321,6,6,7,0.6362125394346959,312,6,0.9431945538974952,1
313,6,6,7,0.4531790464709804,300,6,0.8884502877862838,1
273,2,6,7,0.751603219781386,351,8,0.8884502877862838,1
281,6,6,7,1.0500273930917916,353,6,0.9431945538974952,1
298,6,6,7,0.7038553520517211,336,6,0.9431945538974952,1
363,6,6,7,0.7874141205786347,368,6,0.8884502877862838,1
330,6,6,7,0.8749518780830203,359,6,0.9431945538974952,1
202,6,6,7,0.5526537709077823,339,6,0.9431945538974952,1
300,6,6,7,1.121649194686289,405,6,0.8884502877862838,1
305,2,6,7,0.8112880544434671,353,8,0.8884502877862838,1
267,6,6,7,0.5248008480654778,299,6,0.8884502877862838,1
266,2,6,7,0.7993510875110509,342,8,0.9431945538974952,1
426,2,6,7,1.1375651505961772,400,8,0.9431945538974952,1
232,6,6,7,0.7197713079616094,337,8,0.9431945538974952,1
388,2,6,7,1.2171449301456188,398,8,0.9431945538974952,1
351,6,6,7,0.8789308670604924,374,6,0.9431945538974952,1
235,6,6,7,0.4810319693132849,306,6,0.9431945538974952,1
259,2,6,7,0.3178934212369299,266,8,0.8884502877862838,1
350,2,6,7,0.5645907378401985,312,8,0.8884502877862838,1
335,2,6,7,0.8868888450154365,357,8,0.8884502877862838,1
282,2,6,7,0.6083596165923914,358,8,0.9431945538974952,1
380,2,6,7,0.7874141205786347,374,8,0.9431945538974952,1
184,6,6,7,0.3059564543045137,278,6,0.8884502877862838,1
273,2,6,7,1.109712227753873,366,6,0.9431945538974952,1
311,2,6,7,0.9266787347901572,338,8,0.8884502877862838,1
329,2,6,7,0.540716803975366,304,8,0.8884502877862838,1
220,6,6,7,0.4372630905610921,294,6,0.8884502877862838,1
249,2,6,7,0.958510646609934,332,6,0.9431945538974952,1
279,2,6,7,0.2621875755523209,327,8,0.8884502877862838,1
346,6,6,7,0.8311829993308275,360,8,0.8884502877862838,1
227,6,6,7,0.3298303881693462,312,6,0.8884502877862838,1
316,2,6,7,1.0778803159340962,380,8,0.8884502877862838,1
289,6,6,7,0.536737814997894,330,8,0.8884502877862838,1
290,6,6,7,0.6282545614797517,351,8,0.9431945538974952,1
323,6,6,7,0.5049059031781175,342,8,0.9431945538974952,1
287,6,6,7,0.5526537709077823,329,8,0.9431945538974952,1
372,6,6,7,0.8112880544434671,349,8,0.8884502877862838,1
397,6,6,7,0.7675191756912743,367,8,0.8884502877862838,1
324,6,6,7,0.8510779442181878,343,6,0.8884502877862838,1
278,2,6,7,0.803330076488523,334,6,0.8884502877862838,1
390,2,6,7,0.6879393961418329,390,8,0.8884502877862838,1
382,6,6,7,0.9505526686549896,376,6,0.8884502877862838,1
334,6,6,7,0.695897374096777,338,6,0.8884502877862838,1
229,6,6,7,0.6242755725022796,308,8,0.9431945538974952,1
280,2,6,7,0.958510646609934,350,6,0.8884502877862838,1
357,6,6,7,0.6282545614797517,332,6,0.9431945538974952,1
297,2,6,7,0.4412420795385642,304,8,0.9431945538974952,1
274,6,6,7,0.4452210685160363,337,8,0.8884502877862838,1
317,2,6,7,0.9545316576324616,333,8,0.9431945538974952,1
323,6,6,7,0.7277292859165536,317,8,0.8884502877862838,1
416,6,6,7,1.125628183663761,400,8,0.8884502877862838,1
289,2,6,7,1.0341114371819031,352,6,0.9431945538974952,1
340,6,6,7,1.1972499852582583,403,8,0.8884502877862838,1
314,6,6,7,1.3325356104923087,408,8,0.9431945538974952,1
268,2,6,7,1.0181954812720149,354,8,0.9431945538974952,1
408,6,6,7,0.958510646609934,391,8,0.8884502877862838,1
320,2,6,7,0.8908678339929086,350,6,0.8884502877862838,1
328,6,6,7,1.0579853710467355,395,8,0.8884502877862838,1
303,2,6,7,0.6163175945473355,368,8,0.9431945538974952,1
412,6,6,7,0.8669939001280762,377,6,0.9431945538974952,1
294,2,6,7,0.2343346527100163,315,6,0.9431945538974952,1
396,2,6,7,0.9386157017225736,377,6,0.8884502877862838,1
278,2,6,7,0.6521284953445842,316,8,0.8884502877862838,1
321,2,6,7,0.7993510875110509,336,8,0.9431945538974952,1
248,6,6,7,0.2263766747550722,316,8,0.9431945538974952,1
373,6,6,7,1.0540063820692636,378,8,0.8884502877862838,1
253,6,6,7,0.429305112606148,332,8,0.9431945538974952,1
271,2,6,7,0.4929689362457012,340,8,0.9431945538974952,1
347,6,6,7,0.4133891566962597,341,6,0.9431945538974952,1
329,2,6,7,1.0699223379791518,392,6,0.9431945538974952,1
221,2,6,7,0.4253261236286759,298,6,0.8884502877862838,1
264,6,6,7,0.6879393961418329,389,8,0.8884502877862838,1
278,6,6,7,0.8709728891055483,421,6,0.8884502877862838,1
378,2,6,7,0.9744266025198222,351,8,0.9431945538974952,1
332,6,6,7,0.9028048009253248,317,6,0.8884502877862838,1
273,6,6,7,0.9983005363846544,361,8,0.8884502877862838,1
300,6,6,7,0.5208218590880057,336,6,0.9431945538974952,1
292,6,6,7,0.7595611977363301,347,8,0.8884502877862838,1
366,6,6,7,0.4571580354484525,307,6,0.9431945538974952,1
305,2,6,7,0.8192460323984113,348,8,0.9431945538974952,1
319,2,6,7,0.7555822087588581,356,6,0.8884502877862838,1
318,2,6,7,0.5645907378401985,323,6,0.8884502877862838,1
398,6,6,7,0.9067837899027968,389,6,0.9431945538974952,1
333,6,6,7,0.5805066937500868,335,8,0.9431945538974952,1
369,6,6,7,0.8829098560379645,377,6,0.8884502877862838,1
308,2,6,7,0.6799814181868887,381,6,0.8884502877862838,1
313,6,6,7,0.5685697268176706,323,6,0.9431945538974952,1
339,2,6,7,0.7953720985335788,362,6,0.9431945538974952,1
358,2,6,7,0.6163175945473355,390,6,0.9431945538974952,1
357,2,6,7,0.540716803975366,289,8,0.9431945538974952,1
273,6,6,7,1.0341114371819031,356,8,0.9431945538974952,1
288,2,6,7,0.863014911150604,342,8,0.9431945538974952,1
302,2,6,7,0.8431199662632437,387,8,0.8884502877862838,1
269,2,6,7,0.7277292859165536,338,8,0.8884502877862838,1
283,6,6,7,0.8391409772857716,366,8,0.8884502877862838,1
255,6,6,7,0.6083596165923914,331,8,0.9431945538974952,1
171,2,6,7,0.6839604071643608,308,8,0.9431945538974952,1
275,2,6,7,0.5964226496599752,301,6,0.9431945538974952,1
287,6,6,7,0.6919183851193049,354,8,0.9431945538974952,1
250,2,6,7,0.695897374096777,341,6,0.9431945538974952,1
238,6,6,7,0.4014521897638435,291,8,0.9431945538974952,1
305,6,6,7,0.6242755725022796,355,8,0.8884502877862838,1
296,2,6,7,0.7754771536462185,377,6,0.8884502877862838,1
273,2,6,7,0.6282545614797517,344,8,0.9431945538974952,1
316,2,6,7,0.6799814181868887,335,8,0.8884502877862838,1
298,6,6,7,0.6481495063671121,337,8,0.8884502877862838,1
306,2,6,7,0.8152670434209391,345,8,0.8884502877862838,1
199,2,6,7,0.1706708290704632,266,6,0.9431945538974952,1
275,2,6,7,0.64417051738964,365,8,0.8884502877862838,1
220,6,6,7,0.0194692479265244,300,6,0.9431945538974952,1
390,6,6,7,1.0540063820692636,361,6,0.9431945538974952,1
328,6,6,7,1.0579853710467355,383,8,0.8884502877862838,1
243,2,6,7,0.3656412889665948,315,6,0.8884502877862838,1
257,6,6,7,0.6083596165923914,371,6,0.9431945538974952,1
269,2,6,7,1.0022795253621266,413,6,0.8884502877862838,1
373,2,6,7,0.7913931095561068,380,8,0.8884502877862838,1
419,2,6,7,1.396199434131862,446,6,0.8884502877862838,1
332,2,6,7,0.8192460323984113,377,6,0.9431945538974952,1
305,6,6,7,1.0858382938890403,396,6,0.8884502877862838,1
281,2,6,7,0.7277292859165536,333,8,0.9431945538974952,1
347,6,6,7,0.803330076488523,422,8,0.8884502877862838,1
196,2,6,7,0.2860615094171533,286,8,0.8884502877862838,1
266,2,6,7,0.9386157017225736,372,8,0.8884502877862838,1
267,2,6,7,0.1388389172506866,285,6,0.9431945538974952,1
358,2,6,7,0.863014911150604,353,8,0.9431945538974952,1
298,6,6,7,0.6879393961418329,367,8,0.9431945538974952,1
302,6,6,7,0.958510646609934,345,8,0.8884502877862838,1
355,6,6,7,0.7913931095561068,377,6,0.9431945538974952,1
418,2,6,7,1.4160943790192224,392,6,0.9431945538974952,1
269,6,6,7,0.7555822087588581,350,8,0.9431945538974952,1
389,6,6,7,0.8550569331956599,378,8,0.8884502877862838,1
305,2,6,7,0.6242755725022796,390,6,0.9431945538974952,1
365,6,6,7,0.695897374096777,327,8,0.9431945538974952,1
200,6,6,7,0.3178934212369299,340,8,0.8884502877862838,1
292,6,6,7,0.7237502969390814,342,8,0.9431945538974952,1
311,2,6,7,0.5526537709077823,304,6,0.9431945538974952,1
337,2,6,7,0.9187207568352131,351,6,0.8884502877862838,1
316,2,6,7,0.6043806276149193,376,8,0.9431945538974952,1
308,2,6,7,0.8789308670604924,328,6,0.9431945538974952,1
304,6,6,7,0.7356872638714977,322,8,0.9431945538974952,1
371,6,6,7,0.8709728891055483,371,6,0.8884502877862838,1
222,2,6,7,0.4332841015836201,262,6,0.8884502877862838,1
357,6,6,7,1.0460484041143194,378,6,0.9431945538974952,1
328,6,6,7,1.1017542497989286,376,6,0.8884502877862838,1
322,2,6,7,1.0301324482044312,405,8,0.9431945538974952,1
260,2,6,7,0.1158163773075261,288,8,0.8884502877862838,1
206,6,6,7,0.7476242308039139,346,6,0.8884502877862838,1
339,6,6,7,0.7197713079616094,328,8,0.9431945538974952,1
323,6,6,7,0.64417051738964,377,8,0.8884502877862838,1
333,6,6,7,0.8510779442181878,351,8,0.9431945538974952,1
250,2,6,7,0.8868888450154365,330,8,0.8884502877862838,1
249,2,6,7,0.377578255899011,321,8,0.9431945538974952,1
240,2,6,7,0.7396662528489698,307,8,0.8884502877862838,1
273,6,6,7,0.8948468229703807,371,8,0.8884502877862838,1
332,6,6,7,0.4014521897638435,344,6,0.9431945538974952,1
303,2,6,7,0.4173681456737318,310,6,0.9431945538974952,1
313,6,6,7,0.7714981646687463,358,8,0.9431945538974952,1
318,6,6,7,0.9306577237676292,358,6,0.9431945538974952,1
286,6,6,7,0.2900404983946254,303,6,0.8884502877862838,1
245,2,6,7,0.4969479252231732,315,6,0.9431945538974952,1
311,2,6,7,0.958510646609934,351,6,0.9431945538974952,1
327,6,6,7,1.022174470249487,357,6,0.8884502877862838,1
289,2,6,7,1.244997852987923,424,8,0.8884502877862838,1
340,2,6,7,1.109712227753873,404,6,0.9431945538974952,1
287,6,6,7,0.7277292859165536,334,6,0.8884502877862838,1
384,2,6,7,1.2489768419653953,435,8,0.9431945538974952,1
339,6,6,7,0.966468624564878,375,8,0.8884502877862838,1
283,6,6,7,0.7157923189841373,336,6,0.9431945538974952,1
309,2,6,7,0.9943215474071824,369,6,0.8884502877862838,1
311,2,6,7,0.9067837899027968,347,6,0.9431945538974952,1
346,6,6,7,0.7913931095561068,351,6,0.9431945538974952,1
319,2,6,7,0.7078343410291932,330,6,0.9431945538974952,1
292,2,6,7,0.2781035314622092,322,8,0.9431945538974952,1
414,6,6,7,0.8669939001280762,364,6,0.8884502877862838,1
353,2,6,7,1.0022795253621266,368,6,0.8884502877862838,1
236,6,6,7,0.7794561426236906,285,6,0.9431945538974952,1
264,2,6,7,0.3059564543045137,313,8,0.8884502877862838,1
314,6,6,7,0.695897374096777,360,6,0.8884502877862838,1
246,6,6,7,0.2621875755523209,291,8,0.9431945538974952,1
289,2,6,7,0.8470989552407158,337,8,0.9431945538974952,1
278,2,6,7,0.6004016386374472,364,6,0.8884502877862838,1
320,2,6,7,0.5765277047726147,291,6,0.8884502877862838,1
240,6,6,7,0.4969479252231732,345,6,0.8884502877862838,1
377,2,6,7,0.3377883661242903,329,6,0.8884502877862838,1
296,6,6,7,0.7953720985335788,333,8,0.9431945538974952,1
369,2,6,7,0.7913931095561068,324,8,0.9431945538974952,1
270,6,6,7,0.7675191756912743,307,6,0.9431945538974952,1
305,2,6,7,0.8391409772857716,327,6,0.9431945538974952,1
364,6,6,7,0.7754771536462185,356,8,0.8884502877862838,1
291,2,6,7,0.6839604071643608,311,8,0.9431945538974952,1
206,6,6,7,0.8311829993308275,350,6,0.9431945538974952,1
276,2,6,7,0.4929689362457012,348,8,0.9431945538974952,1
317,6,6,7,0.4810319693132849,317,6,0.9431945538974952,1
279,6,6,7,0.1030280164534379,302,8,0.9431945538974952,1
284,2,6,7,0.588464671705031,329,6,0.8884502877862838,1
274,6,6,7,0.7953720985335788,329,8,0.9431945538974952,1
294,2,6,7,0.699876363074249,363,8,0.9431945538974952,1
349,2,6,7,0.4412420795385642,303,8,0.9431945538974952,1
332,2,6,7,1.0579853710467355,385,8,0.9431945538974952,1
323,6,6,7,0.7436452418264419,374,8,0.9431945538974952,1
302,2,6,7,0.7118133300066652,368,8,0.9431945538974952,1
269,2,6,7,0.8709728891055483,335,6,0.9431945538974952,1
284,6,6,7,0.4730739913583408,318,8,0.8884502877862838,1
239,2,6,7,0.2025027408902398,281,8,0.9431945538974952,1
312,2,6,7,0.9903425584297104,360,6,0.9431945538974952,1
289,6,6,7,0.966468624564878,393,6,0.9431945538974952,1
332,6,6,7,0.7157923189841373,358,6,0.9431945538974952,1
380,6,6,7,1.0540063820692636,366,6,0.9431945538974952,1
357,6,6,7,0.6561074843220562,348,6,0.8884502877862838,1
345,2,6,7,0.9983005363846544,370,8,0.8884502877862838,1
303,6,6,7,0.6640654622770004,377,8,0.8884502877862838,1
293,2,6,7,0.4253261236286759,303,8,0.8884502877862838,1
296,2,6,7,0.7157923189841373,355,6,0.8884502877862838,1
324,2,6,7,0.6919183851193049,372,6,0.8884502877862838,1
309,6,6,7,0.4571580354484525,312,8,0.9431945538974952,1
321,2,6,7,1.0540063820692636,394,6,0.9431945538974952,1
395,2,6,7,0.8908678339929086,382,6,0.9431945538974952,1
259,2,6,7,0.2741245424847371,297,8,0.8884502877862838,1
325,6,6,7,0.8431199662632437,347,8,0.8884502877862838,1
332,2,6,7,0.5168428701105336,324,8,0.8884502877862838,1
302,2,6,7,0.4412420795385642,326,8,0.8884502877862838,1
362,6,6,7,1.0898172828665122,352,6,0.8884502877862838,1
337,6,6,7,0.4770529803358129,350,6,0.8884502877862838,1
228,2,6,7,0.859035922173132,349,8,0.8884502877862838,1
267,6,6,7,0.6123386055698634,351,8,0.9431945538974952,1
376,6,6,7,1.29672470969506,412,8,0.9431945538974952,1
201,6,6,7,0.6680444512544724,355,6,0.9431945538974952,1
345,2,6,7,1.3245776325373646,452,8,0.8884502877862838,1
259,6,6,7,0.4571580354484525,314,6,0.9431945538974952,1
284,6,6,7,0.7436452418264419,332,6,0.8884502877862838,1
337,6,6,7,0.9425946907000456,333,6,0.9431945538974952,1
333,2,6,7,1.1296071726412331,396,6,0.8884502877862838,1
331,2,6,7,0.6242755725022796,364,6,0.8884502877862838,1
256,2,6,7,0.64417051738964,297,6,0.8884502877862838,1
225,2,6,7,0.4372630905610921,311,8,0.9431945538974952,1
344,6,6,7,1.0500273930917916,375,8,0.8884502877862838,1
268,2,6,7,0.7078343410291932,379,6,0.8884502877862838,1
249,6,6,7,0.5805066937500868,356,8,0.8884502877862838,1
190,6,6,7,0.5208218590880057,326,8,0.8884502877862838,1
282,2,6,7,1.0778803159340962,356,8,0.9431945538974952,1
300,6,6,7,0.2781035314622092,290,6,0.9431945538974952,1
246,6,6,7,0.5725487157951427,349,6,0.8884502877862838,1
238,2,6,7,0.373599266921539,311,6,0.9431945538974952,1
310,6,6,7,0.2940194873720975,273,8,0.9431945538974952,1
398,6,6,7,0.9187207568352131,344,6,0.9431945538974952,1
290,2,6,7,0.5486747819303103,335,6,0.9431945538974952,1
395,6,6,7,0.9147417678577412,309,8,0.8884502877862838,1
254,2,6,7,0.5446957929528382,300,6,0.8884502877862838,1
266,2,6,7,0.6760024292094166,358,8,0.8884502877862838,1
294,2,6,7,0.9505526686549896,365,6,0.8884502877862838,1
360,6,6,7,0.8789308670604924,380,8,0.9431945538974952,1
195,6,6,7,0.3815572448764831,319,8,0.9431945538974952,1
219,6,6,7,0.6004016386374472,342,8,0.8884502877862838,1
371,6,6,7,0.9903425584297104,382,8,0.9431945538974952,1
304,6,6,7,0.4889899472682291,336,8,0.9431945538974952,1
211,6,6,7,0.6202965835248075,299,8,0.9431945538974952,1
270,2,6,7,0.9028048009253248,339,6,0.9431945538974952,1
386,2,6,7,0.8550569331956599,352,6,0.9431945538974952,1
215,2,6,7,0.9744266025198222,338,6,0.9431945538974952,1
367,2,6,7,0.6839604071643608,374,6,0.8884502877862838,1
313,2,6,7,1.0341114371819031,430,8,0.9431945538974952,1
257,2,6,7,0.7237502969390814,343,8,0.9431945538974952,1
319,6,6,7,0.8789308670604924,343,8,0.9431945538974952,1
302,6,6,7,0.4810319693132849,338,8,0.9431945538974952,1
190,6,6,7,0.7078343410291932,319,8,0.9431945538974952,1
187,2,6,7,0.4054311787413155,338,6,0.8884502877862838,1
278,2,6,7,0.4173681456737318,319,6,0.9431945538974952,1
378,6,6,7,1.4877161806137198,444,6,0.9431945538974952,1
237,6,6,7,0.7555822087588581,375,8,0.8884502877862838,1
195,6,6,7,0.1507758841831028,270,6,0.8884502877862838,1
371,6,6,7,0.7277292859165536,333,8,0.9431945538974952,1
348,2,6,7,0.9067837899027968,383,6,0.8884502877862838,1
324,6,6,7,0.6879393961418329,342,8,0.9431945538974952,1
263,6,6,7,0.2979984763495695,270,8,0.9431945538974952,1
296,6,6,7,0.3576833110116507,292,6,0.8884502877862838,1
383,2,6,7,1.0778803159340962,365,8,0.9431945538974952,1
441,2,6,7,0.8351619883082996,381,8,0.8884502877862838,1
314,2,6,7,0.8311829993308275,386,6,0.9431945538974952,1
230,6,6,7,0.5327588260204219,317,6,0.9431945538974952,1
219,6,6,7,0.5168428701105336,332,6,0.8884502877862838,1
267,6,6,7,1.1574600954835377,369,6,0.9431945538974952,1
318,6,6,7,0.6680444512544724,347,6,0.8884502877862838,1
351,2,6,7,0.8868888450154365,394,8,0.8884502877862838,1
367,2,6,7,0.751603219781386,344,6,0.8884502877862838,1
252,2,6,7,0.695897374096777,354,6,0.8884502877862838,1
270,2,6,7,1.0937962718439844,334,6,0.9431945538974952,1
349,2,6,7,0.8152670434209391,360,6,0.9431945538974952,1
403,6,6,7,0.8908678339929086,363,8,0.8884502877862838,1
300,2,6,7,0.5805066937500868,343,6,0.9431945538974952,1
291,2,6,7,0.8232250213758834,330,8,0.9431945538974952,1
373,6,6,7,1.4200733679966944,369,8,0.9431945538974952,1
245,6,6,7,0.4889899472682291,303,8,0.8884502877862838,1
257,2,6,7,0.0791540825886055,279,8,0.8884502877862838,1
294,6,6,7,0.4571580354484525,361,6,0.8884502877862838,1
297,2,6,7,0.3497253330567065,276,8,0.8884502877862838,1
341,2,6,7,0.7834351316011626,321,6,0.8884502877862838,1
250,2,6,7,0.7913931095561068,357,8,0.9431945538974952,1
310,6,6,7,0.7675191756912743,345,8,0.8884502877862838,1
284,2,6,7,0.4850109582907571,394,8,0.9431945538974952,1
404,2,6,7,0.6839604071643608,333,8,0.9431945538974952,1
295,6,6,7,0.751603219781386,375,8,0.9431945538974952,1
286,2,6,7,1.0898172828665122,416,6,0.9431945538974952,1
304,6,6,7,0.4929689362457012,345,6,0.8884502877862838,1
290,6,6,7,0.4889899472682291,359,8,0.8884502877862838,1
378,6,6,7,0.5924436606825031,345,6,0.9431945538974952,1
296,6,6,7,0.6043806276149193,309,8,0.8884502877862838,1
302,6,6,7,0.5606117488627265,292,6,0.9431945538974952,1
291,2,6,7,0.6163175945473355,341,8,0.9431945538974952,1
256,2,6,7,0.4929689362457012,302,6,0.9431945538974952,1
341,2,6,7,0.5606117488627265,363,8,0.8884502877862838,1
414,2,6,7,1.2529558309428672,426,8,0.9431945538974952,1
269,2,6,7,0.7356872638714977,339,8,0.9431945538974952,1
392,2,6,7,1.4081364010642785,409,6,0.8884502877862838,1
259,2,6,7,0.2820825204396813,309,8,0.8884502877862838,1
427,6,6,7,1.666770684599963,409,6,0.9431945538974952,1
302,2,6,7,1.022174470249487,354,6,0.8884502877862838,1
561,6,6,10,0.5765277047726147,950,6,0.9431945538974952,0
488,6,6,10,0.0274272258814685,893,6,1.804272708628173,0
643,6,6,10,0.6362125394346959,1071,6,1.804272708628173,0
566,6,6,10,0.1269019503182704,761,6,1.804272708628173,0
632,2,6,10,0.1746498180479352,959,6,0.9431945538974952,0
544,6,6,10,0.3974732007863714,917,6,0.9431945538974952,0
537,6,6,10,0.4173681456737318,924,6,1.804272708628173,0
471,2,6,10,0.1109859944083821,894,6,0.9431945538974952,0
589,2,6,10,0.6242755725022796,1046,6,1.804272708628173,0
574,2,6,10,0.5486747819303103,1108,6,1.804272708628173,0
529,2,6,10,0.1666918400929911,874,6,1.804272708628173,0
582,6,6,10,0.0592591377012451,830,6,0.9431945538974952,0
604,2,6,10,0.4412420795385642,980,6,0.9431945538974952,0
618,2,6,10,0.7317082748940257,997,6,0.9431945538974952,0
524,6,6,10,0.1467968952056307,871,6,1.804272708628173,0
433,6,6,10,0.214439707822656,862,6,1.804272708628173,0
516,6,6,10,0.0910910495210217,834,6,0.9431945538974952,0
446,6,6,10,0.1945447629352956,939,6,1.804272708628173,0
475,6,6,10,0.1826077960028794,963,6,0.9431945538974952,0
655,2,6,10,0.3656412889665948,981,6,0.9431945538974952,0
560,6,6,10,0.6004016386374472,1017,6,0.9431945538974952,0
544,6,6,10,0.1237743552624702,803,6,0.9431945538974952,0
528,6,6,10,0.0632381266787172,857,6,1.804272708628173,0
469,2,6,10,0.1308809392957424,842,6,0.9431945538974952,0
609,6,6,10,0.4571580354484525,998,6,0.9431945538974952,0
445,2,6,10,0.3338093771468182,1005,6,1.804272708628173,0
557,2,6,10,0.1905657739578236,892,6,0.9431945538974952,0
588,2,6,10,0.2025027408902398,931,6,1.804272708628173,0
570,2,6,10,0.5088848921555895,1029,6,1.804272708628173,0
434,6,6,10,0.0950700384984938,867,6,1.804272708628173,0
508,6,6,10,0.2272280686767442,746,6,0.9431945538974952,0
398,2,6,10,0.0990490274759658,869,6,0.9431945538974952,0
491,6,6,10,0.3019774653270416,879,6,1.804272708628173,0
505,6,6,10,0.3338093771468182,930,6,0.9431945538974952,0
594,6,6,10,0.2343346527100163,978,6,0.9431945538974952,0
641,6,6,10,0.2820825204396813,846,6,1.804272708628173,0
634,2,6,10,0.7317082748940257,1042,6,1.804272708628173,0
458,6,6,10,0.1428179062281586,919,6,0.9431945538974952,0
664,2,6,10,0.6322335504572237,1010,6,1.804272708628173,0
559,2,6,10,0.060110531622917,779,6,0.9431945538974952,0
541,2,6,10,0.4253261236286759,1075,6,1.804272708628173,0
478,2,6,10,0.5248008480654778,1012,6,1.804272708628173,0
492,6,6,10,0.0831330715660775,846,6,0.9431945538974952,0
479,6,6,10,0.3537043220341786,1002,6,0.9431945538974952,0
613,6,6,10,0.158733862138047,995,6,0.9431945538974952,0
512,6,6,10,0.2979984763495695,910,6,1.804272708628173,0
579,2,6,10,0.2343346527100163,953,6,0.9431945538974952,0
596,2,6,10,0.2542295975973768,937,6,1.804272708628173,0
533,6,6,10,0.4173681456737318,916,6,0.9431945538974952,0
703,6,6,10,0.6362125394346959,1048,6,0.9431945538974952,0
436,6,6,10,0.0353852038364127,796,6,1.804272708628173,0
663,2,6,10,0.6879393961418329,1201,6,0.9431945538974952,0
551,6,6,10,0.2422926306649605,985,6,1.804272708628173,0
584,6,6,10,0.2462716196424326,936,6,0.9431945538974952,0
382,2,6,10,0.111837388330054,792,6,0.9431945538974952,0
609,2,6,10,0.3537043220341786,1070,6,0.9431945538974952,0
480,2,6,10,0.0473221707688289,948,6,1.804272708628173,0
551,2,6,10,0.3377883661242903,936,6,1.804272708628173,0
793,2,6,10,0.4730739913583408,983,6,0.9431945538974952,0
406,6,6,10,0.2542295975973768,989,6,0.9431945538974952,0
360,6,6,10,0.4779043742574848,856,6,1.804272708628173,0
631,2,6,10,0.5765277047726147,1024,6,1.804272708628173,0
566,6,6,10,0.10700700543091,925,6,0.9431945538974952,0
522,2,6,10,0.2104607188451839,998,6,1.804272708628173,0
582,6,6,10,0.7714981646687463,1039,6,0.9431945538974952,0
597,2,6,10,0.3576833110116507,925,6,0.9431945538974952,0
460,6,6,10,0.3139144322594578,912,6,1.804272708628173,0
596,2,6,10,0.7317082748940257,1033,6,0.9431945538974952,0
389,2,6,10,0.1874381789020234,871,6,0.9431945538974952,0
613,6,6,10,0.4770529803358129,1033,6,0.9431945538974952,0
672,2,6,10,0.6600864732995283,1105,6,1.804272708628173,0
560,6,6,10,0.695897374096777,1013,6,0.9431945538974952,0
462,2,6,10,0.1595852560597189,795,6,0.9431945538974952,0
574,6,6,10,0.10700700543091,810,6,0.9431945538974952,0
643,6,6,10,0.5128638811330616,1043,6,0.9431945538974952,0
662,2,6,10,0.4213471346512039,932,6,1.804272708628173,0
559,2,6,10,0.0513011597463009,903,6,1.804272708628173,0
466,6,6,10,0.0322576087806125,854,6,0.9431945538974952,0
616,2,6,10,0.158733862138047,851,6,1.804272708628173,0
472,2,6,10,0.7277292859165536,1051,6,1.804272708628173,0
508,6,6,10,0.266166564529793,991,6,1.804272708628173,0
662,6,6,10,0.3457463440792345,962,6,0.9431945538974952,0
574,6,6,10,0.8152670434209391,999,6,1.804272708628173,0
569,2,6,10,0.803330076488523,1070,6,0.9431945538974952,0
488,2,6,10,0.0791540825886055,902,6,1.804272708628173,0
567,6,6,10,0.3338093771468182,959,6,0.9431945538974952,0
411,6,6,10,0.3306817820910181,695,6,0.9431945538974952,0
462,6,6,10,0.1945447629352956,891,6,0.9431945538974952,0
519,6,6,10,0.3585347049333226,675,6,0.9431945538974952,0
531,6,6,10,0.158733862138047,1027,6,1.804272708628173,0
526,2,6,10,0.3457463440792345,932,6,1.804272708628173,0
410,2,6,10,0.2900404983946254,786,6,1.804272708628173,0
540,2,6,10,0.3616622999891227,879,6,0.9431945538974952,0
376,6,6,10,0.0720474985553333,850,6,0.9431945538974952,0
419,2,6,10,0.0242996308256684,836,6,1.804272708628173,0
572,6,6,10,0.2582085865748488,1049,6,1.804272708628173,0
584,6,6,10,0.2064817298677118,971,6,1.804272708628173,0
651,2,6,10,0.97044761354235,994,6,0.9431945538974952,0
567,2,6,10,0.2184186968001281,935,6,1.804272708628173,0
465,2,6,10,0.004404685938308,771,6,0.9431945538974952,0
639,2,6,10,0.3417673551017623,1000,6,0.9431945538974952,0
540,2,6,10,0.2383136416874884,895,6,1.804272708628173,0
584,6,6,10,0.0441945757130287,900,6,0.9431945538974952,0
596,2,6,10,0.7754771536462185,943,6,0.9431945538974952,0
472,6,6,10,0.0760264875328053,876,6,0.9431945538974952,0
701,6,6,10,0.7635401867138022,1026,6,0.9431945538974952,0
584,2,6,10,0.3934942118088994,1004,6,1.804272708628173,0
466,2,6,10,0.2025027408902398,827,6,1.804272708628173,0
466,6,6,10,0.0720474985553333,835,6,1.804272708628173,0
511,6,6,10,0.1985237519127677,1008,6,0.9431945538974952,0
542,6,6,10,0.2542295975973768,1020,6,0.9431945538974952,0
604,6,6,10,0.377578255899011,988,6,0.9431945538974952,0
589,6,6,10,0.7078343410291932,1091,6,1.804272708628173,0
610,6,6,10,0.5446957929528382,1050,6,0.9431945538974952,0
486,2,6,10,0.10700700543091,936,6,0.9431945538974952,0
431,2,6,10,0.2343346527100163,966,6,1.804272708628173,0
545,2,6,10,0.3457463440792345,990,6,1.804272708628173,0
408,2,6,10,0.2462716196424326,868,6,1.804272708628173,0
551,6,6,10,0.373599266921539,989,6,1.804272708628173,0
563,2,6,10,0.3258513991918741,1000,6,1.804272708628173,0
506,6,6,10,0.1746498180479352,872,6,1.804272708628173,0
505,2,6,10,0.0910910495210217,839,6,0.9431945538974952,0
666,2,6,10,0.3576833110116507,999,6,1.804272708628173,0
644,6,6,10,0.3934942118088994,940,6,0.9431945538974952,0
624,2,6,10,0.5248008480654778,1074,6,0.9431945538974952,0
528,6,6,10,0.4412420795385642,841,6,1.804272708628173,0
554,6,6,10,0.2940194873720975,948,6,1.804272708628173,0
526,2,6,10,0.3696202779440669,870,6,1.804272708628173,0
386,2,6,10,0.1945447629352956,896,6,1.804272708628173,0
605,2,6,10,0.7476242308039139,1081,6,0.9431945538974952,0
557,6,6,10,0.2104607188451839,965,6,1.804272708628173,0
691,6,6,10,0.8510779442181878,1079,6,0.9431945538974952,0
444,2,6,10,0.4580094293701244,675,6,0.9431945538974952,0
669,2,6,10,0.3974732007863714,939,6,0.9431945538974952,0
618,2,6,10,0.4730739913583408,993,6,1.804272708628173,0
645,6,6,10,0.0990490274759658,840,6,0.9431945538974952,0
515,6,6,10,0.1030280164534379,879,6,0.9431945538974952,0
579,2,6,10,0.3338093771468182,947,6,1.804272708628173,0
610,6,6,10,0.2343346527100163,920,6,1.804272708628173,0
614,2,6,10,0.2383136416874884,929,6,1.804272708628173,0
564,6,6,10,0.2741245424847371,956,6,1.804272708628173,0
583,6,6,10,0.0203206418481963,1089,6,1.804272708628173,0
619,6,6,10,0.3895152228314272,939,6,0.9431945538974952,0
626,6,6,10,0.4730739913583408,996,6,0.9431945538974952,0
557,6,6,10,0.2542295975973768,938,6,0.9431945538974952,0
397,6,6,10,0.0123626638932521,812,6,1.804272708628173,0
599,6,6,10,0.4492000574935084,946,6,0.9431945538974952,0
547,6,6,10,0.2223976857776001,807,6,0.9431945538974952,0
569,2,6,10,0.3855362338539552,952,6,1.804272708628173,0
680,2,6,10,0.4133891566962597,958,6,0.9431945538974952,0
575,6,6,10,0.1229229613407983,776,6,0.9431945538974952,0
654,6,6,10,0.807309065465995,1094,6,1.804272708628173,0
456,2,6,10,0.0521525536679729,881,6,0.9431945538974952,0
561,6,6,10,0.1348599282732145,992,6,0.9431945538974952,0
513,6,6,10,0.0441945757130287,875,6,1.804272708628173,0
625,6,6,10,0.6919183851193049,1171,6,0.9431945538974952,0
566,6,6,10,0.3656412889665948,986,6,0.9431945538974952,0
457,2,6,10,0.588464671705031,987,6,1.804272708628173,0
542,2,6,10,0.0680685095778612,859,6,0.9431945538974952,0
511,2,6,10,0.5606117488627265,965,6,0.9431945538974952,0
536,2,6,10,0.7038553520517211,1077,6,1.804272708628173,0
479,2,6,10,0.2025027408902398,868,6,0.9431945538974952,0
561,2,6,10,0.1030280164534379,844,6,0.9431945538974952,0
548,2,6,10,0.4014521897638435,978,6,0.9431945538974952,0
425,6,6,10,0.6163175945473355,902,6,0.9431945538974952,0
629,6,6,10,0.6004016386374472,1031,6,0.9431945538974952,0
620,6,6,10,0.2064817298677118,863,6,1.804272708628173,0
562,6,6,10,0.1666918400929911,945,6,1.804272708628173,0
560,2,6,10,0.3696202779440669,1020,6,0.9431945538974952,0
634,6,6,10,0.588464671705031,1061,6,0.9431945538974952,0
628,2,6,10,0.4332841015836201,942,6,1.804272708628173,0
612,6,6,10,0.4889899472682291,1003,6,1.804272708628173,0
647,2,6,10,0.7118133300066652,1064,6,0.9431945538974952,0
494,6,6,10,0.0322576087806125,841,6,0.9431945538974952,0
501,2,6,10,0.2502506086199046,873,6,0.9431945538974952,0
573,6,6,10,0.0711961046336613,848,6,1.804272708628173,0
381,6,6,10,0.1834591899245513,862,6,0.9431945538974952,0
601,2,6,10,0.695897374096777,1140,6,1.804272708628173,0
581,2,6,10,0.5287798370429498,1021,6,0.9431945538974952,0
583,2,6,10,0.0154902589490523,917,6,0.9431945538974952,0
599,2,6,10,0.3974732007863714,903,6,0.9431945538974952,0
485,6,6,10,0.4889899472682291,1029,6,0.9431945538974952,0
658,6,6,10,0.2383136416874884,940,6,0.9431945538974952,0
587,2,6,10,0.1229229613407983,773,6,0.9431945538974952,0
531,6,6,10,0.004404685938308,953,6,0.9431945538974952,0
545,6,6,10,0.0672171156561892,871,6,1.804272708628173,0
534,6,6,10,0.3386397600459622,935,6,0.9431945538974952,0
477,6,6,10,0.3178934212369299,827,6,0.9431945538974952,0
698,6,6,10,0.8391409772857716,1123,6,0.9431945538974952,0
562,2,6,10,0.5248008480654778,1047,6,1.804272708628173,0
481,2,6,10,0.0004256969608359,907,6,0.9431945538974952,0
625,6,6,10,0.2343346527100163,827,6,0.9431945538974952,0
621,6,6,10,0.6680444512544724,989,6,0.9431945538974952,0
471,2,6,10,0.3696202779440669,983,6,0.9431945538974952,0
688,6,6,10,0.2741245424847371,962,6,1.804272708628173,0
633,6,6,10,0.4611370244259246,1048,6,1.804272708628173,0
543,2,6,10,0.4770529803358129,1010,6,1.804272708628173,0
560,2,6,10,0.5924436606825031,984,6,1.804272708628173,0
644,6,6,10,0.7476242308039139,1023,6,0.9431945538974952,0
346,6,6,10,0.0433431817913568,882,6,0.9431945538974952,0
522,2,6,10,0.5964226496599752,959,6,0.9431945538974952,0
590,2,6,10,0.0720474985553333,820,6,0.9431945538974952,0
629,2,6,10,0.3815572448764831,981,6,1.804272708628173,0
633,2,6,10,0.8112880544434671,1070,6,0.9431945538974952,0
549,6,6,10,0.3338093771468182,1025,6,0.9431945538974952,0
578,2,6,10,0.4014521897638435,1015,6,0.9431945538974952,0
484,6,6,10,0.1269019503182704,869,6,1.804272708628173,0
519,2,6,10,0.0004256969608359,935,6,1.804272708628173,0
568,2,6,10,0.4412420795385642,940,6,0.9431945538974952,0
506,6,6,10,0.270145553507265,901,6,1.804272708628173,0
579,2,6,10,0.0950700384984938,922,6,1.804272708628173,0
472,2,6,10,0.4253261236286759,1000,6,0.9431945538974952,0
536,6,6,10,0.0362365977580846,974,6,0.9431945538974952,0
489,6,6,10,0.1109859944083821,975,6,1.804272708628173,0
555,2,6,10,0.536737814997894,1111,6,1.804272708628173,0
577,6,6,10,0.5287798370429498,1080,6,0.9431945538974952,0
579,2,6,10,0.2152911017443279,907,6,1.804272708628173,0
563,6,6,10,0.6322335504572237,1056,6,1.804272708628173,0
580,2,6,10,0.0672171156561892,916,6,1.804272708628173,0
607,2,6,10,0.4412420795385642,1036,6,0.9431945538974952,0
537,2,6,10,0.2582085865748488,945,6,0.9431945538974952,0
694,2,6,10,0.5765277047726147,1159,6,0.9431945538974952,0
549,2,6,10,0.3497253330567065,927,6,1.804272708628173,0
503,6,6,10,0.6242755725022796,1055,6,1.804272708628173,0
557,6,6,10,0.266166564529793,923,6,0.9431945538974952,0
619,6,6,10,0.3099354432819858,882,6,0.9431945538974952,0
633,6,6,10,0.4452210685160363,990,6,0.9431945538974952,0
567,6,6,10,0.3417673551017623,943,6,0.9431945538974952,0
630,6,6,10,0.8232250213758834,954,6,1.804272708628173,0
620,6,6,10,0.3576833110116507,896,6,0.9431945538974952,0
516,6,6,10,0.0592591377012451,868,6,0.9431945538974952,0
581,6,6,10,0.536737814997894,882,6,0.9431945538974952,0
535,6,6,10,0.2462716196424326,892,6,1.804272708628173,0
572,6,6,10,0.3696202779440669,1022,6,0.9431945538974952,0
537,2,6,10,0.536737814997894,942,6,1.804272708628173,0
600,2,6,10,0.0513011597463009,971,6,0.9431945538974952,0
505,6,6,10,0.0322576087806125,907,6,0.9431945538974952,0
584,2,6,10,0.8669939001280762,1182,6,1.804272708628173,0
539,2,6,10,0.162712851115519,833,6,1.804272708628173,0
537,2,6,10,0.0513011597463009,854,6,1.804272708628173,0
581,6,6,10,0.6561074843220562,1028,6,1.804272708628173,0
560,6,6,10,0.1507758841831028,847,6,1.804272708628173,0
522,2,6,10,0.2422926306649605,985,6,1.804272708628173,0
639,2,6,10,0.0632381266787172,907,6,0.9431945538974952,0
404,2,6,10,0.1786288070254073,880,6,0.9431945538974952,0
589,2,6,10,0.5765277047726147,949,6,1.804272708628173,0
586,6,6,10,0.4611370244259246,929,6,0.9431945538974952,0
667,2,6,10,0.8550569331956599,1148,6,0.9431945538974952,0
539,6,6,10,0.1865867849803515,811,6,0.9431945538974952,0
589,2,6,10,0.3139144322594578,932,6,0.9431945538974952,0
550,2,6,10,0.2383136416874884,902,6,0.9431945538974952,0
542,2,6,10,0.4969479252231732,1039,6,0.9431945538974952,0
557,2,6,10,0.111837388330054,861,6,0.9431945538974952,0
521,6,6,10,0.695897374096777,1096,6,1.804272708628173,0
549,2,6,10,0.4213471346512039,993,6,1.804272708628173,0
589,2,6,10,0.8272040103533554,1097,6,1.804272708628173,0
570,2,6,10,0.5725487157951427,1031,6,0.9431945538974952,0
606,2,6,10,0.7118133300066652,1114,6,1.804272708628173,0
584,2,6,10,0.5566327598852544,1011,6,1.804272708628173,0
588,2,6,10,0.3298303881693462,1008,6,1.804272708628173,0
488,6,6,10,0.5606117488627265,972,6,0.9431945538974952,0
604,6,6,10,0.214439707822656,964,6,1.804272708628173,0
514,2,6,10,0.3377883661242903,976,6,1.804272708628173,0
532,6,6,10,0.0950700384984938,931,6,0.9431945538974952,0
503,2,6,10,0.64417051738964,1018,6,1.804272708628173,0
417,2,6,10,0.1229229613407983,900,6,1.804272708628173,0
521,6,6,10,0.0481735646905008,877,6,1.804272708628173,0
510,2,6,10,0.1547548731605749,846,6,1.804272708628173,0
490,2,6,10,0.060110531622917,909,6,0.9431945538974952,0
599,2,6,10,0.2860615094171533,918,6,1.804272708628173,0
499,2,6,10,0.2741245424847371,888,6,0.9431945538974952,0
539,2,6,10,0.1507758841831028,989,6,1.804272708628173,0
487,6,6,10,0.2542295975973768,913,6,0.9431945538974952,0
632,6,6,10,0.5765277047726147,993,6,1.804272708628173,0
456,2,6,10,0.1993751458344396,785,6,1.804272708628173,0
557,6,6,10,0.3815572448764831,924,6,1.804272708628173,0
486,2,6,10,0.0035532920166361,864,6,0.9431945538974952,0
470,2,6,10,0.1945447629352956,863,6,1.804272708628173,0
541,2,6,10,0.1189439723633262,908,6,1.804272708628173,0
559,6,6,10,0.0800054765102774,860,6,1.804272708628173,0
645,6,6,10,0.4332841015836201,922,6,0.9431945538974952,0
513,2,6,10,0.214439707822656,911,6,1.804272708628173,0
540,6,6,10,0.5088848921555895,1028,6,1.804272708628173,0
495,6,6,10,0.4452210685160363,884,6,1.804272708628173,0
540,6,6,10,0.5606117488627265,1055,6,0.9431945538974952,0
507,6,6,10,0.270145553507265,839,6,1.804272708628173,0
607,6,6,10,0.6362125394346959,1082,6,0.9431945538974952,0
561,6,6,10,0.4332841015836201,984,6,0.9431945538974952,0
548,2,6,10,0.0592591377012451,920,6,0.9431945538974952,0
482,6,6,10,0.0123626638932521,882,6,1.804272708628173,0
499,2,6,10,0.214439707822656,936,6,1.804272708628173,0
636,2,6,10,0.2781035314622092,980,6,1.804272708628173,0
622,2,6,10,0.3537043220341786,948,6,1.804272708628173,0
553,6,6,10,0.1547548731605749,902,6,0.9431945538974952,0
529,6,6,10,0.2542295975973768,917,6,0.9431945538974952,0
631,2,6,10,0.863014911150604,1038,6,0.9431945538974952,0
573,2,6,10,0.0473221707688289,906,6,1.804272708628173,0
536,6,6,10,0.2542295975973768,869,6,0.9431945538974952,0
608,2,6,10,0.4571580354484525,975,6,0.9431945538974952,0
630,2,6,10,0.3934942118088994,995,6,0.9431945538974952,0
456,2,6,10,0.111837388330054,864,6,1.804272708628173,0
541,6,6,10,0.2582085865748488,906,6,0.9431945538974952,0
507,2,6,10,0.4850109582907571,972,6,1.804272708628173,0
384,6,6,10,0.274975936406409,779,6,0.9431945538974952,0
649,2,6,10,0.2303556637325443,846,6,1.804272708628173,0
512,6,6,10,0.3258513991918741,942,6,0.9431945538974952,0
536,2,6,10,0.0950700384984938,888,6,1.804272708628173,0
579,2,6,10,0.588464671705031,1078,6,1.804272708628173,0
449,2,6,10,0.3457463440792345,913,6,0.9431945538974952,0
594,2,6,10,0.2025027408902398,926,6,1.804272708628173,0
618,6,6,10,0.2741245424847371,1020,6,1.804272708628173,0
452,6,6,10,0.3585347049333226,844,6,1.804272708628173,0
576,6,6,10,0.2741245424847371,937,6,1.804272708628173,0
532,6,6,10,0.0990490274759658,880,6,1.804272708628173,0
510,2,6,10,0.1547548731605749,794,6,1.804272708628173,0
455,2,6,10,0.1348599282732145,908,6,0.9431945538974952,0
564,2,6,10,0.0632381266787172,896,6,1.804272708628173,0
563,6,6,10,0.266166564529793,930,6,1.804272708628173,0
599,6,6,10,0.4372630905610921,940,6,0.9431945538974952,0
499,2,6,10,0.1109859944083821,950,6,1.804272708628173,0
635,6,6,10,0.7197713079616094,988,6,1.804272708628173,0
634,6,6,10,0.0632381266787172,823,6,1.804272708628173,0
598,6,6,10,0.214439707822656,866,6,0.9431945538974952,0
529,6,6,10,0.3457463440792345,1015,6,1.804272708628173,0
515,2,6,10,0.3696202779440669,963,6,1.804272708628173,0
606,6,6,10,0.6680444512544724,1105,6,0.9431945538974952,0
588,2,6,10,0.3099354432819858,959,6,1.804272708628173,0
667,6,6,10,0.5327588260204219,978,6,1.804272708628173,0
702,6,6,10,0.9306577237676292,998,6,0.9431945538974952,0
468,2,6,10,0.4253261236286759,945,6,0.9431945538974952,0
535,2,6,10,0.4770529803358129,961,6,1.804272708628173,0
458,2,6,10,0.2502506086199046,912,6,0.9431945538974952,0
555,6,6,10,0.1149649833858541,979,6,0.9431945538974952,0
533,6,6,10,0.1507758841831028,895,6,0.9431945538974952,0
522,2,6,10,0.1826077960028794,918,6,0.9431945538974952,0
493,2,6,10,0.3576833110116507,885,6,0.9431945538974952,0
525,6,6,10,0.0672171156561892,880,6,0.9431945538974952,0
540,2,6,10,0.5805066937500868,923,6,0.9431945538974952,0
484,2,6,10,0.1428179062281586,862,6,0.9431945538974952,0
586,2,6,10,0.1834591899245513,798,6,0.9431945538974952,0
553,6,6,10,0.4372630905610921,892,6,0.9431945538974952,0
541,2,6,10,0.214439707822656,951,6,1.804272708628173,0
569,2,6,10,0.158733862138047,871,6,0.9431945538974952,0
523,6,6,10,0.2900404983946254,863,6,1.804272708628173,0
558,2,6,10,0.6879393961418329,1041,6,1.804272708628173,0
556,6,6,10,0.9028048009253248,1106,6,0.9431945538974952,0
436,2,6,10,0.1755012119696072,867,6,1.804272708628173,0
465,6,6,10,0.3019774653270416,964,6,0.9431945538974952,0
553,2,6,10,0.0075322809941081,877,6,0.9431945538974952,0
521,6,6,10,0.2820825204396813,919,6,0.9431945538974952,0
487,6,6,10,0.0910910495210217,813,6,1.804272708628173,0
484,2,6,10,0.0115112699715802,939,6,1.804272708628173,0
679,2,6,10,0.2940194873720975,962,6,0.9431945538974952,0
741,2,6,10,1.471800224703831,1176,11,0.8884502877862838,1
952,6,6,10,1.6707496735774352,1081,11,0.9431945538974952,1
908,2,6,10,1.7543084421043489,1181,11,0.8884502877862838,1
699,2,6,10,1.3842624671994457,1103,11,0.8884502877862838,1
964,6,6,10,1.5235270814109685,1299,11,0.8884502877862838,1
900,2,6,10,1.3723255002670296,1165,11,0.9431945538974952,1
926,6,6,10,1.7861403539241252,1226,11,0.9431945538974952,1
905,6,6,10,1.778182375969181,1136,11,0.8884502877862838,1
772,6,6,10,1.0699223379791518,971,11,0.9431945538974952,1
716,6,6,10,1.109712227753873,811,11,0.8884502877862838,1
781,2,6,10,1.515569103456024,1079,11,0.8884502877862838,1
1053,6,6,10,1.774203386991709,1150,11,0.8884502877862838,1
967,6,6,10,1.4916951695911915,1140,11,0.8884502877862838,1
804,6,6,10,1.7304345082395165,1156,11,0.9431945538974952,1
1045,6,6,10,1.7025815853972115,1122,11,0.8884502877862838,1
901,2,6,10,1.3524305553796692,1108,11,0.8884502877862838,1
901,2,6,10,1.893573056315872,1154,11,0.9431945538974952,1
921,2,6,10,1.7065605743746837,1210,11,0.8884502877862838,1
1015,6,6,10,1.945299913023008,1268,11,0.8884502877862838,1
679,6,6,10,1.4081364010642785,1116,11,0.8884502877862838,1
947,6,6,10,1.1455231285511214,1020,11,0.8884502877862838,1
859,2,6,10,1.5394430373208567,1150,11,0.9431945538974952,1
897,2,6,10,1.4598632577714152,1093,11,0.8884502877862838,1
769,6,6,10,1.237039875032979,911,11,0.8884502877862838,1
782,2,6,10,1.3046826876500044,1074,11,0.9431945538974952,1
920,6,6,10,1.8537831665411504,1104,11,0.9431945538974952,1
904,2,6,10,1.447926290838999,1079,11,0.9431945538974952,1
926,2,6,10,1.3643675223120857,1122,11,0.9431945538974952,1
841,6,6,10,1.447926290838999,1150,11,0.8884502877862838,1
1085,2,6,10,2.156186328829028,1318,11,0.8884502877862838,1
685,2,6,10,0.9943215474071824,846,11,0.8884502877862838,1
915,2,6,10,1.2489768419653953,1023,11,0.8884502877862838,1
638,6,6,10,1.4757792136813035,1004,11,0.8884502877862838,1
975,2,6,10,1.3603885333346133,1155,11,0.9431945538974952,1
1038,2,6,10,2.04477463745981,1283,11,0.9431945538974952,1
858,2,6,10,1.5235270814109685,1174,11,0.8884502877862838,1
906,6,6,10,1.837867210631262,1326,11,0.9431945538974952,1
902,2,6,10,1.7821613649466532,1202,11,0.9431945538974952,1
815,6,6,10,1.611064838915354,1103,11,0.9431945538974952,1
740,2,6,10,1.3484515664021972,1194,11,0.8884502877862838,1
845,2,6,10,1.6747286625549072,1066,11,0.8884502877862838,1
773,6,6,10,1.2290818970780348,1081,11,0.9431945538974952,1
788,2,6,10,1.722476530284572,1116,11,0.8884502877862838,1
690,2,6,10,1.3484515664021972,953,11,0.9431945538974952,1
758,6,6,10,1.1455231285511214,1054,11,0.8884502877862838,1
774,6,6,10,1.4081364010642785,1168,11,0.9431945538974952,1
1003,6,6,10,1.7861403539241252,1207,11,0.9431945538974952,1
839,2,6,10,1.9572368799554245,1109,11,0.8884502877862838,1
858,2,6,10,1.7184975413071,1179,11,0.8884502877862838,1
889,6,6,10,1.7582874310818206,1118,11,0.9431945538974952,1
853,2,6,10,1.8856150783609271,1335,11,0.8884502877862838,1
781,6,6,10,1.722476530284572,1104,11,0.8884502877862838,1
829,2,6,10,1.0460484041143194,855,11,0.9431945538974952,1
864,6,6,10,1.5434220262983287,1067,11,0.8884502877862838,1
838,6,6,10,1.2728507758302277,967,11,0.8884502877862838,1
879,2,6,10,1.7901193429015974,1142,11,0.8884502877862838,1
888,2,6,10,1.889594067338399,1034,11,0.8884502877862838,1
749,2,6,10,1.3683465112895574,1047,11,0.8884502877862838,1
943,2,6,10,1.8418461996087343,1291,11,0.8884502877862838,1
859,6,6,10,1.5354640483433846,1100,11,0.9431945538974952,1
847,2,6,10,1.567295960163161,1068,11,0.8884502877862838,1
817,2,6,10,1.121649194686289,1122,11,0.9431945538974952,1
879,6,6,10,1.073901326956624,957,11,0.9431945538974952,1
836,6,6,10,1.3166196545824205,1078,11,0.8884502877862838,1
756,2,6,10,1.2569348199203394,983,11,0.9431945538974952,1
837,6,6,10,1.6548337176675467,1043,11,0.9431945538974952,1
942,2,6,10,1.4638422467488872,1102,11,0.8884502877862838,1
741,2,6,10,1.658812706645019,1024,11,0.8884502877862838,1
984,6,6,10,1.865720133473567,1214,11,0.8884502877862838,1
1052,2,6,10,2.112417450076835,1312,11,0.9431945538974952,1
881,6,6,10,1.6548337176675467,1160,11,0.8884502877862838,1
662,2,6,10,1.1574600954835377,950,11,0.8884502877862838,1
726,6,6,10,1.3643675223120857,1024,11,0.9431945538974952,1
749,2,6,10,1.133586161618705,948,11,0.9431945538974952,1
850,2,6,10,1.515569103456024,1007,11,0.9431945538974952,1
839,2,6,10,1.5115901144785522,1109,11,0.9431945538974952,1
735,2,6,10,1.3046826876500044,930,11,0.8884502877862838,1
825,6,6,10,1.559337982208217,1043,11,0.9431945538974952,1
585,6,6,10,1.06594334900168,862,11,0.8884502877862838,1
1061,2,6,10,1.443947301861527,1213,11,0.8884502877862838,1
881,2,6,10,1.3046826876500044,1050,11,0.8884502877862838,1
740,2,6,10,1.0380904261593753,1005,11,0.9431945538974952,1
764,2,6,10,1.237039875032979,1042,11,0.8884502877862838,1
899,2,6,10,1.658812706645019,1088,11,0.9431945538974952,1
782,2,6,10,1.4399683128840548,1116,11,0.9431945538974952,1
792,6,6,10,1.5235270814109685,1151,11,0.9431945538974952,1
917,6,6,10,1.0579853710467355,1052,11,0.9431945538974952,1
836,6,6,10,1.6508547286900748,1207,11,0.9431945538974952,1
805,2,6,10,1.3763044892445015,973,11,0.8884502877862838,1
783,6,6,10,1.4916951695911915,978,11,0.8884502877862838,1
907,2,6,10,1.7423714751719324,1309,11,0.9431945538974952,1
843,2,6,10,1.3842624671994457,1032,11,0.8884502877862838,1
873,2,6,10,1.6826866405098513,1138,11,0.8884502877862838,1
991,6,6,10,1.8696991224510389,1165,11,0.9431945538974952,1
744,6,6,10,1.432010334929111,1089,11,0.8884502877862838,1
941,6,6,10,1.8139932767664293,1116,11,0.8884502877862838,1
869,6,6,10,1.5752539381181052,1007,11,0.9431945538974952,1
765,2,6,10,1.6866656294873237,1027,11,0.9431945538974952,1
867,2,6,10,1.559337982208217,1121,11,0.9431945538974952,1
850,6,6,10,1.770224398014237,1211,11,0.9431945538974952,1
894,2,6,10,1.6826866405098513,1270,11,0.8884502877862838,1
936,6,6,10,1.2251029081005629,1027,11,0.9431945538974952,1
875,2,6,10,1.6906446184647954,1187,11,0.9431945538974952,1
710,2,6,10,0.9744266025198222,872,11,0.9431945538974952,1
1030,6,6,10,1.567295960163161,1137,11,0.8884502877862838,1
935,6,6,10,2.048753626437282,1331,11,0.8884502877862838,1
768,2,6,10,1.3524305553796692,1049,11,0.8884502877862838,1
874,2,6,10,1.7304345082395165,1054,11,0.8884502877862838,1
972,6,6,10,1.7901193429015974,1244,11,0.8884502877862838,1
806,2,6,10,1.6906446184647954,1103,11,0.9431945538974952,1
870,2,6,10,1.6707496735774352,1146,11,0.8884502877862838,1
875,2,6,10,1.284787742762644,991,11,0.9431945538974952,1
892,6,6,10,1.344472577424725,1117,11,0.9431945538974952,1
1003,6,6,10,1.5633169711856891,1055,11,0.9431945538974952,1
842,2,6,10,1.5991278719829378,1066,11,0.9431945538974952,1
766,2,6,10,1.7582874310818206,1081,11,0.8884502877862838,1
873,2,6,10,1.2688717868527557,1086,11,0.9431945538974952,1
873,6,6,10,1.4598632577714152,1143,11,0.8884502877862838,1
734,6,6,10,1.5235270814109685,1126,11,0.8884502877862838,1
713,6,6,10,1.5513800042532728,1041,11,0.8884502877862838,1
974,6,6,10,1.893573056315872,1209,11,0.9431945538974952,1
1013,2,6,10,1.817972265743902,1238,11,0.9431945538974952,1
958,2,6,10,1.081859304911568,990,11,0.9431945538974952,1
857,2,6,10,1.2648927978752835,921,11,0.9431945538974952,1
1084,2,6,10,1.8736781114285108,1188,11,0.8884502877862838,1
819,2,6,10,1.607085849937882,1000,11,0.9431945538974952,1
892,2,6,10,1.3205986435598926,976,11,0.9431945538974952,1
877,2,6,10,1.770224398014237,1230,11,0.9431945538974952,1
905,6,6,10,1.396199434131862,1011,11,0.9431945538974952,1
931,6,6,10,1.6826866405098513,1307,11,0.9431945538974952,1
916,6,6,10,1.4877161806137198,1078,11,0.9431945538974952,1
827,2,6,10,1.6031068609604098,1187,11,0.9431945538974952,1
901,2,6,10,1.7145185523296278,1065,11,0.9431945538974952,1
935,2,6,10,1.5871909050505215,1224,11,0.9431945538974952,1
669,2,6,10,1.0022795253621266,833,11,0.8884502877862838,1
820,2,6,10,1.404157412086806,941,11,0.9431945538974952,1
887,6,6,10,1.2410188640104511,1038,11,0.8884502877862838,1
640,6,6,10,1.766245409036765,1202,11,0.9431945538974952,1
797,6,6,10,1.0898172828665122,914,11,0.9431945538974952,1
821,2,6,10,1.3404935884472529,1082,11,0.9431945538974952,1
673,6,6,10,1.4638422467488872,1055,11,0.9431945538974952,1
895,2,6,10,1.678707651532379,1134,11,0.9431945538974952,1
735,6,6,10,1.5275060703884404,1079,11,0.9431945538974952,1
899,6,6,10,1.6707496735774352,1000,11,0.9431945538974952,1
955,2,6,10,1.8338882216537904,1253,11,0.8884502877862838,1
781,6,6,10,1.5434220262983287,1110,11,0.8884502877862838,1
1003,6,6,10,1.4877161806137198,1063,11,0.9431945538974952,1
902,6,6,10,1.893573056315872,1167,11,0.9431945538974952,1
778,6,6,10,1.5115901144785522,1040,11,0.9431945538974952,1
905,2,6,10,1.6349387727801863,1230,11,0.9431945538974952,1
987,2,6,10,2.048753626437282,1170,11,0.8884502877862838,1
1013,6,6,10,1.726455519262044,1134,11,0.9431945538974952,1
874,2,6,10,1.9811108138202569,1183,11,0.9431945538974952,1
916,2,6,10,1.8975520452933432,1241,11,0.8884502877862838,1
687,2,6,10,1.7184975413071,1088,11,0.8884502877862838,1
784,2,6,10,1.5951488830054656,1139,11,0.8884502877862838,1
974,6,6,10,1.5115901144785522,1238,11,0.8884502877862838,1
791,6,6,10,1.5991278719829378,1111,11,0.8884502877862838,1
719,6,6,10,1.2808087537851718,1062,11,0.9431945538974952,1
883,6,6,10,1.5275060703884404,1222,11,0.8884502877862838,1
883,6,6,10,1.5275060703884404,1149,11,0.9431945538974952,1
780,6,6,10,1.3564095443571411,991,11,0.9431945538974952,1
763,2,6,10,1.5951488830054656,1006,11,0.9431945538974952,1
610,2,6,10,1.4121153900417502,1127,11,0.8884502877862838,1
890,6,6,10,1.396199434131862,1072,11,0.8884502877862838,1
790,6,6,10,1.4280313459516385,961,11,0.8884502877862838,1
841,6,6,10,1.559337982208217,1076,11,0.8884502877862838,1
867,6,6,10,1.6428967507351306,1119,11,0.8884502877862838,1
907,6,6,10,1.4916951695911915,1000,11,0.9431945538974952,1
851,2,6,10,1.5115901144785522,1144,11,0.8884502877862838,1
882,2,6,10,1.8975520452933432,1109,11,0.8884502877862838,1
861,2,6,10,1.559337982208217,1033,11,0.8884502877862838,1
915,6,6,10,1.4240523569741663,1005,11,0.9431945538974952,1
918,2,6,10,1.8139932767664293,1093,11,0.8884502877862838,1
708,6,6,10,1.2410188640104511,1149,11,0.9431945538974952,1
996,2,6,10,1.7861403539241252,1162,11,0.8884502877862838,1
907,6,6,10,1.3007036986725322,1106,11,0.9431945538974952,1
1051,2,6,10,2.024879692572449,1343,11,0.8884502877862838,1
733,6,6,10,1.7980773208565417,1392,11,0.9431945538974952,1
711,2,6,10,1.2808087537851718,865,11,0.8884502877862838,1
1001,2,6,10,1.443947301861527,1160,11,0.9431945538974952,1
958,2,6,10,1.7145185523296278,1226,11,0.8884502877862838,1
880,2,6,10,1.443947301861527,1067,11,0.9431945538974952,1
816,2,6,10,1.945299913023008,1284,11,0.8884502877862838,1
830,2,6,10,1.3842624671994457,1055,11,0.8884502877862838,1
890,2,6,10,1.5513800042532728,1147,11,0.9431945538974952,1
820,2,6,10,1.3046826876500044,942,11,0.9431945538974952,1
722,6,6,10,1.0341114371819031,811,11,0.9431945538974952,1
901,6,6,10,2.0686485713246423,1221,11,0.8884502877862838,1
934,2,6,10,1.451905279816471,1038,11,0.8884502877862838,1
978,6,6,10,1.5513800042532728,1115,11,0.8884502877862838,1
656,6,6,10,1.432010334929111,1103,11,0.8884502877862838,1
737,6,6,10,1.6031068609604098,1071,11,0.9431945538974952,1
967,2,6,10,2.215871163491109,1295,11,0.8884502877862838,1
1030,6,6,10,1.7901193429015974,1420,11,0.9431945538974952,1
918,6,6,10,1.722476530284572,1147,11,0.9431945538974952,1
856,2,6,10,1.2052079632132024,1144,11,0.8884502877862838,1
907,6,6,10,1.945299913023008,1008,11,0.9431945538974952,1
819,2,6,10,1.3564095443571411,1011,11,0.8884502877862838,1
894,2,6,10,1.3007036986725322,1005,11,0.8884502877862838,1
648,6,6,10,0.9346367127451014,935,11,0.9431945538974952,1
860,6,6,10,1.6548337176675467,1101,11,0.8884502877862838,1
886,2,6,10,1.471800224703831,1216,11,0.8884502877862838,1
1049,6,6,10,1.941320924045536,1276,11,0.9431945538974952,1
852,6,6,10,1.6747286625549072,1299,11,0.8884502877862838,1
751,6,6,10,0.9903425584297104,941,11,0.8884502877862838,1
834,2,6,10,1.4240523569741663,1185,11,0.9431945538974952,1
1033,2,6,10,1.4797582026587754,1085,11,0.8884502877862838,1
1025,2,6,10,1.3126406656049483,939,11,0.9431945538974952,1
942,6,6,10,1.607085849937882,1093,11,0.8884502877862838,1
882,6,6,10,1.7543084421043489,1128,11,0.8884502877862838,1
917,6,6,10,1.5115901144785522,1037,11,0.9431945538974952,1
972,6,6,10,1.7105395633521558,1172,11,0.8884502877862838,1
795,2,6,10,1.4240523569741663,916,11,0.8884502877862838,1
1053,2,6,10,1.7861403539241252,1239,11,0.9431945538974952,1
699,6,6,10,1.567295960163161,1006,11,0.9431945538974952,1
961,2,6,10,1.2569348199203394,967,11,0.9431945538974952,1
890,6,6,10,1.8537831665411504,1247,11,0.9431945538974952,1
876,2,6,10,1.5513800042532728,1226,11,0.9431945538974952,1
898,2,6,10,1.3723255002670296,935,11,0.9431945538974952,1
909,2,6,10,1.3166196545824205,946,11,0.8884502877862838,1
800,6,6,10,1.726455519262044,1261,11,0.9431945538974952,1
986,2,6,10,1.5474010152758009,1095,11,0.8884502877862838,1
937,2,6,10,1.555358993230745,1102,11,0.8884502877862838,1
994,2,6,10,1.9691738468878408,1129,11,0.9431945538974952,1
740,6,6,10,1.2648927978752835,1009,11,0.9431945538974952,1
1043,6,6,10,1.9094890122257595,1329,11,0.9431945538974952,1
948,2,6,10,1.5394430373208567,1089,11,0.9431945538974952,1
679,6,6,10,1.2728507758302277,1029,11,0.8884502877862838,1
997,2,6,10,1.7503294531268765,1176,11,0.9431945538974952,1
738,2,6,10,1.0460484041143194,1067,11,0.9431945538974952,1
743,2,6,10,0.9505526686549896,907,11,0.9431945538974952,1
1084,2,6,10,2.0606905933696984,1338,11,0.8884502877862838,1
1010,2,6,10,1.471800224703831,1157,11,0.9431945538974952,1
1071,6,6,10,1.607085849937882,1138,11,0.9431945538974952,1
883,6,6,10,1.3922204451543898,1213,11,0.8884502877862838,1
942,2,6,10,1.6508547286900748,1182,11,0.9431945538974952,1
854,6,6,10,1.6747286625549072,1151,11,0.9431945538974952,1
846,2,6,10,1.404157412086806,1103,11,0.8884502877862838,1
663,2,6,10,1.2489768419653953,1072,11,0.8884502877862838,1
720,2,6,10,1.3205986435598926,1181,11,0.8884502877862838,1
686,6,6,10,1.5712749491406333,1163,11,0.8884502877862838,1
883,2,6,10,1.451905279816471,1140,11,0.8884502877862838,1
784,6,6,10,1.2171449301456188,963,11,0.9431945538974952,1
812,2,6,10,1.121649194686289,997,11,0.8884502877862838,1
915,6,6,10,2.04477463745981,1225,11,0.9431945538974952,1
725,2,6,10,1.8736781114285108,1115,11,0.8884502877862838,1
718,2,6,10,1.1017542497989286,913,11,0.9431945538974952,1
823,2,6,10,1.5235270814109685,1027,11,0.8884502877862838,1
930,6,6,10,1.3683465112895574,1079,11,0.8884502877862838,1
781,6,6,10,1.3564095443571411,1127,11,0.9431945538974952,1
939,2,6,10,2.188018240648805,1402,11,0.9431945538974952,1
828,6,6,10,2.092522505189475,1162,11,0.8884502877862838,1
831,6,6,10,1.937341935068064,1140,11,0.9431945538974952,1
804,2,6,10,1.388241456176918,977,11,0.8884502877862838,1
856,6,6,10,1.726455519262044,1164,11,0.8884502877862838,1
888,2,6,10,1.817972265743902,1199,11,0.9431945538974952,1
1014,6,6,10,1.5314850593659124,1139,11,0.9431945538974952,1
836,6,6,10,1.233060886055507,985,11,0.8884502877862838,1
1013,2,6,10,1.6508547286900748,1185,11,0.8884502877862838,1
731,6,6,10,1.7940983318790693,1105,11,0.8884502877862838,1
764,2,6,10,1.455884268793943,1075,11,0.8884502877862838,1
1033,6,6,10,1.4200733679966944,1144,11,0.9431945538974952,1
838,6,6,10,1.5792329270955774,1100,11,0.8884502877862838,1
895,6,6,10,1.7065605743746837,1243,11,0.8884502877862838,1
658,6,6,10,1.125628183663761,932,11,0.8884502877862838,1
866,6,6,10,1.5394430373208567,1103,11,0.9431945538974952,1
783,2,6,10,1.471800224703831,1084,11,0.9431945538974952,1
915,2,6,10,1.3166196545824205,896,11,0.9431945538974952,1
924,6,6,10,1.495674158568664,1111,11,0.9431945538974952,1
1039,6,6,10,1.774203386991709,1146,11,0.8884502877862838,1
960,6,6,10,1.9731528358653128,1120,11,0.8884502877862838,1
747,6,6,10,1.06594334900168,877,11,0.9431945538974952,1
756,2,6,10,1.2569348199203394,1077,11,0.9431945538974952,1
825,6,6,10,1.3524305553796692,1036,11,0.8884502877862838,1
1007,2,6,10,2.0845645272345306,1176,11,0.9431945538974952,1
870,6,6,10,1.5394430373208567,1252,11,0.9431945538974952,1
829,6,6,10,1.499653147546136,1126,11,0.9431945538974952,1
951,6,6,10,1.3763044892445015,1087,11,0.9431945538974952,1
887,2,6,10,1.5235270814109685,1223,11,0.8884502877862838,1
865,2,6,10,1.4240523569741663,1117,11,0.9431945538974952,1
670,2,6,10,1.0977752608214564,916,11,0.8884502877862838,1
747,6,6,10,1.177355040370898,1047,11,0.8884502877862838,1
954,2,6,10,1.515569103456024,1144,11,0.8884502877862838,1
741,6,6,10,1.1693970624159538,973,11,0.9431945538974952,1
758,2,6,10,1.2012289742357305,1036,11,0.8884502877862838,1
719,2,6,10,1.4877161806137198,1042,11,0.9431945538974952,1
898,6,6,10,1.5394430373208567,1158,11,0.8884502877862838,1
782,6,6,10,1.503632136523608,992,11,0.9431945538974952,1
967,6,6,10,1.4399683128840548,1055,11,0.9431945538974952,1
817,6,6,10,1.5434220262983287,1023,11,0.8884502877862838,1
843,2,6,10,1.7861403539241252,1097,11,0.8884502877862838,1
898,6,6,10,1.2529558309428672,1005,11,0.9431945538974952,1
785,6,6,10,1.7423714751719324,999,11,0.8884502877862838,1
1009,6,6,10,1.6349387727801863,1017,11,0.8884502877862838,1
791,2,6,10,1.432010334929111,1153,11,0.8884502877862838,1
577,2,6,10,1.022174470249487,793,11,0.9431945538974952,1
1024,6,6,10,1.893573056315872,1178,11,0.9431945538974952,1
810,2,6,10,1.503632136523608,1060,11,0.8884502877862838,1
778,6,6,10,2.0049847476850893,1224,11,0.9431945538974952,1
1033,2,6,10,1.3922204451543898,955,11,0.8884502877862838,1
920,2,6,10,1.3126406656049483,1262,11,0.8884502877862838,1
776,2,6,10,1.0102375033170707,896,11,0.9431945538974952,1
796,2,6,10,1.937341935068064,1236,11,0.9431945538974952,1
771,2,6,10,1.4359893239065826,915,11,0.8884502877862838,1
832,2,6,10,1.0341114371819031,940,11,0.9431945538974952,1
719,6,6,10,1.0858382938890403,785,11,0.8884502877862838,1
907,6,6,10,1.515569103456024,1094,11,0.8884502877862838,1
735,2,6,10,1.455884268793943,1077,11,0.8884502877862838,1
1013,2,6,10,1.837867210631262,1234,11,0.9431945538974952,1
870,2,6,10,1.4240523569741663,1004,11,0.8884502877862838,1
1108,2,6,10,1.889594067338399,1269,11,0.9431945538974952,1
824,2,6,10,1.3484515664021972,1035,11,0.8884502877862838,1
896,2,6,10,1.495674158568664,1079,11,0.8884502877862838,1
708,2,6,10,1.451905279816471,1030,11,0.9431945538974952,1
892,2,6,10,1.495674158568664,948,11,0.8884502877862838,1
818,2,6,10,1.6627916956224909,1108,11,0.8884502877862838,1
780,6,6,10,1.8020563098340128,1094,11,0.8884502877862838,1
681,6,6,10,0.9545316576324616,832,11,0.8884502877862838,1
889,2,6,10,1.6826866405098513,1160,11,0.8884502877862838,1
995,2,6,10,1.50761112550108,1219,11,0.8884502877862838,1
770,2,6,10,1.495674158568664,1118,11,0.9431945538974952,1
748,2,6,10,1.1972499852582583,886,11,0.9431945538974952,1
960,6,6,10,1.6826866405098513,1067,11,0.8884502877862838,1
850,2,6,10,1.3126406656049483,1094,11,0.8884502877862838,1
670,6,6,10,1.3285566215148368,1044,11,0.9431945538974952,1
714,6,6,10,1.404157412086806,1152,11,0.8884502877862838,1
756,2,6,10,1.4837371916362476,1083,11,0.8884502877862838,1
863,6,6,10,1.18133402934837,1126,11,0.8884502877862838,1
952,2,6,10,1.3007036986725322,1207,11,0.8884502877862838,1
933,6,6,10,1.865720133473567,1185,11,0.8884502877862838,1
849,6,6,10,1.2091869521906744,993,11,0.9431945538974952,1
981,2,6,10,1.4797582026587754,1154,11,0.8884502877862838,1
872,2,6,10,1.3763044892445015,1291,11,0.9431945538974952,1
790,6,6,10,1.336514599469781,1102,11,0.9431945538974952,1
878,2,6,10,2.052732615414754,1283,11,0.8884502877862838,1
754,6,6,10,1.5235270814109685,1027,11,0.9431945538974952,1
907,2,6,10,1.607085849937882,1099,11,0.8884502877862838,1
785,2,6,10,1.6031068609604098,1024,11,0.9431945538974952,1
766,2,6,10,1.2489768419653953,1096,11,0.9431945538974952,1
674,2,6,10,1.4757792136813035,1155,11,0.8884502877862838,1
891,6,6,10,1.7940983318790693,1067,11,0.8884502877862838,1
628,6,6,10,1.2688717868527557,906,11,0.9431945538974952,1
830,6,6,10,1.2251029081005629,1016,11,0.8884502877862838,1
954,2,6,10,1.5633169711856891,981,11,0.8884502877862838,1
855,6,6,10,1.825930243698846,1163,11,0.9431945538974952,1
881,6,6,10,1.9970267697301447,1225,11,0.9431945538974952,1
864,6,6,10,1.4757792136813035,1107,11,0.8884502877862838,1
799,2,6,10,1.4837371916362476,993,11,0.9431945538974952,1
1005,2,6,10,2.032837670527394,1280,11,0.8884502877862838,1
639,2,6,10,1.619022816870298,1120,11,0.8884502877862838,1
949,2,6,10,1.7940983318790693,1213,11,0.9431945538974952,1
713,2,6,10,1.244997852987923,935,11,0.8884502877862838,1
230,0,6,10,0.8956982168920526,206,12,0.9431945538974952,0
316,0,6,10,0.5813580876717588,214,12,0.9431945538974952,0
272,0,6,10,0.4977993191448452,286,12,0.9431945538974952,0
303,0,6,10,0.3346607710684902,293,12,0.8884502877862838,0
352,0,6,10,0.8479503491623878,207,12,0.8884502877862838,0
309,0,6,10,0.6808328121085606,219,12,0.8884502877862838,0
267,0,6,10,0.8121394483651391,219,12,0.9431945538974952,0
373,0,6,10,0.2630389694739928,331,12,0.8884502877862838,0
326,0,6,10,0.597274043581647,272,12,0.8884502877862838,0
251,0,6,10,0.8678452940497481,239,12,0.8884502877862838,0
367,0,6,10,0.2511020025415766,299,12,0.9431945538974952,0
322,0,6,10,0.7484756247255858,197,12,0.9431945538974952,0
309,0,6,10,0.7206227018832814,226,12,0.8884502877862838,0
304,0,6,10,0.7126647239283372,250,12,0.9431945538974952,0
214,0,6,10,0.919572150756885,228,12,0.8884502877862838,0
321,0,6,10,0.6609378672212003,262,12,0.9431945538974952,0
246,0,6,10,0.9434460846217176,179,12,0.8884502877862838,0
295,0,6,10,0.7047067459733931,265,12,0.8884502877862838,0
269,0,6,10,0.8439713601849157,222,12,0.8884502877862838,0
384,0,6,10,0.3943456057305713,294,12,0.8884502877862838,0
262,0,6,10,0.7763285475678904,231,12,0.9431945538974952,0
314,0,6,10,0.8797822609821643,251,12,0.9431945538974952,0
279,0,6,10,0.5097362860772614,257,12,0.9431945538974952,0
319,0,6,10,0.7285806798382255,269,12,0.8884502877862838,0
257,0,6,10,0.7723495585904183,235,12,0.8884502877862838,0
235,0,6,10,0.6052320215365912,217,12,0.9431945538974952,0
361,0,6,10,0.649000900288784,237,12,0.8884502877862838,0
313,0,6,10,0.7166437129058093,281,12,0.8884502877862838,0
422,0,6,10,0.2948708812937694,295,12,0.8884502877862838,0
282,0,6,10,0.7365386577931696,251,12,0.8884502877862838,0
262,0,6,10,0.5455471868745101,242,12,0.9431945538974952,0
296,0,6,10,0.4301565065278199,243,12,0.9431945538974952,0
310,0,6,10,0.7643915806354742,234,12,0.8884502877862838,0
376,0,6,10,0.2590599804965208,288,12,0.8884502877862838,0
265,0,6,10,0.4142405506179316,274,12,0.9431945538974952,0
281,0,6,10,0.6728748341536165,257,12,0.9431945538974952,0
325,0,6,10,0.5574841538069263,263,12,0.8884502877862838,0
254,0,6,10,0.7842865255228345,225,12,0.8884502877862838,0
301,0,6,10,0.485862352212429,235,12,0.8884502877862838,0
339,0,6,10,0.6887907900635047,282,12,0.9431945538974952,0
368,0,6,10,0.652979889266256,251,12,0.9431945538974952,0
350,0,6,10,0.5296312309646218,278,12,0.9431945538974952,0
323,0,6,10,0.3306817820910181,288,12,0.9431945538974952,0
346,0,6,10,0.4739253852800127,265,12,0.9431945538974952,0
311,0,6,10,0.9553830515541336,186,12,0.9431945538974952,0
296,0,6,10,0.4460724624377082,255,12,0.9431945538974952,0
343,0,6,10,0.6291059554014237,241,12,0.8884502877862838,0
376,0,6,10,0.4261775175503479,293,12,0.9431945538974952,0
418,0,6,10,0.2590599804965208,335,12,0.9431945538974952,0
351,0,6,10,0.537589208919566,289,12,0.8884502877862838,0
295,0,6,10,0.8240764152975553,233,12,0.9431945538974952,0
378,0,6,10,0.6171689884690075,257,12,0.8884502877862838,0
346,0,6,10,0.6410429223338399,235,12,0.8884502877862838,0
281,0,6,10,0.593295054604175,244,12,0.9431945538974952,0
359,0,6,10,0.3227238041360739,306,12,0.9431945538974952,0
242,0,6,10,0.9474250735991896,185,12,0.9431945538974952,0
303,0,6,10,0.8360133822299715,270,12,0.8884502877862838,0
264,0,6,10,0.3744506608432109,281,12,0.8884502877862838,0
262,0,6,10,0.6012530325591191,297,12,0.8884502877862838,0
258,0,6,10,0.7842865255228345,244,12,0.9431945538974952,0
323,0,6,10,0.7484756247255858,262,12,0.8884502877862838,0
187,0,6,10,0.7683705696129463,243,12,0.9431945538974952,0
287,0,6,10,1.019046875193687,198,12,0.8884502877862838,0
355,0,6,10,0.3585347049333226,267,12,0.8884502877862838,0
279,0,6,10,0.7882655145003066,228,12,0.9431945538974952,0
327,0,6,10,0.2869129033388253,326,12,0.8884502877862838,0
311,0,6,10,0.859887316094804,234,12,0.9431945538974952,0
283,0,6,10,0.537589208919566,265,12,0.8884502877862838,0
293,0,6,10,0.7484756247255858,165,12,0.9431945538974952,0
407,0,6,10,0.3068078482261857,314,12,0.8884502877862838,0
381,0,6,10,0.4619884183475966,245,12,0.9431945538974952,0
347,0,6,10,0.649000900288784,260,12,0.9431945538974952,0
413,0,6,10,0.382408638798155,285,12,0.9431945538974952,0
357,0,6,10,0.4500514514151803,305,12,0.9431945538974952,0
323,0,6,10,0.8280554042750273,273,12,0.8884502877862838,0
277,0,6,10,0.9593620405316058,210,12,0.8884502877862838,0
401,0,6,10,0.2511020025415766,265,12,0.9431945538974952,0
290,0,6,10,0.8240764152975553,238,12,0.9431945538974952,0
253,0,6,10,0.5176942640322055,245,12,0.8884502877862838,0
321,0,6,10,0.7484756247255858,207,12,0.9431945538974952,0
327,0,6,10,0.6092110105140632,243,12,0.9431945538974952,0
263,0,6,10,0.7763285475678904,245,12,0.9431945538974952,0
274,0,6,10,0.4818833632349569,257,12,0.9431945538974952,0
466,0,6,10,0.5893160656267029,233,12,0.9431945538974952,0
354,0,6,10,0.537589208919566,286,12,0.9431945538974952,0
318,0,6,10,0.8121394483651391,244,12,0.9431945538974952,0
342,0,6,10,0.485862352212429,313,12,0.8884502877862838,0
326,0,6,10,0.6052320215365912,220,12,0.8884502877862838,0
319,0,6,10,0.7763285475678904,266,12,0.9431945538974952,0
207,0,6,10,0.7803075365453624,210,12,0.9431945538974952,0
454,0,6,10,0.7325596688156976,272,12,0.8884502877862838,0
282,0,6,10,0.5495261758519822,283,12,0.9431945538974952,0
243,0,6,10,0.5535051648294542,264,12,0.8884502877862838,0
389,0,6,10,0.4699463963025407,273,12,0.8884502877862838,0
342,0,6,10,0.7325596688156976,256,12,0.9431945538974952,0
283,0,6,10,0.378429649820683,264,12,0.9431945538974952,0
291,0,6,10,0.6251269664239516,266,12,0.8884502877862838,0
276,0,6,10,0.2670179584514649,283,12,0.9431945538974952,0
198,0,6,10,0.8002024814327229,197,12,0.8884502877862838,0
369,0,6,10,0.2948708812937694,263,12,0.8884502877862838,0
255,0,6,10,0.485862352212429,225,12,0.9431945538974952,0
270,0,6,10,0.537589208919566,264,12,0.9431945538974952,0
346,0,6,10,0.6211479774464795,266,12,0.9431945538974952,0
320,0,6,10,0.6688958451761444,236,12,0.8884502877862838,0
314,0,6,10,0.808160459387667,215,12,0.8884502877862838,0
382,0,6,10,0.434135495505292,265,12,0.8884502877862838,0
232,0,6,10,1.0110888972387428,228,12,0.9431945538974952,0
271,0,6,10,0.4977993191448452,240,12,0.8884502877862838,0
351,0,6,10,0.6887907900635047,289,12,0.9431945538974952,0
262,0,6,10,0.8399923712074435,242,12,0.9431945538974952,0
297,0,6,10,0.4898413411899011,252,12,0.9431945538974952,0
287,0,6,10,0.6211479774464795,254,12,0.9431945538974952,0
314,0,6,10,0.7206227018832814,221,12,0.8884502877862838,0
365,0,6,10,0.2431440245866324,253,12,0.8884502877862838,0
342,0,6,10,0.4540304403926524,265,12,0.9431945538974952,0
358,0,6,10,0.4221985285728758,256,12,0.8884502877862838,0
316,0,6,10,0.8519293381398598,265,12,0.9431945538974952,0
352,0,6,10,0.6370639333563678,271,12,0.9431945538974952,0
357,0,6,10,0.7285806798382255,216,12,0.9431945538974952,0
352,0,6,10,0.7206227018832814,285,12,0.9431945538974952,0
296,0,6,10,0.6887907900635047,222,12,0.9431945538974952,0
333,0,6,10,0.6450219113113119,243,12,0.8884502877862838,0
245,0,6,10,0.6927697790409768,256,12,0.8884502877862838,0
315,0,6,10,0.6768538231310886,247,12,0.9431945538974952,0
306,0,6,10,0.979256985418966,240,12,0.8884502877862838,0
314,0,6,10,0.3187448151586018,262,12,0.8884502877862838,0
184,0,6,10,0.96732001848655,208,12,0.8884502877862838,0
242,0,6,10,0.8439713601849157,215,12,0.8884502877862838,0
322,0,6,10,0.3704716718657388,253,12,0.8884502877862838,0
379,0,6,10,0.3386397600459622,295,12,0.9431945538974952,0
371,0,6,10,0.2272280686767442,320,12,0.8884502877862838,0
292,0,6,10,0.537589208919566,238,12,0.9431945538974952,0
289,0,6,10,0.6370639333563678,239,12,0.9431945538974952,0
355,0,6,10,0.2908918923162973,322,12,0.9431945538974952,0
267,0,6,10,0.3625136939107947,290,12,0.9431945538974952,0
324,0,6,10,0.6370639333563678,193,12,0.8884502877862838,0
308,0,6,10,0.3704716718657388,231,12,0.8884502877862838,0
271,0,6,10,0.3625136939107947,241,12,0.8884502877862838,0
262,0,6,10,0.9315091176893012,220,12,0.8884502877862838,0
306,0,6,10,0.5654421317618704,231,12,0.8884502877862838,0
273,0,6,10,0.8758032720046922,189,12,0.9431945538974952,0
299,0,6,10,0.5495261758519822,286,12,0.9431945538974952,0
337,0,6,10,0.5535051648294542,248,12,0.8884502877862838,0
336,0,6,10,0.6609378672212003,264,12,0.8884502877862838,0
369,0,6,10,0.5614631427843984,246,12,0.8884502877862838,0
292,0,6,10,0.4301565065278199,271,12,0.9431945538974952,0
313,0,6,10,0.4779043742574848,297,12,0.8884502877862838,0
328,0,6,10,0.7604125916580021,243,12,0.8884502877862838,0
292,0,6,10,0.9553830515541336,265,12,0.8884502877862838,0
287,0,6,10,0.5734001097168147,237,12,0.9431945538974952,0
315,0,6,10,0.8360133822299715,269,12,0.9431945538974952,0
326,0,6,10,0.6052320215365912,226,12,0.8884502877862838,0
313,0,6,10,0.7922445034777786,209,12,0.8884502877862838,0
321,0,6,10,0.5256522419871498,270,12,0.9431945538974952,0
358,0,6,10,0.5017783081223173,270,12,0.9431945538974952,0
407,0,6,10,0.6768538231310886,279,12,0.8884502877862838,0
334,0,6,10,0.4261775175503479,306,12,0.9431945538974952,0
238,0,6,10,0.8399923712074435,266,12,0.8884502877862838,0
295,0,6,10,1.0150678862162148,226,12,0.9431945538974952,0
308,0,6,10,0.7763285475678904,258,12,0.8884502877862838,0
309,0,6,10,0.3903666167530992,318,12,0.8884502877862838,0
360,0,6,10,0.7484756247255858,251,12,0.8884502877862838,0
252,0,6,10,0.6609378672212003,258,12,0.9431945538974952,0
303,0,6,10,0.4619884183475966,273,12,0.8884502877862838,0
313,0,6,10,0.3664926828882667,259,12,0.9431945538974952,0
270,0,6,10,0.8121394483651391,218,12,0.9431945538974952,0
320,0,6,10,0.5813580876717588,214,12,0.9431945538974952,0
299,0,6,10,0.5176942640322055,250,12,0.8884502877862838,0
301,0,6,10,0.7206227018832814,236,12,0.8884502877862838,0
352,0,6,10,0.6052320215365912,255,12,0.9431945538974952,0
267,0,6,10,0.8240764152975553,240,12,0.8884502877862838,0
361,0,6,10,0.7007277569959209,262,12,0.8884502877862838,0
248,0,6,10,0.915593161779413,233,12,0.8884502877862838,0
280,0,6,10,0.5853370766492308,286,12,0.8884502877862838,0
372,0,6,10,0.3505767269783785,260,12,0.8884502877862838,0
313,0,6,10,0.3664926828882667,251,12,0.9431945538974952,0
238,0,6,10,0.6052320215365912,221,12,0.9431945538974952,0
318,0,6,10,0.5813580876717588,234,12,0.9431945538974952,0
296,0,6,10,0.8559083271173319,232,12,0.8884502877862838,0
289,0,6,10,0.4779043742574848,277,12,0.8884502877862838,0
305,0,6,10,0.5773790986942867,208,12,0.9431945538974952,0
281,0,6,10,0.8200974263200832,261,12,0.9431945538974952,0
330,0,6,10,0.485862352212429,293,12,0.9431945538974952,0
286,0,6,10,0.5336102199420939,241,12,0.9431945538974952,0
267,0,6,10,0.7086857349508652,232,12,0.8884502877862838,0
247,0,6,10,0.9076351838244688,228,12,0.8884502877862838,0
326,0,6,10,0.382408638798155,281,12,0.9431945538974952,0
223,0,6,10,0.7763285475678904,249,12,0.9431945538974952,0
287,0,6,10,0.8758032720046922,218,12,0.9431945538974952,0
380,0,6,10,0.2192700907218,291,12,0.8884502877862838,0
225,0,6,10,0.6251269664239516,263,12,0.9431945538974952,0
332,0,6,10,0.4659674073250686,260,12,0.8884502877862838,0
312,0,6,10,0.3386397600459622,276,12,0.8884502877862838,0
332,0,6,10,0.2630389694739928,285,12,0.9431945538974952,0
304,0,6,10,0.7882655145003066,216,12,0.8884502877862838,0
170,0,6,10,1.297576103616732,149,12,0.9431945538974952,0
279,0,6,10,0.8320343932524994,220,12,0.8884502877862838,0
335,0,6,10,0.6848118010860327,214,12,0.8884502877862838,0
179,0,6,10,0.6291059554014237,263,12,0.8884502877862838,0
357,0,6,10,0.5495261758519822,233,12,0.9431945538974952,0
282,0,6,10,0.9474250735991896,250,12,0.8884502877862838,0
268,0,6,10,0.7206227018832814,282,12,0.9431945538974952,0
429,0,6,10,0.274975936406409,319,12,0.9431945538974952,0
257,0,6,10,0.652979889266256,264,12,0.9431945538974952,0
304,0,6,10,0.7285806798382255,216,12,0.8884502877862838,0
336,0,6,10,0.6808328121085606,253,12,0.8884502877862838,0
238,0,6,10,0.8041814704101949,254,12,0.8884502877862838,0
372,0,6,10,0.274975936406409,312,12,0.9431945538974952,0
235,0,6,10,0.326702793113546,281,12,0.9431945538974952,0
340,0,6,10,0.593295054604175,282,12,0.9431945538974952,0
206,0,6,10,0.7683705696129463,242,12,0.9431945538974952,0
314,0,6,10,0.9275301287118292,227,12,0.9431945538974952,0
288,0,6,10,0.7405176467706417,277,12,0.9431945538974952,0
306,0,6,10,0.8399923712074435,213,12,0.9431945538974952,0
314,0,6,10,0.6728748341536165,247,12,0.9431945538974952,0
249,0,6,10,0.6609378672212003,214,12,0.8884502877862838,0
304,0,6,10,0.5734001097168147,259,12,0.9431945538974952,0
291,0,6,10,0.6052320215365912,221,12,0.9431945538974952,0
334,0,6,10,0.4977993191448452,323,12,0.9431945538974952,0
323,0,6,10,0.7803075365453624,260,12,0.9431945538974952,0
268,0,6,10,0.752454613703058,284,12,0.9431945538974952,0
357,0,6,10,0.4779043742574848,261,12,0.9431945538974952,0
268,0,6,10,0.7842865255228345,202,12,0.8884502877862838,0
248,0,6,10,0.8280554042750273,199,12,0.9431945538974952,0
356,0,6,10,0.6131899994915354,278,12,0.9431945538974952,0
318,0,6,10,0.5336102199420939,262,12,0.8884502877862838,0
263,0,6,10,0.6450219113113119,229,12,0.8884502877862838,0
247,0,6,10,0.7405176467706417,237,12,0.9431945538974952,0
311,0,6,10,0.6768538231310886,308,12,0.9431945538974952,0
320,0,6,10,0.6052320215365912,278,12,0.9431945538974952,0
335,0,6,10,0.5574841538069263,257,12,0.9431945538974952,0
258,0,6,10,0.8399923712074435,275,12,0.8884502877862838,0
211,0,6,10,0.975277996441494,220,12,0.9431945538974952,0
363,0,6,10,0.597274043581647,204,12,0.9431945538974952,0
269,0,6,10,0.9235511397343572,238,12,0.9431945538974952,0
337,0,6,10,0.7047067459733931,252,12,0.8884502877862838,0
357,0,6,10,0.4540304403926524,274,12,0.9431945538974952,0
319,0,6,10,0.7007277569959209,268,12,0.9431945538974952,0
311,0,6,10,0.5813580876717588,281,12,0.9431945538974952,0
339,0,6,10,0.5734001097168147,304,12,0.9431945538974952,0
377,0,6,10,0.6092110105140632,240,12,0.9431945538974952,0
254,0,6,10,0.5057572970997893,283,12,0.8884502877862838,0
323,0,6,10,0.4261775175503479,263,12,0.9431945538974952,0
327,0,6,10,0.6450219113113119,238,12,0.9431945538974952,0
288,0,6,10,0.8917192279145806,226,12,0.9431945538974952,0
353,0,6,10,0.2789549253838811,273,12,0.8884502877862838,0
250,0,6,10,0.5097362860772614,270,12,0.8884502877862838,0
267,0,6,10,0.4938203301673731,250,12,0.9431945538974952,0
239,0,6,10,0.5654421317618704,226,12,0.9431945538974952,0
333,0,6,10,0.7166437129058093,257,12,0.9431945538974952,0
360,0,6,10,0.4619884183475966,263,12,0.8884502877862838,0
301,0,6,10,0.4818833632349569,281,12,0.8884502877862838,0
315,0,6,10,0.5455471868745101,246,12,0.8884502877862838,0
304,0,6,10,0.8559083271173319,213,12,0.8884502877862838,0
353,0,6,10,0.652979889266256,274,12,0.8884502877862838,0
333,0,6,10,0.6768538231310886,247,12,0.8884502877862838,0
409,0,6,10,0.1874381789020234,284,12,0.8884502877862838,0
317,0,6,10,0.8161184373426111,256,12,0.9431945538974952,0
242,0,6,10,0.7962234924552508,275,12,0.9431945538974952,0
348,0,6,10,0.3505767269783785,276,12,0.8884502877862838,0
321,0,6,10,0.5535051648294542,218,12,0.9431945538974952,0
313,0,6,10,0.6291059554014237,252,12,0.8884502877862838,0
341,0,6,10,0.6967487680184489,222,12,0.9431945538974952,0
233,0,6,10,0.7126647239283372,237,12,0.8884502877862838,0
398,0,6,10,0.4142405506179316,297,12,0.9431945538974952,0
334,0,6,10,0.7723495585904183,227,12,0.9431945538974952,0
295,0,6,10,1.0110888972387428,255,12,0.9431945538974952,0
205,0,6,10,1.0389418200810472,210,12,0.9431945538974952,0
382,0,6,10,0.3585347049333226,265,12,0.8884502877862838,0
308,0,6,10,0.7047067459733931,260,12,0.9431945538974952,0
321,0,6,10,0.5773790986942867,256,12,0.9431945538974952,0
366,0,6,10,0.5137152750547335,279,12,0.9431945538974952,0
339,0,6,10,0.5614631427843984,257,12,0.9431945538974952,0
283,0,6,10,0.7723495585904183,204,12,0.8884502877862838,0
325,0,6,10,0.8121394483651391,246,12,0.9431945538974952,0
273,0,6,10,0.7564336026805301,197,12,0.8884502877862838,0
285,0,6,10,0.6569588782437281,270,12,0.8884502877862838,0
360,0,6,10,0.5495261758519822,312,12,0.8884502877862838,0
209,0,6,10,0.7126647239283372,204,12,0.9431945538974952,0
312,0,6,10,0.4779043742574848,305,12,0.9431945538974952,0
309,0,6,10,0.6370639333563678,250,12,0.8884502877862838,0
297,0,6,10,0.863866305072276,226,12,0.8884502877862838,0
273,0,6,10,0.752454613703058,227,12,0.8884502877862838,0
300,0,6,10,0.6569588782437281,235,12,0.8884502877862838,0
370,0,6,10,0.5813580876717588,285,12,0.8884502877862838,0
323,0,6,10,0.3863876277756271,278,12,0.8884502877862838,0
309,0,6,10,0.593295054604175,288,12,0.8884502877862838,0
227,0,6,10,0.8758032720046922,209,12,0.8884502877862838,0
219,0,6,10,0.8718242830272201,195,12,0.8884502877862838,0
248,0,6,10,0.5614631427843984,285,12,0.8884502877862838,0
332,0,6,10,0.859887316094804,223,12,0.8884502877862838,0
229,0,6,10,0.6848118010860327,198,12,0.8884502877862838,0
355,0,6,10,0.2272280686767442,266,12,0.9431945538974952,0
329,0,6,10,0.5654421317618704,256,12,0.9431945538974952,0
292,0,6,10,0.7086857349508652,235,12,0.9431945538974952,0
261,0,6,10,0.4221985285728758,262,12,0.8884502877862838,0
250,0,6,10,0.8877402389371084,258,12,0.9431945538974952,0
268,0,6,10,0.7246016908607534,280,12,0.9431945538974952,0
310,0,6,10,0.5535051648294542,322,12,0.9431945538974952,0
347,0,6,10,0.5813580876717588,250,12,0.9431945538974952,0
378,0,6,10,0.5853370766492308,281,12,0.9431945538974952,0
361,0,6,10,0.6450219113113119,240,12,0.9431945538974952,0
243,0,6,10,0.7763285475678904,209,12,0.9431945538974952,0
301,0,6,10,0.652979889266256,266,12,0.8884502877862838,0
269,0,6,10,0.7285806798382255,215,12,0.9431945538974952,0
366,0,6,10,0.6052320215365912,299,12,0.8884502877862838,0
287,0,6,10,0.3943456057305713,264,12,0.8884502877862838,0
331,0,6,10,0.5773790986942867,302,12,0.8884502877862838,0
373,0,6,10,0.6887907900635047,252,12,0.9431945538974952,0
259,0,6,10,0.4938203301673731,261,12,0.9431945538974952,0
339,0,6,10,0.6251269664239516,288,12,0.9431945538974952,0
250,0,6,10,0.4142405506179316,261,12,0.8884502877862838,0
380,0,6,10,0.5256522419871498,293,12,0.9431945538974952,0
321,0,6,10,0.5455471868745101,226,12,0.8884502877862838,0
279,0,6,10,0.7246016908607534,209,12,0.8884502877862838,0
255,0,6,10,0.9275301287118292,232,12,0.8884502877862838,0
345,0,6,10,0.7007277569959209,232,12,0.8884502877862838,0
386,0,6,10,0.4898413411899011,295,12,0.9431945538974952,0
287,0,6,10,0.4261775175503479,232,12,0.8884502877862838,0
388,0,6,10,0.8439713601849157,230,12,0.8884502877862838,0
246,0,6,10,0.8479503491623878,196,12,0.8884502877862838,0
341,0,6,10,0.4261775175503479,273,12,0.8884502877862838,0
312,0,6,10,0.8161184373426111,267,12,0.9431945538974952,0
284,0,6,10,0.597274043581647,238,12,0.8884502877862838,0
262,0,6,10,0.6649168561986724,230,12,0.9431945538974952,0
277,0,6,10,0.96732001848655,220,12,0.8884502877862838,0
279,0,6,10,0.5057572970997893,315,12,0.9431945538974952,0
309,0,6,10,0.3505767269783785,275,12,0.8884502877862838,0
224,0,6,10,0.7604125916580021,227,12,0.9431945538974952,0
284,0,6,10,0.5336102199420939,275,12,0.9431945538974952,0
352,0,6,10,0.6808328121085606,276,12,0.8884502877862838,0
186,0,6,10,0.8519293381398598,186,12,0.9431945538974952,0
277,0,6,10,0.5813580876717588,235,12,0.9431945538974952,0
299,0,6,10,0.6052320215365912,283,12,0.8884502877862838,0
283,0,6,10,0.6848118010860327,240,12,0.9431945538974952,0
367,0,6,10,0.5893160656267029,271,12,0.8884502877862838,0
272,0,6,10,0.8280554042750273,241,12,0.8884502877862838,0
281,0,6,10,0.9872149633739103,194,12,0.8884502877862838,0
317,0,6,10,0.8002024814327229,246,12,0.8884502877862838,0
279,0,6,10,0.6330849443788957,232,12,0.9431945538974952,0
270,0,6,10,0.7206227018832814,236,12,0.9431945538974952,0
313,0,6,10,0.8240764152975553,242,12,0.9431945538974952,0
374,0,6,10,0.7047067459733931,254,12,0.9431945538974952,0
289,0,6,10,0.5097362860772614,267,12,0.8884502877862838,0
231,0,6,10,1.019046875193687,192,12,0.9431945538974952,0
280,0,6,10,0.963341029509078,200,12,0.9431945538974952,0
282,0,6,10,0.5614631427843984,271,12,0.9431945538974952,0
289,0,6,10,0.6171689884690075,214,12,0.8884502877862838,0
285,0,6,10,0.8439713601849157,195,12,0.8884502877862838,0
375,0,6,10,0.3505767269783785,301,12,0.9431945538974952,0
353,0,6,10,0.8559083271173319,245,12,0.8884502877862838,0
318,0,6,10,0.7246016908607534,234,12,0.9431945538974952,0
269,0,6,10,0.6728748341536165,231,12,0.9431945538974952,0
89,6,0,10,1.0389418200810472,110,6,0.9431945538974952,1
67,6,0,10,1.08271069883324,117,6,0.9431945538974952,1
49,6,0,10,1.190143401224986,93,6,0.8884502877862838,1
55,6,0,10,1.3731768941887017,96,1,0.8884502877862838,1
72,6,0,10,1.281660147706844,108,1,0.8884502877862838,1
51,6,0,10,1.3055340815716765,101,1,0.8884502877862838,1
52,6,0,10,1.508462519422752,79,1,0.9431945538974952,1
73,6,0,10,1.0110888972387428,136,1,0.8884502877862838,1
52,6,0,10,1.130458566562905,109,6,0.9431945538974952,1
37,6,0,10,1.564168365107361,70,1,0.9431945538974952,1
47,6,0,10,1.2299332909997067,86,1,0.8884502877862838,1
65,6,0,10,1.349302960323869,101,6,0.8884502877862838,1
51,6,0,10,1.29359711463926,98,6,0.8884502877862838,1
32,6,0,10,1.3652189162337574,79,6,0.8884502877862838,1
62,6,0,10,1.3254290264590365,116,1,0.8884502877862838,1
51,6,0,10,1.253807224864539,101,6,0.9431945538974952,1
68,6,0,10,0.9991519303063264,126,1,0.9431945538974952,1
62,6,0,10,1.2219753130447626,109,1,0.9431945538974952,1
58,6,0,10,0.9991519303063264,117,6,0.9431945538974952,1
56,6,0,10,1.1543325004277374,111,1,0.9431945538974952,1
49,6,0,10,1.3134920595266204,94,1,0.9431945538974952,1
51,6,0,10,1.130458566562905,84,1,0.9431945538974952,1
56,6,0,10,1.4209247619183665,94,6,0.8884502877862838,1
61,6,0,10,1.0508787870134637,121,1,0.8884502877862838,1
60,6,0,10,1.237891268954651,120,1,0.8884502877862838,1
74,6,0,10,1.1105636216755446,129,6,0.8884502877862838,1
45,6,0,10,1.301555092594204,83,1,0.8884502877862838,1
59,6,0,10,1.5243784753326404,80,6,0.8884502877862838,1
61,6,0,10,1.0667947429233515,117,1,0.8884502877862838,1
59,6,0,10,1.2179963240672906,90,1,0.8884502877862838,1
53,6,0,10,1.3373659933914528,94,1,0.8884502877862838,1
64,6,0,10,1.186164412247514,110,1,0.9431945538974952,1
62,6,0,10,1.3652189162337574,89,1,0.9431945538974952,1
44,6,0,10,1.3333870044139808,73,6,0.9431945538974952,1
55,6,0,10,1.253807224864539,123,1,0.9431945538974952,1
55,6,0,10,1.281660147706844,103,1,0.9431945538974952,1
56,6,0,10,1.3612399272562852,77,1,0.8884502877862838,1
45,6,0,10,1.345323971346397,103,1,0.8884502877862838,1
50,6,0,10,1.3652189162337574,81,6,0.8884502877862838,1
60,6,0,10,1.3214500374815643,87,6,0.8884502877862838,1
69,6,0,10,1.2140173350898185,111,6,0.9431945538974952,1
59,6,0,10,1.1423955334953213,141,6,0.9431945538974952,1
48,6,0,10,1.3572609382788132,97,1,0.9431945538974952,1
57,6,0,10,1.241870257932123,96,6,0.8884502877862838,1
64,6,0,10,1.1583114894052096,111,6,0.8884502877862838,1
53,6,0,10,1.3254290264590365,83,1,0.8884502877862838,1
54,6,0,10,1.130458566562905,107,6,0.8884502877862838,1
67,6,0,10,1.1264795775854328,142,1,0.9431945538974952,1
69,6,0,10,1.1145426106530167,99,1,0.8884502877862838,1
47,6,0,10,1.464693640670559,85,6,0.9431945538974952,1
63,6,0,10,1.1981013791799302,116,1,0.9431945538974952,1
60,6,0,10,1.2100383461123465,83,1,0.9431945538974952,1
58,6,0,10,0.919572150756885,126,6,0.9431945538974952,1
45,6,0,10,1.186164412247514,96,1,0.9431945538974952,1
49,6,0,10,1.2100383461123465,95,1,0.8884502877862838,1
73,6,0,10,0.9991519303063264,118,1,0.8884502877862838,1
75,6,0,10,1.3254290264590365,110,6,0.8884502877862838,1
41,6,0,10,1.4089877949859502,76,6,0.9431945538974952,1
63,6,0,10,1.1782064342925698,108,1,0.8884502877862838,1
49,6,0,10,1.2697231807744276,84,1,0.8884502877862838,1
40,6,0,10,1.353281949301341,68,6,0.9431945538974952,1
62,6,0,10,1.186164412247514,101,1,0.8884502877862838,1
55,6,0,10,1.281660147706844,92,1,0.8884502877862838,1
51,6,0,10,1.237891268954651,91,6,0.8884502877862838,1
57,6,0,10,1.0667947429233515,117,1,0.9431945538974952,1
61,6,0,10,1.2697231807744276,120,1,0.8884502877862838,1
67,6,0,10,1.1981013791799302,111,1,0.9431945538974952,1
46,6,0,10,1.1941223902024585,96,1,0.9431945538974952,1
61,6,0,10,1.1463745224727933,100,1,0.8884502877862838,1
57,6,0,10,1.186164412247514,97,1,0.8884502877862838,1
54,6,0,10,0.9911939523513824,105,6,0.9431945538974952,1
30,6,0,10,1.2856391366843158,116,6,0.9431945538974952,1
43,6,0,10,1.5005045414678078,87,6,0.9431945538974952,1
58,6,0,10,1.1622904783826815,82,6,0.9431945538974952,1
52,6,0,10,1.1782064342925698,75,1,0.9431945538974952,1
46,6,0,10,1.2776811587293715,102,1,0.8884502877862838,1
72,6,0,10,1.2498282358870672,115,6,0.9431945538974952,1
45,6,0,10,1.50448353044528,63,6,0.9431945538974952,1
46,6,0,10,1.281660147706844,70,6,0.9431945538974952,1
39,6,0,10,1.5800843210172493,74,6,0.8884502877862838,1
46,6,0,10,1.3572609382788132,83,1,0.8884502877862838,1
67,6,0,10,1.0986266547431285,94,6,0.9431945538974952,1
59,6,0,10,1.345323971346397,103,6,0.9431945538974952,1
47,6,0,10,1.3254290264590365,92,1,0.8884502877862838,1
38,6,0,10,1.405008806008478,47,6,0.9431945538974952,1
44,6,0,10,1.440819706805727,77,1,0.9431945538974952,1
48,6,0,10,1.237891268954651,99,1,0.8884502877862838,1
51,6,0,10,1.0866896878107122,88,1,0.9431945538974952,1
70,6,0,10,1.182185423270042,115,1,0.8884502877862838,1
61,6,0,10,1.253807224864539,101,1,0.9431945538974952,1
43,6,0,10,1.182185423270042,88,6,0.9431945538974952,1
48,6,0,10,1.0508787870134637,101,6,0.9431945538974952,1
43,6,0,10,1.3612399272562852,67,6,0.8884502877862838,1
55,6,0,10,1.2697231807744276,92,6,0.9431945538974952,1
59,6,0,10,1.3055340815716765,80,6,0.9431945538974952,1
43,6,0,10,1.2856391366843158,93,1,0.9431945538974952,1
42,6,0,10,1.3851138611211178,70,1,0.8884502877862838,1
45,6,0,10,1.440819706805727,63,6,0.9431945538974952,1
56,6,0,10,1.1423955334953213,99,1,0.9431945538974952,1
44,6,0,10,1.3612399272562852,86,1,0.8884502877862838,1
46,6,0,10,1.2179963240672906,96,1,0.9431945538974952,1
69,6,0,10,1.341344982368925,108,6,0.8884502877862838,1
33,6,0,10,1.3572609382788132,75,1,0.8884502877862838,1
71,6,0,10,1.2100383461123465,95,1,0.8884502877862838,1
65,6,0,10,1.3771558831661737,92,1,0.8884502877862838,1
57,6,0,10,0.9872149633739103,138,1,0.8884502877862838,1
39,6,0,10,1.0946476657656563,124,6,0.9431945538974952,1
50,6,0,10,1.3055340815716765,107,1,0.9431945538974952,1
50,6,0,10,1.3691979052112293,94,6,0.9431945538974952,1
60,6,0,10,1.237891268954651,108,1,0.8884502877862838,1
43,6,0,10,1.4328617288507826,74,1,0.9431945538974952,1
61,6,0,10,1.1702484563376256,87,1,0.8884502877862838,1
55,6,0,10,0.9832359743964384,101,1,0.9431945538974952,1
53,6,0,10,1.2657441917969554,94,1,0.8884502877862838,1
48,6,0,10,1.440819706805727,97,6,0.8884502877862838,1
58,6,0,10,1.241870257932123,81,6,0.8884502877862838,1
64,6,0,10,1.182185423270042,94,6,0.9431945538974952,1
44,6,0,10,1.4806095965804476,92,1,0.8884502877862838,1
54,6,0,10,1.237891268954651,101,6,0.8884502877862838,1
64,6,0,10,1.1503535114502654,102,1,0.9431945538974952,1
38,6,0,10,1.3174710485040924,91,1,0.9431945538974952,1
52,6,0,10,1.4249037508958384,77,6,0.8884502877862838,1
40,6,0,10,1.3612399272562852,99,1,0.9431945538974952,1
33,6,0,10,1.512441508400224,78,1,0.9431945538974952,1
65,6,0,10,1.233912279977179,112,1,0.8884502877862838,1
61,6,0,10,1.190143401224986,103,6,0.9431945538974952,1
62,6,0,10,1.341344982368925,102,1,0.9431945538974952,1
51,6,0,10,1.233912279977179,84,1,0.8884502877862838,1
46,6,0,10,1.2737021697518995,89,6,0.9431945538974952,1
54,6,0,10,1.2737021697518995,87,6,0.8884502877862838,1
44,6,0,10,1.0667947429233515,106,1,0.9431945538974952,1
67,6,0,10,1.2179963240672906,106,6,0.9431945538974952,1
43,6,0,10,1.2737021697518995,80,6,0.8884502877862838,1
49,6,0,10,1.341344982368925,86,1,0.8884502877862838,1
64,6,0,10,1.241870257932123,116,1,0.9431945538974952,1
56,6,0,10,1.345323971346397,83,1,0.8884502877862838,1
58,6,0,10,1.186164412247514,95,1,0.9431945538974952,1
60,6,0,10,1.29359711463926,89,6,0.8884502877862838,1
48,6,0,10,1.3572609382788132,81,6,0.9431945538974952,1
69,6,0,10,1.2060593571348743,125,1,0.8884502877862838,1
48,6,0,10,1.50448353044528,73,6,0.9431945538974952,1
47,6,0,10,1.4288827398733106,67,1,0.8884502877862838,1
41,6,0,10,1.233912279977179,81,6,0.8884502877862838,1
41,6,0,10,1.3890928500985895,83,1,0.9431945538974952,1
56,6,0,10,1.3572609382788132,99,6,0.8884502877862838,1
78,6,0,10,1.1105636216755446,102,1,0.9431945538974952,1
68,6,0,10,1.3771558831661737,77,6,0.8884502877862838,1
64,6,0,10,1.2020803681574024,104,6,0.9431945538974952,1
38,6,0,10,1.5283574643101123,77,6,0.8884502877862838,1
56,6,0,10,1.2259543020222348,108,6,0.9431945538974952,1
60,6,0,10,1.289618125661788,90,6,0.9431945538974952,1
67,6,0,10,1.3333870044139808,88,6,0.8884502877862838,1
57,6,0,10,1.1145426106530167,111,6,0.9431945538974952,1
69,6,0,10,1.2856391366843158,112,1,0.8884502877862838,1
59,6,0,10,1.1622904783826815,102,1,0.8884502877862838,1
42,6,0,10,1.5920212879496656,69,6,0.8884502877862838,1
36,6,0,10,1.456735662715615,81,1,0.8884502877862838,1
63,6,0,10,1.2219753130447626,95,6,0.8884502877862838,1
63,6,0,10,1.4089877949859502,83,1,0.8884502877862838,1
59,6,0,10,1.2179963240672906,114,6,0.8884502877862838,1
68,6,0,10,1.08271069883324,107,6,0.8884502877862838,1
59,6,0,10,1.393071839076062,72,6,0.9431945538974952,1
46,6,0,10,1.5283574643101123,71,1,0.8884502877862838,1
49,6,0,10,1.5840633099947214,64,6,0.9431945538974952,1
51,6,0,10,1.2219753130447626,89,1,0.8884502877862838,1
56,6,0,10,1.2458492469095952,87,6,0.8884502877862838,1
60,6,0,10,1.2498282358870672,96,6,0.8884502877862838,1
37,6,0,10,1.349302960323869,73,6,0.8884502877862838,1
72,6,0,10,1.090668676788184,112,6,0.9431945538974952,1
55,6,0,10,1.030983842126103,108,1,0.9431945538974952,1
63,6,0,10,1.134437555540377,123,6,0.8884502877862838,1
66,6,0,10,1.3572609382788132,99,6,0.9431945538974952,1
63,6,0,10,1.2299332909997067,108,6,0.8884502877862838,1
69,6,0,10,1.2100383461123465,100,6,0.9431945538974952,1
57,6,0,10,1.3095130705491482,99,6,0.8884502877862838,1
54,6,0,10,1.3294080154365089,84,1,0.9431945538974952,1
57,6,0,10,1.2697231807744276,113,1,0.9431945538974952,1
56,6,0,10,1.3095130705491482,86,6,0.8884502877862838,1
69,6,0,10,1.1981013791799302,119,6,0.8884502877862838,1
57,6,0,10,1.2617652028194837,88,6,0.9431945538974952,1
56,6,0,10,1.2259543020222348,95,1,0.9431945538974952,1
49,6,0,10,1.3890928500985895,82,6,0.9431945538974952,1
62,6,0,10,1.1503535114502654,97,6,0.8884502877862838,1
45,6,0,10,1.1463745224727933,122,1,0.8884502877862838,1
55,6,0,10,1.241870257932123,92,6,0.9431945538974952,1
70,6,0,10,1.3691979052112293,96,6,0.9431945538974952,1
54,6,0,10,1.233912279977179,91,6,0.9431945538974952,1
47,6,0,10,1.3174710485040924,96,1,0.8884502877862838,1
54,6,0,10,1.2219753130447626,90,1,0.9431945538974952,1
60,6,0,10,1.3294080154365089,102,1,0.8884502877862838,1
69,6,0,10,1.130458566562905,99,6,0.8884502877862838,1
51,6,0,10,1.4607146516930871,97,6,0.9431945538974952,1
53,6,0,10,1.3294080154365089,84,1,0.8884502877862838,1
64,6,0,10,1.3214500374815643,92,6,0.8884502877862838,1
54,6,0,10,1.2617652028194837,78,6,0.8884502877862838,1
55,6,0,10,1.1981013791799302,105,1,0.8884502877862838,1
62,6,0,10,1.2856391366843158,102,6,0.8884502877862838,1
47,6,0,10,1.301555092594204,78,1,0.9431945538974952,1
58,6,0,10,1.1225005886079609,135,1,0.8884502877862838,1
61,6,0,10,1.301555092594204,70,6,0.8884502877862838,1
55,6,0,10,1.2219753130447626,100,6,0.8884502877862838,1
60,6,0,10,1.237891268954651,88,1,0.9431945538974952,1
44,6,0,10,1.3214500374815643,81,1,0.9431945538974952,1
70,6,0,10,1.023025864171159,118,1,0.9431945538974952,1
71,6,0,10,1.1702484563376256,119,6,0.8884502877862838,1
54,6,0,10,1.1941223902024585,100,1,0.8884502877862838,1
53,6,0,10,0.9911939523513824,113,1,0.8884502877862838,1
70,6,0,10,0.9553830515541336,122,1,0.8884502877862838,1
62,6,0,10,1.2299332909997067,84,1,0.8884502877862838,1
50,6,0,10,1.190143401224986,86,1,0.8884502877862838,1
52,6,0,10,1.3294080154365089,81,6,0.9431945538974952,1
59,6,0,10,1.2856391366843158,68,6,0.9431945538974952,1
67,6,0,10,1.2299332909997067,110,6,0.9431945538974952,1
52,6,0,10,1.1065846326980726,120,1,0.9431945538974952,1
43,6,0,10,1.4965255524903358,85,6,0.8884502877862838,1
54,6,0,10,1.2657441917969554,116,6,0.8884502877862838,1
51,6,0,10,1.349302960323869,103,6,0.8884502877862838,1
59,6,0,10,1.1065846326980726,105,1,0.9431945538974952,1
48,6,0,10,1.2100383461123465,86,6,0.8884502877862838,1
51,6,0,10,1.2657441917969554,98,1,0.8884502877862838,1
36,6,0,10,1.2020803681574024,116,6,0.9431945538974952,1
32,6,0,10,1.2060593571348743,100,1,0.9431945538974952,1
65,6,0,10,1.1105636216755446,114,1,0.8884502877862838,1
51,6,0,10,1.1742274453150978,95,1,0.8884502877862838,1
70,6,0,10,1.130458566562905,132,6,0.9431945538974952,1
74,6,0,10,1.0866896878107122,109,1,0.8884502877862838,1
72,6,0,10,1.2060593571348743,122,6,0.9431945538974952,1
48,6,0,10,1.2856391366843158,75,1,0.8884502877862838,1
61,6,0,10,1.1503535114502654,127,1,0.9431945538974952,1
59,6,0,10,1.3691979052112293,86,1,0.9431945538974952,1
51,6,0,10,1.2140173350898185,94,6,0.9431945538974952,1
60,6,0,10,1.1543325004277374,101,1,0.9431945538974952,1
53,6,0,10,1.3174710485040924,111,1,0.8884502877862838,1
58,6,0,10,1.3214500374815643,96,1,0.9431945538974952,1
49,6,0,10,1.3373659933914528,96,1,0.8884502877862838,1
77,6,0,10,1.182185423270042,103,6,0.8884502877862838,1
58,6,0,10,1.1782064342925698,100,1,0.8884502877862838,1
66,6,0,10,1.1622904783826815,117,1,0.8884502877862838,1
46,6,0,10,1.2259543020222348,110,1,0.8884502877862838,1
36,6,0,10,1.2219753130447626,76,6,0.8884502877862838,1
65,6,0,10,1.134437555540377,128,1,0.8884502877862838,1
74,6,0,10,1.0548577759909357,132,6,0.9431945538974952,1
61,6,0,10,1.2458492469095952,115,6,0.9431945538974952,1
42,6,0,10,1.3134920595266204,92,1,0.9431945538974952,1
49,6,0,10,1.3652189162337574,97,6,0.9431945538974952,1
63,6,0,10,1.0628157539458798,130,1,0.8884502877862838,1
51,6,0,10,1.2776811587293715,108,1,0.8884502877862838,1
40,6,0,10,1.3214500374815643,87,1,0.9431945538974952,1
73,6,0,10,1.3691979052112293,90,1,0.9431945538974952,1
66,6,0,10,1.1622904783826815,96,6,0.8884502877862838,1
43,6,0,10,1.397050828053534,94,6,0.9431945538974952,1
26,6,0,10,1.4885675745353917,65,1,0.8884502877862838,1
56,6,0,10,1.1105636216755446,115,6,0.9431945538974952,1
61,6,0,10,1.253807224864539,89,6,0.8884502877862838,1
44,6,0,10,1.2299332909997067,92,1,0.8884502877862838,1
75,6,0,10,1.1503535114502654,116,6,0.9431945538974952,1
58,6,0,10,1.2617652028194837,81,1,0.9431945538974952,1
85,6,0,10,1.2179963240672906,100,1,0.9431945538974952,1
50,6,0,10,1.3811348721436456,82,1,0.8884502877862838,1
80,6,0,10,1.1185215996304887,126,6,0.8884502877862838,1
52,6,0,10,1.3095130705491482,83,6,0.8884502877862838,1
54,6,0,10,1.237891268954651,104,6,0.9431945538974952,1
62,6,0,10,1.2299332909997067,102,6,0.9431945538974952,1
61,6,0,10,1.1026056437206004,111,1,0.9431945538974952,1
44,6,0,10,1.2179963240672906,93,6,0.8884502877862838,1
57,6,0,10,1.341344982368925,85,6,0.8884502877862838,1
55,6,0,10,1.0986266547431285,113,6,0.9431945538974952,1
57,6,0,10,1.2259543020222348,101,1,0.9431945538974952,1
75,6,0,10,1.1702484563376256,119,1,0.8884502877862838,1
42,6,0,10,1.4089877949859502,77,1,0.9431945538974952,1
53,6,0,10,1.345323971346397,88,6,0.8884502877862838,1
46,6,0,10,1.29359711463926,82,6,0.8884502877862838,1
41,6,0,10,1.401029817031006,71,1,0.9431945538974952,1
52,6,0,10,1.3254290264590365,94,6,0.8884502877862838,1
38,6,0,10,1.1065846326980726,86,1,0.9431945538974952,1
65,6,0,10,1.2060593571348743,106,1,0.9431945538974952,1
46,6,0,10,1.2617652028194837,86,6,0.9431945538974952,1
46,6,0,10,1.452756673738143,96,1,0.9431945538974952,1
62,6,0,10,1.0667947429233515,110,1,0.8884502877862838,1
56,6,0,10,1.190143401224986,111,1,0.9431945538974952,1
53,6,0,10,1.4686726296480312,71,6,0.9431945538974952,1
38,6,0,10,1.2856391366843158,90,1,0.9431945538974952,1
51,6,0,10,1.2856391366843158,99,1,0.8884502877862838,1
62,6,0,10,1.0946476657656563,131,1,0.9431945538974952,1
72,6,0,10,1.030983842126103,102,1,0.9431945538974952,1
64,6,0,10,1.1423955334953213,97,1,0.9431945538974952,1
54,6,0,10,1.1423955334953213,100,1,0.8884502877862838,1
62,6,0,10,1.2856391366843158,77,1,0.9431945538974952,1
52,6,0,10,1.241870257932123,100,1,0.8884502877862838,1
72,6,0,10,0.9593620405316058,123,1,0.8884502877862838,1
69,6,0,10,1.08271069883324,110,6,0.9431945538974952,1
61,6,0,10,1.4686726296480312,77,6,0.8884502877862838,1
46,6,0,10,1.237891268954651,115,1,0.8884502877862838,1
67,6,0,10,1.1503535114502654,116,1,0.9431945538974952,1
68,6,0,10,1.237891268954651,92,6,0.8884502877862838,1
70,6,0,10,1.0110888972387428,144,6,0.9431945538974952,1
57,6,0,10,1.1742274453150978,109,1,0.9431945538974952,1
51,6,0,10,1.1105636216755446,84,6,0.9431945538974952,1
62,6,0,10,1.1941223902024585,104,6,0.9431945538974952,1
66,6,0,10,1.241870257932123,95,6,0.9431945538974952,1
49,6,0,10,1.353281949301341,93,6,0.8884502877862838,1
40,6,0,10,1.401029817031006,80,6,0.8884502877862838,1
62,6,0,10,1.4726516186255034,78,1,0.9431945538974952,1
29,6,0,10,1.3254290264590365,74,6,0.9431945538974952,1
40,6,0,10,1.2060593571348743,87,1,0.8884502877862838,1
58,6,0,10,1.2776811587293715,80,1,0.8884502877862838,1
64,6,0,10,1.190143401224986,100,1,0.9431945538974952,1
80,6,0,10,1.1026056437206004,123,1,0.9431945538974952,1
53,6,0,10,1.1463745224727933,107,6,0.8884502877862838,1
47,6,0,10,1.4249037508958384,97,6,0.8884502877862838,1
33,6,0,10,1.3214500374815643,95,1,0.9431945538974952,1
51,6,0,10,1.2776811587293715,105,6,0.8884502877862838,1
56,6,0,10,1.241870257932123,92,6,0.9431945538974952,1
56,6,0,10,1.4328617288507826,84,1,0.8884502877862838,1
49,6,0,10,1.1662694673601537,112,1,0.8884502877862838,1
68,6,0,10,1.046899798035991,124,1,0.8884502877862838,1
36,6,0,10,1.3373659933914528,72,1,0.8884502877862838,1
56,6,0,10,1.2697231807744276,92,6,0.9431945538974952,1
52,6,0,10,1.452756673738143,92,1,0.8884502877862838,1
49,6,0,10,1.3811348721436456,87,6,0.8884502877862838,1
49,6,0,10,1.4249037508958384,108,1,0.8884502877862838,1
52,6,0,10,1.1742274453150978,83,1,0.8884502877862838,1
45,6,0,10,1.2737021697518995,86,1,0.8884502877862838,1
50,6,0,10,1.3294080154365089,82,1,0.8884502877862838,1
61,6,0,10,1.2299332909997067,93,6,0.9431945538974952,1
71,6,0,10,1.134437555540377,101,1,0.9431945538974952,1
44,6,0,10,1.4965255524903358,71,1,0.8884502877862838,1
45,6,0,10,1.3652189162337574,84,1,0.9431945538974952,1
67,6,0,10,1.289618125661788,97,1,0.8884502877862838,1
59,6,0,10,1.2856391366843158,93,6,0.9431945538974952,1
37,6,0,10,1.241870257932123,70,1,0.9431945538974952,1
72,6,0,10,1.0349628311035752,129,6,0.8884502877862838,1
69,6,0,10,1.2060593571348743,125,1,0.8884502877862838,1
69,6,0,10,1.090668676788184,126,1,0.9431945538974952,1
41,6,0,10,1.3890928500985895,79,1,0.8884502877862838,1
54,6,0,10,1.1742274453150978,101,1,0.8884502877862838,1
57,6,0,10,1.3373659933914528,100,6,0.8884502877862838,1
68,6,0,10,1.2179963240672906,107,6,0.9431945538974952,1
49,6,0,10,1.4726516186255034,95,1,0.9431945538974952,1
56,6,0,10,1.1662694673601537,139,1,0.8884502877862838,1
58,6,0,10,1.297576103616732,93,1,0.8884502877862838,1
43,6,0,10,1.2856391366843158,92,6,0.9431945538974952,1
52,6,0,10,1.2498282358870672,104,6,0.9431945538974952,1
43,6,0,10,1.4726516186255034,93,1,0.8884502877862838,1
58,6,0,10,1.341344982368925,79,1,0.8884502877862838,1
48,6,0,10,1.301555092594204,93,1,0.9431945538974952,1
42,6,0,10,1.3134920595266204,66,1,0.9431945538974952,1
73,6,0,10,1.0150678862162148,116,1,0.8884502877862838,1
49,6,0,10,1.3811348721436456,75,6,0.8884502877862838,1
63,6,0,10,1.2697231807744276,106,1,0.9431945538974952,1
37,6,0,10,1.349302960323869,92,6,0.9431945538974952,1
53,6,0,10,1.3373659933914528,103,1,0.8884502877862838,1
45,6,0,10,1.3214500374815643,92,6,0.8884502877862838,1
43,6,0,7,0.8399923712074435,47,4,0.0273721330556057,1
37,6,0,7,0.752454613703058,51,4,0.8884502877862838,1
43,6,0,5,0.7126647239283372,56,4,0.0273721330556057,1
9,6,0,5,0.9354881066667734,35,4,1.804272708628173,1
35,6,0,5,0.7086857349508652,54,4,0.0273721330556057,1
53,6,0,7,0.649000900288784,44,4,0.9431945538974952,1
18,6,0,7,0.979256985418966,39,4,0.0273721330556057,1
31,6,0,7,0.7484756247255858,55,4,0.8884502877862838,1
27,6,0,7,0.8479503491623878,44,4,0.8884502877862838,1
17,6,0,7,0.8678452940497481,43,4,1.804272708628173,1
20,6,0,5,0.8240764152975553,37,4,0.0273721330556057,1
33,6,0,7,1.0667947429233515,38,4,0.8884502877862838,1
29,6,0,5,0.7325596688156976,61,4,0.8884502877862838,1
27,6,0,5,0.8399923712074435,42,4,0.9431945538974952,1
17,6,0,5,1.0628157539458798,41,4,0.0273721330556057,1
33,6,0,5,0.8718242830272201,48,4,0.0273721330556057,1
38,6,0,7,0.8519293381398598,53,4,0.8884502877862838,1
16,6,0,7,1.1622904783826815,26,4,0.8884502877862838,1
37,6,0,5,0.4818833632349569,61,4,0.9431945538974952,1
25,6,0,7,0.8200974263200832,42,4,0.0273721330556057,1
32,6,0,7,0.9235511397343572,39,4,0.0273721330556057,1
25,6,0,5,0.8041814704101949,47,4,0.8884502877862838,1
24,6,0,7,0.8041814704101949,47,4,0.9431945538974952,1
28,6,0,7,0.859887316094804,51,4,1.804272708628173,1
13,6,0,5,0.9991519303063264,43,4,1.804272708628173,1
27,6,0,5,1.0429208090585194,43,4,1.804272708628173,1
17,6,0,5,0.96732001848655,27,4,1.804272708628173,1
24,6,0,5,0.8797822609821643,49,4,0.0273721330556057,1
35,6,0,5,0.7405176467706417,55,4,0.9431945538974952,1
29,6,0,5,1.007109908261271,40,4,0.8884502877862838,1
37,6,0,7,0.8280554042750273,49,4,1.804272708628173,1
23,6,0,5,0.7444966357481138,61,4,0.0273721330556057,1
23,6,0,7,0.9354881066667734,31,4,0.9431945538974952,1
28,6,0,7,0.9434460846217176,45,4,1.804272708628173,1
31,6,0,7,0.752454613703058,47,4,0.0273721330556057,1
23,6,0,7,0.9434460846217176,49,4,0.8884502877862838,1
36,6,0,7,1.0349628311035752,51,4,0.8884502877862838,1
38,6,0,7,0.752454613703058,49,4,1.804272708628173,1
44,6,0,5,0.8399923712074435,58,4,0.0273721330556057,1
23,6,0,7,0.8360133822299715,45,4,0.9431945538974952,1
38,6,0,5,0.6887907900635047,54,4,1.804272708628173,1
37,6,0,5,0.7962234924552508,56,4,0.0273721330556057,1
30,6,0,7,0.7643915806354742,55,4,0.0273721330556057,1
51,6,0,5,0.7126647239283372,65,4,0.9431945538974952,1
30,6,0,5,0.7444966357481138,53,4,0.8884502877862838,1
31,6,0,5,1.0389418200810472,36,4,0.9431945538974952,1
25,6,0,5,0.9434460846217176,42,4,0.0273721330556057,1
42,6,0,5,0.6609378672212003,60,4,0.9431945538974952,1
17,6,0,5,0.8479503491623878,38,4,0.9431945538974952,1
13,6,0,7,0.8678452940497481,42,4,0.0273721330556057,1
15,6,0,5,1.1941223902024585,21,4,1.804272708628173,1
23,6,0,7,0.752454613703058,46,4,0.0273721330556057,1
29,6,0,7,0.808160459387667,41,4,0.8884502877862838,1
33,6,0,5,0.7882655145003066,55,4,1.804272708628173,1
25,6,0,7,0.919572150756885,40,4,1.804272708628173,1
43,6,0,7,0.7365386577931696,56,4,0.8884502877862838,1
29,6,0,5,0.8837612499596363,56,4,0.8884502877862838,1
38,6,0,7,0.9434460846217176,52,4,0.8884502877862838,1
45,6,0,7,0.7365386577931696,61,4,1.804272708628173,1
37,6,0,5,0.752454613703058,62,4,0.0273721330556057,1
28,6,0,5,0.7643915806354742,55,4,1.804272708628173,1
26,6,0,5,0.9951729413288544,39,4,0.8884502877862838,1
35,6,0,7,0.8758032720046922,43,4,1.804272708628173,1
16,6,0,5,0.96732001848655,40,4,0.8884502877862838,1
33,6,0,7,0.7882655145003066,56,4,0.0273721330556057,1
30,6,0,5,0.808160459387667,54,4,0.8884502877862838,1
17,6,0,5,0.808160459387667,38,4,0.0273721330556057,1
50,6,0,7,0.6410429223338399,61,4,0.8884502877862838,1
38,6,0,5,0.6967487680184489,59,4,1.804272708628173,1
42,6,0,7,0.541568197897038,59,4,0.9431945538974952,1
18,6,0,7,1.027004853148631,38,4,0.9431945538974952,1
44,6,0,5,0.7723495585904183,47,4,0.0273721330556057,1
40,6,0,7,0.7007277569959209,44,4,0.8884502877862838,1
33,6,0,7,0.8002024814327229,56,4,0.0273721330556057,1
38,6,0,7,0.8797822609821643,51,4,1.804272708628173,1
33,6,0,5,0.9235511397343572,44,4,0.0273721330556057,1
33,6,0,5,0.915593161779413,53,4,0.9431945538974952,1
20,6,0,7,0.863866305072276,43,4,0.0273721330556057,1
20,6,0,5,0.9275301287118292,34,4,0.8884502877862838,1
19,6,0,7,0.8280554042750273,44,4,1.804272708628173,1
24,6,0,5,0.9394670956442456,40,4,0.9431945538974952,1
30,6,0,5,0.808160459387667,45,4,0.0273721330556057,1
28,6,0,7,0.8479503491623878,40,4,0.0273721330556057,1
36,6,0,7,0.6131899994915354,54,4,0.8884502877862838,1
29,6,0,7,0.8678452940497481,53,4,0.0273721330556057,1
20,6,0,7,1.0389418200810472,41,4,0.8884502877862838,1
18,6,0,7,0.971299007464022,33,4,1.804272708628173,1
38,6,0,5,0.9315091176893012,41,4,0.9431945538974952,1
45,6,0,7,0.9593620405316058,51,4,0.8884502877862838,1
32,6,0,5,0.8399923712074435,45,4,1.804272708628173,1
16,6,0,5,0.808160459387667,45,4,0.8884502877862838,1
15,6,0,7,0.9951729413288544,40,4,0.0273721330556057,1
19,6,0,7,0.9076351838244688,33,4,0.8884502877862838,1
40,6,0,7,0.8996772058695247,44,4,0.8884502877862838,1
18,6,0,5,0.8002024814327229,44,4,0.0273721330556057,1
36,6,0,5,0.808160459387667,52,4,0.0273721330556057,1
25,6,0,5,0.8996772058695247,54,4,1.804272708628173,1
30,6,0,7,0.9514040625766615,43,4,0.0273721330556057,1
40,6,0,5,0.8559083271173319,47,4,0.9431945538974952,1
25,6,0,7,1.0349628311035752,50,4,0.9431945538974952,1
38,6,0,7,0.8280554042750273,54,4,0.9431945538974952,1
57,6,0,7,0.6211479774464795,63,4,0.8884502877862838,1
35,6,0,5,0.8161184373426111,53,4,1.804272708628173,1
32,6,0,5,0.7285806798382255,59,4,0.8884502877862838,1
36,6,0,7,0.7007277569959209,49,4,0.9431945538974952,1
26,6,0,7,0.7206227018832814,52,4,0.8884502877862838,1
37,6,0,5,0.6450219113113119,45,4,0.8884502877862838,1
42,6,0,7,0.7086857349508652,60,4,0.9431945538974952,1
28,6,0,7,0.7922445034777786,55,4,0.9431945538974952,1
33,6,0,7,0.7564336026805301,48,4,0.0273721330556057,1
33,6,0,7,0.9036561948469968,50,4,0.0273721330556057,1
17,6,0,7,0.9036561948469968,45,4,0.0273721330556057,1
33,6,0,5,0.8041814704101949,50,4,0.0273721330556057,1
22,6,0,7,0.8200974263200832,47,4,0.8884502877862838,1
49,6,0,7,0.649000900288784,66,4,0.9431945538974952,1
35,6,0,5,0.859887316094804,47,4,0.8884502877862838,1
34,6,0,5,0.6092110105140632,56,4,1.804272708628173,1
17,6,0,7,1.0628157539458798,31,4,0.0273721330556057,1
31,6,0,5,1.1026056437206004,45,4,0.8884502877862838,1
13,6,0,7,0.96732001848655,36,4,1.804272708628173,1
22,6,0,7,1.0150678862162148,42,4,1.804272708628173,1
21,6,0,7,1.0110888972387428,45,4,0.8884502877862838,1
25,6,0,5,1.1622904783826815,33,4,0.8884502877862838,1
31,6,0,7,0.7922445034777786,49,4,0.0273721330556057,1
29,6,0,5,0.8837612499596363,63,4,1.804272708628173,1
34,6,0,5,1.0429208090585194,42,4,0.8884502877862838,1
37,6,0,5,0.6688958451761444,54,4,0.0273721330556057,1
27,6,0,5,0.9036561948469968,44,4,1.804272708628173,1
17,6,0,7,0.8956982168920526,38,4,0.9431945538974952,1
20,6,0,7,0.9872149633739103,32,4,0.9431945538974952,1
28,6,0,5,0.8559083271173319,51,4,1.804272708628173,1
38,6,0,5,0.7962234924552508,61,4,1.804272708628173,1
24,6,0,5,0.9991519303063264,42,4,0.8884502877862838,1
36,6,0,7,0.9474250735991896,43,4,1.804272708628173,1
26,6,0,7,0.8002024814327229,52,4,0.8884502877862838,1
20,6,0,5,0.7604125916580021,53,4,0.0273721330556057,1
34,6,0,5,0.808160459387667,56,4,0.8884502877862838,1
24,6,0,7,0.9474250735991896,40,4,0.8884502877862838,1
18,6,0,5,0.979256985418966,45,4,1.804272708628173,1
39,6,0,7,0.863866305072276,43,4,0.8884502877862838,1
15,6,0,7,1.0031309192837985,35,4,1.804272708628173,1
22,6,0,7,1.0508787870134637,41,4,0.9431945538974952,1
33,6,0,7,0.915593161779413,46,4,1.804272708628173,1
10,6,0,5,0.9832359743964384,34,4,0.8884502877862838,1
26,6,0,5,0.7763285475678904,52,4,0.8884502877862838,1
36,6,0,5,0.6251269664239516,59,4,1.804272708628173,1
18,6,0,7,0.96732001848655,39,4,0.8884502877862838,1
25,6,0,5,0.8877402389371084,48,4,0.8884502877862838,1
31,6,0,5,0.6768538231310886,45,4,1.804272708628173,1
37,6,0,5,1.0508787870134637,60,4,0.9431945538974952,1
32,6,0,5,0.9275301287118292,34,4,0.9431945538974952,1
19,6,0,5,1.0031309192837985,36,4,1.804272708628173,1
22,6,0,5,1.030983842126103,44,4,0.9431945538974952,1
31,6,0,5,1.078731709855768,43,4,0.9431945538974952,1
30,6,0,7,0.6688958451761444,56,4,0.9431945538974952,1
32,6,0,7,0.808160459387667,54,4,0.8884502877862838,1
31,6,0,7,0.7803075365453624,48,4,0.8884502877862838,1
18,6,0,7,0.9593620405316058,48,4,1.804272708628173,1
39,6,0,5,0.7643915806354742,59,4,1.804272708628173,1
34,6,0,7,1.1264795775854328,45,4,0.8884502877862838,1
27,6,0,7,0.971299007464022,42,4,0.0273721330556057,1
25,6,0,7,0.9474250735991896,45,4,0.0273721330556057,1
23,6,0,5,0.919572150756885,39,4,0.8884502877862838,1
30,6,0,7,0.6649168561986724,53,4,0.8884502877862838,1
42,6,0,5,0.5176942640322055,71,4,0.8884502877862838,1
21,6,0,5,0.9315091176893012,51,4,0.9431945538974952,1
40,6,0,5,0.863866305072276,44,4,1.804272708628173,1
24,6,0,5,1.0588367649684076,35,4,0.9431945538974952,1
37,6,0,5,1.0031309192837985,44,4,0.8884502877862838,1
31,6,0,7,0.5296312309646218,58,4,0.8884502877862838,1
30,6,0,7,0.6728748341536165,51,4,0.9431945538974952,1
34,6,0,7,1.0508787870134637,32,4,0.9431945538974952,1
44,6,0,7,0.8399923712074435,44,4,0.9431945538974952,1
16,6,0,5,0.971299007464022,42,4,0.0273721330556057,1
30,6,0,7,0.9116141728019408,35,4,1.804272708628173,1
31,6,0,5,1.007109908261271,42,4,0.8884502877862838,1
32,6,0,7,0.859887316094804,58,4,0.0273721330556057,1
13,6,0,7,1.130458566562905,40,4,0.0273721330556057,1
31,6,0,7,0.8439713601849157,49,4,1.804272708628173,1
28,6,0,7,0.9076351838244688,43,4,1.804272708628173,1
29,6,0,7,0.8360133822299715,52,4,0.0273721330556057,1
41,6,0,7,0.7325596688156976,53,4,0.0273721330556057,1
30,6,0,7,1.046899798035991,45,4,1.804272708628173,1
19,6,0,7,0.7962234924552508,46,4,0.8884502877862838,1
30,6,0,7,0.6927697790409768,46,4,0.0273721330556057,1
23,6,0,5,0.915593161779413,33,4,0.8884502877862838,1
35,6,0,7,0.8956982168920526,49,4,0.9431945538974952,1
35,6,0,7,1.0349628311035752,50,4,1.804272708628173,1
27,6,0,5,0.6887907900635047,57,4,1.804272708628173,1
36,6,0,5,0.5734001097168147,58,4,0.9431945538974952,1
13,6,0,7,0.9951729413288544,42,4,0.9431945538974952,1
50,6,0,5,0.7683705696129463,55,4,0.0273721330556057,1
14,6,0,5,1.0986266547431285,42,4,1.804272708628173,1
23,6,0,7,1.0110888972387428,30,4,1.804272708628173,1
24,6,0,7,0.8121394483651391,43,4,1.804272708628173,1
23,6,0,7,1.0031309192837985,33,4,0.8884502877862838,1
30,6,0,7,0.7246016908607534,47,4,0.9431945538974952,1
46,6,0,5,0.649000900288784,58,4,0.0273721330556057,1
36,6,0,7,0.863866305072276,45,4,0.9431945538974952,1
16,6,0,7,1.130458566562905,27,4,0.0273721330556057,1
36,6,0,5,1.090668676788184,42,4,1.804272708628173,1
31,6,0,7,0.8041814704101949,49,4,0.9431945538974952,1
41,6,0,7,0.8002024814327229,48,4,1.804272708628173,1
46,6,0,5,0.7086857349508652,67,4,0.9431945538974952,1
26,6,0,7,0.9116141728019408,52,4,0.8884502877862838,1
42,6,0,5,0.7166437129058093,54,4,0.8884502877862838,1
38,6,0,7,0.752454613703058,62,4,0.0273721330556057,1
21,6,0,7,0.8399923712074435,44,4,0.8884502877862838,1
33,6,0,7,0.971299007464022,39,4,0.9431945538974952,1
24,6,0,7,0.8399923712074435,62,4,0.9431945538974952,1
24,6,0,7,0.9951729413288544,40,4,1.804272708628173,1
24,6,0,7,1.1583114894052096,32,4,0.0273721330556057,1
29,6,0,7,0.8121394483651391,34,4,0.9431945538974952,1
35,6,0,5,0.7444966357481138,59,4,0.8884502877862838,1
42,6,0,7,0.6012530325591191,51,4,0.9431945538974952,1
33,6,0,5,0.8399923712074435,61,4,0.9431945538974952,1
35,6,0,7,0.7285806798382255,51,4,0.9431945538974952,1
36,6,0,7,0.7763285475678904,53,4,0.9431945538974952,1
17,6,0,7,0.919572150756885,41,4,0.9431945538974952,1
34,6,0,7,0.5017783081223173,60,4,0.8884502877862838,1
20,6,0,5,0.963341029509078,44,4,0.0273721330556057,1
44,6,0,7,0.8161184373426111,55,4,0.8884502877862838,1
24,6,0,7,0.9036561948469968,41,4,1.804272708628173,1
19,6,0,5,1.0946476657656563,44,4,1.804272708628173,1
27,6,0,7,0.8917192279145806,47,4,1.804272708628173,1
41,6,0,5,0.752454613703058,56,4,0.9431945538974952,1
30,6,0,7,0.9514040625766615,52,4,1.804272708628173,1
28,6,0,5,0.7643915806354742,52,4,0.0273721330556057,1
21,6,0,5,1.2060593571348743,32,4,0.9431945538974952,1
20,6,0,5,0.9116141728019408,45,4,0.0273721330556057,1
37,6,0,7,1.08271069883324,33,4,0.0273721330556057,1
22,6,0,5,0.8041814704101949,59,4,0.0273721330556057,1
25,6,0,5,1.023025864171159,50,4,0.0273721330556057,1
38,6,0,7,0.8360133822299715,43,4,0.8884502877862838,1
36,6,0,5,1.130458566562905,38,4,0.9431945538974952,1
28,6,0,7,0.8240764152975553,50,4,0.8884502877862838,1
40,6,0,7,0.8956982168920526,51,4,0.8884502877862838,1
34,6,0,7,0.7922445034777786,50,4,1.804272708628173,1
25,6,0,7,0.863866305072276,46,4,0.9431945538974952,1
34,6,0,7,0.7683705696129463,46,4,1.804272708628173,1
26,6,0,7,0.8797822609821643,50,4,0.0273721330556057,1
35,6,0,5,0.859887316094804,43,4,0.0273721330556057,1
41,6,0,5,0.7643915806354742,52,4,0.9431945538974952,1
32,6,0,5,0.8161184373426111,49,4,1.804272708628173,1
21,6,0,7,1.023025864171159,42,4,0.0273721330556057,1
18,6,0,5,1.046899798035991,40,4,0.8884502877862838,1
25,6,0,7,0.8519293381398598,38,4,0.8884502877862838,1
32,6,0,7,0.9593620405316058,37,4,1.804272708628173,1
31,6,0,7,0.9315091176893012,38,4,1.804272708628173,1
18,6,0,7,1.019046875193687,25,4,1.804272708628173,1
39,6,0,7,0.6569588782437281,58,4,0.9431945538974952,1
25,6,0,7,0.8917192279145806,43,4,1.804272708628173,1
30,6,0,5,0.979256985418966,39,4,1.804272708628173,1
25,6,0,5,0.919572150756885,44,4,1.804272708628173,1
38,6,0,7,0.8559083271173319,50,4,0.8884502877862838,1
16,6,0,5,1.0429208090585194,38,4,1.804272708628173,1
36,6,0,5,1.023025864171159,40,4,1.804272708628173,1
17,6,0,5,1.0548577759909357,34,4,0.8884502877862838,1
37,6,0,7,1.027004853148631,44,4,0.8884502877862838,1
36,6,0,5,0.8200974263200832,40,4,0.8884502877862838,1
26,6,0,7,0.8758032720046922,42,4,0.8884502877862838,1
30,6,0,5,0.8956982168920526,48,4,0.8884502877862838,1
26,6,0,7,0.7803075365453624,39,4,0.9431945538974952,1
35,6,0,5,1.046899798035991,44,4,0.8884502877862838,1
34,6,0,5,0.8280554042750273,46,4,1.804272708628173,1
13,6,0,7,1.074752720878296,38,4,0.9431945538974952,1
12,6,0,7,1.08271069883324,29,4,0.8884502877862838,1
44,6,0,5,1.0548577759909357,49,4,0.8884502877862838,1
36,6,0,7,0.7763285475678904,52,4,0.8884502877862838,1
43,6,0,7,0.5256522419871498,66,4,1.804272708628173,1
39,6,0,7,0.7922445034777786,51,4,0.9431945538974952,1
35,6,0,5,0.9235511397343572,44,4,1.804272708628173,1
23,6,0,7,1.1105636216755446,38,4,1.804272708628173,1
35,6,0,5,0.9036561948469968,42,4,0.8884502877862838,1
28,6,0,7,1.007109908261271,49,4,1.804272708628173,1
38,6,0,7,0.919572150756885,34,4,0.9431945538974952,1
22,6,0,7,0.9474250735991896,36,4,0.9431945538974952,1
31,6,0,7,0.96732001848655,38,4,0.9431945538974952,1
31,6,0,5,0.7564336026805301,44,4,1.804272708628173,1
26,6,0,5,0.7922445034777786,40,4,0.0273721330556057,1
34,6,0,5,0.9036561948469968,43,4,1.804272708628173,1
28,6,0,7,0.6848118010860327,55,4,0.0273721330556057,1
22,6,0,7,0.8837612499596363,41,4,0.9431945538974952,1
38,6,0,5,0.7962234924552508,53,4,0.8884502877862838,1
18,6,0,5,0.9315091176893012,49,4,0.9431945538974952,1
33,6,0,7,0.8479503491623878,48,4,0.9431945538974952,1
36,6,0,7,1.007109908261271,52,4,0.8884502877862838,1
12,6,0,7,1.078731709855768,27,4,0.8884502877862838,1
16,6,0,7,0.8877402389371084,41,4,0.8884502877862838,1
26,6,0,5,0.9593620405316058,40,4,1.804272708628173,1
33,6,0,7,0.6609378672212003,51,4,0.9431945538974952,1
29,6,0,5,0.7325596688156976,49,4,0.8884502877862838,1
41,6,0,7,0.859887316094804,50,4,0.9431945538974952,1
26,6,0,7,0.863866305072276,53,4,0.9431945538974952,1
23,6,0,7,0.9434460846217176,53,4,1.804272708628173,1
29,6,0,5,0.7285806798382255,45,4,0.9431945538974952,1
32,6,0,5,0.8718242830272201,56,4,0.8884502877862838,1
33,6,0,7,0.649000900288784,60,4,0.0273721330556057,1
25,6,0,7,1.0866896878107122,43,4,0.8884502877862838,1
28,6,0,7,0.8877402389371084,39,4,0.8884502877862838,1
32,6,0,7,0.7683705696129463,52,4,0.9431945538974952,1
20,6,0,7,0.9514040625766615,44,4,0.0273721330556057,1
33,6,0,7,0.7763285475678904,53,4,0.0273721330556057,1
23,6,0,5,0.9514040625766615,34,4,0.0273721330556057,1
32,6,0,7,0.8240764152975553,42,4,0.8884502877862838,1
43,6,0,7,0.5296312309646218,61,4,0.9431945538974952,1
45,6,0,5,0.597274043581647,53,4,0.8884502877862838,1
41,6,0,7,0.7444966357481138,58,4,0.0273721330556057,1
40,6,0,7,0.6012530325591191,66,4,0.8884502877862838,1
18,6,0,5,1.078731709855768,33,4,0.9431945538974952,1
20,6,0,7,0.9474250735991896,41,4,1.804272708628173,1
38,6,0,7,0.8200974263200832,48,4,0.0273721330556057,1
38,6,0,5,0.7962234924552508,55,4,0.9431945538974952,1
26,6,0,5,0.7405176467706417,51,4,0.8884502877862838,1
24,6,0,5,0.8360133822299715,38,4,0.0273721330556057,1
27,6,0,7,0.7365386577931696,43,4,0.9431945538974952,1
41,6,0,5,0.7484756247255858,55,4,0.9431945538974952,1
30,6,0,5,0.8877402389371084,45,4,0.9431945538974952,1
26,6,0,7,0.6330849443788957,58,4,0.9431945538974952,1
20,6,0,7,1.0110888972387428,44,4,0.9431945538974952,1
25,6,0,7,0.7325596688156976,47,4,0.8884502877862838,1
20,6,0,7,0.9394670956442456,38,4,0.8884502877862838,1
43,6,0,5,0.7285806798382255,51,4,1.804272708628173,1
28,6,0,7,0.8479503491623878,42,4,0.0273721330556057,1
50,6,0,7,0.652979889266256,59,4,0.8884502877862838,1
30,6,0,5,0.8837612499596363,50,4,0.9431945538974952,1
29,6,0,5,0.9553830515541336,38,4,1.804272708628173,1
37,6,0,5,0.7962234924552508,56,4,0.9431945538974952,1
37,6,0,5,0.9076351838244688,49,4,0.9431945538974952,1
42,6,0,5,0.919572150756885,47,4,0.0273721330556057,1
40,6,0,5,0.8002024814327229,45,4,1.804272708628173,1
23,6,0,7,1.0150678862162148,57,4,0.0273721330556057,1
21,6,0,5,0.9832359743964384,34,4,0.9431945538974952,1
31,6,0,5,0.8519293381398598,57,4,0.9431945538974952,1
33,6,0,5,0.7484756247255858,50,4,0.9431945538974952,1
30,6,0,7,0.5734001097168147,66,4,0.0273721330556057,1
36,6,0,7,1.0031309192837985,34,4,1.804272708628173,1
20,6,0,5,1.0429208090585194,38,4,0.0273721330556057,1
41,6,0,7,0.7604125916580021,52,4,0.0273721330556057,1
14,6,0,7,1.046899798035991,40,4,0.8884502877862838,1
33,6,0,7,0.9593620405316058,43,4,0.0273721330556057,1
13,6,0,5,0.8559083271173319,38,4,0.8884502877862838,1
19,6,0,5,0.8240764152975553,42,4,1.804272708628173,1
32,6,0,7,0.6887907900635047,57,4,0.9431945538974952,1
40,6,0,5,0.919572150756885,55,4,0.8884502877862838,1
41,6,0,5,0.6728748341536165,51,4,0.0273721330556057,1
36,6,0,5,0.859887316094804,47,4,1.804272708628173,1
20,6,0,7,0.8996772058695247,45,4,0.9431945538974952,1
37,6,0,7,0.8877402389371084,43,4,0.9431945538974952,1
24,6,0,7,0.8240764152975553,50,4,1.804272708628173,1
32,6,0,7,0.808160459387667,49,4,0.9431945538974952,1
30,6,0,7,0.8956982168920526,45,4,0.0273721330556057,1
30,6,0,5,0.975277996441494,43,4,0.8884502877862838,1
292,0,0,3,1.1185215996304887,202,3,0.0273721330556057,0
366,0,0,3,0.3545557159558505,292,6,0.0273721330556057,0
354,2,0,3,0.1149649833858541,322,6,1.804272708628173,0
453,0,0,3,0.3744506608432109,336,3,0.8884502877862838,0
269,2,0,3,0.6211479774464795,249,6,1.804272708628173,0
410,0,0,3,0.4739253852800127,292,6,0.9431945538974952,0
398,0,0,3,0.1834591899245513,265,3,0.8884502877862838,0
406,0,0,3,0.0203206418481963,373,6,0.8884502877862838,0
326,0,0,3,0.8121394483651391,220,3,0.8884502877862838,0
409,2,0,3,0.3943456057305713,298,3,0.8884502877862838,0
259,2,0,3,0.6370639333563678,226,6,1.804272708628173,0
284,2,0,3,0.8678452940497481,204,3,1.804272708628173,0
340,0,0,3,0.3346607710684902,272,3,0.9431945538974952,0
410,0,0,3,0.3585347049333226,260,6,0.9431945538974952,0
353,2,0,3,0.266166564529793,357,6,1.804272708628173,0
427,0,0,3,0.3903666167530992,322,6,0.0273721330556057,0
363,2,0,3,0.3465977380009064,328,6,0.8884502877862838,0
474,0,0,3,0.1516272781047747,339,6,0.0273721330556057,0
235,0,0,3,0.6450219113113119,239,6,0.0273721330556057,0
365,2,0,3,0.0242996308256684,330,3,0.9431945538974952,0
477,0,0,3,0.2232490796992721,306,3,0.0273721330556057,0
304,0,0,3,0.6808328121085606,273,3,0.8884502877862838,0
400,2,0,3,0.0441945757130287,383,3,0.0273721330556057,0
468,0,0,3,0.3147658261811298,348,3,0.0273721330556057,0
383,0,0,3,0.2670179584514649,270,3,0.8884502877862838,0
284,0,0,3,0.5057572970997893,207,3,0.9431945538974952,0
400,2,0,3,0.0314062148589406,328,3,0.0273721330556057,0
213,2,0,3,0.8718242830272201,236,3,0.9431945538974952,0
357,0,0,3,0.0433431817913568,317,3,0.0273721330556057,0
264,0,0,3,0.0203206418481963,324,3,0.9431945538974952,0
430,0,0,3,0.2422926306649605,371,6,0.0273721330556057,0
408,0,0,3,0.3298303881693462,400,3,1.804272708628173,0
487,2,0,3,0.1357113221948865,343,3,0.0273721330556057,0
531,0,0,3,0.3497253330567065,443,3,0.8884502877862838,0
326,2,0,3,0.2272280686767442,310,3,0.0273721330556057,0
328,2,0,3,0.5694211207393426,229,6,1.804272708628173,0
283,2,0,3,0.7444966357481138,211,3,0.0273721330556057,0
273,2,0,3,0.7285806798382255,242,3,0.9431945538974952,0
364,0,0,3,0.434135495505292,318,3,1.804272708628173,0
199,0,0,3,0.6330849443788957,199,6,0.9431945538974952,0
423,2,0,3,0.0154902589490523,311,6,1.804272708628173,0
411,2,0,3,0.3903666167530992,302,6,0.9431945538974952,0
413,2,0,3,0.3306817820910181,327,6,0.8884502877862838,0
362,0,0,3,0.6887907900635047,192,6,0.8884502877862838,0
430,2,0,3,1.0261534592269592,415,6,1.804272708628173,0
494,0,0,3,0.270996947428937,273,6,1.804272708628173,0
248,0,0,3,0.4977993191448452,287,6,0.0273721330556057,0
405,0,0,3,0.1277533442399423,268,3,0.0273721330556057,0
268,0,0,3,0.8240764152975553,204,6,0.0273721330556057,0
431,0,0,3,0.0879634544652216,314,3,0.9431945538974952,0
314,2,0,3,0.808160459387667,256,3,0.9431945538974952,0
182,0,0,3,0.4580094293701244,267,6,0.8884502877862838,0
261,0,0,3,0.163564245037191,233,6,0.9431945538974952,0
347,0,0,3,0.2511020025415766,342,3,0.8884502877862838,0
395,2,0,3,0.5327588260204219,356,6,1.804272708628173,0
378,0,0,3,0.2820825204396813,344,3,0.0273721330556057,0
458,0,0,3,0.4452210685160363,314,3,0.9431945538974952,0
173,2,0,3,0.6410429223338399,158,3,1.804272708628173,0
436,0,0,3,0.0035532920166361,372,6,0.9431945538974952,0
387,0,0,3,0.0831330715660775,297,3,0.0273721330556057,0
237,2,0,3,0.5853370766492308,277,3,0.0273721330556057,0
390,0,0,3,0.0402155867355567,319,6,0.9431945538974952,0
405,0,0,3,0.1755012119696072,333,6,0.9431945538974952,0
286,2,0,3,0.3943456057305713,293,6,1.804272708628173,0
429,0,0,3,0.2343346527100163,341,6,1.804272708628173,0
378,0,0,3,0.2272280686767442,258,3,1.804272708628173,0
464,0,0,3,0.321872410214402,324,6,0.0273721330556057,0
379,2,0,3,0.6291059554014237,276,6,0.0273721330556057,0
328,0,0,3,0.163564245037191,258,3,1.804272708628173,0
368,0,0,3,0.4540304403926524,246,3,0.0273721330556057,0
358,2,0,3,0.3068078482261857,277,6,0.8884502877862838,0
400,2,0,3,0.1467968952056307,382,6,0.9431945538974952,0
407,0,0,3,0.4898413411899011,308,3,1.804272708628173,0
285,0,0,3,0.9514040625766615,213,3,0.9431945538974952,0
408,2,0,3,0.4062825726629875,288,6,1.804272708628173,0
336,2,0,3,0.2192700907218,315,3,1.804272708628173,0
402,2,0,3,0.652979889266256,286,6,0.9431945538974952,0
389,2,0,3,0.0640895206003891,313,6,1.804272708628173,0
394,2,0,3,0.1914171678794955,312,6,0.0273721330556057,0
354,2,0,3,0.1706708290704632,290,3,0.8884502877862838,0
353,2,0,3,0.0711961046336613,288,3,1.804272708628173,0
350,0,0,3,0.378429649820683,297,3,0.9431945538974952,0
377,0,0,3,0.7763285475678904,243,6,1.804272708628173,0
387,0,0,3,0.3187448151586018,310,3,0.8884502877862838,0
335,0,0,3,0.4739253852800127,271,6,0.0273721330556057,0
373,2,0,3,0.8439713601849157,275,6,0.0273721330556057,0
267,0,0,3,0.7126647239283372,304,3,0.0273721330556057,0
345,0,0,3,0.2391650356091604,260,6,0.8884502877862838,0
535,2,0,3,0.2033541348119117,328,3,0.9431945538974952,0
314,0,0,3,0.2621875755523209,297,3,0.8884502877862838,0
348,2,0,3,0.7086857349508652,242,6,1.804272708628173,0
422,2,0,3,0.1715222229921351,267,6,1.804272708628173,0
401,0,0,3,0.2422926306649605,355,3,1.804272708628173,0
406,2,0,3,0.4142405506179316,256,6,0.0273721330556057,0
374,0,0,3,0.1357113221948865,323,3,0.9431945538974952,0
387,2,0,3,0.1516272781047747,340,3,0.9431945538974952,0
368,2,0,3,0.3227238041360739,319,6,0.9431945538974952,0
348,0,0,3,0.3545557159558505,266,6,1.804272708628173,0
318,0,0,3,0.1556062670822468,279,6,0.9431945538974952,0
374,0,0,3,0.0871120605435496,356,3,1.804272708628173,0
328,0,0,3,0.378429649820683,247,6,0.9431945538974952,0
331,2,0,3,0.5216732530096777,304,6,0.8884502877862838,0
433,2,0,3,0.1158163773075261,367,3,0.8884502877862838,0
429,2,0,3,0.0680685095778612,281,3,0.8884502877862838,0
446,0,0,3,0.1706708290704632,385,3,1.804272708628173,0
413,0,0,3,0.0393641928138847,277,3,1.804272708628173,0
460,2,0,3,0.4332841015836201,373,6,1.804272708628173,0
325,2,0,3,0.167543234014663,314,3,0.9431945538974952,0
376,2,0,3,0.1595852560597189,293,3,0.0273721330556057,0
213,0,0,3,0.8797822609821643,226,3,1.804272708628173,0
466,0,0,3,0.1786288070254073,273,6,1.804272708628173,0
543,2,0,3,0.3338093771468182,399,3,0.8884502877862838,0
326,0,0,3,0.4102615616404595,251,3,0.9431945538974952,0
316,2,0,3,0.5574841538069263,310,6,1.804272708628173,0
123,0,0,3,0.963341029509078,287,6,0.9431945538974952,0
341,0,0,3,0.1388389172506866,392,3,1.804272708628173,0
317,2,0,3,0.1834591899245513,299,3,0.8884502877862838,0
414,0,0,3,0.434135495505292,345,3,0.8884502877862838,0
496,0,0,3,0.0711961046336613,392,3,0.8884502877862838,0
413,2,0,3,0.3465977380009064,300,6,0.9431945538974952,0
416,2,0,3,0.0592591377012451,330,3,0.9431945538974952,0
427,2,0,3,0.5694211207393426,255,6,1.804272708628173,0
458,0,0,3,0.0115112699715802,335,3,1.804272708628173,0
387,2,0,3,0.1476482891273027,329,3,0.0273721330556057,0
327,2,0,3,0.0999004213976378,299,6,0.9431945538974952,0
325,0,0,3,0.3227238041360739,264,6,0.9431945538974952,0
431,2,0,3,0.5009269142006454,402,3,0.8884502877862838,0
290,2,0,3,0.8917192279145806,240,6,0.9431945538974952,0
382,0,0,3,0.4301565065278199,324,3,1.804272708628173,0
311,0,0,3,0.3744506608432109,268,3,0.8884502877862838,0
313,2,0,3,0.2312070576542162,318,6,0.8884502877862838,0
349,2,0,3,0.8678452940497481,214,3,0.0273721330556057,0
398,0,0,3,0.2829339143613532,282,6,0.0273721330556057,0
260,2,0,3,0.8399923712074435,182,6,0.0273721330556057,0
377,0,0,3,0.6092110105140632,281,6,1.804272708628173,0
397,2,0,3,0.429305112606148,359,3,0.9431945538974952,0
325,0,0,3,0.0751750936111334,327,3,0.9431945538974952,0
295,2,0,3,0.2113121127668558,348,6,1.804272708628173,0
324,2,0,3,0.1905657739578236,321,3,0.0273721330556057,0
278,0,0,3,0.6688958451761444,217,6,1.804272708628173,0
446,2,0,3,0.4898413411899011,350,6,0.8884502877862838,0
286,2,0,3,0.919572150756885,230,3,1.804272708628173,0
399,2,0,3,0.2988498702712415,334,6,0.9431945538974952,0
333,2,0,3,0.3625136939107947,261,6,0.9431945538974952,0
294,0,0,3,0.270996947428937,309,3,0.9431945538974952,0
436,2,0,3,0.4381144844827641,284,3,0.9431945538974952,0
299,2,0,3,0.7365386577931696,290,6,0.0273721330556057,0
264,0,0,3,0.3664926828882667,246,3,1.804272708628173,0
324,2,0,3,0.0282786198031404,321,3,0.9431945538974952,0
368,2,0,3,0.4023035836855154,246,3,0.9431945538974952,0
324,0,0,3,0.7444966357481138,260,6,1.804272708628173,0
375,2,0,3,0.4213471346512039,369,6,0.9431945538974952,0
384,0,0,3,0.3298303881693462,326,3,0.9431945538974952,0
346,2,0,3,0.0711961046336613,363,6,1.804272708628173,0
350,0,0,3,0.1189439723633262,364,3,0.0273721330556057,0
351,0,0,3,0.1357113221948865,357,3,0.0273721330556057,0
374,2,0,3,0.2550809915190487,309,3,0.9431945538974952,0
324,2,0,3,0.6569588782437281,242,6,0.9431945538974952,0
323,2,0,3,0.3068078482261857,222,3,0.8884502877862838,0
338,0,0,3,0.1834591899245513,283,3,0.9431945538974952,0
429,0,0,3,0.4420934734602362,295,3,0.0273721330556057,0
259,0,0,3,0.5336102199420939,257,3,0.0273721330556057,0
488,2,0,3,0.167543234014663,266,6,1.804272708628173,0
388,0,0,3,0.3744506608432109,248,6,0.0273721330556057,0
385,2,0,3,0.0879634544652216,340,6,0.8884502877862838,0
395,2,0,3,0.1476482891273027,290,6,0.9431945538974952,0
419,2,0,3,0.0640895206003891,299,3,0.8884502877862838,0
392,2,0,3,0.2829339143613532,268,6,1.804272708628173,0
271,2,0,3,0.5097362860772614,265,3,0.9431945538974952,0
463,2,0,3,0.1993751458344396,370,3,0.9431945538974952,0
443,2,0,3,0.2471230135641045,309,6,0.8884502877862838,0
450,0,0,3,0.0274272258814685,330,6,0.9431945538974952,0
378,0,0,3,0.4659674073250686,280,6,0.9431945538974952,0
343,0,0,3,0.2192700907218,336,3,0.0273721330556057,0
336,2,0,3,0.2988498702712415,292,6,1.804272708628173,0
330,2,0,3,0.5893160656267029,248,3,1.804272708628173,0
329,2,0,3,0.5694211207393426,281,6,0.8884502877862838,0
392,0,0,3,0.377578255899011,346,3,0.9431945538974952,0
371,2,0,3,0.5495261758519822,273,6,0.9431945538974952,0
493,0,0,3,0.2192700907218,305,3,0.0273721330556057,0
421,0,0,3,0.0680685095778612,299,6,0.9431945538974952,0
402,2,0,3,0.2462716196424326,415,3,0.0273721330556057,0
290,2,0,3,0.4659674073250686,258,6,0.0273721330556057,0
362,2,0,3,0.0879634544652216,335,6,1.804272708628173,0
311,2,0,3,0.6887907900635047,216,6,1.804272708628173,0
204,0,0,3,0.6171689884690075,202,6,1.804272708628173,0
459,0,0,3,0.2741245424847371,353,6,0.0273721330556057,0
293,2,0,3,0.808160459387667,239,6,0.8884502877862838,0
306,2,0,3,0.0362365977580846,302,6,0.9431945538974952,0
317,2,0,3,0.2789549253838811,287,6,0.0273721330556057,0
427,2,0,3,0.4898413411899011,324,6,0.9431945538974952,0
337,2,0,3,0.2152911017443279,284,3,0.0273721330556057,0
402,2,0,3,0.2152911017443279,303,3,0.9431945538974952,0
309,0,0,3,0.3943456057305713,336,6,1.804272708628173,0
442,2,0,3,0.2860615094171533,332,3,1.804272708628173,0
419,0,0,3,0.5893160656267029,264,3,0.9431945538974952,0
272,2,0,3,0.4261775175503479,243,3,0.8884502877862838,0
354,0,0,3,0.3863876277756271,280,3,0.0273721330556057,0
374,0,0,3,0.1874381789020234,292,3,0.8884502877862838,0
272,0,0,3,0.4381144844827641,257,6,0.8884502877862838,0
406,2,0,3,0.2670179584514649,238,6,0.9431945538974952,0
373,0,0,3,0.0640895206003891,296,6,0.8884502877862838,0
296,0,0,3,0.5893160656267029,227,3,1.804272708628173,0
462,0,0,3,0.373599266921539,393,6,1.804272708628173,0
421,0,0,3,0.0791540825886055,371,3,1.804272708628173,0
302,0,0,3,0.7643915806354742,255,6,0.9431945538974952,0
274,0,0,3,0.5256522419871498,293,6,0.8884502877862838,0
331,0,0,3,0.0481735646905008,348,6,0.0273721330556057,0
317,2,0,3,0.1078583993525819,301,3,0.9431945538974952,0
505,0,0,3,0.1666918400929911,375,3,0.8884502877862838,0
289,2,0,3,0.8837612499596363,226,6,0.0273721330556057,0
410,0,0,3,0.1507758841831028,317,6,0.0273721330556057,0
336,0,0,3,0.2630389694739928,345,3,0.0273721330556057,0
315,0,0,3,0.0481735646905008,337,6,0.0273721330556057,0
469,0,0,3,0.1277533442399423,317,3,0.9431945538974952,0
286,0,0,3,0.485862352212429,223,6,0.0273721330556057,0
307,2,0,3,0.7285806798382255,234,3,0.0273721330556057,0
347,2,0,3,0.7405176467706417,263,3,0.8884502877862838,0
400,2,0,3,0.0115112699715802,389,3,0.8884502877862838,0
429,2,0,3,0.2948708812937694,292,3,0.8884502877862838,0
312,2,0,3,0.7643915806354742,239,6,1.804272708628173,0
397,2,0,3,0.1993751458344396,333,6,0.0273721330556057,0
420,2,0,3,0.0004256969608359,358,6,1.804272708628173,0
215,0,0,3,1.0866896878107122,267,6,0.8884502877862838,0
524,2,0,3,0.0353852038364127,261,6,1.804272708628173,0
444,0,0,3,0.2113121127668558,308,6,0.8884502877862838,0
340,0,0,3,0.0680685095778612,425,6,0.9431945538974952,0
420,0,0,3,0.4133891566962597,371,6,0.0273721330556057,0
369,0,0,3,0.1516272781047747,310,6,0.8884502877862838,0
413,0,0,3,0.3505767269783785,291,3,0.0273721330556057,0
321,0,0,3,0.3863876277756271,291,3,0.8884502877862838,0
375,2,0,3,0.5336102199420939,312,3,0.8884502877862838,0
251,2,0,3,0.3028288592487136,363,3,1.804272708628173,0
335,0,0,3,0.1746498180479352,335,6,0.9431945538974952,0
304,0,0,3,0.6848118010860327,232,3,0.8884502877862838,0
373,0,0,3,0.0521525536679729,344,3,0.0273721330556057,0
435,2,0,3,0.10700700543091,360,3,0.8884502877862838,0
446,2,0,3,0.4770529803358129,420,6,1.804272708628173,0
411,0,0,3,0.1109859944083821,336,3,0.8884502877862838,0
309,2,0,3,0.649000900288784,292,3,1.804272708628173,0
359,0,0,3,0.3346607710684902,287,3,0.9431945538974952,0
402,2,0,3,0.163564245037191,351,6,0.0273721330556057,0
367,2,0,3,0.3585347049333226,290,6,1.804272708628173,0
394,0,0,3,0.0282786198031404,339,6,0.8884502877862838,0
373,2,0,3,0.0481735646905008,365,3,1.804272708628173,0
417,2,0,3,0.4261775175503479,322,6,0.8884502877862838,0
259,2,0,3,0.537589208919566,234,6,0.9431945538974952,0
323,2,0,3,0.0274272258814685,299,6,0.8884502877862838,0
388,0,0,3,0.4779043742574848,296,3,0.0273721330556057,0
412,0,0,3,0.2431440245866324,353,3,1.804272708628173,0
376,0,0,3,0.2670179584514649,282,6,0.8884502877862838,0
360,2,0,3,0.2152911017443279,255,3,0.0273721330556057,0
366,2,0,3,0.2232490796992721,268,3,0.8884502877862838,0
351,0,0,3,0.8996772058695247,248,6,0.8884502877862838,0
528,2,0,3,0.0154902589490523,330,3,1.804272708628173,0
392,2,0,3,0.2869129033388253,305,3,0.0273721330556057,0
311,0,0,3,0.4659674073250686,323,6,0.8884502877862838,0
389,0,0,3,0.0959214324201657,333,3,0.0273721330556057,0
381,0,0,3,0.6012530325591191,267,6,0.8884502877862838,0
452,0,0,3,0.0362365977580846,338,3,0.8884502877862838,0
238,2,0,3,0.7723495585904183,203,3,0.0273721330556057,0
376,2,0,3,0.0314062148589406,341,6,0.0273721330556057,0
395,2,0,3,0.2113121127668558,361,6,0.8884502877862838,0
436,0,0,3,0.2630389694739928,358,3,0.8884502877862838,0
347,2,0,3,0.1078583993525819,323,6,0.8884502877862838,0
426,0,0,3,0.167543234014663,327,6,0.9431945538974952,0
350,0,0,3,0.5813580876717588,285,3,0.8884502877862838,0
382,0,0,3,0.0393641928138847,316,6,0.9431945538974952,0
466,0,0,3,0.2422926306649605,376,6,0.0273721330556057,0
421,0,0,3,0.2741245424847371,385,3,0.8884502877862838,0
211,0,0,3,0.1317323332174144,278,3,0.8884502877862838,0
401,0,0,3,0.6450219113113119,248,3,0.0273721330556057,0
270,2,0,3,0.4898413411899011,260,6,0.0273721330556057,0
232,2,0,3,0.1308809392957424,348,6,1.804272708628173,0
324,2,0,3,0.5853370766492308,238,6,0.9431945538974952,0
338,0,0,3,0.8758032720046922,217,6,0.0273721330556057,0
330,0,0,3,0.2550809915190487,300,3,0.0273721330556057,0
307,0,0,3,0.859887316094804,236,6,0.0273721330556057,0
289,0,0,3,0.6251269664239516,276,6,0.8884502877862838,0
371,2,0,3,0.3585347049333226,217,3,0.0273721330556057,0
284,0,0,3,1.1782064342925698,161,3,1.804272708628173,0
244,2,0,3,0.8360133822299715,262,6,0.9431945538974952,0
370,2,0,3,0.485862352212429,236,3,0.0273721330556057,0
358,2,0,3,0.1436693001498306,322,6,1.804272708628173,0
447,0,0,3,0.1277533442399423,351,3,0.8884502877862838,0
316,0,0,3,0.0879634544652216,334,6,0.0273721330556057,0
451,0,0,3,0.5137152750547335,336,3,1.804272708628173,0
450,0,0,3,0.4412420795385642,365,6,0.8884502877862838,0
277,2,0,3,0.8240764152975553,279,6,0.8884502877862838,0
277,2,0,3,0.0242996308256684,253,6,1.804272708628173,0
315,0,0,3,0.2590599804965208,276,6,0.9431945538974952,0
336,0,0,3,0.3019774653270416,377,6,0.9431945538974952,0
262,0,0,3,0.4659674073250686,236,3,1.804272708628173,0
343,0,0,3,0.2462716196424326,375,6,1.804272708628173,0
360,2,0,3,0.3983245947080434,297,6,0.0273721330556057,0
396,0,0,3,0.2940194873720975,350,3,1.804272708628173,0
389,2,0,3,0.3386397600459622,295,3,0.9431945538974952,0
229,0,0,3,0.6768538231310886,226,6,1.804272708628173,0
297,0,0,3,0.0999004213976378,304,6,0.9431945538974952,0
356,2,0,3,0.4659674073250686,302,6,0.9431945538974952,0
312,0,0,3,0.5137152750547335,289,6,0.0273721330556057,0
335,2,0,3,0.0831330715660775,274,6,0.0273721330556057,0
394,2,0,3,0.1507758841831028,341,3,1.804272708628173,0
328,2,0,3,0.1158163773075261,283,6,0.0273721330556057,0
365,2,0,3,0.1197953662849981,317,3,0.8884502877862838,0
237,0,0,3,0.9275301287118292,285,6,1.804272708628173,0
315,2,0,3,0.0919424434426936,302,6,0.0273721330556057,0
395,0,0,3,0.1953961568569676,243,3,0.0273721330556057,0
341,2,0,3,0.3704716718657388,306,3,0.0273721330556057,0
373,0,0,3,0.2272280686767442,324,6,0.8884502877862838,0
444,2,0,3,0.6211479774464795,254,3,0.0273721330556057,0
307,0,0,3,0.2948708812937694,267,6,1.804272708628173,0
517,0,0,3,0.0163416528707242,283,3,0.0273721330556057,0
343,2,0,3,0.1197953662849981,289,3,0.8884502877862838,0
308,0,0,3,1.046899798035991,266,3,0.8884502877862838,0
391,0,0,3,0.7325596688156976,238,3,0.8884502877862838,0
345,2,0,3,0.4779043742574848,252,3,0.9431945538974952,0
340,0,0,3,0.0163416528707242,356,3,1.804272708628173,0
281,0,0,3,0.4301565065278199,235,3,0.9431945538974952,0
255,0,0,3,0.0322576087806125,320,3,1.804272708628173,0
411,0,0,3,0.0075322809941081,358,6,0.0273721330556057,0
552,0,0,3,0.0362365977580846,286,6,0.9431945538974952,0
296,2,0,3,0.808160459387667,275,3,0.0273721330556057,0
366,2,0,3,0.1038794103751098,352,3,0.9431945538974952,0
417,2,0,3,0.1078583993525819,295,3,0.0273721330556057,0
453,0,0,3,0.1865867849803515,341,3,0.9431945538974952,0
270,0,0,3,0.2351860466316883,212,6,0.0273721330556057,0
480,2,0,3,0.0680685095778612,353,3,0.8884502877862838,0
463,0,0,3,0.3934942118088994,417,6,0.9431945538974952,0
358,2,0,3,0.0521525536679729,316,6,0.8884502877862838,0
374,2,0,3,0.214439707822656,338,6,0.9431945538974952,0
293,0,0,3,0.5256522419871498,303,3,0.0273721330556057,0
392,2,0,3,0.593295054604175,276,6,0.0273721330556057,0
397,0,0,3,0.3417673551017623,328,6,0.8884502877862838,0
269,2,0,3,1.1622904783826815,181,3,0.9431945538974952,0
215,2,0,3,0.4142405506179316,255,6,0.9431945538974952,0
271,2,0,3,0.4062825726629875,278,3,0.8884502877862838,0
426,0,0,3,0.3187448151586018,299,6,0.8884502877862838,0
374,0,0,3,0.5574841538069263,301,6,0.0273721330556057,0
338,2,0,3,0.0115112699715802,313,6,0.9431945538974952,0
337,2,0,3,0.4619884183475966,251,6,1.804272708628173,0
262,2,0,3,0.8718242830272201,198,3,0.0273721330556057,0
389,0,0,3,0.863866305072276,213,6,0.9431945538974952,0
308,0,0,3,0.1953961568569676,354,6,0.9431945538974952,0
350,2,0,3,0.3625136939107947,319,3,0.0273721330556057,0
310,2,0,3,0.3187448151586018,320,6,0.0273721330556057,0
272,2,0,3,0.2033541348119117,261,6,1.804272708628173,0
220,0,0,3,0.963341029509078,206,6,0.9431945538974952,0
356,2,0,3,0.0959214324201657,294,3,0.8884502877862838,0
375,0,0,3,0.4739253852800127,307,3,1.804272708628173,0
432,2,0,3,0.1269019503182704,323,6,0.9431945538974952,0
386,2,0,3,0.0274272258814685,318,3,0.0273721330556057,0
353,2,0,3,0.6450219113113119,295,3,1.804272708628173,0
112,0,0,3,0.6251269664239516,114,6,0.9431945538974952,1
113,0,0,3,0.7246016908607534,96,6,0.8884502877862838,1
194,0,0,3,0.1715222229921351,179,3,0.9431945538974952,1
128,0,0,3,0.485862352212429,145,3,0.8884502877862838,1
188,0,0,3,0.4023035836855154,161,3,0.9431945538974952,1
147,0,0,3,0.4659674073250686,165,3,0.9431945538974952,1
168,0,0,3,0.2152911017443279,168,3,0.8884502877862838,1
155,0,0,3,0.5455471868745101,157,6,0.8884502877862838,1
147,0,0,3,0.4381144844827641,149,6,0.8884502877862838,1
137,0,0,3,0.3585347049333226,152,6,0.8884502877862838,1
221,0,0,3,0.2670179584514649,162,3,0.8884502877862838,1
173,0,0,3,0.4898413411899011,145,6,0.8884502877862838,1
108,0,0,3,0.2908918923162973,165,6,0.9431945538974952,1
104,0,0,3,0.270996947428937,169,6,0.9431945538974952,1
162,0,0,3,0.3187448151586018,162,3,0.9431945538974952,1
178,0,0,3,0.4460724624377082,158,6,0.8884502877862838,1
162,0,0,3,0.3386397600459622,144,6,0.8884502877862838,1
139,0,0,3,0.6330849443788957,117,6,0.8884502877862838,1
157,0,0,3,0.382408638798155,144,6,0.9431945538974952,1
214,0,0,3,0.2312070576542162,167,3,0.9431945538974952,1
202,0,0,3,0.5614631427843984,143,6,0.8884502877862838,1
189,0,0,3,0.537589208919566,158,6,0.9431945538974952,1
182,0,0,3,0.2869129033388253,150,3,0.9431945538974952,1
172,0,0,3,0.6291059554014237,110,3,0.8884502877862838,1
190,0,0,3,0.2988498702712415,152,6,0.8884502877862838,1
166,0,0,3,0.485862352212429,128,3,0.8884502877862838,1
87,0,0,3,0.6330849443788957,145,6,0.9431945538974952,1
134,0,0,3,0.5216732530096777,154,3,0.9431945538974952,1
119,0,0,3,0.4699463963025407,171,6,0.8884502877862838,1
245,0,0,3,0.2033541348119117,182,3,0.8884502877862838,1
172,0,0,3,0.4182195395954037,170,3,0.9431945538974952,1
181,0,0,3,0.4381144844827641,150,3,0.8884502877862838,1
173,0,0,3,0.4102615616404595,145,6,0.8884502877862838,1
74,0,0,3,0.7007277569959209,128,6,0.9431945538974952,1
154,0,0,3,0.5336102199420939,143,6,0.8884502877862838,1
124,0,0,3,0.597274043581647,149,6,0.8884502877862838,1
141,0,0,3,0.5137152750547335,145,6,0.8884502877862838,1
148,0,0,3,0.537589208919566,135,6,0.9431945538974952,1
196,0,0,3,0.4699463963025407,166,6,0.8884502877862838,1
228,0,0,3,0.5495261758519822,139,6,0.9431945538974952,1
147,0,0,3,0.4977993191448452,141,6,0.9431945538974952,1
186,0,0,3,0.3585347049333226,154,6,0.9431945538974952,1
151,0,0,3,0.5336102199420939,150,3,0.9431945538974952,1
174,0,0,3,0.6171689884690075,133,3,0.8884502877862838,1
145,0,0,3,0.3346607710684902,134,3,0.8884502877862838,1
165,0,0,3,0.6131899994915354,141,3,0.9431945538974952,1
123,0,0,3,0.4779043742574848,143,6,0.8884502877862838,1
189,0,0,3,0.4699463963025407,158,6,0.8884502877862838,1
142,0,0,3,0.3346607710684902,140,3,0.8884502877862838,1
142,0,0,3,0.4460724624377082,146,6,0.8884502877862838,1
98,0,0,3,0.7285806798382255,113,3,0.8884502877862838,1
161,0,0,3,0.3227238041360739,159,3,0.8884502877862838,1
133,0,0,3,0.8320343932524994,108,3,0.8884502877862838,1
150,0,0,3,0.6211479774464795,138,6,0.8884502877862838,1
202,0,0,3,0.3346607710684902,160,3,0.8884502877862838,1
160,0,0,3,0.649000900288784,142,3,0.8884502877862838,1
154,0,0,3,0.4500514514151803,149,3,0.8884502877862838,1
169,0,0,3,0.270996947428937,168,6,0.9431945538974952,1
161,0,0,3,0.4142405506179316,159,6,0.8884502877862838,1
177,0,0,3,0.2908918923162973,132,6,0.8884502877862838,1
141,0,0,3,0.3983245947080434,155,3,0.8884502877862838,1
92,0,0,3,0.4898413411899011,160,3,0.9431945538974952,1
191,0,0,3,0.3505767269783785,133,3,0.9431945538974952,1
174,0,0,3,0.652979889266256,150,6,0.9431945538974952,1
220,0,0,3,0.2152911017443279,176,3,0.9431945538974952,1
189,0,0,3,0.3386397600459622,172,6,0.8884502877862838,1
187,0,0,3,0.4619884183475966,134,3,0.9431945538974952,1
180,0,0,3,0.3028288592487136,180,6,0.8884502877862838,1
195,0,0,3,0.2630389694739928,175,6,0.8884502877862838,1
197,0,0,3,0.1874381789020234,174,3,0.9431945538974952,1
184,0,0,3,0.4301565065278199,146,3,0.8884502877862838,1
183,0,0,3,0.326702793113546,162,6,0.9431945538974952,1
191,0,0,3,0.382408638798155,152,3,0.8884502877862838,1
142,0,0,3,0.541568197897038,142,6,0.8884502877862838,1
148,0,0,3,0.6291059554014237,119,6,0.8884502877862838,1
228,0,0,3,0.3386397600459622,168,3,0.8884502877862838,1
122,0,0,3,0.4142405506179316,150,3,0.9431945538974952,1
147,0,0,3,0.4500514514151803,158,3,0.8884502877862838,1
147,0,0,3,0.4659674073250686,144,6,0.9431945538974952,1
91,0,0,3,0.7842865255228345,111,3,0.9431945538974952,1
198,0,0,3,0.3903666167530992,158,3,0.9431945538974952,1
172,0,0,3,0.485862352212429,144,3,0.9431945538974952,1
129,0,0,3,0.3545557159558505,162,6,0.9431945538974952,1
189,0,0,3,0.5017783081223173,163,6,0.8884502877862838,1
140,0,0,3,0.3465977380009064,157,3,0.9431945538974952,1
141,0,0,3,0.6688958451761444,127,3,0.9431945538974952,1
153,0,0,3,0.3863876277756271,167,6,0.8884502877862838,1
134,0,0,3,0.326702793113546,132,6,0.8884502877862838,1
180,0,0,3,0.378429649820683,150,3,0.9431945538974952,1
132,0,0,3,0.6251269664239516,123,6,0.9431945538974952,1
181,0,0,3,0.5097362860772614,135,6,0.8884502877862838,1
130,0,0,3,0.4898413411899011,141,3,0.8884502877862838,1
171,0,0,3,0.4221985285728758,141,3,0.9431945538974952,1
156,0,0,3,0.649000900288784,132,6,0.9431945538974952,1
178,0,0,3,0.2670179584514649,181,6,0.8884502877862838,1
157,0,0,3,0.2829339143613532,159,3,0.8884502877862838,1
164,0,0,3,0.4779043742574848,148,3,0.9431945538974952,1
235,0,0,3,0.163564245037191,154,6,0.8884502877862838,1
157,0,0,3,0.3306817820910181,146,6,0.9431945538974952,1
128,0,0,3,0.6370639333563678,143,3,0.8884502877862838,1
114,0,0,3,0.5137152750547335,132,3,0.8884502877862838,1
151,0,0,3,0.5296312309646218,143,3,0.9431945538974952,1
186,0,0,3,0.3983245947080434,156,6,0.8884502877862838,1
217,0,0,3,0.3227238041360739,177,3,0.9431945538974952,1
128,0,0,3,0.3227238041360739,161,3,0.8884502877862838,1
127,0,0,3,0.4898413411899011,153,3,0.9431945538974952,1
150,0,0,3,0.2869129033388253,152,3,0.8884502877862838,1
91,0,0,3,0.3983245947080434,162,3,0.8884502877862838,1
145,0,0,3,0.5256522419871498,153,6,0.9431945538974952,1
142,0,0,3,0.6967487680184489,131,3,0.8884502877862838,1
140,0,0,3,0.3625136939107947,152,6,0.9431945538974952,1
161,0,0,3,0.485862352212429,146,6,0.8884502877862838,1
152,0,0,3,0.3704716718657388,146,3,0.8884502877862838,1
167,0,0,3,0.3585347049333226,157,3,0.8884502877862838,1
91,0,0,3,0.6450219113113119,128,6,0.8884502877862838,1
92,0,0,3,0.3426187490234343,147,6,0.9431945538974952,1
112,0,0,3,0.4898413411899011,146,3,0.8884502877862838,1
146,0,0,3,0.5137152750547335,129,6,0.8884502877862838,1
130,0,0,3,0.8121394483651391,119,6,0.9431945538974952,1
149,0,0,3,0.111837388330054,155,6,0.8884502877862838,1
135,0,0,3,0.4221985285728758,140,3,0.8884502877862838,1
213,0,0,3,0.3505767269783785,163,6,0.9431945538974952,1
170,0,0,3,0.6171689884690075,150,6,0.8884502877862838,1
152,0,0,3,0.4142405506179316,152,3,0.8884502877862838,1
124,0,0,3,0.6967487680184489,146,6,0.9431945538974952,1
173,0,0,3,0.4420934734602362,138,6,0.9431945538974952,1
194,0,0,3,0.4381144844827641,157,6,0.8884502877862838,1
80,0,0,3,0.6688958451761444,127,6,0.9431945538974952,1
152,0,0,3,0.4102615616404595,141,3,0.9431945538974952,1
155,0,0,3,0.4221985285728758,148,6,0.9431945538974952,1
203,0,0,3,0.3187448151586018,170,6,0.9431945538974952,1
76,0,0,3,0.6967487680184489,113,3,0.8884502877862838,1
189,0,0,3,0.3863876277756271,155,3,0.8884502877862838,1
173,0,0,3,0.5535051648294542,153,3,0.9431945538974952,1
132,0,0,3,0.5296312309646218,146,6,0.8884502877862838,1
160,0,0,3,0.3426187490234343,164,3,0.8884502877862838,1
160,0,0,3,0.6609378672212003,125,3,0.8884502877862838,1
186,0,0,3,0.3744506608432109,142,6,0.9431945538974952,1
183,0,0,3,0.3386397600459622,158,6,0.9431945538974952,1
125,0,0,3,0.5893160656267029,133,6,0.8884502877862838,1
105,0,0,3,0.4779043742574848,152,3,0.9431945538974952,1
188,0,0,3,0.537589208919566,159,6,0.9431945538974952,1
220,0,0,3,0.3903666167530992,173,6,0.8884502877862838,1
129,0,0,3,0.4699463963025407,155,6,0.9431945538974952,1
190,0,0,3,0.270996947428937,178,3,0.8884502877862838,1
105,0,0,3,0.4619884183475966,150,6,0.9431945538974952,1
156,0,0,3,0.378429649820683,138,3,0.9431945538974952,1
140,0,0,3,0.5137152750547335,124,3,0.9431945538974952,1
111,0,0,3,0.4102615616404595,133,3,0.8884502877862838,1
105,0,0,3,0.4938203301673731,151,3,0.8884502877862838,1
131,0,0,3,0.7126647239283372,149,6,0.9431945538974952,1
132,0,0,3,0.5455471868745101,147,3,0.9431945538974952,1
146,0,0,3,0.752454613703058,124,6,0.8884502877862838,1
198,0,0,3,0.4261775175503479,153,3,0.9431945538974952,1
160,0,0,3,0.4898413411899011,146,3,0.9431945538974952,1
136,0,0,3,0.5097362860772614,143,3,0.9431945538974952,1
155,0,0,3,0.4898413411899011,161,6,0.8884502877862838,1
160,0,0,3,0.3585347049333226,151,3,0.9431945538974952,1
140,0,0,3,0.4301565065278199,137,3,0.8884502877862838,1
155,0,0,3,0.382408638798155,130,6,0.9431945538974952,1
121,0,0,3,0.4023035836855154,156,6,0.8884502877862838,1
97,0,0,3,0.7444966357481138,127,6,0.9431945538974952,1
161,0,0,3,0.2630389694739928,149,3,0.8884502877862838,1
129,0,0,3,0.378429649820683,151,6,0.8884502877862838,1
106,0,0,3,0.4301565065278199,149,6,0.9431945538974952,1
177,0,0,3,0.4460724624377082,162,6,0.8884502877862838,1
162,0,0,3,0.5256522419871498,124,3,0.8884502877862838,1
119,0,0,3,0.5614631427843984,131,3,0.8884502877862838,1
125,0,0,3,0.6887907900635047,118,3,0.9431945538974952,1
106,0,0,3,0.4580094293701244,137,3,0.9431945538974952,1
164,0,0,3,0.4301565065278199,172,3,0.9431945538974952,1
166,0,0,3,0.4739253852800127,152,6,0.8884502877862838,1
186,0,0,3,0.5057572970997893,152,3,0.8884502877862838,1
151,0,0,3,0.4301565065278199,138,6,0.9431945538974952,1
219,0,0,3,0.326702793113546,176,3,0.8884502877862838,1
87,0,0,3,0.5296312309646218,146,3,0.8884502877862838,1
165,0,0,3,0.6131899994915354,131,3,0.8884502877862838,1
179,0,0,3,0.3426187490234343,160,3,0.9431945538974952,1
188,0,0,3,0.4739253852800127,166,6,0.8884502877862838,1
167,0,0,3,0.5694211207393426,130,6,0.8884502877862838,1
167,0,0,3,0.4898413411899011,155,3,0.9431945538974952,1
156,0,0,3,0.2152911017443279,174,6,0.8884502877862838,1
160,0,0,3,0.5216732530096777,135,3,0.8884502877862838,1
110,0,0,3,0.3505767269783785,155,3,0.9431945538974952,1
143,0,0,3,0.4102615616404595,148,6,0.8884502877862838,1
227,0,0,3,0.274975936406409,177,3,0.9431945538974952,1
125,0,0,3,0.5097362860772614,124,3,0.8884502877862838,1
175,0,0,3,0.3028288592487136,159,6,0.8884502877862838,1
114,0,0,3,0.5097362860772614,150,6,0.9431945538974952,1
145,0,0,3,0.4659674073250686,137,6,0.8884502877862838,1
147,0,0,3,0.434135495505292,137,6,0.8884502877862838,1
126,0,0,3,0.485862352212429,139,6,0.8884502877862838,1
165,0,0,3,0.5813580876717588,137,6,0.8884502877862838,1
150,0,0,3,0.6808328121085606,134,6,0.8884502877862838,1
201,0,0,3,0.2471230135641045,179,3,0.8884502877862838,1
172,0,0,3,0.3386397600459622,146,6,0.8884502877862838,1
164,0,0,3,0.434135495505292,147,6,0.8884502877862838,1
171,0,0,3,0.2471230135641045,164,6,0.9431945538974952,1
174,0,0,3,0.5057572970997893,139,3,0.9431945538974952,1
144,0,0,3,0.5176942640322055,112,3,0.8884502877862838,1
135,0,0,3,0.3903666167530992,130,3,0.8884502877862838,1
122,0,0,3,0.4460724624377082,158,6,0.8884502877862838,1
168,0,0,3,0.5773790986942867,126,6,0.8884502877862838,1
189,0,0,3,0.4023035836855154,168,3,0.8884502877862838,1
166,0,0,3,0.1834591899245513,161,3,0.9431945538974952,1
179,0,0,3,0.1396903111723585,163,6,0.8884502877862838,1
108,0,0,3,0.4898413411899011,155,3,0.8884502877862838,1
189,0,0,3,0.434135495505292,160,3,0.8884502877862838,1
191,0,0,3,0.3664926828882667,159,3,0.9431945538974952,1
128,0,0,3,0.378429649820683,144,3,0.9431945538974952,1
153,0,0,3,0.7007277569959209,136,3,0.8884502877862838,1
171,0,0,3,0.5734001097168147,127,3,0.9431945538974952,1
149,0,0,3,0.652979889266256,138,3,0.8884502877862838,1
142,0,0,3,0.3664926828882667,136,6,0.8884502877862838,1
137,0,0,3,0.4619884183475966,146,6,0.9431945538974952,1
156,0,0,3,0.3983245947080434,160,3,0.8884502877862838,1
154,0,0,3,0.3505767269783785,160,3,0.9431945538974952,1
97,0,0,3,0.537589208919566,131,6,0.8884502877862838,1
157,0,0,3,0.3505767269783785,158,3,0.8884502877862838,1
117,0,0,3,0.3983245947080434,135,3,0.8884502877862838,1
93,0,0,3,0.7484756247255858,117,6,0.9431945538974952,1
129,0,0,3,0.2829339143613532,160,6,0.9431945538974952,1
102,0,0,3,0.6887907900635047,124,3,0.9431945538974952,1
145,0,0,3,0.4699463963025407,136,6,0.9431945538974952,1
130,0,0,3,0.382408638798155,134,6,0.8884502877862838,1
115,0,0,3,0.4977993191448452,144,6,0.8884502877862838,1
118,0,0,3,0.274975936406409,159,6,0.8884502877862838,1
189,0,0,3,0.4102615616404595,153,3,0.8884502877862838,1
128,0,0,3,0.485862352212429,128,6,0.8884502877862838,1
118,0,0,3,0.5694211207393426,138,6,0.9431945538974952,1
148,0,0,3,0.541568197897038,120,3,0.8884502877862838,1
156,0,0,3,0.3903666167530992,151,3,0.8884502877862838,1
143,0,0,3,0.4301565065278199,166,3,0.9431945538974952,1
183,0,0,3,0.4540304403926524,137,3,0.8884502877862838,1
155,0,0,3,0.541568197897038,132,6,0.8884502877862838,1
159,0,0,3,0.5256522419871498,143,6,0.9431945538974952,1
157,0,0,3,0.3426187490234343,167,6,0.8884502877862838,1
163,0,0,3,0.537589208919566,141,6,0.9431945538974952,1
96,0,0,3,0.4739253852800127,147,3,0.8884502877862838,1
166,0,0,3,0.3505767269783785,153,3,0.9431945538974952,1
173,0,0,3,0.3664926828882667,142,6,0.8884502877862838,1
156,0,0,3,0.3227238041360739,164,3,0.8884502877862838,1
168,0,0,3,0.593295054604175,134,6,0.8884502877862838,1
180,0,0,3,0.3386397600459622,149,6,0.9431945538974952,1
203,0,0,3,0.4580094293701244,128,3,0.8884502877862838,1
167,0,0,3,0.4938203301673731,141,3,0.9431945538974952,1
208,0,0,3,0.2511020025415766,190,3,0.9431945538974952,1
153,0,0,3,0.4023035836855154,155,3,0.9431945538974952,1
146,0,0,3,0.4460724624377082,150,6,0.9431945538974952,1
181,0,0,3,0.4659674073250686,145,3,0.8884502877862838,1
109,0,0,3,0.4699463963025407,135,3,0.8884502877862838,1
179,0,0,3,0.2670179584514649,163,6,0.9431945538974952,1
154,0,0,3,0.537589208919566,136,6,0.9431945538974952,1
159,0,0,3,0.6370639333563678,150,6,0.9431945538974952,1
153,0,0,3,0.6728748341536165,108,6,0.8884502877862838,1
109,0,0,3,0.4460724624377082,161,3,0.9431945538974952,1
149,0,0,3,0.4062825726629875,159,6,0.8884502877862838,1
134,0,0,3,0.3306817820910181,149,3,0.8884502877862838,1
161,0,0,3,0.6052320215365912,136,3,0.9431945538974952,1
157,0,0,3,0.2232490796992721,162,6,0.8884502877862838,1
151,0,0,3,0.597274043581647,132,6,0.8884502877862838,1
212,0,0,3,0.4500514514151803,144,3,0.9431945538974952,1
134,0,0,3,0.5296312309646218,157,3,0.8884502877862838,1
202,0,0,3,0.3346607710684902,152,3,0.8884502877862838,1
166,0,0,3,0.1874381789020234,168,3,0.8884502877862838,1
140,0,0,3,0.5057572970997893,154,6,0.8884502877862838,1
125,0,0,3,0.6131899994915354,132,3,0.9431945538974952,1
131,0,0,3,0.3545557159558505,147,6,0.8884502877862838,1
207,0,0,3,0.4062825726629875,159,6,0.9431945538974952,1
113,0,0,3,0.5574841538069263,127,3,0.9431945538974952,1
204,0,0,3,0.2391650356091604,172,6,0.8884502877862838,1
156,0,0,3,0.5137152750547335,146,3,0.8884502877862838,1
189,0,0,3,0.4221985285728758,172,3,0.8884502877862838,1
97,0,0,3,0.5535051648294542,145,3,0.8884502877862838,1
171,0,0,3,0.3028288592487136,173,3,0.9431945538974952,1
160,0,0,3,0.4023035836855154,141,6,0.8884502877862838,1
117,0,0,3,0.5574841538069263,122,3,0.8884502877862838,1
155,0,0,3,0.4659674073250686,138,6,0.8884502877862838,1
210,0,0,3,0.3107868372036577,166,3,0.8884502877862838,1
174,0,0,3,0.270996947428937,187,6,0.9431945538974952,1
94,0,0,3,0.597274043581647,141,3,0.8884502877862838,1
149,0,0,3,0.4619884183475966,137,6,0.9431945538974952,1
127,0,0,3,0.3863876277756271,156,6,0.8884502877862838,1
134,0,0,3,0.5455471868745101,135,6,0.8884502877862838,1
98,0,0,3,0.4221985285728758,154,3,0.8884502877862838,1
170,0,0,3,0.5057572970997893,156,6,0.9431945538974952,1
88,0,0,3,0.5336102199420939,131,3,0.9431945538974952,1
183,0,0,3,0.4500514514151803,156,6,0.9431945538974952,1
107,0,0,3,0.4779043742574848,129,3,0.9431945538974952,1
150,0,0,3,0.3983245947080434,124,3,0.8884502877862838,1
141,0,0,3,0.4619884183475966,136,3,0.9431945538974952,1
103,0,0,3,0.6927697790409768,99,3,0.8884502877862838,1
195,0,0,3,0.2988498702712415,171,6,0.8884502877862838,1
173,0,0,3,0.5654421317618704,139,3,0.9431945538974952,1
97,0,0,3,0.7405176467706417,109,3,0.8884502877862838,1
199,0,0,3,0.2272280686767442,172,3,0.9431945538974952,1
185,0,0,3,0.3187448151586018,168,6,0.8884502877862838,1
54,0,0,3,0.3426187490234343,165,3,0.9431945538974952,1
136,0,0,3,0.5017783081223173,130,3,0.9431945538974952,1
170,0,0,3,0.5535051648294542,181,3,0.8884502877862838,1
152,0,0,3,0.5614631427843984,130,3,0.9431945538974952,1
177,0,0,3,0.382408638798155,170,6,0.9431945538974952,1
107,0,0,3,0.4062825726629875,151,3,0.8884502877862838,1
189,0,0,3,0.5654421317618704,128,6,0.8884502877862838,1
88,0,0,3,0.6848118010860327,95,6,0.9431945538974952,1
156,0,0,3,0.3903666167530992,138,6,0.9431945538974952,1
120,0,0,3,0.5495261758519822,137,6,0.8884502877862838,1
158,0,0,3,0.4938203301673731,131,6,0.8884502877862838,1
147,0,0,3,0.4261775175503479,144,6,0.8884502877862838,1
161,0,0,3,0.5495261758519822,145,6,0.8884502877862838,1
133,0,0,3,0.326702793113546,174,6,0.8884502877862838,1
211,0,0,3,0.4818833632349569,147,6,0.8884502877862838,1
166,0,0,3,0.4739253852800127,149,6,0.8884502877862838,1
150,0,0,3,0.5455471868745101,133,6,0.9431945538974952,1
148,0,0,3,0.3147658261811298,174,6,0.8884502877862838,1
111,0,0,3,0.4779043742574848,146,6,0.9431945538974952,1
180,0,0,3,0.2869129033388253,152,3,0.8884502877862838,1
152,0,0,3,0.7246016908607534,121,6,0.9431945538974952,1
149,0,0,3,0.4580094293701244,159,6,0.9431945538974952,1
114,0,0,3,0.3545557159558505,140,3,0.9431945538974952,1
117,0,0,3,0.4818833632349569,144,6,0.8884502877862838,1
199,0,0,3,0.4540304403926524,151,6,0.9431945538974952,1
125,0,0,3,0.4699463963025407,147,3,0.9431945538974952,1
151,0,0,3,0.5057572970997893,138,3,0.9431945538974952,1
130,0,0,3,0.597274043581647,111,6,0.9431945538974952,1
98,0,0,3,0.6728748341536165,113,6,0.8884502877862838,1
171,0,0,3,0.3505767269783785,149,6,0.8884502877862838,1
144,0,0,3,0.4301565065278199,156,3,0.8884502877862838,1
198,0,0,3,0.270996947428937,184,3,0.8884502877862838,1
152,0,0,3,0.2590599804965208,165,6,0.9431945538974952,1
152,0,0,3,0.6012530325591191,130,6,0.9431945538974952,1
170,0,0,3,0.3465977380009064,162,6,0.9431945538974952,1
163,0,0,3,0.3943456057305713,157,6,0.9431945538974952,1
133,0,0,3,0.4142405506179316,148,3,0.9431945538974952,1
129,0,0,3,0.6609378672212003,114,3,0.8884502877862838,1
188,0,0,3,0.1078583993525819,185,3,0.9431945538974952,1
160,0,0,3,0.4023035836855154,143,6,0.9431945538974952,1
148,0,0,3,0.4062825726629875,139,3,0.9431945538974952,1
140,0,0,3,0.4500514514151803,133,6,0.8884502877862838,1
142,0,0,3,0.5694211207393426,146,3,0.9431945538974952,1
178,0,0,3,0.5017783081223173,152,6,0.9431945538974952,1
139,0,0,3,0.4818833632349569,145,3,0.9431945538974952,1
134,0,0,3,0.3585347049333226,140,6,0.8884502877862838,1
162,0,0,3,0.4102615616404595,154,6,0.8884502877862838,1
142,0,0,3,0.3863876277756271,170,6,0.8884502877862838,1
162,0,0,3,0.4420934734602362,140,3,0.9431945538974952,1
197,0,0,3,0.4102615616404595,145,3,0.9431945538974952,1
108,0,0,3,0.6291059554014237,147,6,0.9431945538974952,1
176,0,0,3,0.541568197897038,130,3,0.8884502877862838,1
138,0,0,3,0.3664926828882667,154,6,0.9431945538974952,1
140,0,0,3,0.652979889266256,144,6,0.9431945538974952,1
138,0,0,3,0.4261775175503479,140,3,0.8884502877862838,1
213,0,0,3,0.2391650356091604,198,6,0.8884502877862838,1
197,6,0,7,0.055280148723773,218,6,0.8884502877862838,1
202,6,0,10,0.0999004213976378,191,11,0.8884502877862838,1
196,6,0,10,0.536737814997894,211,11,0.8884502877862838,1
210,6,0,7,0.6242755725022796,194,6,0.8884502877862838,1
194,6,0,7,0.2431440245866324,180,11,0.9431945538974952,1
212,6,0,10,0.4372630905610921,207,6,0.8884502877862838,1
205,6,0,7,0.1357113221948865,199,11,0.9431945538974952,1
190,6,0,7,0.6043806276149193,227,6,0.9431945538974952,1
212,6,0,7,0.6004016386374472,220,11,0.9431945538974952,1
194,6,0,10,0.7078343410291932,193,6,0.8884502877862838,1
201,6,0,7,0.1914171678794955,169,6,0.9431945538974952,1
228,6,0,7,0.5725487157951427,208,6,0.8884502877862838,1
196,6,0,7,0.5168428701105336,214,6,0.9431945538974952,1
194,6,0,10,0.0592591377012451,195,6,0.9431945538974952,1
202,6,0,7,0.1030280164534379,201,6,0.9431945538974952,1
197,6,0,7,0.4133891566962597,219,11,0.9431945538974952,1
210,6,0,7,0.2025027408902398,177,11,0.9431945538974952,1
226,6,0,10,0.1109859944083821,192,6,0.9431945538974952,1
216,6,0,7,0.8789308670604924,205,11,0.8884502877862838,1
192,6,0,7,0.1595852560597189,162,6,0.8884502877862838,1
221,6,0,10,0.5327588260204219,202,6,0.9431945538974952,1
192,6,0,10,0.0441945757130287,191,11,0.8884502877862838,1
185,6,0,10,0.807309065465995,206,6,0.9431945538974952,1
212,6,0,10,0.1706708290704632,197,11,0.9431945538974952,1
199,6,0,7,0.2502506086199046,184,6,0.8884502877862838,1
211,6,0,7,0.2860615094171533,195,6,0.9431945538974952,1
201,6,0,7,0.7794561426236906,204,6,0.9431945538974952,1
202,6,0,7,0.4014521897638435,212,11,0.8884502877862838,1
229,6,0,10,0.640191528412168,214,11,0.9431945538974952,1
189,6,0,10,0.5248008480654778,194,11,0.9431945538974952,1
204,6,0,10,0.0672171156561892,178,11,0.8884502877862838,1
181,6,0,10,0.1874381789020234,192,11,0.8884502877862838,1
195,6,0,10,0.2422926306649605,193,6,0.8884502877862838,1
275,6,0,7,0.9983005363846544,230,6,0.8884502877862838,1
218,6,0,10,0.2900404983946254,211,6,0.8884502877862838,1
199,6,0,7,0.1038794103751098,188,6,0.8884502877862838,1
200,6,0,7,0.1953961568569676,181,11,0.9431945538974952,1
208,6,0,7,0.5128638811330616,192,11,0.8884502877862838,1
237,6,0,10,0.9266787347901572,196,11,0.8884502877862838,1
212,6,0,10,0.8550569331956599,226,6,0.9431945538974952,1
210,6,0,7,0.111837388330054,189,11,0.8884502877862838,1
229,6,0,7,0.6879393961418329,223,11,0.8884502877862838,1
199,6,0,7,0.3934942118088994,188,6,0.9431945538974952,1
213,6,0,10,0.10700700543091,194,11,0.9431945538974952,1
206,6,0,7,0.0839844654877495,192,11,0.8884502877862838,1
203,6,0,10,0.695897374096777,197,6,0.8884502877862838,1
208,6,0,10,0.4213471346512039,211,11,0.9431945538974952,1
208,6,0,10,0.0950700384984938,196,6,0.9431945538974952,1
178,6,0,10,0.1396903111723585,178,6,0.9431945538974952,1
217,6,0,7,1.0341114371819031,211,6,0.8884502877862838,1
187,6,0,10,0.4412420795385642,198,11,0.9431945538974952,1
228,6,0,7,0.7714981646687463,218,11,0.8884502877862838,1
226,6,0,10,0.0831330715660775,196,6,0.9431945538974952,1
225,6,0,7,0.2582085865748488,196,11,0.9431945538974952,1
210,6,0,7,0.429305112606148,173,11,0.8884502877862838,1
202,6,0,7,0.5566327598852544,194,11,0.9431945538974952,1
191,6,0,10,0.3227238041360739,182,11,0.9431945538974952,1
205,6,0,10,0.3815572448764831,177,6,0.9431945538974952,1
195,6,0,10,0.0800054765102774,211,6,0.9431945538974952,1
234,6,0,7,1.0301324482044312,213,6,0.9431945538974952,1
185,6,0,7,0.2263766747550722,184,11,0.8884502877862838,1
193,6,0,7,0.0751750936111334,188,11,0.8884502877862838,1
213,6,0,10,0.5446957929528382,209,11,0.8884502877862838,1
196,6,0,10,0.0592591377012451,162,6,0.9431945538974952,1
205,6,0,10,0.6760024292094166,199,6,0.8884502877862838,1
189,6,0,7,0.1388389172506866,180,11,0.9431945538974952,1
204,6,0,10,0.7476242308039139,225,6,0.9431945538974952,1
175,6,0,7,0.4332841015836201,204,11,0.9431945538974952,1
173,6,0,10,0.1905657739578236,191,11,0.8884502877862838,1
230,6,0,7,0.9346367127451014,203,6,0.8884502877862838,1
237,6,0,7,1.173376051393426,204,11,0.8884502877862838,1
191,6,0,10,0.6688958451761444,170,6,0.9431945538974952,1
246,6,0,7,1.3166196545824205,236,6,0.9431945538974952,1
194,6,0,7,0.4699463963025407,156,6,0.8884502877862838,1
192,6,0,10,0.2113121127668558,173,6,0.8884502877862838,1
210,6,0,10,0.5287798370429498,210,6,0.8884502877862838,1
217,6,0,7,0.0123626638932521,190,11,0.8884502877862838,1
211,6,0,7,0.7157923189841373,196,6,0.8884502877862838,1
191,6,0,7,1.396199434131862,223,11,0.8884502877862838,1
190,6,0,10,0.377578255899011,181,11,0.9431945538974952,1
224,6,0,7,0.5009269142006454,185,11,0.8884502877862838,1
215,6,0,10,0.9346367127451014,212,6,0.8884502877862838,1
184,6,0,7,0.5614631427843984,163,11,0.8884502877862838,1
230,6,0,7,0.7874141205786347,225,11,0.8884502877862838,1
202,6,0,7,0.640191528412168,227,6,0.9431945538974952,1
195,6,0,7,0.1905657739578236,178,11,0.9431945538974952,1
180,6,0,10,0.1189439723633262,188,6,0.8884502877862838,1
202,6,0,10,0.0194692479265244,176,11,0.9431945538974952,1
199,6,0,7,0.1826077960028794,177,6,0.9431945538974952,1
224,6,0,7,1.1972499852582583,231,6,0.9431945538974952,1
191,6,0,10,0.3139144322594578,189,6,0.9431945538974952,1
195,6,0,7,0.0959214324201657,193,6,0.9431945538974952,1
194,6,0,10,0.2064817298677118,176,6,0.8884502877862838,1
245,6,0,10,0.6760024292094166,213,11,0.8884502877862838,1
209,6,0,10,0.588464671705031,206,11,0.9431945538974952,1
209,6,0,7,0.2670179584514649,166,6,0.8884502877862838,1
182,6,0,10,0.2621875755523209,201,11,0.9431945538974952,1
188,6,0,10,0.0234482369039964,177,6,0.8884502877862838,1
211,6,0,10,0.0839844654877495,189,6,0.9431945538974952,1
225,6,0,10,0.2860615094171533,200,11,0.9431945538974952,1
198,6,0,7,0.1507758841831028,195,11,0.8884502877862838,1
218,6,0,10,0.7555822087588581,218,6,0.9431945538974952,1
221,6,0,10,0.5685697268176706,212,11,0.9431945538974952,1
180,6,0,10,0.3855362338539552,179,6,0.8884502877862838,1
214,6,0,10,0.5924436606825031,229,6,0.8884502877862838,1
203,6,0,7,0.8789308670604924,205,6,0.9431945538974952,1
201,6,0,10,0.3068078482261857,178,6,0.9431945538974952,1
200,6,0,7,0.0473221707688289,166,11,0.8884502877862838,1
236,6,0,7,0.270145553507265,196,6,0.9431945538974952,1
197,6,0,7,0.1269019503182704,202,11,0.8884502877862838,1
215,6,0,10,0.6760024292094166,181,11,0.9431945538974952,1
210,6,0,7,0.4253261236286759,198,11,0.8884502877862838,1
212,6,0,10,0.4492000574935084,179,6,0.8884502877862838,1
238,6,0,7,0.6760024292094166,206,6,0.8884502877862838,1
182,6,0,10,0.055280148723773,175,6,0.8884502877862838,1
171,6,0,7,0.1755012119696072,178,11,0.8884502877862838,1
234,6,0,7,0.6004016386374472,219,6,0.9431945538974952,1
205,6,0,7,0.0433431817913568,175,6,0.9431945538974952,1
195,6,0,10,0.4261775175503479,171,6,0.9431945538974952,1
212,6,0,7,0.0720474985553333,191,6,0.9431945538974952,1
229,6,0,10,0.7436452418264419,217,6,0.8884502877862838,1
195,6,0,7,0.0075322809941081,173,11,0.9431945538974952,1
205,6,0,10,0.163564245037191,174,11,0.9431945538974952,1
188,6,0,7,0.0353852038364127,173,11,0.9431945538974952,1
169,6,0,7,0.2908918923162973,160,11,0.8884502877862838,1
223,6,0,10,0.5964226496599752,219,11,0.9431945538974952,1
215,6,0,7,0.3974732007863714,200,11,0.8884502877862838,1
193,6,0,10,0.6799814181868887,199,6,0.8884502877862838,1
184,6,0,7,0.1388389172506866,202,6,0.9431945538974952,1
205,6,0,7,0.3187448151586018,168,11,0.8884502877862838,1
206,6,0,10,0.158733862138047,194,11,0.9431945538974952,1
204,6,0,7,0.7595611977363301,199,11,0.8884502877862838,1
221,6,0,10,0.7476242308039139,233,6,0.9431945538974952,1
221,6,0,10,0.5964226496599752,206,6,0.9431945538974952,1
211,6,0,7,0.2422926306649605,211,11,0.9431945538974952,1
212,6,0,10,1.1614390844610096,207,11,0.9431945538974952,1
208,6,0,10,0.0234482369039964,194,6,0.8884502877862838,1
206,6,0,7,0.0592591377012451,201,11,0.9431945538974952,1
182,6,0,10,0.2869129033388253,170,11,0.9431945538974952,1
219,6,0,10,0.3934942118088994,200,11,0.8884502877862838,1
203,6,0,10,0.0672171156561892,183,6,0.9431945538974952,1
198,6,0,10,0.2860615094171533,182,6,0.8884502877862838,1
193,6,0,10,0.0839844654877495,207,11,0.9431945538974952,1
233,6,0,7,1.2728507758302277,218,6,0.9431945538974952,1
215,6,0,7,0.9425946907000456,197,6,0.8884502877862838,1
210,6,0,7,0.9187207568352131,206,11,0.8884502877862838,1
236,6,0,10,1.4797582026587754,230,11,0.8884502877862838,1
205,6,0,10,0.1269019503182704,209,11,0.8884502877862838,1
228,6,0,10,0.5964226496599752,213,11,0.8884502877862838,1
138,6,0,10,0.4580094293701244,191,6,0.8884502877862838,1
182,6,0,10,0.2104607188451839,192,6,0.8884502877862838,1
201,6,0,10,0.1953961568569676,163,6,0.9431945538974952,1
186,6,0,10,0.1030280164534379,186,11,0.9431945538974952,1
196,6,0,7,0.3099354432819858,222,6,0.9431945538974952,1
205,6,0,10,0.7396662528489698,199,11,0.8884502877862838,1
213,6,0,7,0.4889899472682291,216,11,0.8884502877862838,1
197,6,0,10,0.0950700384984938,164,6,0.8884502877862838,1
207,6,0,7,0.1229229613407983,188,6,0.8884502877862838,1
180,6,0,7,0.0632381266787172,190,6,0.9431945538974952,1
221,6,0,10,0.9903425584297104,205,6,0.9431945538974952,1
173,6,0,7,0.1706708290704632,183,6,0.8884502877862838,1
193,6,0,10,0.1030280164534379,192,11,0.8884502877862838,1
201,6,0,7,0.2064817298677118,189,6,0.8884502877862838,1
184,6,0,10,0.6171689884690075,160,11,0.8884502877862838,1
230,6,0,10,0.6521284953445842,215,6,0.8884502877862838,1
192,6,0,7,0.1030280164534379,175,6,0.8884502877862838,1
203,6,0,10,0.5049059031781175,192,11,0.8884502877862838,1
207,6,0,7,0.962489635587406,214,6,0.8884502877862838,1
224,6,0,10,0.3934942118088994,218,6,0.8884502877862838,1
230,6,0,10,0.8510779442181878,207,11,0.8884502877862838,1
194,6,0,10,0.1905657739578236,186,6,0.8884502877862838,1
217,6,0,10,1.2211239191230907,233,11,0.9431945538974952,1
188,6,0,10,0.162712851115519,184,11,0.9431945538974952,1
216,6,0,7,0.3139144322594578,177,11,0.9431945538974952,1
197,6,0,7,0.5685697268176706,190,6,0.9431945538974952,1
202,6,0,10,0.4173681456737318,180,11,0.9431945538974952,1
187,6,0,10,0.4094101677187876,187,11,0.8884502877862838,1
178,6,0,10,0.64417051738964,188,6,0.9431945538974952,1
176,6,0,7,0.4580094293701244,172,11,0.9431945538974952,1
200,6,0,10,0.2184186968001281,172,6,0.9431945538974952,1
233,6,0,7,0.2582085865748488,205,11,0.9431945538974952,1
207,6,0,7,0.2979984763495695,192,6,0.8884502877862838,1
200,6,0,7,1.0619643600242077,215,11,0.8884502877862838,1
194,6,0,7,0.2781035314622092,213,6,0.8884502877862838,1
195,6,0,10,0.270145553507265,200,11,0.8884502877862838,1
184,6,0,10,0.3298303881693462,184,6,0.8884502877862838,1
194,6,0,10,0.1436693001498306,173,11,0.8884502877862838,1
225,6,0,7,1.3603885333346133,220,6,0.9431945538974952,1
176,6,0,7,0.6211479774464795,167,6,0.8884502877862838,1
200,6,0,7,0.8232250213758834,203,6,0.9431945538974952,1
197,6,0,7,0.4651160134033967,215,11,0.8884502877862838,1
196,6,0,10,0.8232250213758834,189,11,0.8884502877862838,1
199,6,0,7,0.1666918400929911,188,11,0.8884502877862838,1
158,6,0,7,0.9076351838244688,155,11,0.9431945538974952,1
199,6,0,10,0.3576833110116507,182,6,0.9431945538974952,1
203,6,0,10,0.5765277047726147,189,6,0.8884502877862838,1
181,6,0,10,0.060110531622917,157,11,0.9431945538974952,1
207,6,0,10,0.0632381266787172,171,11,0.8884502877862838,1
191,6,0,10,0.2303556637325443,200,6,0.8884502877862838,1
218,6,0,10,0.8192460323984113,204,11,0.8884502877862838,1
188,6,0,7,0.382408638798155,176,6,0.9431945538974952,1
182,6,0,10,0.1865867849803515,194,6,0.9431945538974952,1
190,6,0,7,0.0640895206003891,201,6,0.9431945538974952,1
196,6,0,10,0.3457463440792345,206,6,0.9431945538974952,1
180,6,0,7,0.0959214324201657,177,11,0.9431945538974952,1
224,6,0,7,0.4690950023808687,207,6,0.9431945538974952,1
201,6,0,10,0.0640895206003891,185,6,0.8884502877862838,1
203,6,0,7,0.4332841015836201,213,6,0.9431945538974952,1
171,6,0,10,0.1197953662849981,173,6,0.9431945538974952,1
213,6,0,7,0.4253261236286759,218,11,0.8884502877862838,1
222,6,0,7,0.1030280164534379,178,11,0.9431945538974952,1
210,6,0,10,0.1237743552624702,193,6,0.9431945538974952,1
210,6,0,10,0.4810319693132849,217,6,0.8884502877862838,1
180,6,0,10,0.0083836749157801,214,6,0.9431945538974952,1
222,6,0,7,1.0619643600242077,221,11,0.8884502877862838,1
222,6,0,7,1.237039875032979,219,6,0.8884502877862838,1
203,6,0,7,0.9346367127451014,209,6,0.9431945538974952,1
187,6,0,10,0.270145553507265,195,6,0.9431945538974952,1
239,6,0,7,0.910762778880269,220,11,0.8884502877862838,1
204,6,0,10,0.158733862138047,184,11,0.8884502877862838,1
194,6,0,10,0.2303556637325443,188,11,0.9431945538974952,1
185,6,0,7,0.3696202779440669,189,6,0.9431945538974952,1
183,6,0,10,0.1030280164534379,176,6,0.8884502877862838,1
189,6,0,10,0.3744506608432109,170,6,0.9431945538974952,1
201,6,0,10,0.541568197897038,187,11,0.9431945538974952,1
191,6,0,10,0.2462716196424326,190,11,0.9431945538974952,1
204,6,0,7,0.0672171156561892,190,11,0.8884502877862838,1
211,6,0,7,0.6680444512544724,192,11,0.8884502877862838,1
196,6,0,7,0.163564245037191,176,6,0.8884502877862838,1
197,6,0,10,0.5805066937500868,218,6,0.8884502877862838,1
205,6,0,7,0.2908918923162973,188,6,0.8884502877862838,1
185,6,0,10,0.0393641928138847,179,11,0.8884502877862838,1
237,6,0,7,0.3815572448764831,228,11,0.9431945538974952,1
196,6,0,7,0.4460724624377082,204,11,0.8884502877862838,1
218,6,0,10,0.6521284953445842,212,11,0.8884502877862838,1
211,6,0,7,0.3895152228314272,210,11,0.9431945538974952,1
227,6,0,10,0.9187207568352131,209,6,0.8884502877862838,1
211,6,0,7,0.3258513991918741,199,6,0.9431945538974952,1
188,6,0,10,0.0154902589490523,176,6,0.9431945538974952,1
234,6,0,7,0.2462716196424326,205,11,0.8884502877862838,1
242,6,0,10,1.2768297648076998,238,6,0.8884502877862838,1
214,6,0,10,0.7675191756912743,205,6,0.8884502877862838,1
175,6,0,7,0.167543234014663,186,6,0.9431945538974952,1
223,6,0,7,0.3298303881693462,212,11,0.8884502877862838,1
224,6,0,10,0.270145553507265,195,6,0.9431945538974952,1
203,6,0,10,0.0919424434426936,192,6,0.8884502877862838,1
223,6,0,10,0.8112880544434671,192,11,0.8884502877862838,1
202,6,0,7,0.3863876277756271,185,11,0.9431945538974952,1
183,6,0,7,0.266166564529793,158,6,0.9431945538974952,1
235,6,0,10,0.5526537709077823,207,6,0.9431945538974952,1
237,6,0,7,1.678707651532379,228,6,0.9431945538974952,1
197,6,0,10,0.6123386055698634,223,11,0.8884502877862838,1
190,6,0,7,0.1388389172506866,192,11,0.8884502877862838,1
227,6,0,10,0.3696202779440669,208,11,0.9431945538974952,1
190,6,0,10,0.1149649833858541,190,11,0.9431945538974952,1
217,6,0,7,0.64417051738964,191,11,0.9431945538974952,1
224,6,0,7,0.1706708290704632,207,6,0.8884502877862838,1
200,6,0,10,0.1786288070254073,188,11,0.9431945538974952,1
215,6,0,7,0.0433431817913568,190,11,0.8884502877862838,1
183,6,0,7,0.2741245424847371,195,11,0.8884502877862838,1
245,6,0,10,0.699876363074249,220,6,0.9431945538974952,1
183,6,0,7,0.5645907378401985,211,6,0.9431945538974952,1
218,6,0,10,0.8192460323984113,221,11,0.8884502877862838,1
226,6,0,7,0.2940194873720975,187,11,0.9431945538974952,1
202,6,0,7,0.1197953662849981,210,6,0.8884502877862838,1
208,6,0,7,0.0154902589490523,204,6,0.9431945538974952,1
201,6,0,7,0.4898413411899011,178,11,0.8884502877862838,1
169,6,0,10,0.0760264875328053,183,6,0.8884502877862838,1
205,6,0,7,0.962489635587406,210,6,0.8884502877862838,1
195,6,0,7,0.6282545614797517,211,11,0.9431945538974952,1
218,6,0,10,0.4779043742574848,175,6,0.9431945538974952,1
202,6,0,10,0.1109859944083821,172,11,0.8884502877862838,1
204,6,0,7,0.0274272258814685,192,6,0.8884502877862838,1
199,6,0,10,0.1666918400929911,203,11,0.8884502877862838,1
204,6,0,7,0.2391650356091604,186,11,0.9431945538974952,1
202,6,0,10,0.270145553507265,199,11,0.8884502877862838,1
236,6,0,10,0.966468624564878,219,6,0.8884502877862838,1
187,6,0,10,0.2391650356091604,199,11,0.9431945538974952,1
220,6,0,10,0.9943215474071824,218,11,0.8884502877862838,1
202,6,0,7,0.1666918400929911,176,11,0.8884502877862838,1
197,6,0,7,0.8272040103533554,203,6,0.9431945538974952,1
186,6,0,10,0.3338093771468182,188,6,0.9431945538974952,1
193,6,0,10,0.2820825204396813,210,6,0.8884502877862838,1
219,6,0,7,0.2223976857776001,202,6,0.8884502877862838,1
179,6,0,7,0.2829339143613532,171,11,0.8884502877862838,1
202,6,0,7,0.4571580354484525,201,11,0.9431945538974952,1
230,6,0,10,0.5805066937500868,205,11,0.8884502877862838,1
204,6,0,10,0.9545316576324616,213,11,0.9431945538974952,1
230,6,0,10,0.8510779442181878,196,6,0.8884502877862838,1
214,6,0,10,0.3815572448764831,186,6,0.9431945538974952,1
171,6,0,10,0.5049059031781175,179,11,0.9431945538974952,1
210,6,0,10,0.7197713079616094,196,11,0.8884502877862838,1
213,6,0,10,0.3298303881693462,201,6,0.8884502877862838,1
186,6,0,7,0.5765277047726147,194,11,0.9431945538974952,1
181,6,0,10,0.0274272258814685,176,6,0.8884502877862838,1
214,6,0,7,0.540716803975366,190,11,0.9431945538974952,1
234,6,0,7,0.97044761354235,202,6,0.8884502877862838,1
199,6,0,10,0.0831330715660775,187,11,0.9431945538974952,1
194,6,0,10,0.1038794103751098,170,11,0.8884502877862838,1
212,6,0,10,0.7595611977363301,204,11,0.8884502877862838,1
203,6,0,10,0.4929689362457012,190,11,0.9431945538974952,1
214,6,0,7,0.0163416528707242,205,11,0.9431945538974952,1
187,6,0,10,0.6043806276149193,201,11,0.9431945538974952,1
218,6,0,10,0.6799814181868887,194,6,0.9431945538974952,1
202,6,0,10,0.2152911017443279,170,11,0.9431945538974952,1
231,6,0,10,0.699876363074249,211,11,0.8884502877862838,1
233,6,0,10,0.540716803975366,203,6,0.8884502877862838,1
228,6,0,7,0.751603219781386,229,11,0.8884502877862838,1
202,6,0,7,0.2104607188451839,191,11,0.8884502877862838,1
206,6,0,7,0.9226997458126852,209,6,0.9431945538974952,1
215,6,0,10,0.214439707822656,203,11,0.8884502877862838,1
204,6,0,10,0.214439707822656,196,11,0.9431945538974952,1
221,6,0,7,0.8908678339929086,219,11,0.9431945538974952,1
176,6,0,7,0.2670179584514649,183,6,0.9431945538974952,1
182,6,0,10,0.1595852560597189,189,6,0.8884502877862838,1
191,6,0,7,0.4014521897638435,216,6,0.9431945538974952,1
208,6,0,7,0.5168428701105336,189,11,0.9431945538974952,1
170,6,0,10,0.1794802009470793,188,6,0.9431945538974952,1
222,6,0,7,1.0977752608214564,217,6,0.9431945538974952,1
223,6,0,7,0.2104607188451839,173,6,0.9431945538974952,1
213,6,0,10,0.6242755725022796,198,11,0.9431945538974952,1
205,6,0,10,0.4054311787413155,205,6,0.8884502877862838,1
195,6,0,7,0.158733862138047,204,11,0.8884502877862838,1
187,6,0,10,0.4938203301673731,165,6,0.8884502877862838,1
206,6,0,10,0.1149649833858541,182,6,0.9431945538974952,1
204,6,0,10,0.2343346527100163,210,6,0.9431945538974952,1
180,6,0,7,0.0441945757130287,202,6,0.9431945538974952,1
227,6,0,7,0.2979984763495695,188,11,0.8884502877862838,1
218,6,0,7,0.266166564529793,205,6,0.8884502877862838,1
227,6,0,10,0.270145553507265,196,6,0.9431945538974952,1
197,6,0,10,0.5924436606825031,196,11,0.9431945538974952,1
220,6,0,10,0.2383136416874884,182,11,0.8884502877862838,1
227,6,0,10,0.6799814181868887,186,6,0.9431945538974952,1
213,6,0,7,0.162712851115519,190,11,0.8884502877862838,1
197,6,0,10,0.162712851115519,206,6,0.8884502877862838,1
224,6,0,10,1.1415441395736492,225,11,0.8884502877862838,1
222,6,0,7,1.0380904261593753,214,11,0.9431945538974952,1
220,6,0,7,0.373599266921539,216,11,0.8884502877862838,1
224,6,0,10,0.8709728891055483,207,6,0.9431945538974952,1
195,6,0,7,0.0521525536679729,177,6,0.9431945538974952,1
190,6,0,7,0.1666918400929911,184,11,0.9431945538974952,1
192,6,0,7,0.5128638811330616,206,11,0.8884502877862838,1
194,6,0,7,0.2223976857776001,208,6,0.8884502877862838,1
206,6,0,7,0.6521284953445842,184,6,0.9431945538974952,1
236,6,0,7,0.2343346527100163,192,6,0.9431945538974952,1
207,6,0,7,0.6839604071643608,193,6,0.8884502877862838,1
201,6,0,7,0.3576833110116507,188,11,0.8884502877862838,1
177,6,0,10,0.158733862138047,195,6,0.9431945538974952,1
197,6,0,10,0.5924436606825031,193,6,0.9431945538974952,1
204,6,0,7,0.3107868372036577,162,11,0.9431945538974952,1
220,6,0,10,0.5327588260204219,187,6,0.8884502877862838,1
210,6,0,10,0.0791540825886055,178,11,0.8884502877862838,1
174,6,0,7,0.0592591377012451,180,6,0.8884502877862838,1
93,1,0,3,0.5893160656267029,79,3,0.8884502877862838,0
94,1,0,3,0.5336102199420939,100,3,0.9431945538974952,0
100,1,0,3,0.5813580876717588,90,3,0.9431945538974952,0
102,1,0,3,0.5336102199420939,89,3,0.9431945538974952,0
99,1,0,3,0.5137152750547335,76,3,0.9431945538974952,0
104,1,0,10,0.6131899994915354,77,3,0.8884502877862838,0
124,1,0,10,0.2869129033388253,109,3,0.8884502877862838,0
134,1,0,10,0.3306817820910181,98,3,0.9431945538974952,0
103,1,0,10,0.382408638798155,90,3,0.8884502877862838,0
104,1,0,10,0.4102615616404595,101,3,0.9431945538974952,0
110,1,0,3,0.6330849443788957,80,3,0.9431945538974952,0
122,1,0,3,0.3346607710684902,122,3,0.9431945538974952,0
94,1,0,10,0.597274043581647,100,3,0.9431945538974952,0
116,1,0,3,0.4580094293701244,98,3,0.9431945538974952,0
81,1,0,10,0.4779043742574848,91,3,0.8884502877862838,0
107,1,0,3,0.4818833632349569,105,3,0.9431945538974952,0
114,1,0,10,0.3386397600459622,112,3,0.8884502877862838,0
138,1,0,10,0.3426187490234343,128,3,0.8884502877862838,0
102,1,0,10,0.4659674073250686,87,3,0.9431945538974952,0
94,1,0,10,0.5296312309646218,103,3,0.9431945538974952,0
117,1,0,10,0.4420934734602362,112,3,0.8884502877862838,0
104,1,0,10,0.6131899994915354,80,3,0.9431945538974952,0
85,1,0,10,0.5176942640322055,96,3,0.9431945538974952,0
115,1,0,3,0.3386397600459622,108,3,0.9431945538974952,0
97,1,0,3,0.4739253852800127,82,3,0.9431945538974952,0
145,1,0,3,0.5017783081223173,90,3,0.8884502877862838,0
105,1,0,10,0.4739253852800127,98,3,0.9431945538974952,0
68,1,0,3,0.4142405506179316,92,3,0.9431945538974952,0
98,1,0,3,0.5097362860772614,101,3,0.9431945538974952,0
90,1,0,10,0.5614631427843984,114,3,0.9431945538974952,0
95,1,0,3,0.4977993191448452,66,3,0.9431945538974952,0
118,1,0,10,0.537589208919566,79,3,0.9431945538974952,0
77,1,0,10,0.6609378672212003,95,3,0.8884502877862838,0
111,1,0,10,0.3625136939107947,112,3,0.9431945538974952,0
114,1,0,10,0.2312070576542162,118,3,0.9431945538974952,0
92,1,0,10,0.541568197897038,97,3,0.9431945538974952,0
61,1,0,10,0.5296312309646218,79,3,0.9431945538974952,0
134,1,0,10,0.3068078482261857,101,3,0.9431945538974952,0
92,1,0,10,0.5256522419871498,104,3,0.8884502877862838,0
93,1,0,10,0.5813580876717588,108,3,0.8884502877862838,0
113,1,0,10,0.5137152750547335,94,3,0.8884502877862838,0
94,1,0,3,0.5574841538069263,85,3,0.9431945538974952,0
106,1,0,3,0.5455471868745101,74,3,0.9431945538974952,0
107,1,0,3,0.2590599804965208,81,3,0.8884502877862838,0
100,1,0,10,0.2869129033388253,103,3,0.8884502877862838,0
105,1,0,3,0.4261775175503479,103,3,0.8884502877862838,0
99,1,0,10,0.5614631427843984,82,3,0.9431945538974952,0
107,1,0,10,0.3187448151586018,93,3,0.8884502877862838,0
92,1,0,3,0.5176942640322055,77,3,0.8884502877862838,0
93,1,0,3,0.537589208919566,86,3,0.8884502877862838,0
100,1,0,10,0.4062825726629875,83,3,0.9431945538974952,0
91,1,0,3,0.5535051648294542,84,3,0.9431945538974952,0
98,1,0,3,0.6211479774464795,71,3,0.8884502877862838,0
100,1,0,10,0.6171689884690075,93,3,0.8884502877862838,0
114,1,0,3,0.1755012119696072,121,3,0.8884502877862838,0
108,1,0,3,0.4739253852800127,104,3,0.8884502877862838,0
114,1,0,3,0.3863876277756271,108,3,0.8884502877862838,0
123,1,0,3,0.2511020025415766,116,3,0.9431945538974952,0
103,1,0,10,0.4540304403926524,89,3,0.9431945538974952,0
113,1,0,10,0.3943456057305713,131,3,0.9431945538974952,0
110,1,0,3,0.4460724624377082,112,3,0.8884502877862838,0
114,1,0,3,0.593295054604175,84,3,0.8884502877862838,0
119,1,0,10,0.274975936406409,121,3,0.8884502877862838,0
122,1,0,3,0.4898413411899011,96,3,0.9431945538974952,0
110,1,0,10,0.6688958451761444,99,3,0.9431945538974952,0
93,1,0,10,0.752454613703058,57,3,0.9431945538974952,0
111,1,0,10,0.3306817820910181,131,3,0.9431945538974952,0
101,1,0,3,0.6887907900635047,86,3,0.8884502877862838,0
100,1,0,10,0.5734001097168147,92,3,0.8884502877862838,0
125,1,0,3,0.4261775175503479,99,3,0.8884502877862838,0
113,1,0,10,0.4102615616404595,100,3,0.9431945538974952,0
71,1,0,3,0.4739253852800127,80,3,0.9431945538974952,0
96,1,0,3,0.4659674073250686,72,3,0.8884502877862838,0
109,1,0,10,0.378429649820683,96,3,0.9431945538974952,0
78,1,0,3,0.4381144844827641,111,3,0.8884502877862838,0
107,1,0,3,0.3863876277756271,103,3,0.8884502877862838,0
88,1,0,3,0.5097362860772614,92,3,0.8884502877862838,0
100,1,0,10,0.5097362860772614,102,3,0.8884502877862838,0
110,1,0,3,0.5017783081223173,98,3,0.8884502877862838,0
97,1,0,3,0.4580094293701244,113,3,0.8884502877862838,0
116,1,0,3,0.4023035836855154,125,3,0.8884502877862838,0
74,1,0,3,0.7842865255228345,63,3,0.8884502877862838,0
94,1,0,10,0.652979889266256,68,3,0.8884502877862838,0
120,1,0,3,0.2829339143613532,109,3,0.9431945538974952,0
96,1,0,10,0.3545557159558505,93,3,0.8884502877862838,0
124,1,0,10,0.2550809915190487,119,3,0.8884502877862838,0
101,1,0,10,0.6092110105140632,91,3,0.8884502877862838,0
138,1,0,3,0.4938203301673731,92,3,0.9431945538974952,0
128,1,0,3,0.3664926828882667,102,3,0.8884502877862838,0
112,1,0,3,0.2391650356091604,97,3,0.9431945538974952,0
106,1,0,3,0.5057572970997893,87,3,0.9431945538974952,0
105,1,0,3,0.4500514514151803,99,3,0.8884502877862838,0
125,1,0,3,0.2829339143613532,118,3,0.9431945538974952,0
88,1,0,3,0.4221985285728758,87,3,0.9431945538974952,0
124,1,0,3,0.4500514514151803,96,3,0.8884502877862838,0
118,1,0,10,0.3147658261811298,115,3,0.9431945538974952,0
123,1,0,3,0.0711961046336613,162,3,0.8884502877862838,0
112,1,0,3,0.4420934734602362,116,3,0.8884502877862838,0
106,1,0,10,0.4142405506179316,88,3,0.9431945538974952,0
72,1,0,3,0.6808328121085606,90,3,0.9431945538974952,0
113,1,0,10,0.2272280686767442,111,3,0.8884502877862838,0
102,1,0,3,0.6330849443788957,84,3,0.8884502877862838,0
123,1,0,10,0.382408638798155,95,3,0.8884502877862838,0
87,1,0,10,0.4938203301673731,74,3,0.9431945538974952,0
110,1,0,10,0.5097362860772614,97,3,0.9431945538974952,0
92,1,0,3,0.5813580876717588,107,3,0.8884502877862838,0
85,1,0,10,0.2550809915190487,110,3,0.8884502877862838,0
122,1,0,10,0.3187448151586018,108,3,0.8884502877862838,0
90,1,0,10,0.593295054604175,85,3,0.8884502877862838,0
115,1,0,10,0.4221985285728758,111,3,0.9431945538974952,0
106,1,0,3,0.5614631427843984,77,3,0.9431945538974952,0
111,1,0,3,0.4500514514151803,107,3,0.8884502877862838,0
109,1,0,10,0.6768538231310886,81,3,0.8884502877862838,0
111,1,0,10,0.4659674073250686,81,3,0.8884502877862838,0
118,1,0,3,0.2908918923162973,110,3,0.8884502877862838,0
112,1,0,3,0.5097362860772614,79,3,0.8884502877862838,0
115,1,0,3,0.652979889266256,67,3,0.8884502877862838,0
124,1,0,10,0.3704716718657388,117,3,0.9431945538974952,0
98,1,0,3,0.2908918923162973,106,3,0.8884502877862838,0
100,1,0,10,0.5773790986942867,96,3,0.8884502877862838,0
99,1,0,10,0.6370639333563678,54,3,0.9431945538974952,0
99,1,0,10,0.2869129033388253,111,3,0.9431945538974952,0
90,1,0,3,0.5495261758519822,83,3,0.8884502877862838,0
124,1,0,10,0.3306817820910181,108,3,0.8884502877862838,0
102,1,0,10,0.5694211207393426,99,3,0.9431945538974952,0
87,1,0,10,0.3664926828882667,74,3,0.9431945538974952,0
82,1,0,10,0.4659674073250686,96,3,0.8884502877862838,0
80,1,0,10,0.5853370766492308,99,3,0.9431945538974952,0
82,1,0,3,0.4420934734602362,99,3,0.8884502877862838,0
116,1,0,10,0.3704716718657388,119,3,0.9431945538974952,0
93,1,0,3,0.593295054604175,84,3,0.8884502877862838,0
134,1,0,10,0.378429649820683,125,3,0.8884502877862838,0
84,1,0,3,0.5893160656267029,81,3,0.9431945538974952,0
116,1,0,3,0.2272280686767442,119,3,0.9431945538974952,0
91,1,0,3,0.4580094293701244,87,3,0.8884502877862838,0
85,1,0,10,0.4699463963025407,101,3,0.8884502877862838,0
95,1,0,10,0.485862352212429,90,3,0.8884502877862838,0
73,1,0,3,0.5176942640322055,70,3,0.8884502877862838,0
116,1,0,10,0.4500514514151803,113,3,0.8884502877862838,0
103,1,0,10,0.3107868372036577,97,3,0.8884502877862838,0
95,1,0,3,0.5097362860772614,78,3,0.8884502877862838,0
117,1,0,3,0.4460724624377082,98,3,0.8884502877862838,0
100,1,0,10,0.5614631427843984,83,3,0.8884502877862838,0
100,1,0,10,0.5813580876717588,83,3,0.8884502877862838,0
99,1,0,3,0.4102615616404595,94,3,0.8884502877862838,0
142,1,0,3,0.3306817820910181,95,3,0.8884502877862838,0
115,1,0,10,0.378429649820683,81,3,0.9431945538974952,0
121,1,0,3,0.2471230135641045,138,3,0.9431945538974952,0
111,1,0,10,0.5296312309646218,86,3,0.9431945538974952,0
97,1,0,10,0.4381144844827641,93,3,0.8884502877862838,0
91,1,0,3,0.4977993191448452,109,3,0.8884502877862838,0
98,1,0,3,0.4699463963025407,79,3,0.9431945538974952,0
102,1,0,10,0.4898413411899011,75,3,0.8884502877862838,0
110,1,0,10,0.3585347049333226,108,3,0.9431945538974952,0
114,1,0,3,0.3465977380009064,117,3,0.8884502877862838,0
128,1,0,10,0.4739253852800127,110,3,0.8884502877862838,0
113,1,0,3,0.2988498702712415,133,3,0.8884502877862838,0
99,1,0,3,0.4898413411899011,103,3,0.9431945538974952,0
74,1,0,3,0.7007277569959209,52,3,0.9431945538974952,0
127,1,0,10,0.3903666167530992,103,3,0.8884502877862838,0
125,1,0,3,0.2391650356091604,128,3,0.8884502877862838,0
106,1,0,3,0.5574841538069263,97,3,0.8884502877862838,0
101,1,0,3,0.4420934734602362,90,3,0.9431945538974952,0
108,1,0,10,0.6609378672212003,80,3,0.8884502877862838,0
113,1,0,10,0.485862352212429,85,3,0.8884502877862838,0
114,1,0,10,0.1993751458344396,105,3,0.9431945538974952,0
77,1,0,3,0.6887907900635047,67,3,0.8884502877862838,0
109,1,0,10,0.4619884183475966,87,3,0.9431945538974952,0
101,1,0,3,0.4580094293701244,89,3,0.9431945538974952,0
99,1,0,10,0.4580094293701244,111,3,0.9431945538974952,0
99,1,0,3,0.5574841538069263,91,3,0.9431945538974952,0
101,1,0,10,0.5734001097168147,84,3,0.8884502877862838,0
101,1,0,3,0.4221985285728758,93,3,0.9431945538974952,0
134,1,0,3,0.2630389694739928,121,3,0.8884502877862838,0
103,1,0,3,0.593295054604175,92,3,0.9431945538974952,0
110,1,0,3,0.2869129033388253,135,3,0.8884502877862838,0
100,1,0,10,0.6649168561986724,99,3,0.8884502877862838,0
116,1,0,10,0.3505767269783785,87,3,0.8884502877862838,0
107,1,0,3,0.7007277569959209,78,3,0.8884502877862838,0
97,1,0,10,0.4221985285728758,88,3,0.9431945538974952,0
98,1,0,3,0.3744506608432109,99,3,0.8884502877862838,0
96,1,0,3,0.6370639333563678,67,3,0.8884502877862838,0
108,1,0,10,0.434135495505292,92,3,0.8884502877862838,0
107,1,0,10,0.4301565065278199,87,3,0.8884502877862838,0
101,1,0,3,0.5057572970997893,92,3,0.8884502877862838,0
132,1,0,10,0.2948708812937694,111,3,0.9431945538974952,0
114,1,0,10,0.3903666167530992,115,3,0.9431945538974952,0
116,1,0,3,0.2908918923162973,100,3,0.9431945538974952,0
103,1,0,10,0.5256522419871498,96,3,0.9431945538974952,0
96,1,0,10,0.6251269664239516,85,3,0.8884502877862838,0
104,1,0,10,0.4023035836855154,108,3,0.8884502877862838,0
102,1,0,10,0.4938203301673731,86,3,0.9431945538974952,0
132,1,0,10,0.2033541348119117,126,3,0.8884502877862838,0
96,1,0,3,0.4818833632349569,78,3,0.9431945538974952,0
118,1,0,3,0.5336102199420939,88,3,0.9431945538974952,0
115,1,0,10,0.4062825726629875,120,3,0.8884502877862838,0
110,1,0,10,0.4261775175503479,119,3,0.9431945538974952,0
109,1,0,3,0.5654421317618704,81,3,0.8884502877862838,0
116,1,0,10,0.5495261758519822,91,3,0.9431945538974952,0
119,1,0,3,0.4381144844827641,97,3,0.9431945538974952,0
107,1,0,10,0.3227238041360739,110,3,0.9431945538974952,0
68,1,0,3,0.5694211207393426,76,3,0.9431945538974952,0
96,1,0,3,0.3903666167530992,106,3,0.9431945538974952,0
140,1,0,3,0.4739253852800127,109,3,0.8884502877862838,0
112,1,0,10,0.3386397600459622,122,3,0.9431945538974952,0
103,1,0,3,0.6012530325591191,88,3,0.9431945538974952,0
118,1,0,10,0.2550809915190487,101,3,0.9431945538974952,0
103,1,0,3,0.6211479774464795,96,3,0.9431945538974952,0
89,1,0,10,0.6092110105140632,105,3,0.8884502877862838,0
117,1,0,10,0.3863876277756271,120,3,0.9431945538974952,0
119,1,0,10,0.5216732530096777,86,3,0.8884502877862838,0
81,1,0,10,0.4142405506179316,90,3,0.8884502877862838,0
94,1,0,3,0.5455471868745101,91,3,0.8884502877862838,0
135,1,0,10,0.2073331237893838,121,3,0.9431945538974952,0
99,1,0,3,0.4659674073250686,58,3,0.8884502877862838,0
71,1,0,3,0.7962234924552508,58,3,0.8884502877862838,0
74,1,0,10,0.6728748341536165,69,3,0.9431945538974952,0
113,1,0,3,0.5216732530096777,84,3,0.9431945538974952,0
81,1,0,3,0.6251269664239516,92,3,0.9431945538974952,0
122,1,0,3,0.4500514514151803,78,3,0.9431945538974952,0
97,1,0,10,0.5853370766492308,93,3,0.9431945538974952,0
97,1,0,10,0.541568197897038,97,3,0.8884502877862838,0
102,1,0,3,0.4381144844827641,81,3,0.9431945538974952,0
53,1,0,3,0.8519293381398598,59,3,0.8884502877862838,0
80,1,0,3,0.6291059554014237,70,3,0.9431945538974952,0
58,1,0,10,0.5495261758519822,76,3,0.8884502877862838,0
122,1,0,10,0.3505767269783785,83,3,0.9431945538974952,0
100,1,0,10,0.5853370766492308,74,3,0.9431945538974952,0
119,1,0,10,0.3107868372036577,105,3,0.8884502877862838,0
88,1,0,3,0.5017783081223173,108,3,0.9431945538974952,0
101,1,0,3,0.6012530325591191,86,3,0.8884502877862838,0
111,1,0,10,0.3545557159558505,105,3,0.8884502877862838,0
113,1,0,3,0.6569588782437281,81,3,0.9431945538974952,0
99,1,0,10,0.6808328121085606,74,3,0.8884502877862838,0
116,1,0,3,0.541568197897038,88,3,0.8884502877862838,0
120,1,0,10,0.3744506608432109,118,3,0.9431945538974952,0
88,1,0,3,0.6012530325591191,113,3,0.9431945538974952,0
99,1,0,3,0.3943456057305713,106,3,0.9431945538974952,0
118,1,0,10,0.3147658261811298,118,3,0.9431945538974952,0
89,1,0,10,0.485862352212429,71,3,0.9431945538974952,0
120,1,0,3,0.274975936406409,124,3,0.9431945538974952,0
99,1,0,3,0.5535051648294542,72,3,0.9431945538974952,0
122,1,0,10,0.541568197897038,91,3,0.9431945538974952,0
114,1,0,10,0.4977993191448452,99,3,0.8884502877862838,0
110,1,0,3,0.3505767269783785,125,3,0.8884502877862838,0
87,1,0,3,0.6967487680184489,75,3,0.9431945538974952,0
107,1,0,10,0.5057572970997893,93,3,0.9431945538974952,0
95,1,0,3,0.5773790986942867,70,3,0.8884502877862838,0
110,1,0,10,0.7405176467706417,66,3,0.8884502877862838,0
52,1,0,3,0.4659674073250686,96,3,0.8884502877862838,0
106,1,0,3,0.5893160656267029,98,3,0.9431945538974952,0
120,1,0,3,0.3744506608432109,108,3,0.8884502877862838,0
107,1,0,3,0.6012530325591191,77,3,0.8884502877862838,0
110,1,0,3,0.4818833632349569,98,3,0.8884502877862838,0
131,1,0,10,0.3983245947080434,99,3,0.8884502877862838,0
91,1,0,3,0.5256522419871498,98,3,0.8884502877862838,0
90,1,0,3,0.5176942640322055,100,3,0.8884502877862838,0
88,1,0,3,0.4699463963025407,75,3,0.9431945538974952,0
126,1,0,3,0.3426187490234343,95,3,0.9431945538974952,0
85,1,0,3,0.4301565065278199,102,3,0.9431945538974952,0
99,1,0,10,0.541568197897038,100,3,0.8884502877862838,0
130,1,0,3,0.5097362860772614,96,3,0.9431945538974952,0
125,1,0,10,0.4818833632349569,91,3,0.9431945538974952,0
100,1,0,10,0.3664926828882667,102,3,0.8884502877862838,0
97,1,0,10,0.593295054604175,88,3,0.9431945538974952,0
77,1,0,10,0.5813580876717588,81,3,0.9431945538974952,0
136,1,0,3,0.4460724624377082,100,3,0.8884502877862838,0
92,1,0,3,0.652979889266256,67,3,0.9431945538974952,0
95,1,0,3,0.5256522419871498,100,3,0.8884502877862838,0
110,1,0,10,0.3704716718657388,108,3,0.8884502877862838,0
126,1,0,3,0.4221985285728758,110,3,0.8884502877862838,0
101,1,0,3,0.4261775175503479,109,3,0.8884502877862838,0
93,1,0,10,0.5654421317618704,86,3,0.8884502877862838,0
106,1,0,3,0.3744506608432109,117,3,0.8884502877862838,0
126,1,0,3,0.4381144844827641,99,3,0.9431945538974952,0
98,1,0,10,0.5296312309646218,96,3,0.9431945538974952,0
85,1,0,10,0.7643915806354742,57,3,0.9431945538974952,0
91,1,0,3,0.3704716718657388,102,3,0.8884502877862838,0
124,1,0,10,0.382408638798155,103,3,0.9431945538974952,0
90,1,0,10,0.4779043742574848,80,3,0.8884502877862838,0
136,1,0,3,0.541568197897038,94,3,0.9431945538974952,0
100,1,0,3,0.593295054604175,97,3,0.8884502877862838,0
110,1,0,10,0.5773790986942867,73,3,0.8884502877862838,0
104,1,0,3,0.5495261758519822,85,3,0.8884502877862838,0
118,1,0,10,0.4699463963025407,83,3,0.9431945538974952,0
105,1,0,10,0.326702793113546,106,3,0.9431945538974952,0
122,1,0,3,0.2113121127668558,133,3,0.8884502877862838,0
97,1,0,3,0.4301565065278199,112,3,0.8884502877862838,0
72,1,0,10,0.4381144844827641,104,3,0.9431945538974952,0
84,1,0,10,0.7166437129058093,75,3,0.8884502877862838,0
96,1,0,10,0.434135495505292,81,3,0.9431945538974952,0
94,1,0,10,0.6688958451761444,75,3,0.8884502877862838,0
119,1,0,10,0.1914171678794955,129,3,0.9431945538974952,0
91,1,0,10,0.5256522419871498,81,3,0.8884502877862838,0
107,1,0,10,0.6688958451761444,70,3,0.9431945538974952,0
108,1,0,3,0.5614631427843984,94,3,0.9431945538974952,0
131,1,0,3,0.2590599804965208,121,3,0.9431945538974952,0
94,1,0,3,0.652979889266256,92,3,0.8884502877862838,0
72,1,0,3,0.5176942640322055,87,3,0.9431945538974952,0
91,1,0,3,0.5495261758519822,92,3,0.8884502877862838,0
113,1,0,3,0.4659674073250686,89,3,0.8884502877862838,0
84,1,0,3,0.5614631427843984,89,3,0.9431945538974952,0
104,1,0,3,0.3465977380009064,97,3,0.8884502877862838,0
87,1,0,10,0.5893160656267029,85,3,0.9431945538974952,0
106,1,0,3,0.4659674073250686,103,3,0.9431945538974952,0
108,1,0,3,0.4818833632349569,75,3,0.9431945538974952,0
92,1,0,10,0.7564336026805301,65,3,0.9431945538974952,0
92,1,0,10,0.3943456057305713,109,3,0.9431945538974952,0
85,1,0,10,0.6330849443788957,100,3,0.8884502877862838,0
112,1,0,3,0.3625136939107947,92,3,0.8884502877862838,0
118,1,0,3,0.2550809915190487,108,3,0.9431945538974952,0
83,1,0,10,0.593295054604175,88,3,0.8884502877862838,0
80,1,0,3,0.5097362860772614,88,3,0.8884502877862838,0
92,1,0,10,0.6768538231310886,100,3,0.9431945538974952,0
116,1,0,10,0.2948708812937694,111,3,0.8884502877862838,0
114,1,0,10,0.3068078482261857,122,3,0.8884502877862838,0
109,1,0,10,0.6092110105140632,92,3,0.9431945538974952,0
81,1,0,10,0.6927697790409768,85,3,0.8884502877862838,0
103,1,0,3,0.5813580876717588,85,3,0.8884502877862838,0
73,1,0,3,0.5893160656267029,78,3,0.9431945538974952,0
104,1,0,10,0.4739253852800127,92,3,0.9431945538974952,0
77,1,0,10,0.2829339143613532,89,3,0.8884502877862838,0
97,1,0,10,0.3426187490234343,114,3,0.8884502877862838,0
93,1,0,3,0.6211479774464795,70,3,0.9431945538974952,0
106,1,0,10,0.4938203301673731,99,3,0.8884502877862838,0
104,1,0,3,0.382408638798155,91,3,0.8884502877862838,0
94,1,0,3,0.5336102199420939,99,3,0.8884502877862838,0
107,1,0,3,0.541568197897038,86,3,0.8884502877862838,0
98,1,0,3,0.4977993191448452,99,3,0.9431945538974952,0
125,1,0,3,0.2789549253838811,118,3,0.9431945538974952,0
89,1,0,10,0.4659674073250686,105,3,0.9431945538974952,0
80,1,0,10,0.4779043742574848,95,3,0.9431945538974952,0
124,1,0,3,0.5535051648294542,104,3,0.8884502877862838,0
112,1,0,10,0.2829339143613532,106,3,0.8884502877862838,0
103,1,0,10,0.434135495505292,89,3,0.9431945538974952,0
123,1,0,10,0.3346607710684902,105,3,0.8884502877862838,0
100,1,0,3,0.4739253852800127,105,3,0.9431945538974952,0
105,1,0,10,0.3625136939107947,96,3,0.8884502877862838,0
120,1,0,10,0.2272280686767442,115,3,0.8884502877862838,0
79,1,0,10,0.6927697790409768,80,3,0.8884502877862838,0
90,1,0,3,0.5296312309646218,71,3,0.9431945538974952,0
111,1,0,3,0.4261775175503479,103,3,0.8884502877862838,0
122,1,0,10,0.4102615616404595,107,3,0.8884502877862838,0
118,1,0,10,0.4699463963025407,104,3,0.8884502877862838,0
78,1,0,3,0.4779043742574848,81,3,0.9431945538974952,0
87,1,0,3,0.5773790986942867,90,3,0.9431945538974952,0
76,1,0,10,0.7922445034777786,65,3,0.8884502877862838,0
99,1,0,3,0.485862352212429,92,3,0.8884502877862838,0
125,1,0,10,0.4182195395954037,91,3,0.9431945538974952,0
77,1,0,10,0.4739253852800127,95,3,0.9431945538974952,0
114,1,0,3,0.4619884183475966,100,3,0.9431945538974952,0
78,1,0,10,0.4062825726629875,117,3,0.9431945538974952,0
92,1,0,3,0.5535051648294542,73,3,0.9431945538974952,0
58,6,0,7,0.2073331237893838,46,6,0.9431945538974952,0
34,1,0,7,0.2471230135641045,46,6,0.9431945538974952,0
48,6,0,10,0.274975936406409,49,6,0.9431945538974952,0
57,6,0,10,0.0481735646905008,64,6,0.9431945538974952,0
52,1,0,10,0.2789549253838811,49,6,0.9431945538974952,0
45,1,0,7,0.4261775175503479,39,6,0.8884502877862838,0
78,6,0,10,0.2630389694739928,49,6,0.8884502877862838,0
54,1,0,10,0.0242996308256684,44,6,0.8884502877862838,0
36,2,0,10,0.4102615616404595,37,6,0.8884502877862838,0
63,6,0,7,0.2948708812937694,52,6,0.8884502877862838,0
50,1,0,10,0.1874381789020234,55,6,0.9431945538974952,0
21,2,0,7,0.6370639333563678,44,6,0.8884502877862838,0
65,1,0,10,0.1874381789020234,54,6,0.8884502877862838,0
107,1,0,7,0.1786288070254073,63,6,0.9431945538974952,0
48,6,0,7,0.163564245037191,61,6,0.8884502877862838,0
78,1,0,10,0.1078583993525819,61,6,0.8884502877862838,0
41,2,0,10,0.3187448151586018,38,6,0.9431945538974952,0
28,2,0,7,0.4540304403926524,32,6,0.8884502877862838,0
53,6,0,7,0.2829339143613532,54,6,0.9431945538974952,0
31,1,0,10,0.6808328121085606,39,6,0.9431945538974952,0
76,2,0,7,0.1428179062281586,59,6,0.8884502877862838,0
65,6,0,7,0.0203206418481963,49,6,0.8884502877862838,0
28,2,0,10,0.2948708812937694,40,6,0.8884502877862838,0
27,2,0,10,0.4460724624377082,35,6,0.9431945538974952,0
81,1,0,10,0.0839844654877495,61,6,0.9431945538974952,0
76,2,0,10,0.274975936406409,42,6,0.9431945538974952,0
32,6,0,10,0.4381144844827641,35,6,0.8884502877862838,0
69,2,0,7,0.0910910495210217,70,6,0.9431945538974952,0
44,2,0,7,0.7047067459733931,38,6,0.9431945538974952,0
46,1,0,7,0.3744506608432109,45,6,0.8884502877862838,0
57,2,0,10,0.2948708812937694,45,6,0.9431945538974952,0
53,1,0,10,0.5097362860772614,43,6,0.8884502877862838,0
85,2,0,7,0.1357113221948865,54,6,0.8884502877862838,0
49,1,0,7,0.2431440245866324,53,6,0.9431945538974952,0
43,2,0,7,0.1794802009470793,44,6,0.9431945538974952,0
55,6,0,7,0.3863876277756271,45,6,0.8884502877862838,0
42,2,0,10,0.3465977380009064,37,6,0.9431945538974952,0
81,1,0,7,0.0592591377012451,43,6,0.8884502877862838,0
62,6,0,10,0.1038794103751098,61,6,0.9431945538974952,0
52,6,0,7,0.4898413411899011,32,6,0.8884502877862838,0
22,2,0,10,0.2192700907218,44,6,0.9431945538974952,0
68,2,0,10,0.1914171678794955,49,6,0.8884502877862838,0
52,2,0,10,0.2908918923162973,53,6,0.8884502877862838,0
58,1,0,7,0.1038794103751098,54,6,0.9431945538974952,0
46,6,0,7,0.2312070576542162,42,6,0.9431945538974952,0
70,6,0,7,0.3346607710684902,45,6,0.8884502877862838,0
66,1,0,10,0.0282786198031404,35,6,0.8884502877862838,0
64,6,0,7,0.0513011597463009,48,6,0.9431945538974952,0
77,6,0,7,0.0760264875328053,47,6,0.9431945538974952,0
53,2,0,10,0.326702793113546,56,6,0.8884502877862838,0
48,1,0,10,0.0194692479265244,45,6,0.9431945538974952,0
74,1,0,7,0.0083836749157801,63,6,0.8884502877862838,0
65,1,0,7,0.0473221707688289,66,6,0.8884502877862838,0
50,6,0,7,0.4420934734602362,44,6,0.9431945538974952,0
53,1,0,7,0.274975936406409,44,6,0.9431945538974952,0
64,6,0,7,0.326702793113546,49,6,0.9431945538974952,0
59,6,0,7,0.0791540825886055,46,6,0.8884502877862838,0
54,6,0,10,0.2471230135641045,42,6,0.8884502877862838,0
51,6,0,10,0.0075322809941081,67,6,0.9431945538974952,0
34,1,0,10,0.3465977380009064,47,6,0.9431945538974952,0
72,1,0,10,0.3704716718657388,44,6,0.9431945538974952,0
52,2,0,10,0.4381144844827641,48,6,0.8884502877862838,0
44,6,0,10,0.5137152750547335,39,6,0.9431945538974952,0
46,1,0,7,0.5336102199420939,34,6,0.8884502877862838,0
48,6,0,10,0.5017783081223173,47,6,0.9431945538974952,0
14,1,0,10,0.4739253852800127,29,6,0.9431945538974952,0
38,6,0,10,0.4659674073250686,40,6,0.9431945538974952,0
70,1,0,7,0.3664926828882667,41,6,0.9431945538974952,0
40,2,0,10,0.2471230135641045,45,6,0.9431945538974952,0
28,6,0,7,0.3863876277756271,44,6,0.8884502877862838,0
44,6,0,10,0.4062825726629875,33,6,0.9431945538974952,0
59,2,0,10,0.378429649820683,48,6,0.8884502877862838,0
45,6,0,10,0.3386397600459622,45,6,0.9431945538974952,0
53,6,0,10,0.3505767269783785,53,6,0.9431945538974952,0
79,2,0,10,0.0760264875328053,53,6,0.8884502877862838,0
55,6,0,7,0.0441945757130287,47,6,0.8884502877862838,0
40,1,0,10,0.274975936406409,50,6,0.8884502877862838,0
64,6,0,10,0.4261775175503479,34,6,0.8884502877862838,0
42,6,0,10,0.2630389694739928,50,6,0.8884502877862838,0
50,1,0,10,0.056131542645445,59,6,0.8884502877862838,0
90,2,0,10,0.1436693001498306,54,6,0.8884502877862838,0
81,6,0,7,0.0879634544652216,55,6,0.8884502877862838,0
46,6,0,10,0.1993751458344396,46,6,0.9431945538974952,0
63,1,0,7,0.378429649820683,48,6,0.9431945538974952,0
109,1,0,7,0.1436693001498306,48,6,0.9431945538974952,0
95,1,0,7,0.0035532920166361,61,6,0.8884502877862838,0
91,6,0,7,0.3107868372036577,44,6,0.9431945538974952,0
67,2,0,10,0.1197953662849981,43,6,0.8884502877862838,0
68,2,0,7,0.111837388330054,54,6,0.9431945538974952,0
61,6,0,7,0.4938203301673731,36,6,0.8884502877862838,0
46,2,0,10,0.0163416528707242,67,6,0.9431945538974952,0
54,2,0,7,0.5216732530096777,40,6,0.8884502877862838,0
62,6,0,7,0.1038794103751098,53,6,0.8884502877862838,0
32,6,0,7,0.1277533442399423,51,6,0.9431945538974952,0
63,6,0,10,0.056131542645445,59,6,0.8884502877862838,0
40,1,0,10,0.6609378672212003,42,6,0.8884502877862838,0
59,1,0,7,0.2948708812937694,47,6,0.9431945538974952,0
98,1,0,10,0.0282786198031404,48,6,0.8884502877862838,0
54,6,0,10,0.5216732530096777,44,6,0.9431945538974952,0
49,2,0,7,0.1308809392957424,65,6,0.9431945538974952,0
44,1,0,10,0.1158163773075261,57,6,0.8884502877862838,0
9,6,0,7,0.4062825726629875,38,6,0.9431945538974952,0
56,1,0,7,0.0441945757130287,45,6,0.8884502877862838,0
29,6,0,10,0.2152911017443279,61,6,0.8884502877862838,0
43,2,0,7,0.0879634544652216,65,6,0.9431945538974952,0
38,2,0,7,0.8917192279145806,22,6,0.8884502877862838,0
52,6,0,7,0.6291059554014237,40,6,0.9431945538974952,0
49,1,0,7,0.3386397600459622,37,6,0.8884502877862838,0
46,2,0,10,0.4381144844827641,33,6,0.8884502877862838,0
51,1,0,10,0.3465977380009064,45,6,0.9431945538974952,0
27,2,0,10,0.5654421317618704,47,6,0.8884502877862838,0
63,2,0,7,0.485862352212429,40,6,0.8884502877862838,0
69,2,0,7,0.1396903111723585,56,6,0.9431945538974952,0
44,1,0,10,0.4261775175503479,48,6,0.8884502877862838,0
24,2,0,10,0.593295054604175,29,6,0.8884502877862838,0
70,1,0,10,0.1436693001498306,53,6,0.8884502877862838,0
58,2,0,7,0.2351860466316883,55,6,0.8884502877862838,0
10,1,0,10,0.5137152750547335,43,6,0.9431945538974952,0
57,6,0,7,0.2391650356091604,44,6,0.8884502877862838,0
32,2,0,7,0.3028288592487136,46,6,0.8884502877862838,0
50,1,0,10,0.4142405506179316,27,6,0.8884502877862838,0
44,6,0,10,0.3028288592487136,49,6,0.8884502877862838,0
33,6,0,7,0.4619884183475966,45,6,0.8884502877862838,0
86,6,0,7,0.3903666167530992,45,6,0.8884502877862838,0
54,2,0,10,0.060110531622917,39,6,0.8884502877862838,0
33,6,0,10,0.7484756247255858,37,6,0.8884502877862838,0
47,2,0,7,0.3625136939107947,43,6,0.9431945538974952,0
71,6,0,10,0.1516272781047747,49,6,0.9431945538974952,0
41,2,0,7,0.4938203301673731,44,6,0.8884502877862838,0
77,6,0,7,0.2391650356091604,48,6,0.9431945538974952,0
41,2,0,7,0.326702793113546,51,6,0.9431945538974952,0
53,2,0,7,0.4540304403926524,47,6,0.9431945538974952,0
50,6,0,7,0.3426187490234343,51,6,0.8884502877862838,0
35,2,0,10,0.382408638798155,34,6,0.9431945538974952,0
25,6,0,7,0.2351860466316883,42,6,0.9431945538974952,0
55,1,0,10,0.3147658261811298,48,6,0.9431945538974952,0
60,1,0,10,0.4102615616404595,44,6,0.8884502877862838,0
99,1,0,10,0.1348599282732145,72,6,0.8884502877862838,0
41,2,0,10,0.4381144844827641,37,6,0.8884502877862838,0
69,1,0,7,0.3187448151586018,43,6,0.9431945538974952,0
39,2,0,10,0.4898413411899011,43,6,0.8884502877862838,0
79,6,0,10,0.3983245947080434,57,6,0.9431945538974952,0
59,2,0,10,0.3346607710684902,51,6,0.8884502877862838,0
64,1,0,7,0.4659674073250686,43,6,0.9431945538974952,0
108,2,0,10,0.0441945757130287,56,6,0.8884502877862838,0
39,6,0,10,0.4938203301673731,33,6,0.9431945538974952,0
80,1,0,10,0.0910910495210217,71,6,0.8884502877862838,0
48,2,0,7,0.2113121127668558,39,6,0.9431945538974952,0
62,1,0,10,0.3545557159558505,44,6,0.9431945538974952,0
25,1,0,7,0.3465977380009064,45,6,0.8884502877862838,0
23,2,0,10,0.6808328121085606,36,6,0.9431945538974952,0
59,6,0,10,0.0919424434426936,52,6,0.8884502877862838,0
43,6,0,7,0.3068078482261857,40,6,0.9431945538974952,0
55,2,0,7,0.056131542645445,54,6,0.9431945538974952,0
45,2,0,10,0.1794802009470793,38,6,0.8884502877862838,0
69,1,0,7,0.2033541348119117,54,6,0.9431945538974952,0
36,6,0,7,0.4221985285728758,29,6,0.9431945538974952,0
68,1,0,7,0.2829339143613532,48,6,0.8884502877862838,0
48,6,0,10,0.1794802009470793,44,6,0.9431945538974952,0
30,2,0,10,0.5137152750547335,36,6,0.9431945538974952,0
28,1,0,10,0.2073331237893838,36,6,0.9431945538974952,0
69,6,0,10,0.378429649820683,44,6,0.9431945538974952,0
67,1,0,10,0.270996947428937,41,6,0.9431945538974952,0
37,6,0,10,0.5694211207393426,42,6,0.8884502877862838,0
63,1,0,7,0.2789549253838811,39,6,0.8884502877862838,0
51,1,0,10,0.2192700907218,52,6,0.9431945538974952,0
54,1,0,7,0.5535051648294542,50,6,0.8884502877862838,0
60,1,0,7,0.0154902589490523,55,6,0.9431945538974952,0
54,1,0,7,0.0402155867355567,56,6,0.9431945538974952,0
65,2,0,10,0.1516272781047747,62,6,0.9431945538974952,0
71,2,0,7,0.274975936406409,41,6,0.8884502877862838,0
28,6,0,7,0.4102615616404595,47,6,0.8884502877862838,0
56,6,0,7,0.5574841538069263,43,6,0.9431945538974952,0
51,2,0,7,0.2948708812937694,41,6,0.9431945538974952,0
61,2,0,10,0.3147658261811298,57,6,0.8884502877862838,0
81,6,0,10,0.1794802009470793,45,6,0.9431945538974952,0
78,6,0,7,0.2630389694739928,42,6,0.9431945538974952,0
43,1,0,7,0.270996947428937,55,6,0.8884502877862838,0
72,6,0,10,0.1794802009470793,51,6,0.8884502877862838,0
55,1,0,7,0.3107868372036577,38,6,0.9431945538974952,0
56,2,0,7,0.0154902589490523,62,6,0.9431945538974952,0
44,1,0,10,0.1396903111723585,43,6,0.8884502877862838,0
59,1,0,10,0.3386397600459622,43,6,0.9431945538974952,0
73,2,0,7,0.382408638798155,48,6,0.8884502877862838,0
56,1,0,10,0.0123626638932521,47,6,0.9431945538974952,0
84,1,0,7,0.1993751458344396,54,6,0.8884502877862838,0
56,2,0,7,0.2391650356091604,48,6,0.9431945538974952,0
54,6,0,7,0.3903666167530992,50,6,0.8884502877862838,0
31,1,0,7,0.3943456057305713,43,6,0.8884502877862838,0
38,2,0,7,0.0959214324201657,57,6,0.8884502877862838,0
74,6,0,7,0.1874381789020234,46,6,0.8884502877862838,0
95,2,0,10,0.162712851115519,66,6,0.8884502877862838,0
47,6,0,10,0.0203206418481963,42,6,0.8884502877862838,0
45,2,0,7,0.7007277569959209,37,6,0.8884502877862838,0
71,2,0,7,0.1030280164534379,53,6,0.9431945538974952,0
61,6,0,7,0.0521525536679729,51,6,0.8884502877862838,0
69,1,0,10,0.5216732530096777,50,6,0.8884502877862838,0
56,2,0,10,0.2908918923162973,48,6,0.8884502877862838,0
36,1,0,7,0.3983245947080434,47,6,0.8884502877862838,0
82,2,0,7,0.2908918923162973,49,6,0.9431945538974952,0
82,6,0,7,0.1078583993525819,53,6,0.9431945538974952,0
50,2,0,10,0.3028288592487136,34,6,0.9431945538974952,0
72,2,0,7,0.5336102199420939,49,6,0.8884502877862838,0
50,1,0,7,0.167543234014663,34,6,0.8884502877862838,0
53,1,0,7,0.1436693001498306,53,6,0.8884502877862838,0
36,6,0,7,0.0680685095778612,52,6,0.8884502877862838,0
25,1,0,7,0.3426187490234343,45,6,0.9431945538974952,0
30,6,0,10,0.4420934734602362,45,6,0.9431945538974952,0
52,2,0,7,0.3744506608432109,46,6,0.9431945538974952,0
73,1,0,10,0.3465977380009064,53,6,0.8884502877862838,0
42,1,0,7,0.4381144844827641,44,6,0.9431945538974952,0
59,2,0,10,0.0720474985553333,51,6,0.9431945538974952,0
69,2,0,7,0.0194692479265244,55,6,0.9431945538974952,0
58,2,0,7,0.2232490796992721,51,6,0.8884502877862838,0
36,1,0,7,0.6012530325591191,28,6,0.8884502877862838,0
54,2,0,10,0.1746498180479352,47,6,0.8884502877862838,0
53,1,0,10,0.1794802009470793,50,6,0.9431945538974952,0
48,1,0,10,0.4062825726629875,49,6,0.9431945538974952,0
92,1,0,10,0.2223976857776001,58,6,0.8884502877862838,0
53,2,0,10,0.060110531622917,50,6,0.9431945538974952,0
37,1,0,7,0.3585347049333226,45,6,0.9431945538974952,0
21,1,0,7,0.4420934734602362,47,6,0.8884502877862838,0
64,2,0,7,0.056131542645445,56,6,0.8884502877862838,0
30,2,0,10,0.4182195395954037,47,6,0.9431945538974952,0
39,6,0,10,0.1078583993525819,44,6,0.9431945538974952,0
39,2,0,7,0.3863876277756271,46,6,0.8884502877862838,0
74,2,0,10,0.3147658261811298,47,6,0.9431945538974952,0
69,2,0,10,0.2471230135641045,54,6,0.9431945538974952,0
60,1,0,7,0.5654421317618704,50,6,0.9431945538974952,0
53,6,0,10,0.3664926828882667,44,6,0.9431945538974952,0
50,6,0,7,0.382408638798155,43,6,0.8884502877862838,0
20,6,0,7,0.5694211207393426,41,6,0.8884502877862838,0
60,1,0,10,0.2670179584514649,42,6,0.8884502877862838,0
56,1,0,7,0.0959214324201657,52,6,0.9431945538974952,0
41,1,0,10,0.7166437129058093,37,6,0.9431945538974952,0
58,2,0,7,0.3187448151586018,50,6,0.9431945538974952,0
63,2,0,10,0.1277533442399423,52,6,0.9431945538974952,0
91,1,0,7,0.1507758841831028,50,6,0.9431945538974952,0
65,1,0,10,0.0513011597463009,60,6,0.9431945538974952,0
32,1,0,10,0.3386397600459622,35,6,0.8884502877862838,0
42,2,0,10,0.6092110105140632,35,6,0.8884502877862838,0
67,2,0,7,0.3903666167530992,40,6,0.9431945538974952,0
70,2,0,10,0.1348599282732145,55,6,0.9431945538974952,0
55,2,0,10,0.2670179584514649,49,6,0.9431945538974952,0
46,1,0,7,0.3625136939107947,45,6,0.8884502877862838,0
51,2,0,10,0.2431440245866324,58,6,0.9431945538974952,0
53,2,0,10,0.4420934734602362,42,6,0.8884502877862838,0
43,2,0,7,0.4938203301673731,42,6,0.8884502877862838,0
24,6,0,7,0.4818833632349569,39,6,0.8884502877862838,0
44,2,0,10,0.3187448151586018,50,6,0.8884502877862838,0
43,2,0,10,0.4261775175503479,45,6,0.9431945538974952,0
47,2,0,7,0.2511020025415766,48,6,0.9431945538974952,0
26,1,0,10,0.3505767269783785,49,6,0.9431945538974952,0
58,6,0,7,0.055280148723773,53,6,0.9431945538974952,0
56,2,0,10,0.0353852038364127,48,6,0.8884502877862838,0
39,2,0,10,0.5614631427843984,31,6,0.9431945538974952,0
62,6,0,7,0.1755012119696072,54,6,0.9431945538974952,0
77,6,0,10,0.0959214324201657,53,6,0.9431945538974952,0
44,6,0,7,0.1914171678794955,54,6,0.9431945538974952,0
46,6,0,7,0.3346607710684902,61,6,0.9431945538974952,0
49,2,0,10,0.0592591377012451,50,6,0.8884502877862838,0
77,6,0,7,0.0999004213976378,59,6,0.8884502877862838,0
57,1,0,10,0.5017783081223173,38,6,0.9431945538974952,0
56,6,0,10,0.2869129033388253,53,6,0.9431945538974952,0
50,2,0,10,0.055280148723773,45,6,0.9431945538974952,0
46,1,0,10,0.2232490796992721,44,6,0.8884502877862838,0
54,6,0,10,0.2471230135641045,46,6,0.9431945538974952,0
62,2,0,10,0.5614631427843984,32,6,0.8884502877862838,0
40,6,0,7,0.4779043742574848,49,6,0.8884502877862838,0
74,6,0,7,0.0194692479265244,58,6,0.8884502877862838,0
45,1,0,10,0.0672171156561892,66,6,0.9431945538974952,0
67,1,0,10,0.2351860466316883,54,6,0.9431945538974952,0
58,2,0,10,0.2391650356091604,50,6,0.9431945538974952,0
64,2,0,7,0.1953961568569676,42,6,0.9431945538974952,0
53,1,0,7,0.4062825726629875,47,6,0.9431945538974952,0
40,6,0,10,0.060110531622917,44,6,0.8884502877862838,0
84,1,0,7,0.1229229613407983,68,6,0.9431945538974952,0
51,6,0,7,0.1516272781047747,59,6,0.9431945538974952,0
89,1,0,10,0.0154902589490523,54,6,0.8884502877862838,0
39,1,0,10,0.2272280686767442,55,6,0.8884502877862838,0
25,6,0,7,0.6131899994915354,45,6,0.8884502877862838,0
48,2,0,7,0.3465977380009064,42,6,0.8884502877862838,0
63,1,0,10,0.3426187490234343,44,6,0.9431945538974952,0
17,6,0,7,0.6450219113113119,25,6,0.9431945538974952,0
61,6,0,10,0.2869129033388253,43,6,0.9431945538974952,0
57,1,0,10,0.274975936406409,47,6,0.8884502877862838,0
66,1,0,10,0.326702793113546,39,6,0.9431945538974952,0
11,1,0,10,0.7007277569959209,24,6,0.9431945538974952,0
47,1,0,10,0.434135495505292,30,6,0.8884502877862838,0
66,2,0,7,0.0640895206003891,45,6,0.9431945538974952,0
40,2,0,10,0.0999004213976378,51,6,0.9431945538974952,0
11,6,0,7,0.2272280686767442,45,6,0.8884502877862838,0
86,2,0,7,0.1436693001498306,61,6,0.9431945538974952,0
41,2,0,7,0.4062825726629875,35,6,0.9431945538974952,0
16,1,0,7,0.4779043742574848,40,6,0.9431945538974952,0
43,6,0,10,0.7285806798382255,32,6,0.9431945538974952,0
52,2,0,7,0.4023035836855154,39,6,0.9431945538974952,0
55,1,0,10,0.3744506608432109,41,6,0.8884502877862838,0
54,6,0,10,0.0314062148589406,53,6,0.8884502877862838,0
33,6,0,10,0.5614631427843984,34,6,0.8884502877862838,0
59,2,0,7,0.2670179584514649,49,6,0.8884502877862838,0
61,6,0,7,0.4898413411899011,44,6,0.9431945538974952,0
42,1,0,10,0.2670179584514649,46,6,0.8884502877862838,0
77,6,0,10,0.0242996308256684,59,6,0.8884502877862838,0
17,2,0,7,0.6211479774464795,21,6,0.8884502877862838,0
44,6,0,10,0.4102615616404595,34,6,0.8884502877862838,0
57,6,0,7,0.1237743552624702,63,6,0.8884502877862838,0
44,1,0,7,0.0879634544652216,48,6,0.8884502877862838,0
49,1,0,10,0.1874381789020234,54,6,0.9431945538974952,0
72,1,0,10,0.0640895206003891,55,6,0.9431945538974952,0
71,6,0,7,0.1158163773075261,53,6,0.9431945538974952,0
47,6,0,10,0.0879634544652216,50,6,0.8884502877862838,0
69,1,0,7,0.1755012119696072,50,6,0.9431945538974952,0
42,6,0,10,0.1269019503182704,49,6,0.9431945538974952,0
78,1,0,10,0.1317323332174144,49,6,0.8884502877862838,0
59,2,0,10,0.4659674073250686,45,6,0.8884502877862838,0
68,6,0,7,0.3664926828882667,52,6,0.9431945538974952,0
62,1,0,10,0.2630389694739928,46,6,0.9431945538974952,0
42,1,0,10,0.4699463963025407,44,6,0.8884502877862838,0
39,2,0,10,0.382408638798155,35,6,0.8884502877862838,0
76,2,0,10,0.2351860466316883,45,6,0.8884502877862838,0
74,1,0,10,0.2550809915190487,37,6,0.9431945538974952,0
48,1,0,10,0.3227238041360739,40,6,0.9431945538974952,0
48,6,0,7,0.6251269664239516,30,6,0.9431945538974952,0
44,1,0,7,0.1396903111723585,49,6,0.8884502877862838,0
61,6,0,10,0.2113121127668558,53,6,0.8884502877862838,0
39,1,0,10,0.2152911017443279,47,6,0.8884502877862838,0
41,1,0,7,0.537589208919566,41,6,0.9431945538974952,0
72,1,0,10,0.2908918923162973,35,6,0.8884502877862838,0
12,1,0,7,0.6012530325591191,45,6,0.8884502877862838,0
68,6,0,7,0.5017783081223173,40,6,0.9431945538974952,0
65,6,0,10,0.3505767269783785,44,6,0.9431945538974952,0
69,6,0,7,0.1914171678794955,44,6,0.8884502877862838,0
37,6,0,7,0.2272280686767442,48,6,0.8884502877862838,0
79,6,0,10,0.1755012119696072,45,6,0.8884502877862838,0
46,1,0,10,0.3465977380009064,38,6,0.8884502877862838,0
58,2,0,7,0.4938203301673731,43,6,0.9431945538974952,0
37,1,0,10,0.5097362860772614,44,6,0.8884502877862838,0
57,2,0,7,0.111837388330054,47,6,0.9431945538974952,0
57,6,0,7,0.1834591899245513,56,6,0.8884502877862838,0
59,6,0,10,0.0831330715660775,56,6,0.8884502877862838,0
36,1,0,7,0.4182195395954037,46,6,0.9431945538974952,0
67,6,0,10,0.1317323332174144,55,6,0.9431945538974952,0
54,6,0,10,0.2033541348119117,58,6,0.8884502877862838,0
46,6,0,7,0.652979889266256,35,6,0.9431945538974952,0
73,2,0,7,0.1396903111723585,58,6,0.8884502877862838,0
45,2,0,7,0.0839844654877495,57,6,0.9431945538974952,0
12,2,0,7,0.593295054604175,44,6,0.8884502877862838,0
35,6,0,10,0.4938203301673731,27,6,0.8884502877862838,0
66,2,0,7,0.4301565065278199,46,6,0.8884502877862838,0
57,1,0,7,0.5654421317618704,36,6,0.8884502877862838,0
36,6,0,7,0.4938203301673731,28,6,0.9431945538974952,0
30,2,0,7,0.3187448151586018,47,6,0.9431945538974952,0
286,2,0,3,0.7325596688156976,459,10,0.8884502877862838,1
295,5,0,9,0.4739253852800127,441,10,0.9431945538974952,1
270,0,0,3,0.1078583993525819,586,10,0.9431945538974952,1
306,0,0,9,0.1715222229921351,451,10,0.8884502877862838,1
306,0,0,3,0.2351860466316883,567,10,0.8884502877862838,1
328,2,0,3,0.4420934734602362,450,10,0.9431945538974952,1
305,0,0,9,0.4381144844827641,372,10,0.9431945538974952,1
305,0,0,3,0.1516272781047747,456,10,0.9431945538974952,1
259,5,0,9,0.5097362860772614,462,10,0.8884502877862838,1
314,0,0,3,0.2391650356091604,575,10,0.9431945538974952,1
281,5,0,9,0.4580094293701244,378,10,0.8884502877862838,1
293,5,0,9,0.4619884183475966,494,10,0.9431945538974952,1
271,5,0,3,0.752454613703058,479,10,0.8884502877862838,1
290,2,0,3,0.3465977380009064,455,10,0.8884502877862838,1
312,2,0,9,0.1436693001498306,550,10,0.8884502877862838,1
190,5,0,9,0.1516272781047747,462,10,0.8884502877862838,1
374,0,0,3,0.1905657739578236,513,10,0.8884502877862838,1
428,2,0,3,0.2900404983946254,581,10,0.8884502877862838,1
387,0,0,3,0.1706708290704632,580,10,0.8884502877862838,1
253,2,0,3,0.378429649820683,510,10,0.8884502877862838,1
307,5,0,3,0.1516272781047747,464,10,0.9431945538974952,1
297,2,0,3,0.6927697790409768,393,10,0.9431945538974952,1
314,0,0,3,0.1985237519127677,588,10,0.8884502877862838,1
292,5,0,3,0.1436693001498306,518,10,0.8884502877862838,1
263,2,0,9,0.274975936406409,449,10,0.9431945538974952,1
249,5,0,9,0.9434460846217176,330,10,0.8884502877862838,1
344,2,0,9,0.0115112699715802,572,10,0.9431945538974952,1
334,2,0,3,0.2550809915190487,471,10,0.9431945538974952,1
311,0,0,3,0.0433431817913568,548,10,0.9431945538974952,1
313,5,0,3,0.0441945757130287,596,10,0.9431945538974952,1
259,0,0,3,0.5495261758519822,286,10,0.9431945538974952,1
294,2,0,9,0.2511020025415766,493,10,0.9431945538974952,1
278,2,0,9,0.0242996308256684,573,10,0.9431945538974952,1
236,2,0,9,0.7683705696129463,412,10,0.8884502877862838,1
302,2,0,9,0.2383136416874884,647,10,0.8884502877862838,1
331,0,0,9,0.3298303881693462,615,10,0.9431945538974952,1
338,0,0,3,0.1357113221948865,559,10,0.9431945538974952,1
247,0,0,9,0.0999004213976378,516,10,0.8884502877862838,1
233,2,0,9,0.3227238041360739,481,10,0.9431945538974952,1
298,2,0,9,0.4659674073250686,531,10,0.9431945538974952,1
360,5,0,3,0.5924436606825031,580,10,0.9431945538974952,1
224,2,0,9,0.6291059554014237,528,10,0.8884502877862838,1
255,0,0,9,0.5773790986942867,445,10,0.8884502877862838,1
202,0,0,9,0.4221985285728758,473,10,0.9431945538974952,1
435,0,0,9,0.0314062148589406,631,10,0.9431945538974952,1
332,5,0,9,0.3068078482261857,464,10,0.8884502877862838,1
324,5,0,3,0.5495261758519822,421,10,0.8884502877862838,1
303,5,0,9,0.0154902589490523,437,10,0.8884502877862838,1
179,5,0,3,0.1595852560597189,541,10,0.9431945538974952,1
258,5,0,9,0.5256522419871498,449,10,0.8884502877862838,1
261,0,0,9,0.0791540825886055,465,10,0.8884502877862838,1
303,0,0,9,0.1357113221948865,561,10,0.8884502877862838,1
273,5,0,9,0.6410429223338399,428,10,0.8884502877862838,1
352,5,0,9,0.1078583993525819,523,10,0.8884502877862838,1
182,5,0,9,0.541568197897038,448,10,0.8884502877862838,1
373,2,0,3,0.1158163773075261,499,10,0.9431945538974952,1
312,5,0,3,0.1993751458344396,483,10,0.8884502877862838,1
335,2,0,9,0.055280148723773,518,10,0.9431945538974952,1
235,5,0,3,0.5216732530096777,516,10,0.9431945538974952,1
274,5,0,3,0.2590599804965208,499,10,0.9431945538974952,1
299,5,0,9,0.7285806798382255,520,10,0.8884502877862838,1
303,5,0,9,0.1945447629352956,507,10,0.8884502877862838,1
221,0,0,9,0.6450219113113119,365,10,0.8884502877862838,1
421,2,0,3,0.0353852038364127,605,10,0.8884502877862838,1
294,2,0,3,0.3019774653270416,652,10,0.9431945538974952,1
388,2,0,9,0.0831330715660775,577,10,0.8884502877862838,1
348,5,0,9,0.2113121127668558,527,10,0.9431945538974952,1
385,0,0,9,0.3457463440792345,694,10,0.8884502877862838,1
393,5,0,3,0.3426187490234343,528,10,0.9431945538974952,1
292,0,0,3,0.2272280686767442,567,10,0.8884502877862838,1
293,0,0,3,0.4540304403926524,426,10,0.9431945538974952,1
341,5,0,3,0.1985237519127677,539,10,0.8884502877862838,1
334,0,0,9,0.3147658261811298,544,10,0.8884502877862838,1
389,2,0,3,0.1993751458344396,615,10,0.8884502877862838,1
269,0,0,9,0.1834591899245513,494,10,0.9431945538974952,1
332,5,0,9,0.0640895206003891,431,10,0.9431945538974952,1
333,2,0,3,0.3426187490234343,487,10,0.9431945538974952,1
290,0,0,3,0.541568197897038,509,10,0.8884502877862838,1
353,0,0,3,0.1516272781047747,579,10,0.8884502877862838,1
329,5,0,3,0.2630389694739928,577,10,0.8884502877862838,1
276,2,0,9,0.4977993191448452,356,10,0.9431945538974952,1
265,2,0,3,0.5216732530096777,446,10,0.8884502877862838,1
202,0,0,9,0.4699463963025407,410,10,0.8884502877862838,1
387,5,0,9,0.3934942118088994,645,10,0.8884502877862838,1
284,0,0,3,0.2550809915190487,443,10,0.8884502877862838,1
277,5,0,3,0.1317323332174144,429,10,0.8884502877862838,1
353,2,0,9,0.0592591377012451,525,10,0.8884502877862838,1
298,0,0,3,0.1715222229921351,414,10,0.8884502877862838,1
210,5,0,9,0.7922445034777786,405,10,0.9431945538974952,1
315,2,0,9,0.4221985285728758,535,10,0.9431945538974952,1
274,0,0,3,0.8320343932524994,353,10,0.8884502877862838,1
219,5,0,9,0.6848118010860327,454,10,0.8884502877862838,1
373,5,0,3,0.0751750936111334,598,10,0.9431945538974952,1
245,0,0,9,0.1277533442399423,515,10,0.9431945538974952,1
279,2,0,3,0.2232490796992721,469,10,0.9431945538974952,1
395,0,0,3,0.1197953662849981,528,10,0.9431945538974952,1
277,0,0,9,0.2829339143613532,559,10,0.8884502877862838,1
315,0,0,9,0.378429649820683,497,10,0.9431945538974952,1
263,0,0,9,0.0075322809941081,478,10,0.9431945538974952,1
233,0,0,9,0.4102615616404595,472,10,0.8884502877862838,1
300,5,0,3,0.6609378672212003,487,10,0.8884502877862838,1
366,2,0,9,0.0441945757130287,588,10,0.8884502877862838,1
446,2,0,3,0.4014521897638435,505,10,0.8884502877862838,1
238,5,0,9,0.6728748341536165,416,10,0.9431945538974952,1
308,2,0,3,0.167543234014663,524,10,0.9431945538974952,1
298,0,0,9,0.274975936406409,539,10,0.8884502877862838,1
381,5,0,9,0.0513011597463009,598,10,0.9431945538974952,1
347,0,0,3,0.1706708290704632,664,10,0.8884502877862838,1
269,2,0,9,0.6410429223338399,410,10,0.9431945538974952,1
277,5,0,3,0.4898413411899011,478,10,0.9431945538974952,1
338,2,0,9,0.0154902589490523,531,10,0.8884502877862838,1
236,0,0,3,0.541568197897038,467,10,0.9431945538974952,1
306,0,0,3,0.3625136939107947,532,10,0.8884502877862838,1
334,5,0,9,0.3068078482261857,569,10,0.9431945538974952,1
342,5,0,3,0.1396903111723585,629,10,0.8884502877862838,1
287,0,0,9,0.3863876277756271,489,10,0.8884502877862838,1
252,0,0,9,0.5216732530096777,561,10,0.8884502877862838,1
341,0,0,3,0.4818833632349569,463,10,0.9431945538974952,1
288,2,0,3,0.270996947428937,427,10,0.9431945538974952,1
265,0,0,3,0.2630389694739928,456,10,0.9431945538974952,1
372,2,0,3,0.3497253330567065,538,10,0.8884502877862838,1
311,0,0,3,0.0950700384984938,652,10,0.8884502877862838,1
327,0,0,3,0.1595852560597189,549,10,0.8884502877862838,1
311,2,0,9,0.056131542645445,475,10,0.9431945538974952,1
311,5,0,3,0.0154902589490523,461,10,0.8884502877862838,1
211,5,0,9,0.3744506608432109,597,10,0.8884502877862838,1
268,2,0,3,0.1595852560597189,455,10,0.9431945538974952,1
238,0,0,3,0.5893160656267029,385,10,0.9431945538974952,1
303,2,0,9,0.1388389172506866,491,10,0.8884502877862838,1
312,5,0,9,0.8280554042750273,428,10,0.9431945538974952,1
378,2,0,9,0.0711961046336613,639,10,0.8884502877862838,1
325,2,0,3,0.6728748341536165,507,10,0.9431945538974952,1
238,5,0,9,0.5535051648294542,365,10,0.9431945538974952,1
306,0,0,9,0.2471230135641045,672,10,0.9431945538974952,1
402,0,0,9,0.3704716718657388,543,10,0.8884502877862838,1
332,2,0,9,0.1317323332174144,614,10,0.8884502877862838,1
313,0,0,9,0.3465977380009064,432,10,0.8884502877862838,1
285,2,0,3,0.0362365977580846,569,10,0.9431945538974952,1
379,0,0,9,0.1158163773075261,655,10,0.9431945538974952,1
217,0,0,9,0.5734001097168147,528,10,0.9431945538974952,1
298,5,0,3,0.1189439723633262,406,10,0.8884502877862838,1
370,5,0,3,0.3704716718657388,448,10,0.8884502877862838,1
289,0,0,3,0.0999004213976378,547,10,0.9431945538974952,1
314,5,0,9,0.0791540825886055,493,10,0.9431945538974952,1
344,0,0,3,0.0353852038364127,573,10,0.9431945538974952,1
275,5,0,3,0.111837388330054,441,10,0.8884502877862838,1
273,0,0,3,0.1237743552624702,591,10,0.9431945538974952,1
342,5,0,9,0.0950700384984938,561,10,0.8884502877862838,1
323,0,0,3,0.3068078482261857,496,10,0.8884502877862838,1
247,0,0,9,0.5057572970997893,529,10,0.8884502877862838,1
323,0,0,3,0.1914171678794955,527,10,0.9431945538974952,1
342,0,0,9,0.1038794103751098,509,10,0.8884502877862838,1
263,5,0,3,0.6967487680184489,452,10,0.8884502877862838,1
305,0,0,3,0.3147658261811298,474,10,0.8884502877862838,1
312,0,0,9,0.0322576087806125,571,10,0.8884502877862838,1
252,2,0,9,0.3107868372036577,435,10,0.8884502877862838,1
288,2,0,3,0.5535051648294542,510,10,0.9431945538974952,1
240,2,0,9,0.8002024814327229,396,10,0.8884502877862838,1
429,0,0,9,0.4014521897638435,614,10,0.9431945538974952,1
323,5,0,3,0.214439707822656,662,10,0.8884502877862838,1
260,0,0,9,0.3744506608432109,463,10,0.8884502877862838,1
393,2,0,3,0.0274272258814685,564,10,0.8884502877862838,1
315,2,0,3,0.0640895206003891,550,10,0.8884502877862838,1
300,0,0,3,0.1237743552624702,588,10,0.8884502877862838,1
209,2,0,9,0.2670179584514649,519,10,0.9431945538974952,1
272,0,0,9,0.3943456057305713,439,10,0.9431945538974952,1
362,0,0,3,0.377578255899011,677,10,0.9431945538974952,1
192,5,0,3,0.6052320215365912,359,10,0.9431945538974952,1
320,2,0,3,0.0791540825886055,597,10,0.9431945538974952,1
249,2,0,9,0.597274043581647,452,10,0.8884502877862838,1
238,5,0,9,0.1595852560597189,506,10,0.9431945538974952,1
322,5,0,9,0.0871120605435496,579,10,0.9431945538974952,1
343,0,0,9,0.1755012119696072,555,10,0.9431945538974952,1
407,5,0,3,0.163564245037191,561,10,0.9431945538974952,1
299,2,0,3,0.1078583993525819,548,10,0.9431945538974952,1
342,0,0,3,0.2192700907218,486,10,0.9431945538974952,1
321,5,0,3,0.0871120605435496,474,10,0.9431945538974952,1
306,0,0,9,0.4142405506179316,602,10,0.8884502877862838,1
258,5,0,9,0.0203206418481963,467,10,0.8884502877862838,1
301,0,0,9,0.863866305072276,350,10,0.9431945538974952,1
361,5,0,9,0.6967487680184489,384,10,0.8884502877862838,1
217,0,0,9,0.2351860466316883,492,10,0.8884502877862838,1
362,0,0,9,0.2073331237893838,509,10,0.8884502877862838,1
270,2,0,9,0.4818833632349569,371,10,0.9431945538974952,1
236,2,0,9,0.5256522419871498,504,10,0.8884502877862838,1
384,0,0,9,0.2192700907218,506,10,0.8884502877862838,1
342,0,0,3,0.1755012119696072,494,10,0.8884502877862838,1
268,0,0,3,0.2988498702712415,468,10,0.8884502877862838,1
306,5,0,3,0.6131899994915354,449,10,0.8884502877862838,1
374,5,0,3,0.2781035314622092,682,10,0.9431945538974952,1
320,0,0,9,0.7007277569959209,545,10,0.9431945538974952,1
262,5,0,9,0.7882655145003066,503,10,0.8884502877862838,1
267,2,0,9,0.3704716718657388,427,10,0.8884502877862838,1
315,5,0,3,0.2511020025415766,486,10,0.8884502877862838,1
341,0,0,3,0.3656412889665948,710,10,0.8884502877862838,1
352,0,0,3,0.2621875755523209,633,10,0.9431945538974952,1
433,2,0,3,0.266166564529793,531,10,0.8884502877862838,1
288,5,0,9,0.3903666167530992,472,10,0.8884502877862838,1
252,5,0,3,0.1277533442399423,434,10,0.8884502877862838,1
319,2,0,9,0.7166437129058093,425,10,0.9431945538974952,1
435,2,0,9,0.7476242308039139,658,10,0.9431945538974952,1
294,2,0,3,0.0919424434426936,489,10,0.9431945538974952,1
345,2,0,9,0.1874381789020234,488,10,0.8884502877862838,1
344,5,0,9,0.5535051648294542,417,10,0.8884502877862838,1
335,0,0,3,0.8041814704101949,502,10,0.9431945538974952,1
335,5,0,3,0.1556062670822468,520,10,0.9431945538974952,1
249,2,0,3,0.5773790986942867,478,10,0.8884502877862838,1
337,5,0,9,0.3505767269783785,480,10,0.8884502877862838,1
197,2,0,9,0.8479503491623878,404,10,0.8884502877862838,1
275,5,0,3,0.4619884183475966,418,10,0.9431945538974952,1
392,5,0,9,0.3696202779440669,562,10,0.9431945538974952,1
253,0,0,3,0.4580094293701244,465,10,0.8884502877862838,1
359,2,0,9,0.163564245037191,528,10,0.9431945538974952,1
341,2,0,9,0.0711961046336613,463,10,0.9431945538974952,1
324,2,0,3,0.6171689884690075,399,10,0.8884502877862838,1
336,0,0,9,0.3107868372036577,484,10,0.9431945538974952,1
360,2,0,3,0.0441945757130287,526,10,0.9431945538974952,1
214,5,0,3,0.434135495505292,476,10,0.8884502877862838,1
400,2,0,9,0.5049059031781175,600,10,0.8884502877862838,1
286,2,0,9,0.1507758841831028,512,10,0.9431945538974952,1
256,5,0,9,0.3983245947080434,536,10,0.8884502877862838,1
319,0,0,9,0.5097362860772614,468,10,0.9431945538974952,1
297,5,0,3,0.3943456057305713,541,10,0.9431945538974952,1
242,5,0,9,0.752454613703058,402,10,0.9431945538974952,1
312,5,0,9,0.2033541348119117,502,10,0.9431945538974952,1
334,5,0,3,0.3943456057305713,512,10,0.9431945538974952,1
355,5,0,9,0.0831330715660775,540,10,0.9431945538974952,1
268,2,0,3,0.2351860466316883,490,10,0.9431945538974952,1
359,0,0,9,0.0123626638932521,589,10,0.8884502877862838,1
384,0,0,3,0.2741245424847371,574,10,0.8884502877862838,1
318,5,0,9,0.2948708812937694,547,10,0.8884502877862838,1
392,5,0,9,0.0760264875328053,606,10,0.9431945538974952,1
415,0,0,3,0.1826077960028794,563,10,0.8884502877862838,1
292,5,0,3,0.6967487680184489,389,10,0.9431945538974952,1
348,2,0,3,0.1953961568569676,495,10,0.8884502877862838,1
225,5,0,3,1.0866896878107122,368,10,0.9431945538974952,1
361,0,0,9,0.1189439723633262,606,10,0.9431945538974952,1
345,2,0,3,0.1428179062281586,611,10,0.9431945538974952,1
406,0,0,9,0.0194692479265244,500,10,0.9431945538974952,1
304,5,0,9,0.1595852560597189,501,10,0.8884502877862838,1
260,5,0,9,0.5535051648294542,489,10,0.8884502877862838,1
214,0,0,9,1.007109908261271,417,10,0.9431945538974952,1
267,0,0,9,0.5208218590880057,672,10,0.8884502877862838,1
303,0,0,3,0.5097362860772614,448,10,0.8884502877862838,1
265,5,0,9,0.3227238041360739,417,10,0.8884502877862838,1
312,5,0,3,0.1109859944083821,472,10,0.9431945538974952,1
381,2,0,3,0.4142405506179316,447,10,0.8884502877862838,1
251,5,0,9,0.1317323332174144,528,10,0.8884502877862838,1
411,0,0,9,0.1149649833858541,453,10,0.9431945538974952,1
307,5,0,3,0.4420934734602362,352,10,0.8884502877862838,1
303,5,0,3,0.3585347049333226,406,10,0.9431945538974952,1
276,5,0,9,0.4420934734602362,442,10,0.8884502877862838,1
326,2,0,9,0.4938203301673731,367,10,0.8884502877862838,1
313,5,0,9,0.0194692479265244,519,10,0.8884502877862838,1
306,0,0,3,0.2104607188451839,596,10,0.9431945538974952,1
289,5,0,9,0.0751750936111334,682,10,0.9431945538974952,1
300,5,0,3,0.004404685938308,492,10,0.8884502877862838,1
245,0,0,3,0.0680685095778612,578,10,0.9431945538974952,1
350,2,0,3,0.6450219113113119,507,10,0.9431945538974952,1
259,5,0,3,0.0751750936111334,473,10,0.9431945538974952,1
241,0,0,9,0.6370639333563678,535,10,0.8884502877862838,1
334,5,0,9,0.1516272781047747,600,10,0.8884502877862838,1
294,5,0,3,0.3545557159558505,543,10,0.8884502877862838,1
310,2,0,9,0.3187448151586018,494,10,0.9431945538974952,1
299,5,0,9,0.2073331237893838,562,10,0.9431945538974952,1
310,0,0,9,0.2152911017443279,540,10,0.8884502877862838,1
349,2,0,3,0.3625136939107947,436,10,0.9431945538974952,1
358,0,0,9,0.5813580876717588,447,10,0.9431945538974952,1
377,0,0,9,0.1078583993525819,467,10,0.9431945538974952,1
306,2,0,3,0.270996947428937,508,10,0.8884502877862838,1
353,5,0,9,0.056131542645445,498,10,0.9431945538974952,1
270,5,0,9,0.6330849443788957,457,10,0.8884502877862838,1
356,2,0,3,0.2192700907218,453,10,0.8884502877862838,1
412,5,0,9,0.0800054765102774,661,10,0.9431945538974952,1
384,0,0,3,0.0711961046336613,527,10,0.8884502877862838,1
326,0,0,9,0.2590599804965208,525,10,0.8884502877862838,1
328,5,0,3,0.2829339143613532,503,10,0.9431945538974952,1
296,2,0,3,0.7723495585904183,481,10,0.9431945538974952,1
278,5,0,3,0.0433431817913568,639,10,0.9431945538974952,1
300,2,0,9,0.3863876277756271,456,10,0.8884502877862838,1
362,2,0,9,0.1953961568569676,509,10,0.8884502877862838,1
330,0,0,3,0.1516272781047747,624,10,0.8884502877862838,1
349,5,0,9,0.537589208919566,431,10,0.9431945538974952,1
332,0,0,3,0.5805066937500868,593,10,0.9431945538974952,1
333,5,0,9,0.5495261758519822,549,10,0.9431945538974952,1
347,5,0,9,0.3147658261811298,478,10,0.9431945538974952,1
309,2,0,9,0.4739253852800127,376,10,0.9431945538974952,1
323,0,0,3,0.3028288592487136,511,10,0.8884502877862838,1
294,5,0,3,0.1109859944083821,652,10,0.8884502877862838,1
250,0,0,3,0.7047067459733931,476,10,0.9431945538974952,1
370,2,0,9,0.0513011597463009,484,10,0.9431945538974952,1
222,0,0,9,0.4221985285728758,391,10,0.8884502877862838,1
299,0,0,9,0.9991519303063264,294,10,0.9431945538974952,1
356,5,0,3,0.2391650356091604,524,10,0.9431945538974952,1
313,2,0,3,0.4699463963025407,399,10,0.9431945538974952,1
359,0,0,9,0.2630389694739928,480,10,0.9431945538974952,1
319,2,0,9,0.4062825726629875,533,10,0.8884502877862838,1
342,5,0,3,0.270996947428937,514,10,0.8884502877862838,1
316,2,0,9,0.2312070576542162,542,10,0.8884502877862838,1
368,0,0,3,0.3306817820910181,589,10,0.9431945538974952,1
372,2,0,9,0.3306817820910181,529,10,0.9431945538974952,1
284,0,0,3,0.2471230135641045,488,10,0.9431945538974952,1
259,2,0,9,0.8320343932524994,410,10,0.9431945538974952,1
332,5,0,9,0.2152911017443279,495,10,0.8884502877862838,1
334,2,0,9,0.0035532920166361,506,10,0.8884502877862838,1
343,5,0,9,0.2232490796992721,560,10,0.9431945538974952,1
372,2,0,9,0.3704716718657388,504,10,0.9431945538974952,1
244,2,0,9,0.2869129033388253,490,10,0.8884502877862838,1
312,5,0,3,0.4580094293701244,501,10,0.9431945538974952,1
390,5,0,3,0.4054311787413155,665,10,0.8884502877862838,1
236,5,0,9,0.6092110105140632,476,10,0.9431945538974952,1
353,0,0,9,0.1317323332174144,476,10,0.9431945538974952,1
267,2,0,9,0.485862352212429,447,10,0.8884502877862838,1
361,2,0,9,0.0441945757130287,511,10,0.8884502877862838,1
245,5,0,3,0.5853370766492308,376,10,0.8884502877862838,1
305,2,0,3,0.2391650356091604,448,10,0.8884502877862838,1
309,5,0,3,0.0760264875328053,526,10,0.9431945538974952,1
305,5,0,9,0.5495261758519822,435,10,0.8884502877862838,1
239,2,0,9,0.5535051648294542,480,10,0.8884502877862838,1
293,5,0,9,0.2113121127668558,530,10,0.8884502877862838,1
260,0,0,3,0.1715222229921351,448,10,0.8884502877862838,1
256,0,0,3,0.4540304403926524,465,10,0.8884502877862838,1
300,2,0,3,0.2025027408902398,585,10,0.8884502877862838,1
302,5,0,3,0.2630389694739928,464,10,0.9431945538974952,1
241,5,0,9,0.7285806798382255,425,10,0.8884502877862838,1
345,2,0,3,0.0910910495210217,594,10,0.9431945538974952,1
323,0,0,3,0.270996947428937,457,10,0.9431945538974952,1
343,0,0,3,0.3983245947080434,415,10,0.9431945538974952,1
229,2,0,3,0.6450219113113119,436,10,0.9431945538974952,1
288,5,0,9,0.2312070576542162,572,10,0.9431945538974952,1
284,0,0,3,0.2351860466316883,506,10,0.8884502877862838,1
296,2,0,3,0.056131542645445,532,10,0.8884502877862838,1
231,5,0,9,0.593295054604175,458,10,0.9431945538974952,1
264,2,0,9,0.5614631427843984,431,10,0.9431945538974952,1
287,0,0,9,0.1476482891273027,632,10,0.8884502877862838,1
243,0,0,3,1.2060593571348743,333,10,0.8884502877862838,1
269,0,0,9,0.1953961568569676,515,10,0.9431945538974952,1
213,5,0,9,0.4659674073250686,508,10,0.9431945538974952,1
376,2,0,3,0.056131542645445,666,10,0.8884502877862838,1
377,2,0,9,0.4420934734602362,522,10,0.9431945538974952,1
259,5,0,3,0.6370639333563678,423,10,0.8884502877862838,1
301,0,0,9,0.5614631427843984,504,10,0.8884502877862838,1
334,2,0,3,0.4699463963025407,583,10,0.9431945538974952,1
296,5,0,3,0.0274272258814685,543,10,0.8884502877862838,1
250,5,0,3,0.6887907900635047,469,10,0.8884502877862838,1
404,5,0,9,0.2073331237893838,598,10,0.9431945538974952,1
340,2,0,9,0.2263766747550722,603,10,0.9431945538974952,1
306,0,0,9,0.0473221707688289,488,10,0.9431945538974952,1
315,0,0,3,0.7842865255228345,386,10,0.8884502877862838,1
235,0,0,9,0.4619884183475966,318,10,0.8884502877862838,1
248,5,0,9,0.7325596688156976,367,10,0.8884502877862838,1
296,5,0,3,0.4619884183475966,400,10,0.8884502877862838,1
349,5,0,3,0.4062825726629875,465,10,0.8884502877862838,1
112,6,1,10,0.4412420795385642,213,12,0.9431945538974952,0
95,6,1,10,0.1078583993525819,132,12,0.9431945538974952,0
96,6,0,10,0.1357113221948865,130,12,0.8884502877862838,0
111,6,0,10,0.2590599804965208,139,12,0.9431945538974952,0
131,6,0,10,0.2303556637325443,161,12,0.8884502877862838,0
84,6,0,10,0.2471230135641045,104,12,0.8884502877862838,0
114,6,0,10,0.0672171156561892,180,12,0.9431945538974952,0
102,6,1,10,0.2104607188451839,200,12,0.8884502877862838,0
121,6,0,10,0.1158163773075261,122,12,0.9431945538974952,0
110,6,0,10,0.5216732530096777,83,12,0.9431945538974952,0
116,6,1,10,0.1030280164534379,177,12,0.8884502877862838,0
122,6,1,10,0.0959214324201657,144,12,0.9431945538974952,0
135,6,1,10,0.0521525536679729,129,12,0.9431945538974952,0
118,6,1,10,0.1945447629352956,192,12,0.8884502877862838,0
107,6,0,10,0.0402155867355567,194,12,0.8884502877862838,0
129,6,1,10,0.3099354432819858,202,12,0.8884502877862838,0
95,6,1,10,0.274975936406409,143,12,0.8884502877862838,0
126,6,0,10,0.060110531622917,178,12,0.8884502877862838,0
93,6,0,10,0.0521525536679729,152,12,0.8884502877862838,0
105,6,1,10,0.3465977380009064,135,12,0.9431945538974952,0
110,6,1,10,0.1794802009470793,157,12,0.9431945538974952,0
101,6,1,10,0.0314062148589406,146,12,0.9431945538974952,0
106,6,1,10,0.162712851115519,113,12,0.9431945538974952,0
64,6,1,10,0.378429649820683,117,12,0.8884502877862838,0
93,6,1,10,0.3068078482261857,101,12,0.9431945538974952,0
113,6,0,10,0.270145553507265,188,12,0.9431945538974952,0
96,6,1,10,0.4062825726629875,116,12,0.9431945538974952,0
97,6,0,10,0.163564245037191,143,12,0.9431945538974952,0
108,6,1,10,0.1317323332174144,135,12,0.8884502877862838,0
94,6,1,10,0.2471230135641045,139,12,0.9431945538974952,0
87,6,0,10,0.1158163773075261,164,12,0.8884502877862838,0
100,6,1,10,0.0203206418481963,120,12,0.8884502877862838,0
113,6,1,10,0.0441945757130287,172,12,0.9431945538974952,0
117,6,1,10,0.056131542645445,157,12,0.9431945538974952,0
98,6,1,10,0.2033541348119117,131,12,0.9431945538974952,0
100,6,1,10,0.1905657739578236,171,12,0.9431945538974952,0
135,6,0,10,0.3616622999891227,202,12,0.8884502877862838,0
85,6,1,10,0.0234482369039964,89,12,0.8884502877862838,0
98,6,0,10,0.1715222229921351,116,12,0.9431945538974952,0
104,6,0,10,0.2064817298677118,167,12,0.9431945538974952,0
104,6,1,10,0.3028288592487136,144,12,0.9431945538974952,0
125,6,1,10,0.3059564543045137,150,12,0.9431945538974952,0
115,6,1,10,0.0353852038364127,171,12,0.9431945538974952,0
79,6,1,10,0.2670179584514649,111,12,0.9431945538974952,0
95,6,1,10,0.0194692479265244,130,12,0.8884502877862838,0
117,6,1,10,0.162712851115519,213,12,0.9431945538974952,0
88,6,0,10,0.1476482891273027,89,12,0.8884502877862838,0
93,6,0,10,0.2908918923162973,130,12,0.8884502877862838,0
86,6,0,10,0.5137152750547335,70,12,0.9431945538974952,0
135,6,0,10,0.0879634544652216,147,12,0.9431945538974952,0
119,6,0,10,0.6282545614797517,250,12,0.9431945538974952,0
89,6,1,10,0.1874381789020234,141,12,0.9431945538974952,0
99,6,1,10,0.3664926828882667,133,12,0.8884502877862838,0
106,6,1,10,0.2431440245866324,118,12,0.8884502877862838,0
106,6,1,10,0.0322576087806125,149,12,0.8884502877862838,0
74,6,0,10,0.1317323332174144,143,12,0.9431945538974952,0
134,6,1,10,0.1308809392957424,190,12,0.9431945538974952,0
81,6,1,10,0.597274043581647,132,12,0.9431945538974952,0
106,6,0,10,0.2511020025415766,136,12,0.9431945538974952,0
101,6,1,10,0.3855362338539552,171,12,0.9431945538974952,0
111,6,0,10,0.3187448151586018,121,12,0.9431945538974952,0
95,6,1,10,0.2511020025415766,137,12,0.8884502877862838,0
110,6,1,10,0.0402155867355567,126,12,0.9431945538974952,0
103,6,0,10,0.4023035836855154,95,12,0.9431945538974952,0
106,6,0,10,0.0433431817913568,139,12,0.8884502877862838,0
110,6,1,10,0.0919424434426936,174,12,0.9431945538974952,0
124,6,0,10,0.3099354432819858,146,12,0.8884502877862838,0
134,6,0,10,0.2741245424847371,203,12,0.9431945538974952,0
97,6,0,10,0.6163175945473355,183,12,0.9431945538974952,0
82,6,0,10,0.0521525536679729,102,12,0.9431945538974952,0
104,6,0,10,0.055280148723773,160,12,0.8884502877862838,0
116,6,1,10,0.0353852038364127,145,12,0.9431945538974952,0
125,6,0,10,0.0075322809941081,151,12,0.8884502877862838,0
77,6,1,10,0.0919424434426936,154,12,0.8884502877862838,0
80,6,1,10,0.0234482369039964,126,12,0.9431945538974952,0
98,6,1,10,0.3346607710684902,142,12,0.9431945538974952,0
124,6,1,10,0.3616622999891227,166,12,0.9431945538974952,0
101,6,1,10,0.1396903111723585,133,12,0.9431945538974952,0
127,6,0,10,0.214439707822656,207,12,0.8884502877862838,0
128,6,0,10,0.0163416528707242,174,12,0.9431945538974952,0
122,6,1,10,0.0831330715660775,192,12,0.8884502877862838,0
88,6,0,10,0.274975936406409,104,12,0.9431945538974952,0
91,6,0,10,0.3505767269783785,109,12,0.9431945538974952,0
95,6,0,10,0.0999004213976378,172,12,0.8884502877862838,0
103,6,1,10,0.1237743552624702,142,12,0.9431945538974952,0
95,6,0,10,0.004404685938308,174,12,0.8884502877862838,0
89,6,1,10,0.541568197897038,136,12,0.9431945538974952,0
119,6,0,10,0.3815572448764831,191,12,0.8884502877862838,0
113,6,0,10,0.2670179584514649,130,12,0.9431945538974952,0
132,6,0,10,0.1158163773075261,194,12,0.8884502877862838,0
112,6,1,10,0.0680685095778612,201,12,0.9431945538974952,0
80,6,1,10,0.5097362860772614,120,12,0.9431945538974952,0
106,6,0,10,0.4173681456737318,174,12,0.8884502877862838,0
85,6,1,10,0.2033541348119117,122,12,0.9431945538974952,0
117,6,1,10,0.1436693001498306,116,12,0.9431945538974952,0
104,6,1,10,0.0839844654877495,151,12,0.9431945538974952,0
109,6,1,10,0.0999004213976378,136,12,0.8884502877862838,0
76,6,1,10,0.2550809915190487,102,12,0.9431945538974952,0
125,6,0,10,0.0393641928138847,183,12,0.9431945538974952,0
118,6,1,10,0.4779043742574848,154,12,0.9431945538974952,0
89,6,0,10,0.4540304403926524,140,12,0.8884502877862838,0
117,6,0,10,0.2064817298677118,174,12,0.8884502877862838,0
113,6,0,10,0.2272280686767442,124,12,0.9431945538974952,0
103,6,0,10,0.2869129033388253,121,12,0.8884502877862838,0
109,6,0,10,0.3505767269783785,124,12,0.8884502877862838,0
86,6,0,10,0.0393641928138847,146,12,0.8884502877862838,0
100,6,1,10,0.0282786198031404,121,12,0.9431945538974952,0
91,6,1,10,0.0800054765102774,161,12,0.8884502877862838,0
108,6,1,10,0.0433431817913568,162,12,0.8884502877862838,0
119,6,0,10,0.0123626638932521,134,12,0.9431945538974952,0
118,6,1,10,0.270996947428937,155,12,0.9431945538974952,0
116,6,1,10,0.0353852038364127,153,12,0.8884502877862838,0
133,6,0,10,0.0075322809941081,159,12,0.9431945538974952,0
108,6,1,10,0.3059564543045137,182,12,0.8884502877862838,0
139,6,0,10,0.2860615094171533,188,12,0.9431945538974952,0
116,6,0,10,0.4540304403926524,139,12,0.9431945538974952,0
127,6,1,10,0.3377883661242903,183,12,0.8884502877862838,0
91,6,1,10,0.1834591899245513,107,12,0.8884502877862838,0
104,6,1,10,0.1547548731605749,201,12,0.9431945538974952,0
108,6,0,10,0.4977993191448452,129,12,0.9431945538974952,0
99,6,0,10,0.1507758841831028,179,12,0.8884502877862838,0
114,6,1,10,0.056131542645445,181,12,0.8884502877862838,0
113,6,1,10,0.2184186968001281,127,12,0.8884502877862838,0
106,6,1,10,0.2988498702712415,146,12,0.8884502877862838,0
94,6,0,10,0.2113121127668558,118,12,0.9431945538974952,0
96,6,1,10,0.214439707822656,137,12,0.9431945538974952,0
100,6,0,10,0.060110531622917,156,12,0.8884502877862838,0
122,6,1,10,0.1467968952056307,133,12,0.8884502877862838,0
77,6,0,10,0.4381144844827641,139,12,0.9431945538974952,0
98,6,1,10,0.1038794103751098,140,12,0.9431945538974952,0
100,6,1,10,0.1706708290704632,161,12,0.9431945538974952,0
115,6,0,10,0.0680685095778612,150,12,0.8884502877862838,0
132,6,0,10,0.2860615094171533,244,12,0.9431945538974952,0
141,6,1,10,0.6043806276149193,212,12,0.8884502877862838,0
110,6,0,10,0.1595852560597189,130,12,0.9431945538974952,0
89,6,0,10,0.0163416528707242,147,12,0.8884502877862838,0
88,6,1,10,0.0910910495210217,150,12,0.9431945538974952,0
98,6,0,10,0.0680685095778612,124,12,0.8884502877862838,0
82,6,0,10,0.2152911017443279,148,12,0.9431945538974952,0
102,6,1,10,0.1476482891273027,128,12,0.9431945538974952,0
125,6,1,10,0.0083836749157801,174,12,0.8884502877862838,0
86,6,1,10,0.4898413411899011,129,12,0.8884502877862838,0
140,6,1,10,0.0274272258814685,184,12,0.8884502877862838,0
114,6,1,10,0.3386397600459622,92,12,0.8884502877862838,0
79,6,1,10,0.2988498702712415,90,12,0.8884502877862838,0
100,6,0,10,0.1388389172506866,142,12,0.9431945538974952,0
94,6,1,10,0.3505767269783785,95,12,0.8884502877862838,0
76,6,1,10,0.0282786198031404,156,12,0.9431945538974952,0
76,6,1,10,0.3983245947080434,87,12,0.8884502877862838,0
114,6,1,10,0.0791540825886055,132,12,0.9431945538974952,0
83,6,0,10,0.2033541348119117,108,12,0.9431945538974952,0
94,6,0,10,0.004404685938308,149,12,0.9431945538974952,0
106,6,0,10,0.0282786198031404,95,12,0.9431945538974952,0
95,6,0,10,0.1317323332174144,164,12,0.9431945538974952,0
114,6,1,10,0.3417673551017623,170,12,0.9431945538974952,0
97,6,1,10,0.1436693001498306,148,12,0.9431945538974952,0
131,6,1,10,0.0751750936111334,143,12,0.9431945538974952,0
100,6,1,10,0.0720474985553333,140,12,0.8884502877862838,0
134,6,0,10,0.0473221707688289,204,12,0.9431945538974952,0
93,6,0,10,0.3983245947080434,100,12,0.8884502877862838,0
109,6,1,10,0.1308809392957424,169,12,0.9431945538974952,0
117,6,0,10,0.0194692479265244,156,12,0.8884502877862838,0
104,6,0,10,0.1914171678794955,107,12,0.8884502877862838,0
84,6,0,10,0.1786288070254073,177,12,0.8884502877862838,0
113,6,0,10,0.111837388330054,147,12,0.8884502877862838,0
108,6,0,10,0.1308809392957424,148,12,0.8884502877862838,0
105,6,1,10,0.0751750936111334,193,12,0.9431945538974952,0
100,6,0,10,0.0322576087806125,151,12,0.9431945538974952,0
119,6,0,10,0.2263766747550722,235,12,0.8884502877862838,0
115,6,1,10,0.163564245037191,139,12,0.8884502877862838,0
106,6,1,10,0.1914171678794955,121,12,0.9431945538974952,0
89,6,0,10,0.0362365977580846,150,12,0.9431945538974952,0
105,6,0,10,0.1865867849803515,167,12,0.8884502877862838,0
121,6,1,10,0.5176942640322055,138,12,0.9431945538974952,0
126,6,0,10,0.10700700543091,179,12,0.8884502877862838,0
94,6,1,10,0.2869129033388253,156,12,0.8884502877862838,0
92,6,1,10,0.0521525536679729,151,12,0.8884502877862838,0
87,6,1,10,0.4460724624377082,79,12,0.9431945538974952,0
105,6,0,10,0.0680685095778612,138,12,0.9431945538974952,0
110,6,0,10,0.0123626638932521,145,12,0.8884502877862838,0
119,6,0,10,0.3537043220341786,217,12,0.8884502877862838,0
108,6,1,10,0.0871120605435496,190,12,0.9431945538974952,0
108,6,0,10,0.1237743552624702,169,12,0.9431945538974952,0
106,6,0,10,0.162712851115519,164,12,0.9431945538974952,0
113,6,1,10,0.3306817820910181,168,12,0.9431945538974952,0
104,6,0,10,0.2948708812937694,179,12,0.9431945538974952,0
73,6,0,10,0.1357113221948865,96,12,0.8884502877862838,0
75,6,0,10,0.167543234014663,184,12,0.9431945538974952,0
121,6,1,10,0.0353852038364127,159,12,0.8884502877862838,0
107,6,1,10,0.1706708290704632,159,12,0.8884502877862838,0
108,6,0,10,0.0194692479265244,172,12,0.8884502877862838,0
108,6,0,10,0.0919424434426936,132,12,0.9431945538974952,0
93,6,1,10,0.2511020025415766,102,12,0.9431945538974952,0
117,6,1,10,0.1038794103751098,155,12,0.8884502877862838,0
92,6,1,10,0.1277533442399423,131,12,0.8884502877862838,0
98,6,1,10,0.0441945757130287,143,12,0.8884502877862838,0
119,6,1,10,0.4412420795385642,177,12,0.9431945538974952,0
71,6,1,10,0.167543234014663,139,12,0.8884502877862838,0
125,6,1,10,0.5208218590880057,221,12,0.8884502877862838,0
106,6,1,10,0.2988498702712415,125,12,0.9431945538974952,0
98,6,0,10,0.1317323332174144,119,12,0.9431945538974952,0
121,6,1,10,0.4492000574935084,162,12,0.8884502877862838,0
105,6,0,10,0.3585347049333226,67,12,0.8884502877862838,0
92,6,0,10,0.0592591377012451,147,12,0.9431945538974952,0
102,6,0,10,0.0203206418481963,154,12,0.8884502877862838,0
120,6,0,10,0.1953961568569676,154,12,0.8884502877862838,0
100,6,1,10,0.0402155867355567,127,12,0.9431945538974952,0
107,6,0,10,0.2550809915190487,129,12,0.8884502877862838,0
82,6,0,10,0.0035532920166361,114,12,0.8884502877862838,0
118,6,0,10,0.5327588260204219,208,12,0.8884502877862838,0
133,6,0,10,0.0075322809941081,169,12,0.8884502877862838,0
96,6,1,10,0.1595852560597189,136,12,0.8884502877862838,0
103,6,1,10,0.167543234014663,112,12,0.8884502877862838,0
115,6,1,10,0.0004256969608359,158,12,0.8884502877862838,0
106,6,1,10,0.0083836749157801,174,12,0.9431945538974952,0
114,6,1,10,0.3019774653270416,203,12,0.9431945538974952,0
77,6,0,10,0.1715222229921351,113,12,0.9431945538974952,0
108,6,0,10,0.0083836749157801,147,12,0.9431945538974952,0
109,6,0,10,0.5057572970997893,113,12,0.9431945538974952,0
107,6,0,10,0.2908918923162973,124,12,0.9431945538974952,0
119,6,0,10,0.0402155867355567,141,12,0.8884502877862838,0
95,6,1,10,0.1189439723633262,134,12,0.8884502877862838,0
118,6,0,10,0.2303556637325443,200,12,0.8884502877862838,0
97,6,0,10,0.3346607710684902,127,12,0.8884502877862838,0
89,6,0,10,0.1507758841831028,123,12,0.9431945538974952,0
104,6,1,10,0.2272280686767442,159,12,0.9431945538974952,0
83,6,1,10,0.3346607710684902,127,12,0.9431945538974952,0
116,6,0,10,0.6242755725022796,228,12,0.8884502877862838,0
135,6,0,10,0.5287798370429498,195,12,0.8884502877862838,0
84,6,0,10,0.4102615616404595,145,12,0.9431945538974952,0
92,6,1,10,0.0950700384984938,151,12,0.9431945538974952,0
116,6,1,10,0.3139144322594578,198,12,0.8884502877862838,0
102,6,1,10,0.0831330715660775,121,12,0.8884502877862838,0
91,6,1,10,0.0035532920166361,87,12,0.8884502877862838,0
91,6,0,10,0.3465977380009064,141,12,0.9431945538974952,0
111,6,1,10,0.1229229613407983,116,12,0.8884502877862838,0
78,6,0,10,0.1993751458344396,153,12,0.9431945538974952,0
148,6,0,10,0.1348599282732145,204,12,0.8884502877862838,0
92,6,1,10,0.5734001097168147,86,12,0.8884502877862838,0
102,6,1,10,0.1396903111723585,119,12,0.8884502877862838,0
90,6,1,10,0.0282786198031404,139,12,0.9431945538974952,0
128,6,1,10,0.5168428701105336,184,12,0.8884502877862838,0
120,6,0,10,0.1914171678794955,148,12,0.9431945538974952,0
100,6,1,10,0.0441945757130287,140,12,0.8884502877862838,0
100,6,0,10,0.0362365977580846,160,12,0.9431945538974952,0
102,6,0,10,0.2184186968001281,127,12,0.9431945538974952,0
102,6,0,10,0.0004256969608359,144,12,0.8884502877862838,0
104,6,1,10,0.4699463963025407,103,12,0.9431945538974952,0
87,6,1,10,0.0990490274759658,172,12,0.9431945538974952,0
101,6,0,10,0.3346607710684902,154,12,0.9431945538974952,0
117,6,0,10,0.2383136416874884,203,12,0.8884502877862838,0
111,6,0,10,0.1666918400929911,183,12,0.8884502877862838,0
133,6,0,10,0.3417673551017623,194,12,0.9431945538974952,0
98,6,1,10,0.4580094293701244,84,12,0.8884502877862838,0
123,6,0,10,0.2303556637325443,178,12,0.9431945538974952,0
86,6,1,10,0.2343346527100163,180,12,0.8884502877862838,0
106,6,1,10,0.2988498702712415,161,12,0.8884502877862838,0
116,6,0,10,0.1229229613407983,144,12,0.9431945538974952,0
112,6,1,10,0.0163416528707242,182,12,0.9431945538974952,0
98,6,0,10,0.163564245037191,118,12,0.8884502877862838,0
121,6,1,10,0.3107868372036577,155,12,0.8884502877862838,0
105,6,1,10,0.1556062670822468,148,12,0.9431945538974952,0
103,6,1,10,0.4412420795385642,197,12,0.8884502877862838,0
101,6,0,10,0.1945447629352956,153,12,0.9431945538974952,0
71,6,1,10,0.1595852560597189,94,12,0.9431945538974952,0
100,6,0,10,0.0513011597463009,179,12,0.8884502877862838,0
90,6,0,10,0.0322576087806125,167,12,0.8884502877862838,0
123,6,1,10,0.2025027408902398,226,12,0.8884502877862838,0
104,6,1,10,0.0154902589490523,139,12,0.8884502877862838,0
107,6,1,10,0.0075322809941081,125,12,0.9431945538974952,0
122,6,0,10,0.0314062148589406,170,12,0.8884502877862838,0
130,6,0,10,0.5486747819303103,179,12,0.9431945538974952,0
98,6,1,10,0.0521525536679729,129,12,0.9431945538974952,0
88,6,1,10,0.0791540825886055,135,12,0.9431945538974952,0
75,6,0,10,0.3545557159558505,108,12,0.9431945538974952,0
110,6,0,10,0.2312070576542162,100,12,0.8884502877862838,0
95,6,1,10,0.7882655145003066,57,12,0.9431945538974952,0
87,6,1,10,0.3625136939107947,130,12,0.8884502877862838,0
102,6,1,10,0.1516272781047747,135,12,0.9431945538974952,0
124,6,1,10,0.4332841015836201,168,12,0.8884502877862838,0
93,6,0,10,0.0353852038364127,107,12,0.8884502877862838,0
105,6,0,10,0.0800054765102774,152,12,0.8884502877862838,0
98,6,0,10,0.2033541348119117,152,12,0.9431945538974952,0
99,6,0,10,0.0154902589490523,162,12,0.9431945538974952,0
122,6,0,10,0.4611370244259246,248,12,0.8884502877862838,0
125,6,1,10,0.0194692479265244,197,12,0.9431945538974952,0
107,6,1,10,0.0433431817913568,152,12,0.9431945538974952,0
87,6,0,10,0.1953961568569676,141,12,0.9431945538974952,0
110,6,0,10,0.1038794103751098,136,12,0.8884502877862838,0
118,6,1,10,0.1269019503182704,145,12,0.8884502877862838,0
107,6,0,10,0.0481735646905008,145,12,0.9431945538974952,0
94,6,1,10,0.060110531622917,150,12,0.9431945538974952,0
127,6,0,10,0.377578255899011,163,12,0.8884502877862838,0
97,6,0,10,0.0433431817913568,129,12,0.8884502877862838,0
111,6,1,10,0.2272280686767442,113,12,0.8884502877862838,0
77,6,0,10,0.0521525536679729,157,12,0.8884502877862838,0
98,6,0,10,0.3377883661242903,205,12,0.9431945538974952,0
74,6,1,10,0.0163416528707242,122,12,0.9431945538974952,0
73,6,0,10,0.2869129033388253,100,12,0.9431945538974952,0
111,6,1,10,0.0362365977580846,153,12,0.9431945538974952,0
98,6,1,10,0.0711961046336613,106,12,0.9431945538974952,0
135,6,1,10,0.10700700543091,201,12,0.8884502877862838,0
90,6,0,10,0.2113121127668558,129,12,0.9431945538974952,0
107,6,0,10,0.1357113221948865,159,12,0.8884502877862838,0
124,6,0,10,0.4301565065278199,101,12,0.9431945538974952,0
71,6,1,10,0.163564245037191,108,12,0.8884502877862838,0
96,6,0,10,0.2303556637325443,129,12,0.8884502877862838,0
115,6,0,10,0.1945447629352956,212,12,0.8884502877862838,0
122,6,0,10,0.3147658261811298,129,12,0.8884502877862838,0
120,6,1,10,0.1914171678794955,83,12,0.8884502877862838,0
106,6,1,10,0.1317323332174144,131,12,0.9431945538974952,0
97,6,1,10,0.1993751458344396,153,12,0.8884502877862838,0
90,6,0,10,0.0632381266787172,148,12,0.9431945538974952,0
115,6,0,10,0.2073331237893838,132,12,0.8884502877862838,0
103,6,1,10,0.2152911017443279,146,12,0.9431945538974952,0
78,6,0,10,0.2272280686767442,152,12,0.9431945538974952,0
117,6,1,10,0.1189439723633262,153,12,0.8884502877862838,0
127,6,0,10,0.0711961046336613,171,12,0.9431945538974952,0
128,6,0,10,0.0672171156561892,165,12,0.9431945538974952,0
95,6,0,10,0.0760264875328053,127,12,0.8884502877862838,0
129,6,0,10,0.2064817298677118,176,12,0.8884502877862838,0
96,6,1,10,0.1317323332174144,116,12,0.8884502877862838,0
78,6,1,10,0.6171689884690075,105,12,0.9431945538974952,0
97,6,1,10,0.4540304403926524,108,12,0.9431945538974952,0
109,6,1,10,0.0163416528707242,146,12,0.9431945538974952,0
97,6,0,10,0.4898413411899011,93,12,0.9431945538974952,0
104,6,1,10,0.270996947428937,155,12,0.9431945538974952,0
125,6,1,10,0.0402155867355567,120,12,0.9431945538974952,0
130,6,1,10,0.2104607188451839,129,12,0.8884502877862838,0
108,6,1,10,0.2979984763495695,151,12,0.8884502877862838,0
128,6,0,10,0.3855362338539552,153,12,0.9431945538974952,0
99,6,0,10,0.0282786198031404,178,12,0.8884502877862838,0
110,6,1,10,0.3099354432819858,167,12,0.8884502877862838,0
108,6,1,10,0.2351860466316883,124,12,0.8884502877862838,0
103,6,0,10,0.1189439723633262,156,12,0.9431945538974952,0
91,6,0,10,0.5176942640322055,125,12,0.8884502877862838,0
86,6,0,10,0.2550809915190487,114,12,0.9431945538974952,0
114,6,1,10,0.0402155867355567,142,12,0.9431945538974952,0
108,6,1,10,0.0919424434426936,137,12,0.8884502877862838,0
88,6,0,10,0.378429649820683,140,12,0.9431945538974952,0
84,6,0,10,0.4818833632349569,167,12,0.9431945538974952,0
100,6,1,10,0.0950700384984938,123,12,0.9431945538974952,0
100,6,0,10,0.0959214324201657,120,12,0.9431945538974952,0
105,6,1,10,0.2303556637325443,141,12,0.8884502877862838,0
92,6,1,10,0.2789549253838811,114,12,0.9431945538974952,0
82,6,1,10,0.2670179584514649,97,12,0.9431945538974952,0
107,6,1,10,0.5137152750547335,113,12,0.8884502877862838,0
103,6,1,10,0.1317323332174144,147,12,0.8884502877862838,0
122,6,1,10,0.2113121127668558,166,12,0.9431945538974952,0
96,6,0,10,0.2670179584514649,100,12,0.9431945538974952,0
90,6,1,10,0.2351860466316883,150,12,0.8884502877862838,0
101,6,1,10,0.2948708812937694,145,12,0.8884502877862838,0
119,6,0,10,0.2940194873720975,174,12,0.9431945538974952,0
58,6,0,11,1.023025864171159,30,11,0.8884502877862838,1
25,6,0,11,1.046899798035991,28,11,0.8884502877862838,1
43,6,0,11,0.9832359743964384,34,12,0.8884502877862838,1
26,6,0,11,1.030983842126103,20,11,0.9431945538974952,1
27,6,0,11,1.0548577759909357,24,12,0.8884502877862838,1
14,6,0,11,1.023025864171159,16,12,0.8884502877862838,1
24,6,0,11,1.0389418200810472,19,12,0.8884502877862838,1
19,6,0,11,1.1065846326980726,18,12,0.8884502877862838,1
30,6,0,11,1.019046875193687,25,12,0.9431945538974952,1
38,6,0,11,0.963341029509078,39,12,0.9431945538974952,1
16,6,0,11,1.1065846326980726,17,12,0.9431945538974952,1
25,6,0,11,1.0110888972387428,24,11,0.8884502877862838,1
16,6,0,11,1.1026056437206004,22,12,0.9431945538974952,1
31,6,0,11,0.9394670956442456,27,12,0.9431945538974952,1
35,6,0,11,0.8996772058695247,30,12,0.8884502877862838,1
21,6,0,11,1.070773731900824,15,11,0.9431945538974952,1
30,6,0,11,1.0031309192837985,31,11,0.8884502877862838,1
17,6,0,11,1.1742274453150978,18,12,0.8884502877862838,1
34,6,0,11,1.0389418200810472,29,11,0.8884502877862838,1
24,6,0,11,1.1423955334953213,18,12,0.9431945538974952,1
25,6,0,11,0.979256985418966,26,11,0.8884502877862838,1
19,6,0,11,1.0389418200810472,18,11,0.8884502877862838,1
17,6,0,11,1.1145426106530167,13,11,0.9431945538974952,1
17,6,0,11,1.1225005886079609,12,12,0.8884502877862838,1
27,6,0,11,1.070773731900824,20,12,0.8884502877862838,1
11,6,0,11,1.1185215996304887,14,12,0.9431945538974952,1
27,6,0,11,1.019046875193687,29,11,0.9431945538974952,1
41,6,0,11,0.9076351838244688,28,12,0.9431945538974952,1
33,6,0,11,1.0429208090585194,24,11,0.8884502877862838,1
23,6,0,11,1.1384165445178491,7,12,0.8884502877862838,1
30,6,0,11,1.0429208090585194,24,12,0.8884502877862838,1
17,6,0,11,1.0548577759909357,22,11,0.9431945538974952,1
20,6,0,11,1.134437555540377,12,11,0.9431945538974952,1
17,6,0,11,1.078731709855768,30,12,0.8884502877862838,1
30,6,0,11,1.0110888972387428,33,11,0.8884502877862838,1
37,6,0,11,1.030983842126103,22,12,0.8884502877862838,1
0,6,0,11,1.019046875193687,21,12,0.9431945538974952,1
9,6,0,11,1.134437555540377,17,12,0.8884502877862838,1
38,6,0,11,1.074752720878296,26,11,0.8884502877862838,1
21,6,0,11,1.1185215996304887,16,11,0.8884502877862838,1
32,6,0,11,1.0667947429233515,23,11,0.9431945538974952,1
3,6,0,11,1.0986266547431285,22,11,0.8884502877862838,1
13,6,0,11,1.1463745224727933,9,12,0.8884502877862838,1
17,6,0,11,1.0986266547431285,19,11,0.9431945538974952,1
16,6,0,11,1.0628157539458798,19,11,0.8884502877862838,1
34,6,0,11,1.0150678862162148,32,12,0.8884502877862838,1
12,6,0,11,1.0986266547431285,26,11,0.9431945538974952,1
19,6,0,11,1.1384165445178491,7,12,0.9431945538974952,1
25,6,0,11,1.1225005886079609,21,12,0.9431945538974952,1
19,6,0,11,1.0548577759909357,21,12,0.8884502877862838,1
32,6,0,11,1.027004853148631,26,11,0.9431945538974952,1
14,6,0,11,1.1384165445178491,7,12,0.8884502877862838,1
35,6,0,11,1.007109908261271,34,12,0.9431945538974952,1
14,6,0,11,1.0150678862162148,24,11,0.8884502877862838,1
19,6,0,11,1.1662694673601537,14,12,0.8884502877862838,1
24,6,0,11,1.0031309192837985,34,12,0.8884502877862838,1
16,6,0,11,0.9991519303063264,24,11,0.9431945538974952,1
45,6,0,11,0.975277996441494,31,12,0.9431945538974952,1
26,6,0,11,1.0588367649684076,33,12,0.9431945538974952,1
26,6,0,11,1.1105636216755446,29,11,0.8884502877862838,1
24,6,0,11,1.0150678862162148,24,12,0.8884502877862838,1
31,6,0,11,1.090668676788184,30,12,0.8884502877862838,1
9,6,0,11,1.1026056437206004,16,11,0.8884502877862838,1
28,6,0,11,1.0389418200810472,19,11,0.8884502877862838,1
11,6,0,11,1.1463745224727933,11,12,0.8884502877862838,1
26,6,0,11,1.078731709855768,28,12,0.9431945538974952,1
32,6,0,11,0.9832359743964384,31,12,0.9431945538974952,1
38,6,0,11,1.0628157539458798,27,12,0.8884502877862838,1
21,6,0,11,1.134437555540377,4,11,0.8884502877862838,1
23,6,0,11,1.0986266547431285,23,11,0.8884502877862838,1
21,6,0,11,1.1264795775854328,19,12,0.9431945538974952,1
25,6,0,11,0.9872149633739103,36,11,0.8884502877862838,1
16,6,0,11,1.074752720878296,10,12,0.9431945538974952,1
38,6,0,11,1.030983842126103,29,11,0.8884502877862838,1
22,6,0,11,1.1503535114502654,7,11,0.8884502877862838,1
25,6,0,11,1.023025864171159,24,11,0.8884502877862838,1
31,6,0,11,1.0866896878107122,23,11,0.8884502877862838,1
16,6,0,11,1.2060593571348743,6,11,0.9431945538974952,1
4,6,0,11,1.023025864171159,23,12,0.9431945538974952,1
38,6,0,11,1.0628157539458798,23,12,0.8884502877862838,1
26,6,0,11,1.0110888972387428,23,11,0.8884502877862838,1
15,6,0,11,1.030983842126103,14,12,0.8884502877862838,1
21,6,0,11,1.0508787870134637,29,12,0.9431945538974952,1
33,6,0,11,1.070773731900824,22,12,0.9431945538974952,1
9,6,0,11,0.9553830515541336,31,11,0.8884502877862838,1
22,6,0,11,1.023025864171159,22,12,0.8884502877862838,1
18,6,0,11,1.023025864171159,26,11,0.9431945538974952,1
30,6,0,11,1.027004853148631,21,12,0.9431945538974952,1
29,6,0,11,1.1941223902024585,23,12,0.9431945538974952,1
37,6,0,11,1.0031309192837985,30,11,0.8884502877862838,1
30,6,0,11,0.9474250735991896,27,11,0.9431945538974952,1
28,6,0,11,1.0548577759909357,21,12,0.9431945538974952,1
39,6,0,11,1.023025864171159,29,12,0.9431945538974952,1
36,6,0,11,1.0508787870134637,19,11,0.8884502877862838,1
16,6,0,11,1.182185423270042,2,12,0.9431945538974952,1
23,6,0,11,1.0429208090585194,13,12,0.8884502877862838,1
12,6,0,11,1.0429208090585194,19,11,0.8884502877862838,1
31,6,0,11,1.130458566562905,7,12,0.8884502877862838,1
7,6,0,11,1.1225005886079609,18,11,0.8884502877862838,1
28,6,0,11,0.975277996441494,26,12,0.8884502877862838,1
16,6,0,11,1.0508787870134637,17,12,0.8884502877862838,1
13,6,0,11,1.1105636216755446,20,12,0.8884502877862838,1
27,6,0,11,1.046899798035991,23,11,0.8884502877862838,1
11,6,0,11,1.0429208090585194,27,11,0.9431945538974952,1
30,6,0,11,1.0628157539458798,18,12,0.9431945538974952,1
52,6,0,11,0.9514040625766615,31,12,0.9431945538974952,1
15,6,0,11,0.9394670956442456,25,11,0.9431945538974952,1
38,6,0,11,1.0031309192837985,31,12,0.9431945538974952,1
46,6,0,11,0.9474250735991896,37,12,0.9431945538974952,1
33,6,0,11,1.0588367649684076,29,12,0.8884502877862838,1
19,6,0,11,1.1264795775854328,9,12,0.8884502877862838,1
41,6,0,11,0.9832359743964384,34,12,0.8884502877862838,1
27,6,0,11,1.1185215996304887,14,11,0.9431945538974952,1
17,6,0,11,1.1145426106530167,22,11,0.9431945538974952,1
32,6,0,11,1.046899798035991,22,12,0.9431945538974952,1
43,6,0,11,1.046899798035991,34,12,0.9431945538974952,1
13,6,0,11,0.9832359743964384,28,11,0.8884502877862838,1
33,6,0,11,1.08271069883324,23,11,0.9431945538974952,1
17,6,0,11,1.0986266547431285,20,12,0.9431945538974952,1
11,6,0,11,1.0866896878107122,16,12,0.8884502877862838,1
23,6,0,11,1.0628157539458798,28,12,0.9431945538974952,1
33,6,0,11,0.979256985418966,29,12,0.8884502877862838,1
9,6,0,11,1.1105636216755446,19,12,0.8884502877862838,1
29,6,0,11,0.9394670956442456,34,11,0.9431945538974952,1
33,6,0,11,0.9275301287118292,35,12,0.9431945538974952,1
32,6,0,11,1.007109908261271,28,11,0.9431945538974952,1
11,6,0,11,1.074752720878296,22,11,0.9431945538974952,1
21,6,0,11,1.1225005886079609,16,12,0.9431945538974952,1
19,6,0,11,1.007109908261271,24,11,0.8884502877862838,1
26,6,0,11,1.027004853148631,28,11,0.9431945538974952,1
33,6,0,11,1.007109908261271,36,12,0.9431945538974952,1
15,6,0,11,1.1662694673601537,8,11,0.8884502877862838,1
10,6,0,11,0.9991519303063264,35,12,0.9431945538974952,1
36,6,0,11,0.9951729413288544,29,12,0.9431945538974952,1
39,6,0,11,1.0349628311035752,17,12,0.8884502877862838,1
32,6,0,11,0.975277996441494,33,12,0.9431945538974952,1
26,6,0,11,1.0588367649684076,22,11,0.9431945538974952,1
10,6,0,11,1.074752720878296,17,12,0.9431945538974952,1
26,6,0,11,0.9911939523513824,30,12,0.8884502877862838,1
38,6,0,11,0.9553830515541336,23,12,0.8884502877862838,1
28,6,0,11,1.023025864171159,23,12,0.9431945538974952,1
28,6,0,11,0.975277996441494,28,11,0.8884502877862838,1
12,6,0,11,1.0986266547431285,16,12,0.8884502877862838,1
37,6,0,11,0.9832359743964384,29,12,0.8884502877862838,1
22,6,0,11,1.0986266547431285,23,11,0.9431945538974952,1
29,6,0,11,1.1662694673601537,9,11,0.9431945538974952,1
18,6,0,11,1.070773731900824,31,11,0.9431945538974952,1
17,6,0,11,1.1384165445178491,15,11,0.9431945538974952,1
29,6,0,11,1.08271069883324,17,11,0.8884502877862838,1
23,6,0,11,1.046899798035991,20,12,0.8884502877862838,1
29,6,0,11,1.1105636216755446,27,12,0.9431945538974952,1
31,6,0,11,1.046899798035991,32,12,0.9431945538974952,1
28,6,0,11,1.078731709855768,21,12,0.8884502877862838,1
24,6,0,11,1.1503535114502654,15,12,0.9431945538974952,1
1,6,0,11,1.1981013791799302,1,11,0.8884502877862838,1
25,6,0,11,0.9991519303063264,31,12,0.8884502877862838,1
27,6,0,11,1.0349628311035752,22,11,0.9431945538974952,1
13,6,0,11,1.2020803681574024,18,11,0.9431945538974952,1
31,6,0,11,0.9593620405316058,35,11,0.9431945538974952,1
3,6,0,11,1.1423955334953213,10,12,0.8884502877862838,1
29,6,0,11,1.1622904783826815,16,12,0.9431945538974952,1
33,6,0,11,0.9514040625766615,25,12,0.8884502877862838,1
31,6,0,11,1.0588367649684076,20,11,0.9431945538974952,1
16,6,0,11,1.0628157539458798,13,12,0.9431945538974952,1
26,6,0,11,0.9553830515541336,22,12,0.9431945538974952,1
15,6,0,11,1.023025864171159,26,12,0.9431945538974952,1
21,6,0,11,1.0548577759909357,23,11,0.8884502877862838,1
17,6,0,11,1.1503535114502654,14,11,0.9431945538974952,1
37,6,0,11,1.130458566562905,25,12,0.8884502877862838,1
27,6,0,11,0.96732001848655,39,12,0.8884502877862838,1
21,6,0,11,1.030983842126103,27,12,0.8884502877862838,1
34,6,0,11,1.0031309192837985,30,11,0.9431945538974952,1
12,6,0,11,1.027004853148631,12,11,0.9431945538974952,1
35,6,0,11,1.0866896878107122,27,11,0.9431945538974952,1
16,6,0,11,1.1145426106530167,20,12,0.8884502877862838,1
7,6,0,11,1.0986266547431285,12,12,0.9431945538974952,1
27,6,0,11,1.070773731900824,19,11,0.9431945538974952,1
21,6,0,11,1.0667947429233515,17,12,0.8884502877862838,1
28,6,0,11,1.1264795775854328,8,12,0.8884502877862838,1
28,6,0,11,1.0508787870134637,17,12,0.8884502877862838,1
24,6,0,11,1.0667947429233515,23,11,0.9431945538974952,1
21,6,0,11,0.9832359743964384,29,12,0.9431945538974952,1
12,6,0,11,1.0389418200810472,15,12,0.8884502877862838,1
31,6,0,11,1.0429208090585194,26,11,0.8884502877862838,1
23,6,0,11,1.1702484563376256,11,12,0.9431945538974952,1
10,6,0,11,1.1583114894052096,11,11,0.9431945538974952,1
25,6,0,11,1.1264795775854328,18,11,0.8884502877862838,1
27,6,0,11,1.1145426106530167,15,11,0.8884502877862838,1
41,6,0,11,1.1185215996304887,16,11,0.8884502877862838,1
24,6,0,11,1.1742274453150978,1,11,0.8884502877862838,1
47,6,0,11,0.9832359743964384,32,11,0.8884502877862838,1
21,6,0,11,0.9872149633739103,17,12,0.9431945538974952,1
33,6,0,11,1.0429208090585194,31,11,0.9431945538974952,1
22,6,0,11,1.182185423270042,14,11,0.8884502877862838,1
17,6,0,11,1.0986266547431285,4,12,0.8884502877862838,1
10,6,0,11,1.1583114894052096,5,12,0.9431945538974952,1
28,6,0,11,1.1145426106530167,25,12,0.8884502877862838,1
19,6,0,11,1.1503535114502654,9,12,0.8884502877862838,1
16,6,0,11,1.1782064342925698,20,12,0.8884502877862838,1
8,6,0,11,1.1026056437206004,19,11,0.8884502877862838,1
30,6,0,11,1.0150678862162148,21,12,0.8884502877862838,1
26,6,0,11,1.0389418200810472,31,12,0.9431945538974952,1
33,6,0,11,1.1463745224727933,14,11,0.8884502877862838,1
29,6,0,11,1.0031309192837985,19,12,0.8884502877862838,1
18,6,0,11,1.134437555540377,17,12,0.8884502877862838,1
29,6,0,11,1.0150678862162148,27,12,0.9431945538974952,1
30,6,0,11,0.963341029509078,34,11,0.8884502877862838,1
22,6,0,11,1.0548577759909357,19,12,0.9431945538974952,1
31,6,0,11,1.046899798035991,25,12,0.9431945538974952,1
26,6,0,11,0.9991519303063264,36,11,0.9431945538974952,1
37,6,0,11,0.9275301287118292,19,11,0.9431945538974952,1
28,6,0,11,1.0110888972387428,24,11,0.8884502877862838,1
26,6,0,11,1.078731709855768,25,11,0.8884502877862838,1
22,6,0,11,1.1941223902024585,21,12,0.8884502877862838,1
21,6,0,11,1.130458566562905,8,12,0.8884502877862838,1
20,6,0,11,1.078731709855768,14,12,0.9431945538974952,1
23,6,0,11,1.0150678862162148,26,12,0.8884502877862838,1
20,6,0,11,1.070773731900824,17,11,0.8884502877862838,1
35,6,0,11,1.0389418200810472,28,12,0.9431945538974952,1
17,6,0,11,1.08271069883324,10,12,0.9431945538974952,1
23,6,0,11,1.019046875193687,15,11,0.8884502877862838,1
9,6,0,11,1.1702484563376256,10,11,0.8884502877862838,1
46,6,0,11,0.963341029509078,30,11,0.9431945538974952,1
8,6,0,11,1.1264795775854328,18,12,0.9431945538974952,1
22,6,0,11,1.1423955334953213,17,11,0.8884502877862838,1
18,6,0,11,1.019046875193687,25,12,0.9431945538974952,1
30,6,0,11,1.0548577759909357,24,11,0.8884502877862838,1
17,6,0,11,0.9911939523513824,30,12,0.8884502877862838,1
35,6,0,11,1.0588367649684076,15,12,0.8884502877862838,1
17,6,0,11,1.0429208090585194,23,12,0.9431945538974952,1
27,6,0,11,0.979256985418966,21,11,0.8884502877862838,1
11,6,0,11,1.0389418200810472,30,12,0.9431945538974952,1
39,6,0,11,0.9872149633739103,19,12,0.8884502877862838,1
27,6,0,11,0.9951729413288544,40,11,0.9431945538974952,1
10,6,0,11,1.070773731900824,27,11,0.9431945538974952,1
35,6,0,11,1.0548577759909357,22,12,0.9431945538974952,1
34,6,0,11,1.1423955334953213,11,11,0.8884502877862838,1
32,6,0,11,1.0508787870134637,23,11,0.8884502877862838,1
26,6,0,11,1.046899798035991,20,12,0.8884502877862838,1
22,6,0,11,0.9872149633739103,17,11,0.8884502877862838,1
26,6,0,11,1.1384165445178491,13,11,0.8884502877862838,1
35,6,0,11,0.9354881066667734,30,12,0.8884502877862838,1
27,6,0,11,1.070773731900824,22,12,0.8884502877862838,1
15,6,0,11,1.1503535114502654,17,12,0.9431945538974952,1
41,6,0,11,0.9991519303063264,26,12,0.9431945538974952,1
5,6,0,11,1.090668676788184,22,11,0.9431945538974952,1
38,6,0,11,1.0508787870134637,32,11,0.9431945538974952,1
22,6,0,11,1.1225005886079609,23,11,0.9431945538974952,1
35,6,0,11,1.0508787870134637,28,12,0.8884502877862838,1
40,6,0,11,0.9116141728019408,33,11,0.8884502877862838,1
30,6,0,11,1.0548577759909357,12,12,0.8884502877862838,1
28,6,0,11,1.0588367649684076,17,11,0.8884502877862838,1
22,6,0,11,1.1662694673601537,18,11,0.9431945538974952,1
23,6,0,11,1.0508787870134637,19,11,0.9431945538974952,1
23,6,0,11,1.0110888972387428,24,12,0.9431945538974952,1
37,6,0,11,0.9275301287118292,37,12,0.8884502877862838,1
16,6,0,11,1.0508787870134637,16,11,0.9431945538974952,1
25,6,0,11,1.090668676788184,11,11,0.8884502877862838,1
28,6,0,11,0.9553830515541336,32,11,0.9431945538974952,1
35,6,0,11,1.1026056437206004,13,12,0.8884502877862838,1
21,6,0,11,1.0946476657656563,18,11,0.8884502877862838,1
21,6,0,11,1.08271069883324,22,12,0.9431945538974952,1
27,6,0,11,1.0508787870134637,22,11,0.9431945538974952,1
40,6,0,11,1.007109908261271,32,12,0.9431945538974952,1
29,6,0,11,1.070773731900824,16,11,0.8884502877862838,1
38,6,0,11,1.019046875193687,31,11,0.9431945538974952,1
5,6,0,11,1.2458492469095952,4,11,0.9431945538974952,1
19,6,0,11,0.96732001848655,23,11,0.8884502877862838,1
24,6,0,11,1.046899798035991,29,12,0.9431945538974952,1
20,6,0,11,1.0508787870134637,12,11,0.9431945538974952,1
27,6,0,11,1.0548577759909357,24,12,0.8884502877862838,1
41,6,0,11,1.0667947429233515,19,12,0.9431945538974952,1
6,6,0,11,1.1065846326980726,14,12,0.9431945538974952,1
33,6,0,11,1.0110888972387428,31,12,0.8884502877862838,1
22,6,0,11,1.019046875193687,23,11,0.8884502877862838,1
18,6,0,11,1.1105636216755446,8,12,0.9431945538974952,1
21,6,0,11,1.027004853148631,26,12,0.9431945538974952,1
19,6,0,11,1.134437555540377,12,12,0.8884502877862838,1
39,6,0,11,0.971299007464022,35,12,0.9431945538974952,1
22,6,0,11,1.1423955334953213,24,12,0.9431945538974952,1
23,6,0,11,0.9951729413288544,26,11,0.8884502877862838,1
31,6,0,11,1.0150678862162148,22,12,0.9431945538974952,1
35,6,0,11,1.0389418200810472,26,12,0.8884502877862838,1
29,6,0,11,1.0508787870134637,17,12,0.9431945538974952,1
13,6,0,11,1.078731709855768,12,11,0.9431945538974952,1
26,6,0,11,1.027004853148631,28,12,0.8884502877862838,1
9,6,0,11,1.074752720878296,18,12,0.9431945538974952,1
16,6,0,11,1.0150678862162148,20,12,0.9431945538974952,1
37,6,0,11,0.9315091176893012,33,12,0.8884502877862838,1
9,6,0,11,1.1065846326980726,5,11,0.8884502877862838,1
22,6,0,11,1.08271069883324,10,11,0.8884502877862838,1
28,6,0,11,1.0628157539458798,26,12,0.8884502877862838,1
18,6,0,11,1.0349628311035752,22,11,0.8884502877862838,1
40,6,0,11,0.9514040625766615,31,12,0.8884502877862838,1
16,6,0,11,1.074752720878296,29,11,0.8884502877862838,1
20,6,0,11,1.08271069883324,16,11,0.9431945538974952,1
33,6,0,11,0.9474250735991896,32,12,0.8884502877862838,1
12,6,0,11,1.078731709855768,22,12,0.8884502877862838,1
37,6,0,11,1.0548577759909357,16,11,0.9431945538974952,1
27,6,0,11,0.915593161779413,28,11,0.8884502877862838,1
15,6,0,11,1.1662694673601537,13,12,0.9431945538974952,1
38,6,0,11,1.0986266547431285,23,12,0.8884502877862838,1
35,6,0,11,1.0548577759909357,25,11,0.9431945538974952,1
29,6,0,11,1.1225005886079609,24,12,0.8884502877862838,1
30,6,0,11,1.1782064342925698,12,12,0.8884502877862838,1
34,6,0,11,1.070773731900824,23,11,0.9431945538974952,1
18,6,0,11,1.1026056437206004,13,12,0.8884502877862838,1
28,6,0,11,1.1026056437206004,24,12,0.8884502877862838,1
52,6,0,11,0.979256985418966,26,11,0.9431945538974952,1
15,6,0,11,1.1662694673601537,15,12,0.8884502877862838,1
11,6,0,11,1.1384165445178491,10,12,0.8884502877862838,1
35,6,0,11,1.0548577759909357,20,12,0.8884502877862838,1
40,6,0,11,1.0429208090585194,29,11,0.9431945538974952,1
27,6,0,11,1.074752720878296,21,12,0.9431945538974952,1
33,6,0,11,1.1423955334953213,16,11,0.9431945538974952,1
10,6,0,11,1.070773731900824,22,12,0.9431945538974952,1
8,6,0,11,1.1185215996304887,20,11,0.8884502877862838,1
24,6,0,11,1.1423955334953213,18,11,0.8884502877862838,1
10,6,0,11,1.0031309192837985,21,11,0.8884502877862838,1
12,6,0,11,1.1543325004277374,24,12,0.9431945538974952,1
21,6,0,11,1.1225005886079609,17,12,0.9431945538974952,1
33,6,0,11,0.971299007464022,22,11,0.8884502877862838,1
32,6,0,11,0.9315091176893012,26,11,0.8884502877862838,1
11,6,0,11,1.0548577759909357,16,12,0.8884502877862838,1
10,6,0,11,1.1503535114502654,22,12,0.9431945538974952,1
20,6,0,11,1.078731709855768,18,11,0.8884502877862838,1
32,6,0,11,1.0429208090585194,26,11,0.8884502877862838,1
20,6,0,11,1.074752720878296,18,12,0.9431945538974952,1
20,6,0,11,1.046899798035991,31,12,0.8884502877862838,1
35,6,0,11,0.9951729413288544,26,12,0.9431945538974952,1
23,6,0,11,1.1384165445178491,3,12,0.8884502877862838,1
24,6,0,11,1.0628157539458798,19,11,0.9431945538974952,1
35,6,0,11,1.078731709855768,21,12,0.8884502877862838,1
27,6,0,11,1.0628157539458798,23,11,0.8884502877862838,1
25,6,0,11,0.9275301287118292,34,11,0.9431945538974952,1
38,6,0,11,0.963341029509078,25,11,0.9431945538974952,1
24,6,0,11,1.027004853148631,22,11,0.9431945538974952,1
29,6,0,11,1.0548577759909357,17,12,0.9431945538974952,1
19,6,0,11,1.0429208090585194,13,12,0.9431945538974952,1
24,6,0,11,1.0667947429233515,27,12,0.8884502877862838,1
15,6,0,11,1.2100383461123465,5,12,0.8884502877862838,1
22,6,0,11,0.9991519303063264,20,11,0.9431945538974952,1
27,6,0,11,0.9951729413288544,25,12,0.9431945538974952,1
37,6,0,11,1.1065846326980726,18,12,0.9431945538974952,1
22,6,0,11,1.0667947429233515,30,11,0.9431945538974952,1
24,6,0,11,1.0588367649684076,19,12,0.8884502877862838,1
5,6,0,11,1.0986266547431285,14,12,0.9431945538974952,1
11,6,0,11,1.0667947429233515,16,12,0.8884502877862838,1
20,6,0,11,1.0986266547431285,17,11,0.9431945538974952,1
12,6,0,11,1.1105636216755446,15,12,0.9431945538974952,1
20,6,0,11,1.019046875193687,28,12,0.9431945538974952,1
29,6,0,11,1.1543325004277374,24,12,0.8884502877862838,1
30,6,0,11,1.1145426106530167,24,11,0.8884502877862838,1
24,2,1,6,0.7723495585904183,55,7,0.9431945538974952,1
36,6,1,6,0.7166437129058093,42,7,0.9431945538974952,1
36,6,1,6,0.7166437129058093,52,7,0.9431945538974952,1
23,6,1,6,0.6450219113113119,38,12,0.8884502877862838,1
33,2,1,6,0.5773790986942867,40,7,0.9431945538974952,1
22,2,1,6,0.6131899994915354,54,7,0.9431945538974952,1
27,6,1,6,0.6848118010860327,48,12,0.8884502877862838,1
33,2,1,6,1.007109908261271,44,12,0.9431945538974952,1
14,6,1,6,0.7842865255228345,53,12,0.9431945538974952,1
33,2,1,6,0.649000900288784,50,7,0.8884502877862838,1
35,2,1,6,0.4540304403926524,55,12,0.8884502877862838,1
23,6,1,6,0.5614631427843984,46,12,0.8884502877862838,1
20,2,1,6,0.6052320215365912,49,12,0.9431945538974952,1
22,2,1,6,0.597274043581647,50,7,0.8884502877862838,1
19,6,1,6,0.5017783081223173,42,12,0.9431945538974952,1
40,2,1,6,0.0322576087806125,60,12,0.8884502877862838,1
23,6,1,6,0.5654421317618704,52,12,0.8884502877862838,1
36,6,1,6,0.7365386577931696,46,12,0.8884502877862838,1
13,2,1,6,0.6092110105140632,32,12,0.8884502877862838,1
17,2,1,6,0.7444966357481138,43,12,0.8884502877862838,1
15,2,1,6,0.3664926828882667,65,7,0.9431945538974952,1
35,6,1,6,0.7803075365453624,37,12,0.8884502877862838,1
31,6,1,6,0.5455471868745101,43,12,0.9431945538974952,1
31,6,1,6,0.8320343932524994,54,7,0.9431945538974952,1
36,6,1,6,0.7643915806354742,48,12,0.8884502877862838,1
29,2,1,6,0.7086857349508652,48,7,0.8884502877862838,1
47,6,1,6,0.3426187490234343,53,12,0.8884502877862838,1
29,6,1,6,0.4182195395954037,53,12,0.8884502877862838,1
17,2,1,6,0.8956982168920526,42,7,0.8884502877862838,1
12,6,1,6,0.5216732530096777,48,12,0.9431945538974952,1
23,6,1,6,0.5734001097168147,46,7,0.9431945538974952,1
39,2,1,6,0.3107868372036577,62,7,0.8884502877862838,1
42,6,1,6,0.4142405506179316,63,7,0.8884502877862838,1
34,2,1,6,0.5256522419871498,51,12,0.8884502877862838,1
30,6,1,6,0.5574841538069263,41,7,0.8884502877862838,1
35,2,1,6,0.5336102199420939,57,7,0.9431945538974952,1
18,2,1,6,0.7604125916580021,48,12,0.8884502877862838,1
24,6,1,6,0.5574841538069263,51,7,0.8884502877862838,1
38,6,1,6,0.2550809915190487,53,7,0.8884502877862838,1
20,2,1,6,0.7166437129058093,46,12,0.9431945538974952,1
19,6,1,6,0.4062825726629875,55,7,0.8884502877862838,1
17,6,1,6,0.859887316094804,47,12,0.8884502877862838,1
26,2,1,6,0.6211479774464795,40,12,0.8884502877862838,1
38,2,1,6,0.4938203301673731,59,7,0.9431945538974952,1
12,2,1,6,0.8519293381398598,42,7,0.8884502877862838,1
29,6,1,6,0.5694211207393426,47,12,0.9431945538974952,1
17,6,1,6,0.8200974263200832,32,12,0.9431945538974952,1
13,6,1,6,0.9036561948469968,48,7,0.9431945538974952,1
27,6,1,6,0.485862352212429,47,7,0.9431945538974952,1
21,2,1,6,0.9354881066667734,52,12,0.8884502877862838,1
12,2,1,6,0.6728748341536165,48,12,0.8884502877862838,1
44,2,1,6,0.5455471868745101,48,7,0.9431945538974952,1
18,6,1,6,0.6768538231310886,52,7,0.9431945538974952,1
28,2,1,6,0.6808328121085606,48,7,0.8884502877862838,1
17,6,1,6,0.7126647239283372,51,7,0.9431945538974952,1
27,2,1,6,0.541568197897038,49,12,0.9431945538974952,1
32,6,1,6,0.8280554042750273,52,7,0.8884502877862838,1
21,2,1,6,0.6927697790409768,40,7,0.8884502877862838,1
24,2,1,6,0.7325596688156976,44,7,0.8884502877862838,1
26,6,1,6,0.649000900288784,41,12,0.8884502877862838,1
30,6,1,6,0.7444966357481138,45,12,0.9431945538974952,1
23,6,1,6,0.7365386577931696,46,12,0.8884502877862838,1
18,6,1,6,0.7047067459733931,43,12,0.9431945538974952,1
23,6,1,6,0.5574841538069263,47,12,0.9431945538974952,1
20,6,1,6,0.6450219113113119,52,12,0.8884502877862838,1
37,6,1,6,0.9076351838244688,45,12,0.8884502877862838,1
27,6,1,6,0.752454613703058,57,7,0.8884502877862838,1
31,2,1,6,0.652979889266256,50,7,0.9431945538974952,1
31,6,1,6,0.3903666167530992,52,7,0.8884502877862838,1
16,2,1,6,1.0349628311035752,37,12,0.8884502877862838,1
22,2,1,6,0.6211479774464795,56,7,0.8884502877862838,1
25,6,1,6,0.4779043742574848,58,12,0.9431945538974952,1
28,6,1,6,0.6569588782437281,44,7,0.9431945538974952,1
41,6,1,6,0.6251269664239516,54,12,0.9431945538974952,1
32,6,1,6,0.4381144844827641,51,12,0.8884502877862838,1
27,2,1,6,0.8559083271173319,49,7,0.9431945538974952,1
17,6,1,6,1.0389418200810472,27,7,0.9431945538974952,1
27,2,1,6,0.6649168561986724,44,12,0.9431945538974952,1
26,2,1,6,0.7962234924552508,46,12,0.9431945538974952,1
32,6,1,6,0.3664926828882667,52,12,0.9431945538974952,1
9,2,1,6,0.8439713601849157,31,12,0.8884502877862838,1
39,6,1,6,0.2152911017443279,63,7,0.9431945538974952,1
49,2,1,6,0.5813580876717588,51,12,0.9431945538974952,1
13,6,1,6,0.752454613703058,42,7,0.9431945538974952,1
33,6,1,6,0.6609378672212003,62,12,0.9431945538974952,1
38,6,1,6,0.2869129033388253,58,12,0.9431945538974952,1
15,2,1,6,0.8837612499596363,49,12,0.9431945538974952,1
31,6,1,6,0.5017783081223173,60,7,0.9431945538974952,1
35,6,1,6,0.3227238041360739,57,12,0.9431945538974952,1
6,6,1,6,0.8002024814327229,34,12,0.8884502877862838,1
41,6,1,6,0.6569588782437281,53,7,0.8884502877862838,1
41,2,1,6,0.6450219113113119,38,12,0.8884502877862838,1
19,2,1,6,0.5176942640322055,49,12,0.9431945538974952,1
15,6,1,6,0.8917192279145806,45,7,0.8884502877862838,1
20,2,1,6,0.6092110105140632,43,12,0.8884502877862838,1
23,6,1,6,0.7444966357481138,50,12,0.8884502877862838,1
33,2,1,6,0.4739253852800127,49,7,0.9431945538974952,1
23,6,1,6,0.6171689884690075,40,7,0.9431945538974952,1
10,6,1,6,1.078731709855768,29,7,0.8884502877862838,1
33,2,1,6,0.3704716718657388,58,7,0.8884502877862838,1
19,6,1,6,0.4062825726629875,54,7,0.8884502877862838,1
35,2,1,6,0.4699463963025407,66,7,0.8884502877862838,1
43,6,1,6,0.4460724624377082,50,12,0.8884502877862838,1
11,6,1,6,0.963341029509078,38,7,0.8884502877862838,1
26,6,1,6,0.8280554042750273,33,12,0.9431945538974952,1
11,6,1,6,0.7564336026805301,43,12,0.9431945538974952,1
14,6,1,6,0.9076351838244688,34,12,0.8884502877862838,1
15,6,1,6,0.9036561948469968,52,12,0.9431945538974952,1
9,2,1,6,0.8956982168920526,40,12,0.8884502877862838,1
17,2,1,6,0.9593620405316058,36,12,0.9431945538974952,1
25,6,1,6,0.5495261758519822,53,12,0.8884502877862838,1
24,6,1,6,0.7246016908607534,49,7,0.9431945538974952,1
28,6,1,6,0.8320343932524994,40,7,0.8884502877862838,1
33,6,1,6,0.5614631427843984,50,7,0.9431945538974952,1
14,6,1,6,0.7285806798382255,47,12,0.9431945538974952,1
5,2,1,6,0.7842865255228345,35,7,0.8884502877862838,1
40,6,1,6,0.4420934734602362,61,12,0.8884502877862838,1
35,2,1,6,0.5574841538069263,50,12,0.8884502877862838,1
26,6,1,6,0.7803075365453624,48,12,0.8884502877862838,1
27,6,1,6,0.7723495585904183,42,7,0.8884502877862838,1
21,6,1,6,0.7047067459733931,43,7,0.8884502877862838,1
17,2,1,6,0.6688958451761444,57,7,0.8884502877862838,1
29,6,1,6,0.7325596688156976,49,7,0.8884502877862838,1
27,2,1,6,0.975277996441494,31,12,0.9431945538974952,1
13,6,1,6,0.8877402389371084,38,12,0.8884502877862838,1
21,2,1,6,0.4420934734602362,44,7,0.9431945538974952,1
29,2,1,6,0.7206227018832814,43,7,0.9431945538974952,1
25,2,1,6,0.3107868372036577,54,12,0.9431945538974952,1
14,6,1,6,0.9593620405316058,33,12,0.9431945538974952,1
13,6,1,6,1.027004853148631,34,7,0.8884502877862838,1
33,2,1,6,0.8877402389371084,40,7,0.8884502877862838,1
41,2,1,6,0.5455471868745101,59,7,0.9431945538974952,1
30,2,1,6,0.3664926828882667,55,12,0.8884502877862838,1
31,2,1,6,0.2908918923162973,63,12,0.9431945538974952,1
24,6,1,6,0.8280554042750273,37,7,0.8884502877862838,1
23,2,1,6,0.5694211207393426,47,7,0.8884502877862838,1
28,6,1,6,0.6609378672212003,51,7,0.8884502877862838,1
31,2,1,6,0.4699463963025407,42,7,0.9431945538974952,1
8,6,1,6,0.6410429223338399,46,12,0.9431945538974952,1
37,6,1,6,0.6052320215365912,49,12,0.8884502877862838,1
41,2,1,6,0.5813580876717588,46,7,0.9431945538974952,1
44,2,1,6,0.5614631427843984,42,12,0.8884502877862838,1
24,2,1,6,1.0110888972387428,40,7,0.8884502877862838,1
26,2,1,6,0.3028288592487136,56,12,0.8884502877862838,1
31,2,1,6,0.4062825726629875,63,7,0.8884502877862838,1
22,2,1,6,0.7166437129058093,51,12,0.8884502877862838,1
29,6,1,6,0.6848118010860327,49,7,0.9431945538974952,1
17,6,1,6,0.8718242830272201,43,7,0.8884502877862838,1
9,2,1,6,0.8837612499596363,30,12,0.8884502877862838,1
43,6,1,6,0.2590599804965208,61,7,0.9431945538974952,1
35,6,1,6,0.2829339143613532,54,12,0.9431945538974952,1
16,2,1,6,0.8320343932524994,47,12,0.8884502877862838,1
7,6,1,6,0.6330849443788957,41,7,0.9431945538974952,1
30,6,1,6,0.4420934734602362,49,7,0.9431945538974952,1
21,6,1,6,0.7007277569959209,40,12,0.9431945538974952,1
9,2,1,6,1.074752720878296,30,7,0.9431945538974952,1
28,2,1,6,0.752454613703058,32,7,0.9431945538974952,1
25,6,1,6,0.6569588782437281,55,7,0.9431945538974952,1
27,6,1,6,0.6410429223338399,52,12,0.8884502877862838,1
12,2,1,6,0.7484756247255858,42,12,0.9431945538974952,1
17,6,1,6,0.7922445034777786,38,12,0.8884502877862838,1
24,6,1,6,0.593295054604175,48,12,0.8884502877862838,1
34,2,1,6,0.4977993191448452,56,12,0.9431945538974952,1
26,6,1,6,0.4619884183475966,58,7,0.8884502877862838,1
11,6,1,6,0.6131899994915354,40,12,0.8884502877862838,1
41,2,1,6,0.5256522419871498,63,7,0.9431945538974952,1
41,2,1,6,0.4301565065278199,53,7,0.9431945538974952,1
44,6,1,6,0.2232490796992721,63,12,0.8884502877862838,1
31,2,1,6,0.4102615616404595,53,12,0.8884502877862838,1
36,6,1,6,0.3068078482261857,63,12,0.9431945538974952,1
37,2,1,6,0.5137152750547335,42,12,0.9431945538974952,1
16,2,1,6,1.030983842126103,27,7,0.8884502877862838,1
14,2,1,6,0.6211479774464795,44,12,0.9431945538974952,1
21,6,1,6,0.5256522419871498,44,12,0.9431945538974952,1
15,6,1,6,0.6330849443788957,53,7,0.9431945538974952,1
20,6,1,6,0.8161184373426111,42,7,0.9431945538974952,1
32,2,1,6,0.2232490796992721,60,7,0.8884502877862838,1
34,6,1,6,0.5734001097168147,57,12,0.8884502877862838,1
32,2,1,6,0.7166437129058093,50,7,0.9431945538974952,1
35,2,1,6,0.6291059554014237,55,7,0.8884502877862838,1
8,2,1,6,0.5535051648294542,46,7,0.8884502877862838,1
31,2,1,6,0.652979889266256,34,7,0.9431945538974952,1
22,2,1,6,0.4301565065278199,52,12,0.8884502877862838,1
38,2,1,6,0.6291059554014237,54,12,0.8884502877862838,1
16,2,1,6,0.7166437129058093,45,12,0.9431945538974952,1
26,6,1,6,0.7683705696129463,47,7,0.9431945538974952,1
44,6,1,6,0.0879634544652216,69,7,0.8884502877862838,1
31,6,1,6,0.6967487680184489,59,12,0.8884502877862838,1
37,2,1,6,0.7683705696129463,48,12,0.9431945538974952,1
8,2,1,6,0.7484756247255858,38,7,0.8884502877862838,1
29,6,1,6,0.6768538231310886,53,12,0.9431945538974952,1
27,6,1,6,0.8320343932524994,46,7,0.8884502877862838,1
29,6,1,6,0.6370639333563678,45,12,0.8884502877862838,1
2,2,1,6,1.0588367649684076,31,7,0.9431945538974952,1
2,6,1,6,0.752454613703058,40,12,0.9431945538974952,1
23,6,1,6,0.7285806798382255,46,7,0.9431945538974952,1
21,2,1,6,0.6649168561986724,55,7,0.9431945538974952,1
26,6,1,6,0.6649168561986724,44,7,0.9431945538974952,1
23,2,1,6,0.8917192279145806,38,12,0.9431945538974952,1
14,6,1,6,1.1185215996304887,37,12,0.9431945538974952,1
38,6,1,6,0.378429649820683,52,7,0.8884502877862838,1
1,2,1,6,0.8956982168920526,42,7,0.9431945538974952,1
44,6,1,6,0.3943456057305713,48,7,0.8884502877862838,1
37,2,1,6,0.6927697790409768,55,7,0.9431945538974952,1
48,2,1,6,0.4659674073250686,56,7,0.9431945538974952,1
26,2,1,6,0.7405176467706417,45,12,0.9431945538974952,1
44,6,1,6,0.6450219113113119,52,12,0.9431945538974952,1
19,2,1,6,0.4221985285728758,52,7,0.9431945538974952,1
29,6,1,6,0.6887907900635047,44,7,0.9431945538974952,1
30,2,1,6,0.5176942640322055,58,7,0.8884502877862838,1
33,6,1,6,0.7126647239283372,50,12,0.9431945538974952,1
12,6,1,6,0.6450219113113119,52,7,0.8884502877862838,1
40,6,1,6,0.8956982168920526,44,12,0.9431945538974952,1
31,2,1,6,0.7643915806354742,48,12,0.9431945538974952,1
19,2,1,6,0.7643915806354742,42,12,0.9431945538974952,1
28,6,1,6,0.593295054604175,40,7,0.9431945538974952,1
25,2,1,6,0.5893160656267029,40,7,0.8884502877862838,1
24,6,1,6,0.9474250735991896,30,7,0.8884502877862838,1
21,6,1,6,0.7803075365453624,44,12,0.9431945538974952,1
31,2,1,6,0.2590599804965208,60,7,0.8884502877862838,1
21,2,1,6,0.4540304403926524,51,12,0.9431945538974952,1
27,6,1,6,0.382408638798155,58,12,0.9431945538974952,1
7,6,1,6,0.7962234924552508,44,12,0.8884502877862838,1
26,2,1,6,0.597274043581647,49,7,0.9431945538974952,1
11,2,1,6,0.5694211207393426,38,7,0.8884502877862838,1
16,6,1,6,0.8002024814327229,39,12,0.8884502877862838,1
28,6,1,6,0.7285806798382255,32,12,0.9431945538974952,1
19,2,1,6,0.9036561948469968,44,12,0.8884502877862838,1
38,6,1,6,0.7803075365453624,50,12,0.9431945538974952,1
18,2,1,6,0.2272280686767442,63,12,0.8884502877862838,1
22,6,1,6,0.7842865255228345,52,12,0.9431945538974952,1
38,6,1,6,0.5216732530096777,60,7,0.9431945538974952,1
21,6,1,6,0.5176942640322055,43,12,0.8884502877862838,1
25,2,1,6,0.3585347049333226,48,12,0.9431945538974952,1
33,6,1,6,0.5694211207393426,56,7,0.8884502877862838,1
29,2,1,6,0.4779043742574848,45,7,0.8884502877862838,1
28,2,1,6,0.5256522419871498,53,12,0.8884502877862838,1
36,6,1,6,0.4540304403926524,54,7,0.9431945538974952,1
25,2,1,6,0.3625136939107947,59,7,0.9431945538974952,1
26,2,1,6,0.5216732530096777,50,12,0.9431945538974952,1
25,2,1,6,0.6887907900635047,37,7,0.8884502877862838,1
24,6,1,6,0.8360133822299715,38,12,0.9431945538974952,1
19,6,1,6,0.5893160656267029,39,12,0.8884502877862838,1
25,6,1,6,0.8439713601849157,44,12,0.9431945538974952,1
18,6,1,6,0.7007277569959209,43,7,0.9431945538974952,1
6,2,1,6,0.9275301287118292,43,7,0.8884502877862838,1
28,6,1,6,0.6649168561986724,52,12,0.9431945538974952,1
23,6,1,6,0.5176942640322055,46,12,0.9431945538974952,1
22,6,1,6,0.6808328121085606,35,7,0.9431945538974952,1
24,6,1,6,0.4540304403926524,50,7,0.9431945538974952,1
21,6,1,6,0.7683705696129463,45,12,0.8884502877862838,1
34,2,1,6,0.6012530325591191,39,12,0.8884502877862838,1
15,6,1,6,0.8877402389371084,40,7,0.9431945538974952,1
26,2,1,6,0.8797822609821643,39,12,0.9431945538974952,1
13,2,1,6,1.030983842126103,42,7,0.9431945538974952,1
10,6,1,6,0.7444966357481138,44,7,0.9431945538974952,1
16,6,1,6,0.6649168561986724,34,12,0.8884502877862838,1
35,6,1,6,0.6848118010860327,45,12,0.9431945538974952,1
22,2,1,6,0.8877402389371084,46,7,0.8884502877862838,1
31,2,1,6,0.4460724624377082,47,12,0.9431945538974952,1
26,6,1,6,0.3983245947080434,48,7,0.9431945538974952,1
4,6,1,6,0.9832359743964384,34,7,0.8884502877862838,1
22,6,1,6,0.7405176467706417,49,12,0.9431945538974952,1
30,2,1,6,0.7604125916580021,48,7,0.8884502877862838,1
27,6,1,6,0.3625136939107947,36,7,0.9431945538974952,1
24,2,1,6,0.7405176467706417,41,12,0.9431945538974952,1
22,6,1,6,0.7405176467706417,44,12,0.8884502877862838,1
33,2,1,6,0.6609378672212003,49,12,0.8884502877862838,1
34,2,1,6,0.4699463963025407,61,12,0.9431945538974952,1
23,2,1,6,0.5176942640322055,49,7,0.9431945538974952,1
23,2,1,6,0.3625136939107947,52,7,0.9431945538974952,1
18,2,1,6,0.6052320215365912,46,12,0.8884502877862838,1
29,6,1,6,0.7047067459733931,48,12,0.9431945538974952,1
43,6,1,6,0.378429649820683,69,12,0.8884502877862838,1
34,2,1,6,0.8002024814327229,48,7,0.9431945538974952,1
33,6,1,6,0.5773790986942867,52,12,0.9431945538974952,1
18,2,1,6,0.7643915806354742,47,12,0.8884502877862838,1
23,6,1,6,0.7047067459733931,44,12,0.9431945538974952,1
16,6,1,6,0.5773790986942867,43,12,0.9431945538974952,1
42,2,1,6,0.0123626638932521,63,7,0.9431945538974952,1
36,2,1,6,0.3187448151586018,50,12,0.8884502877862838,1
20,2,1,6,0.3426187490234343,59,12,0.9431945538974952,1
25,2,1,6,0.6370639333563678,47,7,0.8884502877862838,1
20,2,1,6,0.9275301287118292,39,7,0.8884502877862838,1
33,6,1,6,0.6688958451761444,61,12,0.9431945538974952,1
34,6,1,6,0.8479503491623878,50,12,0.8884502877862838,1
22,6,1,6,0.5893160656267029,47,12,0.8884502877862838,1
42,2,1,6,0.2192700907218,50,12,0.9431945538974952,1
6,2,1,6,0.8240764152975553,43,12,0.9431945538974952,1
21,2,1,6,0.7007277569959209,47,12,0.8884502877862838,1
40,2,1,6,0.4182195395954037,59,7,0.8884502877862838,1
5,2,1,6,0.7763285475678904,37,12,0.9431945538974952,1
9,6,1,6,0.6887907900635047,50,7,0.8884502877862838,1
5,6,1,6,0.5455471868745101,55,7,0.9431945538974952,1
14,2,1,6,0.649000900288784,42,7,0.9431945538974952,1
38,6,1,6,0.6211479774464795,56,7,0.9431945538974952,1
48,2,1,6,0.5455471868745101,51,12,0.8884502877862838,1
15,2,1,6,0.8320343932524994,34,12,0.9431945538974952,1
26,2,1,6,0.7007277569959209,41,7,0.9431945538974952,1
6,2,1,6,0.5773790986942867,47,7,0.9431945538974952,1
36,6,1,6,0.378429649820683,56,7,0.8884502877862838,1
29,6,1,6,0.6848118010860327,53,12,0.9431945538974952,1
53,2,1,6,0.1556062670822468,63,12,0.8884502877862838,1
38,2,1,6,0.4779043742574848,52,12,0.9431945538974952,1
16,2,1,6,0.3426187490234343,49,7,0.8884502877862838,1
28,6,1,6,0.7882655145003066,49,7,0.9431945538974952,1
14,6,1,6,0.7803075365453624,44,7,0.9431945538974952,1
13,2,1,6,0.8519293381398598,45,12,0.9431945538974952,1
17,2,1,6,0.863866305072276,39,12,0.9431945538974952,1
9,2,1,6,0.7803075365453624,50,7,0.8884502877862838,1
25,2,1,6,0.541568197897038,47,12,0.9431945538974952,1
11,6,1,6,0.9036561948469968,34,12,0.8884502877862838,1
30,6,1,6,0.7484756247255858,51,7,0.8884502877862838,1
25,6,1,6,0.6569588782437281,44,7,0.8884502877862838,1
6,2,1,6,0.8877402389371084,42,7,0.9431945538974952,1
25,6,1,6,0.6052320215365912,44,7,0.9431945538974952,1
14,2,1,6,1.1543325004277374,34,7,0.8884502877862838,1
19,2,1,6,0.9553830515541336,44,12,0.9431945538974952,1
28,2,1,6,0.8002024814327229,52,7,0.9431945538974952,1
13,2,1,6,0.3943456057305713,53,12,0.9431945538974952,1
13,2,1,6,1.046899798035991,40,12,0.9431945538974952,1
36,2,1,6,0.5694211207393426,56,7,0.9431945538974952,1
8,2,1,6,0.863866305072276,42,12,0.9431945538974952,1
20,6,1,6,0.5574841538069263,53,7,0.8884502877862838,1
36,6,1,6,0.4699463963025407,56,12,0.8884502877862838,1
22,2,1,6,0.6728748341536165,48,12,0.8884502877862838,1
38,6,1,6,0.5614631427843984,48,7,0.9431945538974952,1
22,6,1,6,0.7882655145003066,45,12,0.9431945538974952,1
27,2,1,6,0.7126647239283372,44,12,0.8884502877862838,1
37,6,1,6,0.6688958451761444,50,12,0.9431945538974952,1
26,6,1,6,0.7086857349508652,56,12,0.9431945538974952,1
15,6,1,6,0.5017783081223173,36,7,0.8884502877862838,1
18,2,1,6,0.5495261758519822,47,7,0.8884502877862838,1
24,6,1,6,0.6768538231310886,36,12,0.9431945538974952,1
36,6,1,6,0.1595852560597189,63,12,0.9431945538974952,1
34,2,1,6,0.4659674073250686,57,7,0.9431945538974952,1
25,2,1,6,0.597274043581647,51,12,0.9431945538974952,1
26,6,1,6,0.6967487680184489,36,12,0.9431945538974952,1
37,6,1,6,0.6171689884690075,53,7,0.8884502877862838,1
26,6,1,6,0.5057572970997893,54,7,0.8884502877862838,1
20,6,1,6,0.7126647239283372,38,12,0.9431945538974952,1
23,2,1,6,0.8479503491623878,39,7,0.9431945538974952,1
25,2,1,6,0.5734001097168147,53,7,0.9431945538974952,1
22,2,1,6,0.7962234924552508,48,12,0.9431945538974952,1
29,6,1,6,0.5694211207393426,48,7,0.8884502877862838,1
30,6,1,6,0.8200974263200832,50,7,0.8884502877862838,1
32,2,1,6,0.5734001097168147,63,7,0.8884502877862838,1
5,2,1,6,0.9235511397343572,32,7,0.9431945538974952,1
39,6,1,6,0.6887907900635047,53,12,0.8884502877862838,1
21,6,1,6,0.5057572970997893,55,7,0.8884502877862838,1
25,6,1,6,0.3863876277756271,58,12,0.8884502877862838,1
25,6,1,6,0.5097362860772614,45,12,0.8884502877862838,1
19,6,1,6,0.6052320215365912,54,12,0.8884502877862838,1
108,6,1,5,1.6477271336342745,211,6,0.9431945538974952,1
131,6,1,5,1.5442734202200006,223,6,0.9431945538974952,1
89,6,1,5,1.623853199769442,197,6,0.8884502877862838,1
104,6,1,5,1.5960002769271375,211,6,0.9431945538974952,1
135,6,1,5,1.5402944312425286,208,6,0.9431945538974952,1
88,6,1,5,1.5840633099947214,205,6,0.8884502877862838,1
105,6,1,5,1.4089877949859502,217,6,0.8884502877862838,1
97,6,1,5,1.779033769890853,171,6,0.8884502877862838,1
99,6,1,5,1.9501302959221525,179,6,0.8884502877862838,1
124,6,1,5,1.512441508400224,194,6,0.9431945538974952,1
101,6,1,5,1.4965255524903358,239,6,0.8884502877862838,1
110,6,1,5,1.4209247619183665,209,6,0.9431945538974952,1
98,6,1,5,1.7551598360260203,174,6,0.8884502877862838,1
95,6,1,5,1.8188236596655736,174,6,0.9431945538974952,1
116,6,1,5,1.564168365107361,194,6,0.9431945538974952,1
108,6,1,5,1.5800843210172493,207,6,0.9431945538974952,1
80,6,1,5,1.8148446706881016,178,6,0.9431945538974952,1
89,6,1,5,1.6875170234089951,178,6,0.8884502877862838,1
114,6,1,5,1.6517061226117469,205,6,0.9431945538974952,1
71,6,1,5,1.7670968029584369,199,6,0.8884502877862838,1
90,6,1,5,1.802907703755685,147,6,0.9431945538974952,1
104,6,1,5,1.6954750013639397,215,6,0.8884502877862838,1
135,6,1,5,1.6477271336342745,221,6,0.9431945538974952,1
103,6,1,5,1.5243784753326404,191,6,0.8884502877862838,1
113,6,1,5,1.719348935228772,194,6,0.9431945538974952,1
81,6,1,5,1.663643089544163,199,6,0.8884502877862838,1
119,6,1,5,1.7551598360260203,188,6,0.9431945538974952,1
135,6,1,5,1.4328617288507826,207,6,0.8884502877862838,1
99,6,1,5,1.663643089544163,174,6,0.8884502877862838,1
114,6,1,5,1.6477271336342745,208,6,0.8884502877862838,1
127,6,1,5,1.50448353044528,218,6,0.9431945538974952,1
95,6,1,5,1.8426975935304064,165,6,0.9431945538974952,1
115,6,1,5,1.783012758868325,182,6,0.8884502877862838,1
131,6,1,5,1.281660147706844,231,6,0.8884502877862838,1
79,6,1,5,1.73526489113866,181,6,0.8884502877862838,1
120,6,1,5,1.663643089544163,200,6,0.9431945538974952,1
100,6,1,5,1.6596641005666908,197,6,0.9431945538974952,1
109,6,1,5,1.73526489113866,177,6,0.9431945538974952,1
80,6,1,5,1.8108656817106297,184,6,0.9431945538974952,1
95,6,1,5,1.7113909572738275,192,6,0.9431945538974952,1
102,6,1,5,1.7670968029584369,207,6,0.9431945538974952,1
90,6,1,5,1.6835380344315232,171,6,0.8884502877862838,1
104,6,1,5,1.6477271336342745,195,6,0.9431945538974952,1
113,6,1,5,1.4288827398733106,209,6,0.9431945538974952,1
85,6,1,5,1.6318111777243862,187,6,0.8884502877862838,1
91,6,1,5,1.7511808470485486,191,6,0.8884502877862838,1
97,6,1,5,1.783012758868325,207,6,0.9431945538974952,1
79,6,1,5,1.8984034392150155,181,6,0.9431945538974952,1
111,6,1,5,1.671601067499107,185,6,0.8884502877862838,1
128,6,1,5,1.401029817031006,224,6,0.9431945538974952,1
102,6,1,5,1.7909707368232692,189,6,0.8884502877862838,1
90,6,1,5,1.719348935228772,184,6,0.9431945538974952,1
94,6,1,5,1.8665715273952384,193,6,0.8884502877862838,1
135,6,1,5,1.5323364532875845,206,6,0.8884502877862838,1
115,6,1,5,1.3174710485040924,239,6,0.8884502877862838,1
107,6,1,5,1.8745295053501827,186,6,0.9431945538974952,1
104,6,1,5,1.5721263430623051,206,6,0.9431945538974952,1
110,6,1,5,1.5363154422650565,198,6,0.8884502877862838,1
132,6,1,5,1.5920212879496656,221,6,0.9431945538974952,1
141,6,1,5,1.611916232837026,191,6,0.9431945538974952,1
113,6,1,5,1.6875170234089951,184,6,0.8884502877862838,1
117,6,1,5,1.4368407178282547,210,6,0.9431945538974952,1
107,6,1,5,1.6556851115892188,208,6,0.9431945538974952,1
97,6,1,5,1.6437481446568023,219,6,0.8884502877862838,1
139,6,1,5,1.5283574643101123,208,6,0.8884502877862838,1
85,6,1,5,1.8228026486430453,194,6,0.9431945538974952,1
108,6,1,5,1.5920212879496656,208,6,0.9431945538974952,1
98,6,1,5,1.4447986957831989,215,6,0.9431945538974952,1
78,6,1,5,1.779033769890853,187,6,0.8884502877862838,1
101,6,1,5,1.7034329793188836,206,6,0.8884502877862838,1
111,6,1,5,1.5840633099947214,199,6,0.9431945538974952,1
93,6,1,5,1.7034329793188836,184,6,0.9431945538974952,1
142,6,1,5,1.412966783963422,226,6,0.8884502877862838,1
109,6,1,5,1.6875170234089951,198,6,0.8884502877862838,1
122,6,1,5,1.611916232837026,204,6,0.8884502877862838,1
125,6,1,5,1.5681473540848332,211,6,0.9431945538974952,1
103,6,1,5,1.576105332039777,196,6,0.9431945538974952,1
95,6,1,5,1.615895221814498,224,6,0.9431945538974952,1
95,6,1,5,1.5721263430623051,207,6,0.9431945538974952,1
86,6,1,5,1.727306913183716,180,6,0.8884502877862838,1
108,6,1,5,1.73526489113866,198,6,0.9431945538974952,1
104,6,1,5,1.7710757919359088,181,6,0.8884502877862838,1
131,6,1,5,1.6318111777243862,215,6,0.9431945538974952,1
106,6,1,5,1.7551598360260203,187,6,0.8884502877862838,1
119,6,1,5,1.6437481446568023,219,6,0.8884502877862838,1
109,6,1,5,1.6835380344315232,177,6,0.9431945538974952,1
102,6,1,5,1.4925465635128636,223,6,0.9431945538974952,1
104,6,1,5,1.675580056476579,199,6,0.8884502877862838,1
61,6,1,5,1.8188236596655736,168,6,0.8884502877862838,1
96,6,1,5,1.6914960123864673,198,6,0.8884502877862838,1
121,6,1,5,1.512441508400224,222,6,0.9431945538974952,1
75,6,1,5,1.7949497258007414,187,6,0.9431945538974952,1
91,6,1,5,1.8188236596655736,192,6,0.9431945538974952,1
117,6,1,5,1.4487776847606708,207,6,0.8884502877862838,1
99,6,1,5,1.4607146516930871,192,6,0.8884502877862838,1
98,6,1,5,1.5800843210172493,212,6,0.9431945538974952,1
133,6,1,5,1.5323364532875845,211,6,0.9431945538974952,1
107,6,1,5,1.5920212879496656,193,6,0.8884502877862838,1
92,6,1,5,1.6556851115892188,205,6,0.9431945538974952,1
111,6,1,5,1.623853199769442,241,6,0.9431945538974952,1
105,6,1,5,1.763117813980965,180,6,0.9431945538974952,1
106,6,1,5,1.5402944312425286,213,6,0.9431945538974952,1
118,6,1,5,1.6517061226117469,191,6,0.9431945538974952,1
87,6,1,5,1.7670968029584369,184,6,0.8884502877862838,1
95,6,1,5,1.6795590454540512,180,6,0.8884502877862838,1
85,6,1,5,1.8904454612600712,166,6,0.8884502877862838,1
99,6,1,5,1.6477271336342745,198,6,0.9431945538974952,1
107,6,1,5,1.6954750013639397,183,6,0.9431945538974952,1
78,6,1,5,1.942172317967208,166,6,0.8884502877862838,1
96,6,1,5,1.8148446706881016,177,6,0.9431945538974952,1
121,6,1,5,1.8745295053501827,186,6,0.9431945538974952,1
151,6,1,5,1.3851138611211178,239,6,0.8884502877862838,1
92,6,1,5,1.663643089544163,200,6,0.8884502877862838,1
145,6,1,5,1.560189376129889,210,6,0.9431945538974952,1
127,6,1,5,1.5880422989721934,211,6,0.8884502877862838,1
86,6,1,5,1.5402944312425286,199,6,0.9431945538974952,1
116,6,1,5,1.6517061226117469,210,6,0.9431945538974952,1
72,6,1,5,1.7392438801161323,187,6,0.9431945538974952,1
80,6,1,5,1.9620672628545683,189,6,0.9431945538974952,1
118,6,1,5,1.512441508400224,224,6,0.9431945538974952,1
80,6,1,5,1.723327924206244,173,6,0.9431945538974952,1
94,6,1,5,1.8188236596655736,198,6,0.9431945538974952,1
117,6,1,5,1.5363154422650565,203,6,0.9431945538974952,1
119,6,1,5,1.8188236596655736,178,6,0.9431945538974952,1
86,6,1,5,1.7153699462513,198,6,0.8884502877862838,1
117,6,1,5,1.779033769890853,188,6,0.9431945538974952,1
128,6,1,5,1.667622078521635,179,6,0.9431945538974952,1
121,6,1,5,1.7511808470485486,192,6,0.9431945538974952,1
86,6,1,5,1.8387186045529345,177,6,0.9431945538974952,1
97,6,1,5,1.6556851115892188,190,6,0.8884502877862838,1
115,6,1,5,1.6994539903414116,182,6,0.9431945538974952,1
99,6,1,5,1.5960002769271375,196,6,0.9431945538974952,1
125,6,1,5,1.6954750013639397,179,6,0.9431945538974952,1
115,6,1,5,1.5363154422650565,202,6,0.9431945538974952,1
76,6,1,5,1.7551598360260203,183,6,0.9431945538974952,1
87,6,1,5,1.723327924206244,185,6,0.8884502877862838,1
125,6,1,5,1.61987421079197,220,6,0.8884502877862838,1
142,6,1,5,1.397050828053534,229,6,0.9431945538974952,1
99,6,1,5,1.727306913183716,184,6,0.8884502877862838,1
129,6,1,5,1.6278321887469145,208,6,0.9431945538974952,1
81,6,1,5,1.5880422989721934,187,6,0.9431945538974952,1
117,6,1,5,1.603958254882082,206,6,0.9431945538974952,1
134,6,1,5,1.5323364532875845,216,6,0.8884502877862838,1
101,6,1,5,1.7432228690936045,195,6,0.9431945538974952,1
104,6,1,5,1.5681473540848332,200,6,0.8884502877862838,1
98,6,1,5,1.412966783963422,214,6,0.8884502877862838,1
112,6,1,5,1.5323364532875845,211,6,0.8884502877862838,1
112,6,1,5,1.4925465635128636,212,6,0.8884502877862838,1
141,6,1,5,1.412966783963422,201,6,0.8884502877862838,1
105,6,1,5,1.4925465635128636,228,6,0.8884502877862838,1
107,6,1,5,1.576105332039777,207,6,0.8884502877862838,1
118,6,1,5,1.5681473540848332,216,6,0.8884502877862838,1
92,6,1,5,1.6954750013639397,198,6,0.9431945538974952,1
103,6,1,5,1.4328617288507826,208,6,0.8884502877862838,1
79,6,1,5,1.6556851115892188,182,6,0.8884502877862838,1
103,6,1,5,1.6278321887469145,179,6,0.8884502877862838,1
98,6,1,5,1.6278321887469145,217,6,0.9431945538974952,1
105,6,1,5,1.4885675745353917,196,6,0.8884502877862838,1
110,6,1,5,1.7074119682963558,202,6,0.9431945538974952,1
94,6,1,5,1.5442734202200006,187,6,0.8884502877862838,1
132,6,1,5,1.3095130705491482,239,6,0.8884502877862838,1
98,6,1,5,1.5442734202200006,203,6,0.8884502877862838,1
123,6,1,5,1.393071839076062,212,6,0.9431945538974952,1
95,6,1,5,1.7113909572738275,186,6,0.8884502877862838,1
126,6,1,5,1.5920212879496656,228,6,0.9431945538974952,1
90,6,1,5,1.783012758868325,187,6,0.8884502877862838,1
105,6,1,5,1.6357901667018584,206,6,0.8884502877862838,1
98,6,1,5,1.6596641005666908,194,6,0.9431945538974952,1
61,6,1,5,1.8426975935304064,180,6,0.9431945538974952,1
110,6,1,5,1.4925465635128636,227,6,0.9431945538974952,1
115,6,1,5,1.675580056476579,205,6,0.9431945538974952,1
128,6,1,5,1.5960002769271375,204,6,0.8884502877862838,1
110,6,1,5,1.4766306076029754,209,6,0.9431945538974952,1
111,6,1,5,1.4607146516930871,208,6,0.8884502877862838,1
65,6,1,5,1.8506555714853503,195,6,0.8884502877862838,1
114,6,1,5,1.6835380344315232,208,6,0.9431945538974952,1
91,6,1,5,1.6517061226117469,199,6,0.8884502877862838,1
112,6,1,5,1.5681473540848332,206,6,0.9431945538974952,1
142,6,1,5,1.6477271336342745,213,6,0.8884502877862838,1
114,6,1,5,1.667622078521635,213,6,0.9431945538974952,1
86,6,1,5,1.603958254882082,201,6,0.9431945538974952,1
98,6,1,5,1.8466765825078784,179,6,0.9431945538974952,1
125,6,1,5,1.576105332039777,213,6,0.9431945538974952,1
106,6,1,5,1.5164204973776962,217,6,0.8884502877862838,1
83,6,1,5,1.6596641005666908,182,6,0.8884502877862838,1
115,6,1,5,1.5880422989721934,213,6,0.9431945538974952,1
101,6,1,5,1.4845885855579195,195,6,0.9431945538974952,1
91,6,1,5,1.6875170234089951,194,6,0.9431945538974952,1
84,6,1,5,1.7312859021611882,174,6,0.9431945538974952,1
136,6,1,5,1.6875170234089951,193,6,0.9431945538974952,1
118,6,1,5,1.6517061226117469,203,6,0.8884502877862838,1
107,6,1,5,1.508462519422752,199,6,0.9431945538974952,1
92,6,1,5,1.663643089544163,192,6,0.9431945538974952,1
119,6,1,5,1.3890928500985895,248,6,0.8884502877862838,1
127,6,1,5,1.6079372438595538,220,6,0.9431945538974952,1
128,6,1,5,1.353281949301341,225,6,0.9431945538974952,1
106,6,1,5,1.5681473540848332,202,6,0.9431945538974952,1
98,6,1,5,1.775054780913381,186,6,0.8884502877862838,1
103,6,1,5,1.6397691556793303,194,6,0.8884502877862838,1
105,6,1,5,1.4806095965804476,216,6,0.9431945538974952,1
127,6,1,5,1.5323364532875845,205,6,0.9431945538974952,1
93,6,1,5,1.7432228690936045,175,6,0.9431945538974952,1
113,6,1,5,1.9700252408095125,139,6,0.8884502877862838,1
108,6,1,5,1.61987421079197,204,6,0.9431945538974952,1
125,6,1,5,1.675580056476579,194,6,0.9431945538974952,1
96,6,1,5,1.412966783963422,205,6,0.9431945538974952,1
125,6,1,5,1.603958254882082,226,6,0.9431945538974952,1
70,6,1,5,1.7511808470485486,185,6,0.8884502877862838,1
126,6,1,5,1.5800843210172493,193,6,0.9431945538974952,1
116,6,1,5,1.5800843210172493,198,6,0.9431945538974952,1
108,6,1,5,1.603958254882082,219,6,0.9431945538974952,1
121,6,1,5,1.5243784753326404,224,6,0.8884502877862838,1
75,6,1,5,1.6875170234089951,190,6,0.9431945538974952,1
122,6,1,5,1.719348935228772,201,6,0.9431945538974952,1
85,6,1,5,1.8984034392150155,195,6,0.8884502877862838,1
129,6,1,5,1.5442734202200006,228,6,0.9431945538974952,1
126,6,1,5,1.5721263430623051,231,6,0.8884502877862838,1
104,6,1,5,1.727306913183716,189,6,0.9431945538974952,1
99,6,1,5,1.5442734202200006,175,6,0.9431945538974952,1
117,6,1,5,1.5840633099947214,207,6,0.9431945538974952,1
117,6,1,5,1.508462519422752,192,6,0.9431945538974952,1
130,6,1,5,1.5840633099947214,223,6,0.8884502877862838,1
109,6,1,5,1.675580056476579,195,6,0.8884502877862838,1
120,6,1,5,1.5999792659046097,182,6,0.9431945538974952,1
101,6,1,5,1.5005045414678078,208,6,0.9431945538974952,1
125,6,1,5,1.5005045414678078,208,6,0.8884502877862838,1
125,6,1,5,1.4288827398733106,229,6,0.8884502877862838,1
87,6,1,5,1.9620672628545683,180,6,0.9431945538974952,1
78,6,1,5,1.667622078521635,195,6,0.8884502877862838,1
80,6,1,5,1.7511808470485486,175,6,0.8884502877862838,1
117,6,1,5,1.4328617288507826,220,6,0.9431945538974952,1
109,6,1,5,1.786991747845797,166,6,0.8884502877862838,1
92,6,1,5,1.6994539903414116,182,6,0.8884502877862838,1
82,6,1,5,1.576105332039777,182,6,0.8884502877862838,1
117,6,1,5,1.6278321887469145,201,6,0.8884502877862838,1
103,6,1,5,1.6914960123864673,169,6,0.9431945538974952,1
67,6,1,5,1.611916232837026,203,6,0.9431945538974952,1
101,6,1,5,1.779033769890853,190,6,0.8884502877862838,1
104,6,1,5,1.663643089544163,205,6,0.9431945538974952,1
104,6,1,5,1.5323364532875845,238,6,0.8884502877862838,1
78,6,1,5,1.826781637620518,176,6,0.9431945538974952,1
89,6,1,5,1.6596641005666908,186,6,0.8884502877862838,1
125,6,1,5,1.50448353044528,189,6,0.9431945538974952,1
104,6,1,5,1.6556851115892188,188,6,0.8884502877862838,1
104,6,1,5,1.775054780913381,184,6,0.9431945538974952,1
95,6,1,5,1.8904454612600712,179,6,0.9431945538974952,1
101,6,1,5,1.6278321887469145,184,6,0.9431945538974952,1
105,6,1,5,1.7591388250034927,187,6,0.8884502877862838,1
107,6,1,5,1.5920212879496656,214,6,0.9431945538974952,1
120,6,1,5,1.6875170234089951,172,6,0.8884502877862838,1
89,6,1,5,1.675580056476579,215,6,0.8884502877862838,1
98,6,1,5,1.5999792659046097,202,6,0.9431945538974952,1
95,6,1,5,1.5721263430623051,197,6,0.9431945538974952,1
110,6,1,5,1.560189376129889,204,6,0.8884502877862838,1
103,6,1,5,1.3095130705491482,228,6,0.8884502877862838,1
119,6,1,5,1.7153699462513,209,6,0.9431945538974952,1
118,6,1,5,1.6357901667018584,203,6,0.8884502877862838,1
87,6,1,5,1.727306913183716,182,6,0.8884502877862838,1
102,6,1,5,1.6477271336342745,207,6,0.9431945538974952,1
133,6,1,5,1.50448353044528,194,6,0.8884502877862838,1
125,6,1,5,1.61987421079197,206,6,0.8884502877862838,1
118,6,1,5,1.5920212879496656,220,6,0.8884502877862838,1
124,6,1,5,1.5800843210172493,204,6,0.8884502877862838,1
89,6,1,5,1.4328617288507826,197,6,0.8884502877862838,1
95,6,1,5,1.6596641005666908,198,6,0.8884502877862838,1
100,6,1,5,1.7312859021611882,182,6,0.8884502877862838,1
98,6,1,5,1.615895221814498,204,6,0.9431945538974952,1
137,6,1,5,1.5960002769271375,212,6,0.8884502877862838,1
88,6,1,5,1.6954750013639397,200,6,0.9431945538974952,1
108,6,1,5,1.667622078521635,178,6,0.9431945538974952,1
156,6,1,5,1.349302960323869,232,6,0.8884502877862838,1
90,6,1,5,1.90636141716996,151,6,0.8884502877862838,1
83,6,1,5,1.8546345604628225,177,6,0.8884502877862838,1
95,6,1,5,1.8705505163727107,178,6,0.8884502877862838,1
122,6,1,5,1.6596641005666908,187,6,0.9431945538974952,1
105,6,1,5,1.611916232837026,199,6,0.9431945538974952,1
80,6,1,5,1.5999792659046097,207,6,0.8884502877862838,1
117,6,1,5,1.8625925384177664,177,6,0.9431945538974952,1
118,6,1,5,1.5522313981749447,208,6,0.8884502877862838,1
82,6,1,5,1.603958254882082,203,6,0.8884502877862838,1
77,6,1,5,1.9660462518320403,164,6,0.8884502877862838,1
101,6,1,5,1.7392438801161323,205,6,0.9431945538974952,1
108,6,1,5,1.6835380344315232,197,6,0.8884502877862838,1
116,6,1,5,1.5283574643101123,213,6,0.9431945538974952,1
109,6,1,5,1.7670968029584369,194,6,0.9431945538974952,1
122,6,1,5,1.3373659933914528,217,6,0.8884502877862838,1
105,6,1,5,1.6278321887469145,195,6,0.8884502877862838,1
140,6,1,5,1.560189376129889,204,6,0.9431945538974952,1
122,6,1,5,1.5005045414678078,220,6,0.8884502877862838,1
129,6,1,5,1.6914960123864673,196,6,0.8884502877862838,1
111,6,1,5,1.7909707368232692,197,6,0.9431945538974952,1
107,6,1,5,1.671601067499107,215,6,0.8884502877862838,1
100,6,1,5,1.763117813980965,188,6,0.8884502877862838,1
112,6,1,5,1.611916232837026,197,6,0.8884502877862838,1
125,6,1,5,1.6556851115892188,208,6,0.8884502877862838,1
96,6,1,5,1.7472018580710764,180,6,0.8884502877862838,1
103,6,1,5,1.775054780913381,175,6,0.8884502877862838,1
72,6,1,5,1.8068866927331573,168,6,0.8884502877862838,1
77,6,1,5,1.8108656817106297,188,6,0.9431945538974952,1
84,6,1,5,1.5562103871524169,197,6,0.8884502877862838,1
93,6,1,5,1.8188236596655736,180,6,0.8884502877862838,1
136,6,1,5,1.6278321887469145,208,6,0.8884502877862838,1
101,6,1,5,1.7153699462513,199,6,0.9431945538974952,1
78,6,1,5,1.92625636205732,180,6,0.9431945538974952,1
102,6,1,5,1.7432228690936045,188,6,0.8884502877862838,1
91,6,1,5,1.8068866927331573,182,6,0.9431945538974952,1
105,6,1,5,1.6397691556793303,190,6,0.9431945538974952,1
140,6,1,5,1.4885675745353917,236,6,0.8884502877862838,1
148,6,1,5,1.341344982368925,242,6,0.8884502877862838,1
91,6,1,5,1.6596641005666908,177,6,0.9431945538974952,1
108,6,1,5,1.6477271336342745,203,6,0.8884502877862838,1
99,6,1,5,1.7551598360260203,188,6,0.8884502877862838,1
113,6,1,5,1.73526489113866,175,6,0.8884502877862838,1
116,6,1,5,1.7432228690936045,166,6,0.8884502877862838,1
134,6,1,5,1.412966783963422,217,6,0.8884502877862838,1
125,6,1,5,1.5999792659046097,210,6,0.9431945538974952,1
103,6,1,5,1.8546345604628225,187,6,0.8884502877862838,1
116,6,1,5,1.6517061226117469,217,6,0.9431945538974952,1
94,6,1,5,1.4766306076029754,212,6,0.9431945538974952,1
110,6,1,5,1.7312859021611882,188,6,0.9431945538974952,1
115,6,1,5,1.73526489113866,184,6,0.8884502877862838,1
89,6,1,5,1.611916232837026,202,6,0.9431945538974952,1
119,6,1,5,1.667622078521635,204,6,0.9431945538974952,1
101,6,1,5,1.8068866927331573,168,6,0.9431945538974952,1
122,6,1,5,1.5681473540848332,206,6,0.9431945538974952,1
121,6,1,5,1.611916232837026,195,6,0.8884502877862838,1
108,6,1,5,1.512441508400224,199,6,0.8884502877862838,1
105,6,1,5,1.802907703755685,174,6,0.8884502877862838,1
69,6,1,5,1.7113909572738275,184,6,0.9431945538974952,1
111,6,1,5,1.826781637620518,159,6,0.9431945538974952,1
115,6,1,5,1.6835380344315232,209,6,0.8884502877862838,1
126,6,1,5,1.5243784753326404,208,6,0.9431945538974952,1
121,6,1,5,1.8108656817106297,181,6,0.9431945538974952,1
106,6,1,5,1.671601067499107,195,6,0.8884502877862838,1
116,6,1,5,1.6954750013639397,198,6,0.8884502877862838,1
105,6,1,5,1.6875170234089951,184,6,0.8884502877862838,1
91,6,1,5,1.727306913183716,168,6,0.9431945538974952,1
104,6,1,5,1.4249037508958384,213,6,0.8884502877862838,1
91,6,1,5,1.603958254882082,187,6,0.9431945538974952,1
124,6,1,5,1.6079372438595538,212,6,0.8884502877862838,1
104,6,1,5,1.4209247619183665,213,6,0.8884502877862838,1
116,6,1,5,1.4726516186255034,226,6,0.9431945538974952,1
100,6,1,5,1.5920212879496656,211,6,0.8884502877862838,1
120,6,1,5,1.5164204973776962,228,6,0.9431945538974952,1
111,6,1,5,1.576105332039777,203,6,0.9431945538974952,1
83,6,1,5,1.6875170234089951,183,6,0.9431945538974952,1
111,6,1,5,1.5840633099947214,189,6,0.8884502877862838,1
111,6,1,5,1.560189376129889,197,6,0.9431945538974952,1
109,6,1,5,1.7074119682963558,195,6,0.9431945538974952,1
106,6,1,5,1.7670968029584369,189,6,0.8884502877862838,1
123,6,1,5,1.6596641005666908,204,6,0.9431945538974952,1
111,6,1,5,1.5999792659046097,208,6,0.9431945538974952,1
114,6,1,5,1.73526489113866,184,6,0.9431945538974952,1
721,6,6,10,3.532916515034365,688,6,0.8884502877862838,1
545,2,6,10,2.8883203006838896,641,6,0.8884502877862838,1
633,6,6,10,3.42548381264262,678,6,0.9431945538974952,1
670,6,6,10,3.604538316628863,742,6,0.8884502877862838,1
563,2,6,10,3.071353793647605,660,6,0.8884502877862838,1
509,6,6,10,3.1469545842195745,772,6,0.9431945538974952,1
671,6,6,10,2.2357661083784697,701,6,0.8884502877862838,1
680,2,6,10,2.5063373588465705,618,6,0.9431945538974952,1
607,6,6,10,3.23449234172396,831,6,0.9431945538974952,1
574,2,6,10,3.6880970851557766,708,6,0.8884502877862838,1
634,6,6,10,2.7172237746525907,664,6,0.8884502877862838,1
744,6,6,10,3.648307195381056,693,6,0.8884502877862838,1
714,6,6,10,2.259640042243302,754,6,0.8884502877862838,1
737,2,6,10,3.548832470944254,753,6,0.8884502877862838,1
656,2,6,10,3.759718886750274,701,6,0.8884502877862838,1
700,2,6,10,3.44537875752998,716,6,0.9431945538974952,1
655,6,6,10,3.4732316803722845,743,6,0.8884502877862838,1
630,6,6,10,1.619022816870298,650,6,0.8884502877862838,1
740,2,6,10,3.278261220476153,715,6,0.8884502877862838,1
628,6,6,10,3.5170005591244773,764,6,0.9431945538974952,1
637,6,6,10,3.2424503196789045,701,6,0.9431945538974952,1
804,6,6,10,3.0395218818278287,686,6,0.8884502877862838,1
603,6,6,10,1.1176702057088168,593,6,0.9431945538974952,1
438,6,6,10,2.538169270666347,460,6,0.9431945538974952,1
682,2,6,10,1.6031068609604098,640,6,0.8884502877862838,1
568,6,6,10,2.7291607415850065,713,6,0.9431945538974952,1
720,6,6,10,2.8445514219316967,665,6,0.8884502877862838,1
694,6,6,10,2.156186328829028,571,6,0.9431945538974952,1
773,6,6,10,3.278261220476153,750,6,0.8884502877862838,1
622,2,6,10,3.5249585370794216,650,6,0.9431945538974952,1
667,6,6,10,2.90821524557125,657,6,0.9431945538974952,1
622,2,6,10,2.9440261463684987,622,6,0.9431945538974952,1
790,6,6,10,3.4732316803722845,644,6,0.9431945538974952,1
515,6,6,10,2.474505447026794,686,6,0.9431945538974952,1
690,2,6,10,3.206639418881656,751,6,0.8884502877862838,1
626,6,6,10,1.817972265743902,581,6,0.9431945538974952,1
687,6,6,10,2.566022193508652,689,6,0.8884502877862838,1
576,6,6,10,3.799508776524995,759,6,0.8884502877862838,1
799,2,6,10,3.624433261516224,845,6,0.9431945538974952,1
723,2,6,10,2.7251817526075346,750,6,0.8884502877862838,1
679,2,6,10,3.6164752835612792,814,6,0.9431945538974952,1
816,6,6,10,3.310093132295929,685,6,0.8884502877862838,1
620,6,6,10,3.2623452645662647,720,6,0.9431945538974952,1
448,2,6,10,2.327282854860328,704,6,0.8884502877862838,1
674,2,6,10,2.836593443976753,711,6,0.8884502877862838,1
814,2,6,10,3.7438029308403857,772,6,0.9431945538974952,1
753,6,6,10,3.230513352746488,752,6,0.9431945538974952,1
698,2,6,10,2.6257070281707326,702,6,0.8884502877862838,1
582,2,6,10,2.975858058188275,660,6,0.8884502877862838,1
725,6,6,10,2.995753003075636,687,6,0.8884502877862838,1
431,2,6,10,3.158891551151991,685,6,0.8884502877862838,1
632,6,6,10,3.63637022844864,697,6,0.8884502877862838,1
542,6,6,10,2.375030722589992,620,6,0.9431945538974952,1
449,2,6,10,2.1840392516713325,565,6,0.9431945538974952,1
726,2,6,10,3.0435008708053006,671,6,0.8884502877862838,1
746,2,6,10,3.5130215701470053,794,6,0.9431945538974952,1
689,6,6,10,3.393651900822843,798,6,0.9431945538974952,1
770,6,6,10,3.552811459921726,850,6,0.9431945538974952,1
636,6,6,10,3.5170005591244773,820,6,0.8884502877862838,1
718,2,6,10,1.7543084421043489,566,6,0.9431945538974952,1
642,6,6,10,3.0435008708053006,632,6,0.9431945538974952,1
718,2,6,10,2.148228350874084,709,6,0.8884502877862838,1
725,6,6,10,3.552811459921726,617,6,0.9431945538974952,1
777,6,6,10,2.637643995103149,791,6,0.8884502877862838,1
662,6,6,10,2.689370851810286,632,6,0.9431945538974952,1
432,2,6,10,2.58193814941854,576,6,0.8884502877862838,1
658,2,6,10,3.298156165363513,694,6,0.9431945538974952,1
629,2,6,10,2.896278278638834,660,6,0.9431945538974952,1
588,2,6,10,2.975858058188275,758,6,0.8884502877862838,1
613,6,6,10,3.0514588487602445,809,6,0.9431945538974952,1
572,6,6,10,2.510316347824043,605,6,0.8884502877862838,1
621,6,6,10,3.011668958985524,717,6,0.9431945538974952,1
797,6,6,10,3.604538316628863,765,6,0.8884502877862838,1
798,6,6,10,2.550106237598764,676,6,0.9431945538974952,1
514,2,6,10,1.3524305553796692,639,6,0.8884502877862838,1
632,2,6,10,2.291471954063079,610,6,0.9431945538974952,1
617,6,6,10,1.9532578909779523,571,6,0.9431945538974952,1
580,2,6,10,3.5727064048090864,772,6,0.9431945538974952,1
560,2,6,10,2.776908609314672,732,6,0.8884502877862838,1
733,2,6,10,2.530211292711403,714,6,0.9431945538974952,1
677,6,6,10,2.8047615321569763,676,6,0.8884502877862838,1
731,6,6,10,2.79282456522456,776,6,0.8884502877862838,1
683,2,6,10,1.9771318248427847,556,6,0.9431945538974952,1
657,6,6,10,3.1031857054673817,586,6,0.9431945538974952,1
631,2,6,10,2.836593443976753,681,6,0.8884502877862838,1
700,6,6,10,3.1668495291069347,724,6,0.8884502877862838,1
708,6,6,10,3.1270596393322143,744,6,0.8884502877862838,1
578,6,6,10,2.2636190312207742,693,6,0.9431945538974952,1
727,2,6,10,3.198681440926712,714,6,0.9431945538974952,1
813,2,6,10,2.546127248621292,764,6,0.9431945538974952,1
448,2,6,10,1.837867210631262,616,6,0.8884502877862838,1
415,6,6,10,2.195976218603749,642,6,0.8884502877862838,1
662,6,6,10,2.9917740140981635,592,6,0.9431945538974952,1
835,6,6,10,3.4732316803722845,733,6,0.8884502877862838,1
729,2,6,10,2.355135777702632,725,6,0.8884502877862838,1
629,6,6,10,2.195976218603749,670,6,0.8884502877862838,1
717,6,6,10,3.0514588487602445,684,6,0.9431945538974952,1
621,2,6,10,3.505063592192061,648,6,0.8884502877862838,1
509,6,6,10,2.5063373588465705,708,6,0.8884502877862838,1
674,6,6,10,2.510316347824043,558,6,0.9431945538974952,1
517,6,6,10,2.8763833337514737,687,6,0.9431945538974952,1
704,2,6,10,2.8803623227289457,714,6,0.8884502877862838,1
505,2,6,10,2.2397450973559416,571,6,0.8884502877862838,1
616,6,6,10,2.430736568274601,661,6,0.8884502877862838,1
552,6,6,10,1.865720133473567,633,6,0.8884502877862838,1
767,2,6,10,3.544853481966782,780,6,0.8884502877862838,1
759,6,6,10,3.0355428928503563,715,6,0.8884502877862838,1
828,2,6,10,2.999731992053108,786,6,0.9431945538974952,1
617,2,6,10,2.79282456522456,646,6,0.8884502877862838,1
620,2,6,10,2.9877950251206915,804,6,0.8884502877862838,1
629,6,6,10,1.933362946090592,619,6,0.9431945538974952,1
691,6,6,10,3.1310386283096863,732,6,0.9431945538974952,1
583,6,6,10,1.9532578909779523,706,6,0.9431945538974952,1
580,2,6,10,3.178786496039351,697,6,0.9431945538974952,1
677,2,6,10,1.92938395711312,642,6,0.9431945538974952,1
761,6,6,10,3.7955297875475225,811,6,0.8884502877862838,1
647,2,6,10,3.1469545842195745,726,6,0.8884502877862838,1
599,2,6,10,2.108438461099363,519,6,0.9431945538974952,1
719,2,6,10,2.558064215553708,689,6,0.9431945538974952,1
542,6,6,10,2.136291383941668,509,6,0.8884502877862838,1
596,6,6,10,3.2623452645662647,675,6,0.9431945538974952,1
596,2,6,10,1.8139932767664293,689,6,0.8884502877862838,1
609,2,6,10,2.180060262693861,622,6,0.8884502877862838,1
617,2,6,10,2.4625684800943777,640,6,0.8884502877862838,1
601,2,6,10,3.3737569559354825,656,6,0.8884502877862838,1
569,6,6,10,1.5871909050505215,472,6,0.9431945538974952,1
766,2,6,10,3.11910166137727,647,6,0.8884502877862838,1
681,6,6,10,2.7689506313597274,731,6,0.8884502877862838,1
719,2,6,10,2.570001182486124,691,6,0.9431945538974952,1
735,2,6,10,3.2543872866113204,777,6,0.9431945538974952,1
535,6,6,10,1.8975520452933432,580,6,0.9431945538974952,1
589,2,6,10,3.2862191984310973,710,6,0.9431945538974952,1
548,6,6,10,1.7383924861944604,606,6,0.8884502877862838,1
658,2,6,10,3.2424503196789045,796,6,0.9431945538974952,1
679,2,6,10,2.840572432954225,759,6,0.8884502877862838,1
561,6,6,10,2.426757579297129,694,6,0.8884502877862838,1
600,2,6,10,2.3471777997476875,657,6,0.8884502877862838,1
617,6,6,10,1.18133402934837,627,6,0.8884502877862838,1
610,2,6,10,3.4095678567327314,693,6,0.9431945538974952,1
746,6,6,10,3.083290760580021,659,6,0.9431945538974952,1
531,6,6,10,2.211892174513637,601,6,0.9431945538974952,1
603,6,6,10,1.726455519262044,667,6,0.9431945538974952,1
545,6,6,10,2.4824634249817383,607,6,0.9431945538974952,1
483,6,6,10,2.0169217146175056,488,6,0.9431945538974952,1
523,6,6,10,3.1469545842195745,578,6,0.9431945538974952,1
545,2,6,10,1.5951488830054656,667,6,0.9431945538974952,1
788,6,6,10,2.6058120832833724,792,6,0.9431945538974952,1
609,2,6,10,2.1203754280317795,609,6,0.9431945538974952,1
589,2,6,10,3.429462801620092,720,6,0.9431945538974952,1
642,6,6,10,3.0992067164899098,702,6,0.9431945538974952,1
525,6,6,10,2.032837670527394,626,6,0.9431945538974952,1
399,6,6,10,2.088543516212003,602,6,0.8884502877862838,1
696,2,6,10,2.363093755657576,647,6,0.9431945538974952,1
578,6,6,10,3.087269749557493,549,6,0.8884502877862838,1
657,6,6,10,3.739823941862913,790,6,0.9431945538974952,1
697,2,6,10,2.1840392516713325,736,6,0.9431945538974952,1
587,6,6,10,3.015647947962996,641,6,0.9431945538974952,1
702,2,6,10,2.995753003075636,752,6,0.9431945538974952,1
549,2,6,10,2.434715557252073,520,6,0.8884502877862838,1
441,6,6,10,3.007689970008052,661,6,0.9431945538974952,1
728,2,6,10,3.5727064048090864,726,6,0.9431945538974952,1
458,2,6,10,1.451905279816471,496,6,0.9431945538974952,1
711,2,6,10,3.019626936940468,663,6,0.8884502877862838,1
559,2,6,10,2.6257070281707326,747,6,0.8884502877862838,1
666,6,6,10,3.0435008708053006,705,6,0.8884502877862838,1
477,6,6,10,2.478484436004266,560,6,0.8884502877862838,1
785,6,6,10,2.9400471573910267,835,6,0.9431945538974952,1
439,6,6,10,1.2131659411681466,499,6,0.9431945538974952,1
693,6,6,10,3.552811459921726,653,6,0.9431945538974952,1
625,2,6,10,3.44537875752998,717,6,0.8884502877862838,1
734,6,6,10,2.6495809620355653,738,6,0.8884502877862838,1
523,2,6,10,2.438694546229545,638,6,0.8884502877862838,1
660,2,6,10,3.704013041065665,694,6,0.8884502877862838,1
667,2,6,10,2.904236256593778,728,6,0.8884502877862838,1
526,2,6,10,2.1243544170092514,632,6,0.8884502877862838,1
638,2,6,10,2.999731992053108,620,6,0.9431945538974952,1
602,6,6,10,2.856488388864113,670,6,0.9431945538974952,1
912,2,6,10,3.652286184358528,717,6,0.9431945538974952,1
694,2,6,10,2.4546105021394338,646,6,0.9431945538974952,1
563,6,6,10,3.154912562174519,672,6,0.8884502877862838,1
551,6,6,10,0.695897374096777,455,6,0.8884502877862838,1
715,2,6,10,2.9241312014811385,681,6,0.9431945538974952,1
605,6,6,10,3.763697875727746,722,6,0.9431945538974952,1
729,6,6,10,3.1867444739942954,764,6,0.8884502877862838,1
574,6,6,10,3.2663242535437367,723,6,0.8884502877862838,1
577,6,6,10,2.136291383941668,702,6,0.9431945538974952,1
651,6,6,10,1.658812706645019,598,6,0.9431945538974952,1
668,6,6,10,1.937341935068064,614,6,0.8884502877862838,1
558,6,6,10,2.693349840787758,588,6,0.9431945538974952,1
589,2,6,10,2.7172237746525907,710,6,0.8884502877862838,1
755,6,6,10,2.25566105326583,580,6,0.9431945538974952,1
656,6,6,10,3.222555374791544,724,6,0.9431945538974952,1
796,6,6,10,2.9281101904586104,753,6,0.9431945538974952,1
602,2,6,10,1.829909232676318,565,6,0.8884502877862838,1
645,6,6,10,2.1999552075812208,695,6,0.9431945538974952,1
468,2,6,10,1.6389177617576585,568,6,0.9431945538974952,1
529,6,6,10,2.733139730562479,746,6,0.8884502877862838,1
752,2,6,10,3.23449234172396,784,6,0.8884502877862838,1
770,2,6,10,3.238471330701432,724,6,0.9431945538974952,1
611,6,6,10,3.282240209453625,759,6,0.8884502877862838,1
465,2,6,10,2.4466525241844894,626,6,0.9431945538974952,1
642,6,6,10,2.7649716423822555,730,6,0.9431945538974952,1
689,6,6,10,2.955963113300915,828,6,0.9431945538974952,1
572,2,6,10,2.7052868077201744,640,6,0.9431945538974952,1
629,6,6,10,3.2663242535437367,756,6,0.9431945538974952,1
565,6,6,10,1.9532578909779523,645,6,0.9431945538974952,1
585,2,6,10,2.418799601342185,590,6,0.8884502877862838,1
662,2,6,10,3.5170005591244773,806,6,0.8884502877862838,1
588,2,6,10,2.9400471573910267,648,6,0.8884502877862838,1
638,2,6,10,3.8074667544799374,798,6,0.8884502877862838,1
652,2,6,10,2.67743388487787,567,6,0.9431945538974952,1
514,2,6,10,1.9771318248427847,604,6,0.9431945538974952,1
638,6,6,10,3.4732316803722845,801,6,0.9431945538974952,1
527,2,6,10,2.434715557252073,597,6,0.9431945538974952,1
644,2,6,10,2.8445514219316967,677,6,0.9431945538974952,1
706,2,6,10,3.3737569559354825,774,6,0.9431945538974952,1
705,2,6,10,2.4028836454322966,641,6,0.9431945538974952,1
612,2,6,10,3.548832470944254,702,6,0.8884502877862838,1
670,2,6,10,3.298156165363513,721,6,0.8884502877862838,1
710,6,6,10,3.497105614237117,645,6,0.9431945538974952,1
464,6,6,10,3.294177176386041,671,6,0.9431945538974952,1
781,6,6,10,3.481189658327229,742,6,0.8884502877862838,1
687,2,6,10,3.8114457434574094,767,6,0.8884502877862838,1
581,6,6,10,2.319324876905384,616,6,0.8884502877862838,1
603,2,6,10,2.311366898950439,650,6,0.9431945538974952,1
643,2,6,10,2.5063373588465705,598,6,0.9431945538974952,1
524,2,6,10,2.6058120832833724,704,6,0.9431945538974952,1
552,6,6,10,3.222555374791544,712,6,0.8884502877862838,1
665,2,6,10,2.7649716423822555,688,6,0.8884502877862838,1
584,6,6,10,3.1668495291069347,714,6,0.8884502877862838,1
493,2,6,10,3.660244162313472,818,6,0.8884502877862838,1
724,6,6,10,2.2317871194009977,644,6,0.9431945538974952,1
582,6,6,10,2.088543516212003,697,6,0.9431945538974952,1
614,2,6,10,2.375030722589992,632,6,0.8884502877862838,1
653,2,6,10,2.7291607415850065,633,6,0.9431945538974952,1
670,2,6,10,3.087269749557493,574,6,0.8884502877862838,1
555,2,6,10,3.3578410000255943,630,6,0.9431945538974952,1
559,6,6,10,2.3431988107702155,693,6,0.8884502877862838,1
710,2,6,10,3.4891476362821727,588,6,0.8884502877862838,1
566,6,6,10,2.848530410909169,487,6,0.8884502877862838,1
669,2,6,10,2.96392109125586,618,6,0.8884502877862838,1
666,2,6,10,2.904236256593778,694,6,0.9431945538974952,1
814,6,6,10,3.2623452645662647,754,6,0.9431945538974952,1
591,2,6,10,3.767676864705218,747,6,0.9431945538974952,1
566,2,6,10,3.592601349696446,734,6,0.9431945538974952,1
582,2,6,10,3.397630889800315,703,6,0.8884502877862838,1
768,6,6,10,2.896278278638834,709,6,0.8884502877862838,1
663,2,6,10,3.2623452645662647,648,6,0.9431945538974952,1
583,6,6,10,3.075332782625077,574,6,0.9431945538974952,1
594,6,6,10,2.7291607415850065,696,6,0.8884502877862838,1
522,6,6,10,2.653559951013037,711,6,0.8884502877862838,1
791,2,6,10,3.306114143318457,835,6,0.9431945538974952,1
577,6,6,10,3.433441790597564,659,6,0.8884502877862838,1
547,2,6,10,2.8684253557965294,621,6,0.8884502877862838,1
704,6,6,10,3.1071646944448537,607,6,0.8884502877862838,1
499,2,6,10,2.032837670527394,621,6,0.9431945538974952,1
745,6,6,10,2.510316347824043,667,6,0.9431945538974952,1
563,2,6,10,2.7450766974948952,760,6,0.8884502877862838,1
739,6,6,10,3.668202140268416,716,6,0.8884502877862838,1
526,2,6,10,2.355135777702632,565,6,0.8884502877862838,1
547,6,6,10,3.4891476362821727,651,6,0.9431945538974952,1
654,2,6,10,2.3949256674773527,629,6,0.8884502877862838,1
481,2,6,10,2.8763833337514737,592,6,0.8884502877862838,1
701,6,6,10,3.0315639038728843,640,6,0.9431945538974952,1
634,2,6,10,2.132312394964196,614,6,0.9431945538974952,1
414,2,6,10,1.8856150783609271,523,6,0.9431945538974952,1
560,6,6,10,1.8856150783609271,622,6,0.8884502877862838,1
629,6,6,10,2.7291607415850065,857,6,0.9431945538974952,1
796,6,6,10,3.54087449298931,755,6,0.8884502877862838,1
644,2,6,10,3.668202140268416,742,6,0.8884502877862838,1
613,6,6,10,2.2954509430405508,604,6,0.9431945538974952,1
550,6,6,10,2.156186328829028,597,6,0.9431945538974952,1
566,6,6,10,3.087269749557493,711,6,0.8884502877862838,1
463,6,6,10,2.4506315131619614,553,6,0.8884502877862838,1
799,6,6,10,3.600559327651391,716,6,0.9431945538974952,1
529,2,6,10,2.7172237746525907,607,6,0.9431945538974952,1
728,6,6,10,3.715950007998081,851,6,0.9431945538974952,1
589,6,6,10,2.410841623387241,568,6,0.9431945538974952,1
706,2,6,10,2.518274325778987,546,6,0.8884502877862838,1
564,6,6,10,2.414820612364713,597,6,0.9431945538974952,1
763,2,6,10,3.4135468457102034,761,6,0.9431945538974952,1
447,2,6,10,1.8338882216537904,594,6,0.9431945538974952,1
673,2,6,10,3.755739897772802,797,6,0.8884502877862838,1
589,6,6,10,3.767676864705218,706,6,0.8884502877862838,1
596,6,6,10,2.7729296203372,657,6,0.8884502877862838,1
513,2,6,10,1.913468001203232,632,6,0.8884502877862838,1
892,2,6,10,3.5766853937865584,679,6,0.9431945538974952,1
669,6,6,10,3.648307195381056,740,6,0.8884502877862838,1
623,6,6,10,3.083290760580021,679,6,0.8884502877862838,1
665,6,6,10,2.96392109125586,710,6,0.9431945538974952,1
734,6,6,10,3.337946055138234,680,6,0.9431945538974952,1
552,2,6,10,2.438694546229545,575,6,0.8884502877862838,1
622,2,6,10,1.9492789020004804,630,6,0.8884502877862838,1
639,6,6,10,2.108438461099363,583,6,0.8884502877862838,1
503,6,0,5,0.1109859944083821,462,3,0.8884502877862838,0
562,6,0,5,0.0234482369039964,407,11,0.8884502877862838,0
462,6,0,5,0.274975936406409,432,11,0.9431945538974952,0
407,6,0,5,0.1914171678794955,382,11,0.9431945538974952,0
557,6,0,5,0.0751750936111334,377,11,0.8884502877862838,0
590,6,0,5,0.4730739913583408,551,3,1.804272708628173,0
670,6,0,5,0.4014521897638435,516,11,0.9431945538974952,0
524,6,0,5,0.2431440245866324,498,3,0.8884502877862838,0
528,6,0,5,0.0513011597463009,367,3,1.804272708628173,0
587,6,0,5,0.2900404983946254,599,3,1.804272708628173,0
575,6,0,5,0.2908918923162973,428,3,0.8884502877862838,0
600,6,0,5,0.4619884183475966,412,3,1.804272708628173,0
546,6,0,5,0.434135495505292,341,11,0.9431945538974952,0
464,6,0,5,0.0950700384984938,439,11,1.804272708628173,0
559,6,0,5,0.1396903111723585,474,11,0.8884502877862838,0
497,6,0,5,0.3704716718657388,344,11,0.9431945538974952,0
571,6,0,5,0.3656412889665948,502,3,0.9431945538974952,0
494,6,0,5,0.10700700543091,478,11,0.8884502877862838,0
501,6,0,5,0.2630389694739928,395,3,0.9431945538974952,0
580,6,0,5,0.0879634544652216,418,3,0.9431945538974952,0
614,6,0,5,0.0680685095778612,437,11,0.9431945538974952,0
517,6,0,5,0.0672171156561892,402,11,0.9431945538974952,0
513,6,0,5,0.2670179584514649,438,3,0.9431945538974952,0
463,6,0,5,0.3187448151586018,368,3,0.9431945538974952,0
585,6,0,5,0.0990490274759658,484,11,0.9431945538974952,0
504,6,0,5,0.0441945757130287,474,3,0.8884502877862838,0
564,6,0,5,0.1467968952056307,549,11,0.8884502877862838,0
592,6,0,5,0.0592591377012451,488,11,1.804272708628173,0
592,6,0,5,0.0282786198031404,423,3,0.8884502877862838,0
616,6,0,5,0.0950700384984938,524,11,1.804272708628173,0
513,6,0,5,0.1755012119696072,365,3,1.804272708628173,0
679,6,0,5,0.0274272258814685,389,3,0.9431945538974952,0
484,6,0,5,0.2113121127668558,434,11,0.8884502877862838,0
557,6,0,5,0.0393641928138847,385,3,1.804272708628173,0
564,6,0,5,0.0760264875328053,418,11,1.804272708628173,0
543,6,0,5,0.0115112699715802,337,11,0.8884502877862838,0
661,6,0,5,0.0194692479265244,384,11,0.9431945538974952,0
630,6,0,5,0.2351860466316883,479,11,0.8884502877862838,0
534,6,0,5,0.0242996308256684,479,11,0.8884502877862838,0
497,6,0,5,0.060110531622917,429,11,1.804272708628173,0
573,6,0,5,0.060110531622917,508,3,1.804272708628173,0
410,6,0,5,0.2073331237893838,393,11,1.804272708628173,0
522,6,0,5,0.0402155867355567,427,11,0.8884502877862838,0
479,6,0,5,0.0274272258814685,495,3,0.8884502877862838,0
660,6,0,5,0.4253261236286759,537,11,0.9431945538974952,0
632,6,0,5,0.2781035314622092,569,11,0.8884502877862838,0
530,6,0,5,0.3895152228314272,482,11,0.8884502877862838,0
431,6,0,5,0.055280148723773,430,11,0.8884502877862838,0
701,6,0,5,0.10700700543091,509,3,0.9431945538974952,0
562,6,0,5,0.0720474985553333,459,11,0.9431945538974952,0
569,6,0,5,0.1715222229921351,392,3,0.9431945538974952,0
543,6,0,5,0.5137152750547335,364,3,0.8884502877862838,0
546,6,0,5,0.1030280164534379,494,3,0.8884502877862838,0
503,6,0,5,0.2741245424847371,468,3,0.8884502877862838,0
643,6,0,5,0.0751750936111334,479,11,0.8884502877862838,0
584,6,0,5,0.5685697268176706,518,3,0.9431945538974952,0
568,6,0,5,0.2272280686767442,469,3,0.8884502877862838,0
507,6,0,5,0.3983245947080434,415,11,1.804272708628173,0
473,6,0,5,0.4977993191448452,414,3,0.9431945538974952,0
629,6,0,5,0.5248008480654778,564,11,0.9431945538974952,0
427,6,0,5,0.4142405506179316,401,11,1.804272708628173,0
548,6,0,5,0.3377883661242903,527,3,1.804272708628173,0
499,6,0,5,0.1197953662849981,450,11,0.9431945538974952,0
635,6,0,5,0.2820825204396813,560,3,0.9431945538974952,0
509,6,0,5,0.5455471868745101,347,11,0.8884502877862838,0
543,6,0,5,0.4023035836855154,372,3,0.9431945538974952,0
640,6,0,5,0.1388389172506866,520,3,0.8884502877862838,0
562,6,0,5,0.3099354432819858,481,3,0.8884502877862838,0
512,6,0,5,0.1715222229921351,384,3,1.804272708628173,0
604,6,0,5,0.0680685095778612,470,3,0.9431945538974952,0
535,6,0,5,0.2343346527100163,427,11,0.9431945538974952,0
488,6,0,5,0.5017783081223173,367,3,1.804272708628173,0
502,6,0,5,0.2391650356091604,442,3,1.804272708628173,0
503,6,0,5,0.4261775175503479,401,3,1.804272708628173,0
579,6,0,5,0.0362365977580846,443,3,0.9431945538974952,0
573,6,0,5,0.4690950023808687,524,11,0.9431945538974952,0
498,6,0,5,0.3227238041360739,395,11,0.8884502877862838,0
605,6,0,5,0.0910910495210217,404,3,0.8884502877862838,0
493,6,0,5,0.2033541348119117,426,3,0.9431945538974952,0
465,6,0,5,0.1030280164534379,477,11,0.9431945538974952,0
556,6,0,5,0.373599266921539,452,3,1.804272708628173,0
557,6,0,5,0.1786288070254073,505,3,0.8884502877862838,0
479,6,0,5,0.1993751458344396,402,11,0.9431945538974952,0
599,6,0,5,0.0353852038364127,497,11,1.804272708628173,0
497,6,0,5,0.4142405506179316,375,3,0.8884502877862838,0
619,6,0,5,0.0242996308256684,512,3,1.804272708628173,0
633,6,0,5,0.2670179584514649,463,11,1.804272708628173,0
573,6,0,5,0.0314062148589406,473,3,0.9431945538974952,0
592,6,0,5,0.0919424434426936,528,11,1.804272708628173,0
580,6,0,5,0.0831330715660775,408,11,0.8884502877862838,0
533,6,0,5,0.2351860466316883,375,11,1.804272708628173,0
640,6,0,5,0.1746498180479352,596,3,1.804272708628173,0
667,6,0,5,0.2025027408902398,530,3,0.9431945538974952,0
481,6,0,5,0.1755012119696072,347,3,1.804272708628173,0
556,6,0,5,0.4182195395954037,370,11,0.8884502877862838,0
507,6,0,5,0.5137152750547335,345,3,0.9431945538974952,0
491,6,0,5,0.0353852038364127,421,11,1.804272708628173,0
485,6,0,5,0.060110531622917,421,3,0.8884502877862838,0
604,6,0,5,0.060110531622917,444,11,1.804272708628173,0
662,6,0,5,0.5256522419871498,344,3,0.9431945538974952,0
454,6,0,5,0.3585347049333226,366,11,0.9431945538974952,0
515,6,0,5,0.1834591899245513,323,3,0.9431945538974952,0
625,6,0,5,0.7237502969390814,613,3,0.9431945538974952,0
476,6,0,5,0.0402155867355567,360,3,0.8884502877862838,0
637,6,0,5,0.3465977380009064,326,11,1.804272708628173,0
582,6,0,5,0.2343346527100163,509,3,0.9431945538974952,0
601,6,0,5,0.1229229613407983,463,3,0.9431945538974952,0
602,6,0,5,0.1467968952056307,535,3,0.9431945538974952,0
547,6,0,5,0.0194692479265244,514,11,0.8884502877862838,0
611,6,0,5,0.2025027408902398,526,11,1.804272708628173,0
511,6,0,5,0.2670179584514649,439,3,0.9431945538974952,0
558,6,0,5,0.2431440245866324,469,11,0.9431945538974952,0
533,6,0,5,0.3934942118088994,501,11,1.804272708628173,0
417,6,0,5,0.4381144844827641,325,3,0.8884502877862838,0
482,6,0,5,0.0115112699715802,463,11,0.9431945538974952,0
494,6,0,5,0.2312070576542162,430,3,0.9431945538974952,0
607,6,0,5,0.0433431817913568,448,11,0.8884502877862838,0
531,6,0,5,0.8439713601849157,350,11,1.804272708628173,0
470,6,0,5,0.1078583993525819,366,11,1.804272708628173,0
705,6,0,5,0.055280148723773,544,3,1.804272708628173,0
524,6,0,5,0.1874381789020234,417,11,1.804272708628173,0
432,6,0,5,0.1794802009470793,482,3,1.804272708628173,0
540,6,0,5,0.0999004213976378,459,11,0.9431945538974952,0
533,6,0,5,0.5017783081223173,336,11,0.8884502877862838,0
494,6,0,5,0.4142405506179316,281,11,0.9431945538974952,0
580,6,0,5,0.0035532920166361,431,3,0.8884502877862838,0
488,6,0,5,0.1197953662849981,472,3,0.8884502877862838,0
653,6,0,5,0.3019774653270416,618,3,1.804272708628173,0
525,6,0,5,0.0123626638932521,396,3,1.804272708628173,0
689,6,0,5,0.2263766747550722,469,3,1.804272708628173,0
517,6,0,5,0.1595852560597189,485,11,0.8884502877862838,0
687,6,0,5,0.2860615094171533,523,11,1.804272708628173,0
606,6,0,5,0.1914171678794955,433,3,0.8884502877862838,0
559,6,0,5,0.2351860466316883,411,3,0.9431945538974952,0
596,6,0,5,0.0720474985553333,443,3,0.9431945538974952,0
550,6,0,5,0.167543234014663,356,3,1.804272708628173,0
594,6,0,5,0.0314062148589406,373,11,0.8884502877862838,0
638,6,0,5,0.1158163773075261,354,11,1.804272708628173,0
605,6,0,5,0.2471230135641045,385,11,1.804272708628173,0
628,6,0,5,0.3338093771468182,480,11,0.8884502877862838,0
544,6,0,5,0.2670179584514649,320,11,1.804272708628173,0
482,6,0,5,0.2550809915190487,387,11,0.9431945538974952,0
644,6,0,5,0.3497253330567065,553,3,1.804272708628173,0
544,6,0,5,0.1985237519127677,433,3,0.8884502877862838,0
621,6,0,5,0.0035532920166361,482,11,0.9431945538974952,0
518,6,0,5,0.3306817820910181,472,3,1.804272708628173,0
539,6,0,5,0.3178934212369299,546,11,1.804272708628173,0
412,6,0,5,0.4619884183475966,490,3,1.804272708628173,0
583,6,0,5,0.0154902589490523,408,11,1.804272708628173,0
550,6,0,5,0.1706708290704632,492,11,1.804272708628173,0
598,6,0,5,0.10700700543091,500,11,1.804272708628173,0
579,6,0,5,0.2431440245866324,468,11,0.8884502877862838,0
609,6,0,5,0.1507758841831028,530,11,1.804272708628173,0
488,6,0,5,0.0274272258814685,505,11,1.804272708628173,0
626,6,0,5,0.0163416528707242,520,11,0.9431945538974952,0
430,6,0,5,0.3704716718657388,310,3,0.8884502877862838,0
436,6,0,5,0.0203206418481963,465,11,0.8884502877862838,0
582,6,0,5,0.3625136939107947,382,3,1.804272708628173,0
587,6,0,5,0.1436693001498306,489,3,0.8884502877862838,0
632,6,0,5,0.1436693001498306,435,3,1.804272708628173,0
505,6,0,5,0.0314062148589406,421,11,0.8884502877862838,0
458,6,0,5,0.1556062670822468,395,3,0.9431945538974952,0
598,6,0,5,0.1229229613407983,481,11,1.804272708628173,0
575,6,0,5,0.0680685095778612,490,3,0.8884502877862838,0
610,6,0,5,0.2104607188451839,428,11,1.804272708628173,0
514,6,0,5,0.1467968952056307,416,11,1.804272708628173,0
655,6,0,5,0.1388389172506866,480,11,0.8884502877862838,0
621,6,0,5,0.5486747819303103,566,11,1.804272708628173,0
617,6,0,5,0.0999004213976378,373,11,1.804272708628173,0
541,6,0,5,0.0194692479265244,346,3,1.804272708628173,0
485,6,0,5,0.1078583993525819,468,3,1.804272708628173,0
677,6,0,5,0.0353852038364127,545,11,1.804272708628173,0
628,6,0,5,0.2789549253838811,477,3,1.804272708628173,0
507,6,0,5,0.1547548731605749,456,3,0.8884502877862838,0
487,6,0,5,0.0004256969608359,464,3,0.8884502877862838,0
542,6,0,5,0.214439707822656,461,11,0.9431945538974952,0
460,6,0,5,0.2670179584514649,391,11,0.8884502877862838,0
428,6,0,5,0.0035532920166361,415,11,0.8884502877862838,0
438,6,0,5,0.2590599804965208,479,11,0.8884502877862838,0
590,6,0,5,0.270145553507265,495,3,0.8884502877862838,0
655,6,0,5,0.5287798370429498,560,3,0.8884502877862838,0
557,6,0,5,0.1953961568569676,396,3,0.9431945538974952,0
602,6,0,5,0.1476482891273027,435,3,1.804272708628173,0
531,6,0,5,0.0711961046336613,417,3,0.9431945538974952,0
604,6,0,5,0.4094101677187876,464,11,0.8884502877862838,0
443,6,0,5,0.2948708812937694,393,3,0.9431945538974952,0
623,6,0,5,0.64417051738964,643,3,0.9431945538974952,0
673,6,0,5,0.3974732007863714,516,3,0.9431945538974952,0
602,6,0,5,0.1746498180479352,473,3,0.9431945538974952,0
671,6,0,5,0.0274272258814685,463,11,0.8884502877862838,0
597,6,0,5,0.0831330715660775,472,3,0.9431945538974952,0
564,6,0,5,0.1149649833858541,549,11,0.9431945538974952,0
686,6,0,5,0.1786288070254073,502,3,0.8884502877862838,0
573,6,0,5,0.2263766747550722,595,11,1.804272708628173,0
610,6,0,5,0.7078343410291932,631,3,0.9431945538974952,0
635,6,0,5,0.3099354432819858,477,3,0.8884502877862838,0
579,6,0,5,0.3107868372036577,444,11,0.9431945538974952,0
627,6,0,5,0.1516272781047747,448,11,0.9431945538974952,0
661,6,0,5,0.0800054765102774,413,11,0.8884502877862838,0
526,6,0,5,0.3019774653270416,423,11,1.804272708628173,0
592,6,0,5,0.3497253330567065,582,11,0.8884502877862838,0
587,6,0,5,0.373599266921539,537,3,1.804272708628173,0
526,6,0,5,0.270996947428937,348,11,1.804272708628173,0
481,6,0,5,0.1993751458344396,406,3,0.8884502877862838,0
546,6,0,5,0.4221985285728758,484,3,0.8884502877862838,0
577,6,0,5,0.1277533442399423,415,3,1.804272708628173,0
512,6,0,5,0.0720474985553333,440,3,0.8884502877862838,0
610,6,0,5,0.3258513991918741,596,11,1.804272708628173,0
478,6,0,5,0.5296312309646218,356,11,0.8884502877862838,0
534,6,0,5,0.0282786198031404,402,11,0.9431945538974952,0
617,6,0,5,0.1826077960028794,459,11,0.8884502877862838,0
507,6,0,5,0.3306817820910181,297,11,1.804272708628173,0
648,6,0,5,0.1755012119696072,554,11,0.9431945538974952,0
510,6,0,5,0.0004256969608359,390,3,0.8884502877862838,0
536,6,0,5,0.111837388330054,435,3,0.8884502877862838,0
498,6,0,5,0.3068078482261857,439,11,0.9431945538974952,0
507,6,0,5,0.541568197897038,300,11,0.8884502877862838,0
578,6,0,5,0.1038794103751098,420,3,0.8884502877862838,0
446,6,0,5,0.2192700907218,449,11,0.8884502877862838,0
492,6,0,5,0.2192700907218,457,3,1.804272708628173,0
599,6,0,5,0.0879634544652216,418,3,0.9431945538974952,0
650,6,0,5,0.0163416528707242,479,11,0.9431945538974952,0
582,6,0,5,0.3028288592487136,396,3,0.9431945538974952,0
337,6,0,5,0.3465977380009064,326,11,0.8884502877862838,0
502,6,0,5,0.5336102199420939,296,3,0.9431945538974952,0
586,6,0,5,0.0075322809941081,526,11,1.804272708628173,0
527,6,0,5,0.0282786198031404,495,11,1.804272708628173,0
651,6,0,5,0.2511020025415766,463,11,0.8884502877862838,0
571,6,0,5,0.2621875755523209,498,11,0.8884502877862838,0
565,6,0,5,0.0083836749157801,482,3,1.804272708628173,0
631,6,0,5,0.1666918400929911,480,3,1.804272708628173,0
576,6,0,5,0.0234482369039964,419,3,0.9431945538974952,0
487,6,0,5,0.537589208919566,362,11,0.9431945538974952,0
601,6,0,5,0.0203206418481963,499,11,0.8884502877862838,0
472,6,0,5,0.2431440245866324,390,11,1.804272708628173,0
579,6,0,5,0.3059564543045137,546,11,0.9431945538974952,0
663,6,0,5,0.1905657739578236,448,11,0.9431945538974952,0
476,6,0,5,0.1476482891273027,424,3,0.8884502877862838,0
662,6,0,5,0.1706708290704632,429,3,0.8884502877862838,0
537,6,0,5,0.0919424434426936,531,3,0.8884502877862838,0
487,6,0,5,0.2948708812937694,453,11,0.9431945538974952,0
647,6,0,5,0.2223976857776001,494,3,1.804272708628173,0
402,6,0,5,0.2630389694739928,394,11,1.804272708628173,0
537,6,0,5,0.485862352212429,394,11,0.9431945538974952,0
642,6,0,5,0.0990490274759658,461,11,0.9431945538974952,0
658,6,0,5,0.0473221707688289,551,3,0.8884502877862838,0
710,6,0,5,0.6043806276149193,617,11,1.804272708628173,0
518,6,0,5,0.3943456057305713,405,11,1.804272708628173,0
567,6,0,5,0.0521525536679729,483,3,0.9431945538974952,0
430,6,0,5,0.3147658261811298,469,3,0.9431945538974952,0
566,6,0,5,0.2272280686767442,412,11,0.8884502877862838,0
503,6,0,5,0.0592591377012451,460,3,0.8884502877862838,0
625,6,0,5,0.2582085865748488,548,3,1.804272708628173,0
643,6,0,5,0.2621875755523209,466,3,0.8884502877862838,0
593,6,0,5,0.2343346527100163,484,11,0.8884502877862838,0
483,6,0,5,0.3306817820910181,445,11,1.804272708628173,0
497,6,0,5,0.5017783081223173,295,11,0.8884502877862838,0
540,6,0,5,0.0831330715660775,439,11,0.9431945538974952,0
562,6,0,5,0.1158163773075261,448,3,0.9431945538974952,0
599,6,0,5,0.5455471868745101,433,3,1.804272708628173,0
712,6,0,5,0.4730739913583408,561,3,0.9431945538974952,0
547,6,0,5,0.0314062148589406,463,3,1.804272708628173,0
431,6,0,5,0.6012530325591191,365,3,0.9431945538974952,0
559,6,0,5,0.1237743552624702,489,11,1.804272708628173,0
559,6,0,5,0.4420934734602362,428,3,0.8884502877862838,0
562,6,0,5,0.3664926828882667,327,3,0.9431945538974952,0
595,6,0,5,0.270996947428937,436,3,0.9431945538974952,0
490,6,0,5,0.4739253852800127,294,3,0.9431945538974952,0
497,6,0,5,0.2550809915190487,386,11,0.9431945538974952,0
537,6,0,5,0.649000900288784,410,11,0.9431945538974952,0
601,6,0,5,0.2582085865748488,480,11,0.8884502877862838,0
628,6,0,5,0.0711961046336613,490,11,1.804272708628173,0
503,6,0,5,0.2343346527100163,435,3,0.9431945538974952,0
563,6,0,5,0.0083836749157801,430,3,0.9431945538974952,0
601,6,0,5,0.1436693001498306,480,3,0.8884502877862838,0
490,6,0,5,0.2033541348119117,407,3,0.9431945538974952,0
548,6,0,5,0.0194692479265244,434,3,1.804272708628173,0
657,6,0,5,0.2502506086199046,529,3,1.804272708628173,0
562,6,0,5,0.5097362860772614,345,11,1.804272708628173,0
487,6,0,5,0.4460724624377082,370,3,0.8884502877862838,0
588,6,0,5,0.0513011597463009,415,3,0.9431945538974952,0
444,6,0,5,0.4381144844827641,309,3,1.804272708628173,0
540,6,0,5,0.2900404983946254,429,3,1.804272708628173,0
480,6,0,5,0.4977993191448452,420,3,0.9431945538974952,0
522,6,0,5,0.1038794103751098,474,3,1.804272708628173,0
554,6,0,5,0.1993751458344396,448,3,1.804272708628173,0
517,6,0,5,0.111837388330054,500,11,1.804272708628173,0
425,6,0,5,0.5893160656267029,294,3,1.804272708628173,0
623,6,0,5,0.0871120605435496,486,11,0.9431945538974952,0
547,6,0,5,0.7285806798382255,276,11,1.804272708628173,0
543,6,0,5,0.0791540825886055,436,3,0.8884502877862838,0
492,6,0,5,0.378429649820683,439,3,0.9431945538974952,0
643,6,0,5,0.1826077960028794,502,3,1.804272708628173,0
627,6,0,5,0.0831330715660775,447,3,0.8884502877862838,0
580,6,0,5,0.4580094293701244,321,11,1.804272708628173,0
506,6,0,5,0.0203206418481963,431,3,0.9431945538974952,0
651,6,0,5,0.4253261236286759,549,11,0.8884502877862838,0
495,6,0,5,0.2670179584514649,445,3,0.9431945538974952,0
604,6,0,5,0.0362365977580846,452,11,1.804272708628173,0
499,6,0,5,0.0163416528707242,405,3,1.804272708628173,0
535,6,0,5,0.1317323332174144,389,11,1.804272708628173,0
509,6,0,5,0.3028288592487136,397,11,0.8884502877862838,0
652,6,0,5,0.0163416528707242,435,3,1.804272708628173,0
611,6,0,5,0.0194692479265244,442,11,1.804272708628173,0
615,6,0,5,0.0640895206003891,440,3,0.8884502877862838,0
561,6,0,5,0.0402155867355567,391,11,0.8884502877862838,0
576,6,0,5,0.0441945757130287,430,11,1.804272708628173,0
584,6,0,5,0.0640895206003891,437,11,0.8884502877862838,0
462,6,0,5,0.3744506608432109,278,11,0.9431945538974952,0
583,6,0,5,0.4102615616404595,375,3,0.9431945538974952,0
566,6,0,5,0.0282786198031404,470,11,0.9431945538974952,0
607,6,0,5,0.1030280164534379,455,3,0.9431945538974952,0
543,6,0,5,0.274975936406409,350,11,0.9431945538974952,0
653,6,0,5,0.1229229613407983,480,3,0.8884502877862838,0
501,6,0,5,0.111837388330054,440,3,0.9431945538974952,0
475,6,0,5,0.0959214324201657,379,11,1.804272708628173,0
499,6,0,5,0.3664926828882667,463,11,0.9431945538974952,0
536,6,0,5,0.5654421317618704,350,3,0.9431945538974952,0
637,6,0,5,0.429305112606148,596,3,1.804272708628173,0
508,6,0,5,0.4938203301673731,361,11,0.8884502877862838,0
530,6,0,5,0.1277533442399423,486,3,0.8884502877862838,0
555,6,0,5,0.1317323332174144,430,11,0.9431945538974952,0
556,6,0,5,0.0521525536679729,501,11,0.8884502877862838,0
619,6,0,5,0.1197953662849981,400,11,0.8884502877862838,0
654,6,0,5,0.1786288070254073,509,11,1.804272708628173,0
637,6,0,5,0.2979984763495695,570,11,0.9431945538974952,0
637,6,0,5,0.1197953662849981,443,3,0.8884502877862838,0
565,6,0,5,0.3426187490234343,413,11,0.9431945538974952,0
564,6,0,5,0.2152911017443279,454,3,1.804272708628173,0
498,6,0,5,0.2908918923162973,416,11,1.804272708628173,0
501,6,0,5,0.0282786198031404,408,3,0.8884502877862838,0
522,6,0,5,0.3704716718657388,380,3,1.804272708628173,0
510,6,0,5,0.2820825204396813,489,3,0.9431945538974952,0
490,6,0,5,0.0242996308256684,450,3,0.9431945538974952,0
538,6,0,5,0.1078583993525819,504,3,0.9431945538974952,0
423,6,0,5,0.3068078482261857,347,3,0.9431945538974952,0
501,6,0,5,0.2511020025415766,396,3,0.8884502877862838,0
629,6,0,5,0.1834591899245513,451,3,1.804272708628173,0
588,6,0,5,0.0433431817913568,447,3,0.8884502877862838,0
626,6,0,5,0.0362365977580846,445,3,0.8884502877862838,0
492,6,0,5,0.167543234014663,435,11,1.804272708628173,0
565,6,0,5,0.373599266921539,504,3,1.804272708628173,0
459,6,0,5,0.3983245947080434,415,11,0.8884502877862838,0
620,6,0,5,0.3934942118088994,471,3,1.804272708628173,0
523,6,0,5,0.0791540825886055,533,3,0.9431945538974952,0
542,6,0,5,0.1595852560597189,383,3,0.9431945538974952,0
529,6,0,5,0.1030280164534379,420,3,1.804272708628173,0
543,6,0,5,0.0720474985553333,416,3,0.9431945538974952,0
598,6,0,5,0.0083836749157801,505,3,0.8884502877862838,0
652,6,0,5,0.0481735646905008,429,11,0.8884502877862838,0
467,6,0,5,0.3903666167530992,361,11,1.804272708628173,0
506,6,0,5,0.2192700907218,460,11,0.8884502877862838,0
583,6,0,5,0.0871120605435496,472,11,0.8884502877862838,0
346,6,0,11,0.1547548731605749,390,6,0.0273721330556057,0
463,6,0,11,0.5685697268176706,424,6,0.9431945538974952,0
481,6,0,11,0.958510646609934,652,7,0.0273721330556057,0
395,2,0,10,0.3068078482261857,415,6,0.9431945538974952,0
462,6,0,11,0.6043806276149193,626,6,0.0273721330556057,0
297,6,0,11,0.4142405506179316,350,7,1.804272708628173,0
350,2,0,11,0.5924436606825031,536,6,0.0273721330556057,0
477,2,0,11,0.5486747819303103,552,7,1.804272708628173,0
338,6,0,10,0.055280148723773,422,6,0.9431945538974952,0
452,6,0,11,0.640191528412168,478,6,0.9431945538974952,0
401,2,0,11,0.3497253330567065,466,7,0.9431945538974952,0
593,2,0,11,1.1892920073033142,677,6,0.9431945538974952,0
419,2,0,10,0.6362125394346959,652,7,1.804272708628173,0
365,2,0,10,0.214439707822656,444,6,0.0273721330556057,0
338,2,0,11,0.2820825204396813,570,6,0.9431945538974952,0
329,2,0,11,0.2789549253838811,395,7,1.804272708628173,0
373,6,0,11,0.004404685938308,520,6,0.0273721330556057,0
282,6,0,10,0.1436693001498306,496,7,0.0273721330556057,0
476,2,0,11,0.3019774653270416,512,6,0.0273721330556057,0
368,2,0,11,1.0540063820692636,603,7,1.804272708628173,0
360,6,0,10,0.8431199662632437,665,7,1.804272708628173,0
428,2,0,10,0.5606117488627265,446,6,1.804272708628173,0
515,6,0,11,0.7118133300066652,671,7,0.0273721330556057,0
386,2,0,11,0.2979984763495695,441,7,1.804272708628173,0
484,2,0,11,0.537589208919566,372,7,0.0273721330556057,0
408,2,0,10,0.2940194873720975,490,6,0.9431945538974952,0
379,6,0,10,0.3465977380009064,468,6,0.9431945538974952,0
491,2,0,10,0.6680444512544724,550,6,0.0273721330556057,0
376,6,0,11,0.2502506086199046,449,6,0.9431945538974952,0
446,2,0,10,0.1357113221948865,454,6,1.804272708628173,0
442,2,0,10,0.0521525536679729,499,7,0.0273721330556057,0
290,6,0,11,0.0521525536679729,379,7,0.0273721330556057,0
444,6,0,10,0.162712851115519,593,7,0.0273721330556057,0
435,6,0,10,0.4014521897638435,477,6,0.9431945538974952,0
383,6,0,11,0.3099354432819858,450,6,0.9431945538974952,0
392,2,0,11,0.6481495063671121,595,7,1.804272708628173,0
462,6,0,10,0.055280148723773,457,6,0.0273721330556057,0
468,2,0,10,1.0420694151368477,634,7,0.0273721330556057,0
432,6,0,11,0.0990490274759658,519,7,0.0273721330556057,0
482,6,0,10,0.7118133300066652,508,7,0.0273721330556057,0
383,6,0,10,0.0481735646905008,495,7,0.0273721330556057,0
328,2,0,11,0.0999004213976378,433,6,0.0273721330556057,0
588,2,0,11,0.8789308670604924,556,7,1.804272708628173,0
423,2,0,10,0.0800054765102774,433,7,1.804272708628173,0
330,6,0,10,0.7683705696129463,395,7,0.0273721330556057,0
556,6,0,11,1.1574600954835377,751,6,0.9431945538974952,0
433,2,0,10,0.4500514514151803,432,6,1.804272708628173,0
358,2,0,10,0.2303556637325443,457,7,0.9431945538974952,0
320,2,0,10,0.0871120605435496,461,6,1.804272708628173,0
340,2,0,10,0.5336102199420939,433,7,0.0273721330556057,0
453,2,0,10,0.0115112699715802,486,6,1.804272708628173,0
345,6,0,11,0.5128638811330616,511,6,0.0273721330556057,0
328,2,0,11,0.7325596688156976,446,7,0.9431945538974952,0
409,2,0,10,0.5734001097168147,386,7,0.9431945538974952,0
432,6,0,10,0.3178934212369299,550,7,0.9431945538974952,0
445,2,0,10,0.4739253852800127,528,7,0.0273721330556057,0
384,6,0,11,0.6211479774464795,454,7,0.9431945538974952,0
337,2,0,11,0.6362125394346959,609,6,0.9431945538974952,0
467,6,0,10,0.9744266025198222,516,7,1.804272708628173,0
480,2,0,11,0.1277533442399423,531,7,1.804272708628173,0
439,2,0,10,0.0234482369039964,482,7,1.804272708628173,0
443,2,0,10,0.3855362338539552,682,6,0.9431945538974952,0
515,6,0,10,1.5752539381181052,640,6,0.9431945538974952,0
350,2,0,11,0.7834351316011626,613,6,0.0273721330556057,0
436,6,0,11,0.4969479252231732,492,6,0.0273721330556057,0
364,2,0,11,0.3068078482261857,436,7,0.9431945538974952,0
261,6,0,11,0.2192700907218,482,6,0.0273721330556057,0
455,2,0,10,0.3895152228314272,559,6,0.0273721330556057,0
359,6,0,10,0.1985237519127677,501,6,0.0273721330556057,0
432,6,0,11,0.3625136939107947,528,7,1.804272708628173,0
441,6,0,11,0.4253261236286759,448,6,0.9431945538974952,0
385,6,0,10,0.3616622999891227,615,7,1.804272708628173,0
466,2,0,10,0.6561074843220562,670,6,0.9431945538974952,0
264,2,0,11,0.0800054765102774,412,7,0.0273721330556057,0
659,6,0,11,0.5685697268176706,730,6,1.804272708628173,0
414,2,0,10,0.2223976857776001,492,6,0.0273721330556057,0
389,6,0,10,0.4540304403926524,522,7,0.9431945538974952,0
476,6,0,11,0.1666918400929911,621,6,1.804272708628173,0
372,2,0,10,0.3696202779440669,508,7,0.0273721330556057,0
369,2,0,11,0.4332841015836201,440,6,0.9431945538974952,0
491,2,0,10,1.0261534592269592,592,6,0.0273721330556057,0
399,2,0,11,0.5049059031781175,576,7,1.804272708628173,0
392,2,0,10,0.0322576087806125,514,7,1.804272708628173,0
390,2,0,11,0.3465977380009064,430,7,0.9431945538974952,0
380,2,0,11,0.1914171678794955,411,7,1.804272708628173,0
360,6,0,10,0.1189439723633262,529,7,1.804272708628173,0
434,2,0,11,0.6282545614797517,576,6,1.804272708628173,0
292,2,0,11,0.7365386577931696,439,7,1.804272708628173,0
464,6,0,10,0.4452210685160363,605,6,1.804272708628173,0
443,6,0,11,0.1269019503182704,461,6,1.804272708628173,0
272,6,0,11,0.111837388330054,432,6,0.9431945538974952,0
181,2,0,10,0.6370639333563678,319,7,0.9431945538974952,0
479,2,0,10,0.7356872638714977,643,7,0.0273721330556057,0
479,2,0,11,0.162712851115519,518,7,0.9431945538974952,0
442,6,0,10,0.214439707822656,560,6,0.0273721330556057,0
537,6,0,11,0.6879393961418329,630,6,0.0273721330556057,0
432,2,0,10,0.1308809392957424,398,7,0.0273721330556057,0
325,6,0,11,0.6521284953445842,435,7,1.804272708628173,0
448,6,0,10,0.9386157017225736,506,7,0.9431945538974952,0
433,2,0,10,0.3346607710684902,388,7,0.0273721330556057,0
479,6,0,10,0.6202965835248075,548,6,1.804272708628173,0
347,2,0,11,0.4619884183475966,410,7,0.9431945538974952,0
367,2,0,11,0.4182195395954037,439,7,0.9431945538974952,0
492,6,0,10,0.1706708290704632,534,7,0.9431945538974952,0
477,6,0,11,0.4332841015836201,481,6,0.9431945538974952,0
415,6,0,10,0.158733862138047,543,7,0.9431945538974952,0
424,6,0,11,0.0402155867355567,505,7,1.804272708628173,0
367,6,0,11,0.0402155867355567,587,7,1.804272708628173,0
596,6,0,11,0.3696202779440669,546,6,0.0273721330556057,0
353,2,0,10,0.0751750936111334,502,6,0.9431945538974952,0
364,6,0,11,1.344472577424725,731,7,1.804272708628173,0
467,2,0,11,0.5725487157951427,471,7,1.804272708628173,0
296,6,0,11,0.979256985418966,291,6,1.804272708628173,0
503,6,0,10,0.1229229613407983,475,6,0.0273721330556057,0
396,6,0,11,0.695897374096777,535,6,0.9431945538974952,0
543,2,0,10,0.5805066937500868,635,7,1.804272708628173,0
398,2,0,10,0.2383136416874884,487,7,0.9431945538974952,0
289,2,0,11,0.4659674073250686,478,7,0.0273721330556057,0
392,2,0,11,0.9067837899027968,624,6,0.0273721330556057,0
416,6,0,10,0.4372630905610921,412,7,1.804272708628173,0
458,6,0,10,0.3377883661242903,468,6,0.9431945538974952,0
411,2,0,11,1.1972499852582583,668,7,0.9431945538974952,0
275,2,0,11,0.4182195395954037,370,6,1.804272708628173,0
434,6,0,11,0.0163416528707242,487,7,0.0273721330556057,0
390,6,0,10,0.274975936406409,402,6,0.9431945538974952,0
302,2,0,10,0.0154902589490523,554,7,0.0273721330556057,0
464,6,0,11,0.6848118010860327,313,7,0.9431945538974952,0
557,6,0,11,0.056131542645445,453,6,0.0273721330556057,0
388,6,0,10,0.1755012119696072,472,7,0.0273721330556057,0
254,2,0,11,0.0720474985553333,484,7,0.0273721330556057,0
351,2,0,11,0.1826077960028794,366,6,1.804272708628173,0
419,2,0,10,0.0513011597463009,370,6,1.804272708628173,0
495,6,0,11,0.5248008480654778,609,6,0.0273721330556057,0
510,6,0,11,0.2073331237893838,484,6,1.804272708628173,0
317,2,0,11,0.4420934734602362,473,7,1.804272708628173,0
494,2,0,11,0.377578255899011,616,7,0.9431945538974952,0
300,2,0,11,0.1755012119696072,415,7,0.0273721330556057,0
405,2,0,11,0.2670179584514649,444,6,1.804272708628173,0
352,6,0,10,0.2590599804965208,441,6,1.804272708628173,0
407,6,0,10,0.3068078482261857,471,7,0.9431945538974952,0
478,2,0,10,0.4412420795385642,549,6,0.0273721330556057,0
372,6,0,11,0.4372630905610921,584,7,0.0273721330556057,0
362,2,0,11,0.3855362338539552,484,7,0.9431945538974952,0
476,6,0,11,0.2192700907218,495,7,1.804272708628173,0
472,6,0,11,0.3377883661242903,493,7,0.0273721330556057,0
519,2,0,10,0.4850109582907571,597,7,1.804272708628173,0
285,2,0,11,0.2781035314622092,523,7,1.804272708628173,0
507,6,0,11,0.6839604071643608,532,7,0.9431945538974952,0
323,6,0,11,0.1269019503182704,439,6,0.9431945538974952,0
562,2,0,11,0.3139144322594578,557,7,0.0273721330556057,0
345,6,0,11,0.1109859944083821,548,6,1.804272708628173,0
289,6,0,10,0.2511020025415766,427,6,0.9431945538974952,0
457,2,0,10,0.1786288070254073,466,7,0.0273721330556057,0
435,6,0,10,0.1914171678794955,471,7,1.804272708628173,0
389,6,0,10,0.0234482369039964,478,6,0.0273721330556057,0
477,6,0,11,0.3386397600459622,509,7,1.804272708628173,0
244,2,0,11,0.3903666167530992,361,7,0.0273721330556057,0
397,6,0,10,0.5645907378401985,457,7,0.9431945538974952,0
448,6,0,10,0.5685697268176706,612,7,1.804272708628173,0
422,6,0,10,0.3576833110116507,535,6,1.804272708628173,0
612,2,0,10,1.149502117528593,651,6,0.9431945538974952,0
494,2,0,11,0.6322335504572237,515,7,0.9431945538974952,0
284,2,0,10,1.0110888972387428,348,7,0.9431945538974952,0
487,2,0,10,0.8988258119478527,588,6,0.9431945538974952,0
331,2,0,10,0.0282786198031404,472,6,0.0273721330556057,0
342,6,0,11,0.4381144844827641,388,6,1.804272708628173,0
365,2,0,10,0.1985237519127677,663,7,0.0273721330556057,0
435,6,0,11,0.0322576087806125,396,6,0.9431945538974952,0
403,6,0,11,0.3497253330567065,444,6,0.9431945538974952,0
409,6,0,11,0.1317323332174144,517,6,0.9431945538974952,0
370,6,0,11,0.2948708812937694,440,7,1.804272708628173,0
391,6,0,11,0.0203206418481963,550,7,0.9431945538974952,0
394,2,0,11,0.6760024292094166,601,6,0.0273721330556057,0
362,2,0,10,0.3346607710684902,466,7,0.9431945538974952,0
440,6,0,11,0.64417051738964,645,7,1.804272708628173,0
519,6,0,11,0.3338093771468182,471,7,0.0273721330556057,0
372,2,0,10,0.5765277047726147,493,7,0.0273721330556057,0
394,2,0,10,0.6171689884690075,537,6,0.9431945538974952,0
317,6,0,10,0.0791540825886055,409,6,0.9431945538974952,0
409,2,0,11,0.270145553507265,556,7,1.804272708628173,0
409,2,0,10,0.3258513991918741,471,7,0.0273721330556057,0
321,6,0,10,0.4690950023808687,596,7,1.804272708628173,0
477,6,0,11,0.2502506086199046,451,6,0.9431945538974952,0
509,2,0,10,0.4142405506179316,470,7,1.804272708628173,0
343,2,0,10,0.167543234014663,397,7,1.804272708628173,0
367,6,0,11,0.2343346527100163,453,6,1.804272708628173,0
411,2,0,11,0.1038794103751098,504,7,0.9431945538974952,0
340,2,0,11,0.111837388330054,541,7,0.9431945538974952,0
492,6,0,10,0.5765277047726147,653,6,1.804272708628173,0
486,2,0,11,0.0910910495210217,586,6,0.9431945538974952,0
369,2,0,11,0.5327588260204219,484,7,0.0273721330556057,0
183,2,0,11,0.3576833110116507,491,7,0.9431945538974952,0
513,6,0,11,1.3245776325373646,608,7,1.804272708628173,0
593,2,0,10,0.966468624564878,545,7,0.9431945538974952,0
530,6,0,11,0.695897374096777,545,6,0.0273721330556057,0
462,6,0,11,0.6919183851193049,383,6,0.0273721330556057,0
390,6,0,10,0.5694211207393426,433,6,0.0273721330556057,0
277,2,0,10,0.162712851115519,543,6,1.804272708628173,0
339,6,0,10,0.6211479774464795,473,7,0.9431945538974952,0
347,2,0,11,0.5694211207393426,386,7,1.804272708628173,0
443,2,0,11,0.2542295975973768,500,6,0.9431945538974952,0
419,6,0,10,0.0282786198031404,365,6,1.804272708628173,0
471,2,0,11,0.111837388330054,460,7,0.0273721330556057,0
418,2,0,10,0.158733862138047,428,6,1.804272708628173,0
454,6,0,11,1.022174470249487,697,7,1.804272708628173,0
398,6,0,11,0.3465977380009064,355,6,0.0273721330556057,0
346,6,0,10,0.1476482891273027,391,6,0.9431945538974952,0
456,2,0,10,0.5725487157951427,493,7,0.9431945538974952,0
393,6,0,10,0.1794802009470793,531,6,1.804272708628173,0
416,6,0,11,0.863014911150604,536,6,0.0273721330556057,0
531,2,0,11,0.5765277047726147,527,7,0.9431945538974952,0
414,6,0,10,0.3505767269783785,407,7,1.804272708628173,0
428,2,0,10,0.1786288070254073,480,6,0.9431945538974952,0
514,6,0,11,0.7834351316011626,481,6,0.0273721330556057,0
375,6,0,11,0.7922445034777786,385,7,1.804272708628173,0
357,2,0,10,0.4938203301673731,450,7,1.804272708628173,0
435,6,0,11,0.158733862138047,468,6,1.804272708628173,0
378,6,0,10,0.4062825726629875,395,6,0.9431945538974952,0
416,2,0,10,0.1149649833858541,443,7,1.804272708628173,0
355,6,0,11,0.2232490796992721,449,6,1.804272708628173,0
396,6,0,10,0.6728748341536165,414,6,0.9431945538974952,0
369,6,0,10,0.7118133300066652,512,7,1.804272708628173,0
371,2,0,11,0.1317323332174144,459,7,0.0273721330556057,0
249,6,0,11,0.963341029509078,382,7,1.804272708628173,0
452,6,0,11,0.1786288070254073,439,6,1.804272708628173,0
296,2,0,11,0.3377883661242903,492,7,1.804272708628173,0
424,2,0,11,0.3059564543045137,540,6,0.0273721330556057,0
295,2,0,10,0.7246016908607534,389,7,0.9431945538974952,0
262,2,0,10,0.6887907900635047,458,7,0.0273721330556057,0
312,6,0,10,0.3426187490234343,421,6,0.9431945538974952,0
461,6,0,11,0.1865867849803515,481,7,0.0273721330556057,0
326,6,0,10,0.593295054604175,449,7,0.9431945538974952,0
452,2,0,11,0.3338093771468182,508,6,1.804272708628173,0
401,6,0,10,0.0999004213976378,498,7,1.804272708628173,0
342,2,0,10,0.6410429223338399,365,6,0.9431945538974952,0
362,2,0,11,0.1826077960028794,503,6,0.0273721330556057,0
428,6,0,10,0.1388389172506866,552,7,1.804272708628173,0
359,6,0,11,0.0035532920166361,458,7,1.804272708628173,0
218,6,0,11,0.1755012119696072,461,6,1.804272708628173,0
328,6,0,10,0.2582085865748488,423,6,0.0273721330556057,0
455,6,0,11,0.0441945757130287,493,7,0.9431945538974952,0
231,6,0,10,0.2391650356091604,499,6,0.0273721330556057,0
348,2,0,11,0.0004256969608359,511,6,1.804272708628173,0
455,6,0,11,0.3107868372036577,442,7,0.9431945538974952,0
234,2,0,10,0.4301565065278199,324,6,0.9431945538974952,0
442,6,0,11,0.9943215474071824,503,6,1.804272708628173,0
304,6,0,10,1.070773731900824,293,7,0.0273721330556057,0
332,2,0,11,0.1786288070254073,526,7,0.0273721330556057,0
528,2,0,11,0.5765277047726147,547,7,0.9431945538974952,0
410,6,0,11,0.1317323332174144,405,7,0.0273721330556057,0
424,2,0,10,0.699876363074249,630,6,0.0273721330556057,0
486,2,0,11,0.0393641928138847,484,6,1.804272708628173,0
336,6,0,10,0.1715222229921351,456,6,1.804272708628173,0
357,2,0,11,0.3187448151586018,444,6,1.804272708628173,0
467,2,0,10,0.10700700543091,490,7,0.0273721330556057,0
361,2,0,11,0.5765277047726147,609,7,0.9431945538974952,0
416,2,0,10,0.1786288070254073,440,6,0.0273721330556057,0
468,6,0,11,0.4850109582907571,549,6,0.9431945538974952,0
429,6,0,11,0.640191528412168,535,7,0.9431945538974952,0
288,6,0,10,0.8559083271173319,296,7,1.804272708628173,0
331,2,0,10,0.2152911017443279,435,6,1.804272708628173,0
446,2,0,11,0.0473221707688289,530,6,1.804272708628173,0
538,6,0,11,0.9425946907000456,599,7,1.804272708628173,0
409,2,0,10,0.1985237519127677,401,6,0.0273721330556057,0
472,2,0,10,0.4213471346512039,601,7,0.0273721330556057,0
381,2,0,10,0.4372630905610921,602,6,0.0273721330556057,0
317,6,0,11,0.055280148723773,528,6,1.804272708628173,0
276,2,0,10,1.0102375033170707,507,6,0.0273721330556057,0
425,6,0,10,0.5526537709077823,559,6,0.9431945538974952,0
471,2,0,10,0.6760024292094166,567,6,1.804272708628173,0
355,2,0,10,0.2263766747550722,515,7,0.0273721330556057,0
214,6,0,11,0.8200974263200832,420,7,1.804272708628173,0
362,6,0,11,1.345323971346397,328,7,1.804272708628173,0
480,6,0,10,0.5844856827275589,562,7,1.804272708628173,0
392,2,0,11,0.1516272781047747,407,6,0.9431945538974952,0
500,6,0,10,0.3099354432819858,438,7,0.0273721330556057,0
361,2,0,11,0.8908678339929086,587,6,1.804272708628173,0
464,2,0,10,0.2184186968001281,568,7,0.9431945538974952,0
345,6,0,10,0.004404685938308,483,6,0.9431945538974952,0
359,2,0,10,0.0831330715660775,602,7,0.0273721330556057,0
377,2,0,11,0.1666918400929911,511,7,0.0273721330556057,0
455,2,0,10,0.2073331237893838,362,7,0.0273721330556057,0
455,2,0,10,0.4094101677187876,501,7,1.804272708628173,0
355,6,0,11,0.158733862138047,526,6,0.0273721330556057,0
506,2,0,11,0.167543234014663,411,6,0.0273721330556057,0
472,6,0,11,0.0353852038364127,518,6,1.804272708628173,0
375,6,0,11,0.695897374096777,488,6,0.9431945538974952,0
471,2,0,11,0.1874381789020234,472,6,0.9431945538974952,0
257,2,0,11,0.5176942640322055,412,6,0.0273721330556057,0
611,6,0,10,0.8948468229703807,651,7,0.0273721330556057,0
504,6,0,11,0.5805066937500868,454,6,0.9431945538974952,0
393,6,0,10,0.3465977380009064,395,6,0.0273721330556057,0
442,6,0,11,0.2741245424847371,460,7,0.9431945538974952,0
412,6,0,10,0.2900404983946254,530,6,0.9431945538974952,0
431,2,0,11,0.540716803975366,514,7,0.9431945538974952,0
348,2,0,10,0.1158163773075261,514,6,1.804272708628173,0
387,6,0,10,0.2351860466316883,500,6,0.0273721330556057,0
314,6,0,10,0.0282786198031404,479,6,0.9431945538974952,0
526,2,0,11,0.6839604071643608,671,7,0.0273721330556057,0
404,6,0,10,0.2979984763495695,488,7,1.804272708628173,0
453,6,0,10,0.7277292859165536,460,7,1.804272708628173,0
395,2,0,10,0.4690950023808687,514,7,1.804272708628173,0
439,2,0,10,0.5566327598852544,533,6,0.0273721330556057,0
367,2,0,11,0.004404685938308,494,7,0.0273721330556057,0
311,2,0,11,1.1742274453150978,355,6,0.9431945538974952,0
435,2,0,11,0.6720234402319445,655,7,0.0273721330556057,0
398,6,0,10,0.5495261758519822,442,7,0.0273721330556057,0
460,2,0,10,0.2025027408902398,454,6,0.0273721330556057,0
377,6,0,11,0.4699463963025407,438,6,1.804272708628173,0
522,6,0,10,1.1176702057088168,626,7,0.9431945538974952,0
442,2,0,10,0.2948708812937694,504,7,0.0273721330556057,0
507,6,0,10,0.7356872638714977,536,7,0.9431945538974952,0
332,2,0,10,0.0154902589490523,472,7,0.9431945538974952,0
317,6,0,11,0.1030280164534379,501,6,0.0273721330556057,0
416,2,0,11,0.4381144844827641,514,7,1.804272708628173,0
389,2,0,10,0.3059564543045137,479,6,1.804272708628173,0
374,2,0,11,0.5097362860772614,528,7,0.0273721330556057,0
347,2,0,10,0.2033541348119117,422,6,1.804272708628173,0
328,2,0,11,0.5495261758519822,402,6,0.0273721330556057,0
507,2,0,10,0.1595852560597189,483,6,1.804272708628173,0
474,2,0,11,0.5486747819303103,554,6,1.804272708628173,0
458,2,0,11,0.1507758841831028,510,6,0.9431945538974952,0
456,6,0,10,0.0004256969608359,512,7,1.804272708628173,0
396,6,0,11,0.2343346527100163,535,6,0.9431945538974952,0
444,2,0,11,0.5725487157951427,529,7,1.804272708628173,0
437,6,0,10,1.0866896878107122,447,6,1.804272708628173,0
459,2,0,10,0.3656412889665948,470,7,0.0273721330556057,0
369,6,0,11,0.4332841015836201,609,6,1.804272708628173,0
408,2,0,11,0.7754771536462185,680,7,0.0273721330556057,0
278,2,0,11,0.919572150756885,408,7,0.0273721330556057,0
430,2,0,10,0.377578255899011,530,7,1.804272708628173,0
384,6,0,10,0.4372630905610921,617,6,0.0273721330556057,0
437,6,0,10,0.2550809915190487,412,7,1.804272708628173,0
430,6,0,11,0.2303556637325443,488,6,0.0273721330556057,0
156,2,0,10,0.7803075365453624,325,6,1.804272708628173,0
311,2,0,11,0.0959214324201657,482,7,1.804272708628173,0
417,2,0,11,0.2152911017443279,497,6,0.9431945538974952,0
360,2,0,10,0.0959214324201657,521,6,0.0273721330556057,0
399,6,0,10,0.0592591377012451,523,7,1.804272708628173,0
576,2,0,11,0.859035922173132,555,6,0.0273721330556057,0
554,2,0,10,0.4173681456737318,641,7,0.9431945538974952,0
439,6,0,11,0.0393641928138847,577,6,1.804272708628173,0
460,2,0,11,0.1467968952056307,593,7,0.0273721330556057,0
557,2,0,11,0.8311829993308275,645,7,1.804272708628173,0
475,6,0,10,0.2582085865748488,476,7,0.0273721330556057,0
431,6,0,10,0.1467968952056307,506,6,0.0273721330556057,0
424,6,0,10,0.167543234014663,492,7,0.9431945538974952,0
420,2,0,11,0.060110531622917,400,6,0.9431945538974952,0
448,2,0,10,0.2033541348119117,373,7,0.0273721330556057,0
419,6,0,11,0.8789308670604924,599,6,0.0273721330556057,0
414,2,0,11,0.3704716718657388,446,6,0.9431945538974952,0
312,2,0,10,0.1308809392957424,459,6,0.9431945538974952,0
498,2,0,10,1.6747286625549072,637,6,0.0273721330556057,0
1188,6,0,10,1.2131659411681466,1770,6,1.804272708628173,0
910,6,1,10,1.7622664200592928,1535,6,0.8884502877862838,0
816,6,1,10,1.6946236074422676,1460,6,0.8884502877862838,0
849,6,0,10,0.8550569331956599,1102,6,1.804272708628173,0
1114,6,0,10,1.0062585143395988,1439,6,0.8884502877862838,0
1010,2,0,10,1.233060886055507,1330,6,0.9431945538974952,0
1093,2,1,10,0.9386157017225736,1465,6,0.9431945538974952,0
945,2,1,10,0.6720234402319445,1267,6,1.804272708628173,0
1020,6,0,10,1.244997852987923,1661,6,1.804272708628173,0
1056,2,1,10,1.1972499852582583,1362,6,1.804272708628173,0
755,2,1,10,1.2569348199203394,1471,6,0.8884502877862838,0
1191,6,1,10,1.455884268793943,1497,6,1.804272708628173,0
915,6,1,10,1.2808087537851718,1400,6,0.9431945538974952,0
785,2,0,10,0.9425946907000456,1371,6,0.8884502877862838,0
927,2,1,10,1.014216492294543,1220,6,1.804272708628173,0
1051,6,0,10,1.5394430373208567,1646,6,0.9431945538974952,0
1069,6,1,10,1.4678212357263594,1588,6,1.804272708628173,0
1181,2,0,10,1.06594334900168,1639,6,1.804272708628173,0
1322,6,0,10,1.3166196545824205,1753,6,1.804272708628173,0
1018,2,1,10,1.121649194686289,1472,6,1.804272708628173,0
1257,2,0,10,1.1574600954835377,1643,6,0.8884502877862838,0
898,6,0,10,0.6242755725022796,1291,6,0.9431945538974952,0
1107,2,1,10,0.751603219781386,1255,6,0.8884502877862838,0
808,6,0,10,0.8272040103533554,1392,6,1.804272708628173,0
1302,2,0,10,1.6946236074422676,1622,6,0.8884502877862838,0
792,2,0,10,1.3166196545824205,1483,6,1.804272708628173,0
825,2,0,10,1.5275060703884404,1670,6,1.804272708628173,0
1090,6,0,10,1.3086616766274763,1539,6,0.8884502877862838,0
947,2,0,10,0.7675191756912743,1376,6,1.804272708628173,0
936,2,1,10,0.3139144322594578,1354,6,1.804272708628173,0
1020,2,1,10,0.8908678339929086,1486,6,0.9431945538974952,0
953,6,1,10,1.1375651505961772,1446,6,1.804272708628173,0
789,6,1,10,0.5765277047726147,1376,6,1.804272708628173,0
858,6,1,10,0.8391409772857716,1139,6,0.8884502877862838,0
896,6,0,10,1.288766731740116,1555,6,1.804272708628173,0
814,6,0,10,1.0500273930917916,1510,6,0.9431945538974952,0
1219,6,0,10,1.2529558309428672,1580,6,0.8884502877862838,0
1213,2,0,10,1.559337982208217,1504,6,0.9431945538974952,0
613,6,0,10,0.7834351316011626,1448,6,0.8884502877862838,0
1333,2,1,10,1.4837371916362476,1677,6,1.804272708628173,0
879,2,1,10,1.3166196545824205,1610,6,0.8884502877862838,0
935,2,1,10,1.1693970624159538,1498,6,0.9431945538974952,0
1015,2,1,10,1.6906446184647954,1608,6,0.8884502877862838,0
1058,6,1,10,0.7436452418264419,1128,6,0.8884502877862838,0
698,6,0,10,0.4611370244259246,1258,6,1.804272708628173,0
851,6,1,10,0.8669939001280762,1438,6,1.804272708628173,0
998,6,0,10,1.0500273930917916,1480,6,1.804272708628173,0
924,6,1,10,1.817972265743902,1474,6,0.8884502877862838,0
1195,2,0,10,1.3245776325373646,1499,6,0.8884502877862838,0
816,6,0,10,0.8948468229703807,1286,6,0.8884502877862838,0
1105,6,0,10,1.2211239191230907,1297,6,0.9431945538974952,0
869,2,1,10,0.6083596165923914,1343,6,0.8884502877862838,0
1158,6,1,10,1.658812706645019,1632,6,1.804272708628173,0
1380,6,1,10,1.559337982208217,1659,6,0.9431945538974952,0
948,6,0,10,0.6362125394346959,1211,6,0.8884502877862838,0
646,2,0,10,0.7396662528489698,1420,6,1.804272708628173,0
804,6,1,10,1.1574600954835377,1400,6,0.9431945538974952,0
759,2,0,10,0.962489635587406,1253,6,0.9431945538974952,0
619,2,1,10,0.4492000574935084,1430,6,0.8884502877862838,0
864,2,0,10,0.7237502969390814,1313,6,1.804272708628173,0
929,6,0,10,0.6561074843220562,1455,6,0.9431945538974952,0
1243,2,1,10,1.8418461996087343,1715,6,0.9431945538974952,0
790,6,0,10,1.817972265743902,1646,6,1.804272708628173,0
882,6,0,10,1.3842624671994457,1511,6,1.804272708628173,0
1174,2,1,10,0.9028048009253248,1424,6,0.8884502877862838,0
1097,2,1,10,1.559337982208217,1474,6,0.8884502877862838,0
1047,2,0,10,1.0858382938890403,1380,6,0.8884502877862838,0
727,6,0,10,1.1017542497989286,1502,6,1.804272708628173,0
1021,2,1,10,1.1415441395736492,1337,6,0.9431945538974952,0
534,6,0,10,0.9425946907000456,1205,6,1.804272708628173,0
1150,2,1,10,1.0341114371819031,1316,6,0.8884502877862838,0
1013,6,1,10,1.233060886055507,1572,6,1.804272708628173,0
951,2,1,10,1.5951488830054656,1705,6,1.804272708628173,0
681,6,1,10,0.7993510875110509,1327,6,0.8884502877862838,0
1051,2,0,10,1.3683465112895574,1501,6,0.8884502877862838,0
1029,6,0,10,0.7277292859165536,1371,6,0.8884502877862838,0
884,2,1,10,1.288766731740116,1368,6,0.9431945538974952,0
1119,6,1,10,1.073901326956624,1521,6,0.8884502877862838,0
1191,6,1,10,1.0619643600242077,1351,6,0.8884502877862838,0
808,6,1,10,0.5128638811330616,1212,6,0.8884502877862838,0
871,6,1,10,0.6919183851193049,1261,6,1.804272708628173,0
933,2,0,10,1.2768297648076998,1338,6,0.9431945538974952,0
1209,6,0,10,1.3524305553796692,1616,6,0.8884502877862838,0
1012,6,1,10,0.8232250213758834,1391,6,0.9431945538974952,0
1012,6,0,10,1.4598632577714152,1561,6,0.8884502877862838,0
937,2,1,10,0.8152670434209391,1605,6,1.804272708628173,0
946,6,1,10,1.125628183663761,1396,6,1.804272708628173,0
941,6,1,10,1.4200733679966944,1880,6,0.9431945538974952,0
1091,2,1,10,1.5474010152758009,1586,6,0.9431945538974952,0
927,2,1,10,2.152207339851556,1747,6,0.8884502877862838,0
930,2,1,10,1.0022795253621266,1402,6,0.8884502877862838,0
1092,6,0,10,1.3763044892445015,1687,6,1.804272708628173,0
963,2,1,10,0.2462716196424326,1379,6,0.9431945538974952,0
1019,6,1,10,1.6349387727801863,1497,6,0.9431945538974952,0
749,2,0,10,1.2569348199203394,1571,6,0.9431945538974952,0
873,2,1,10,0.6600864732995283,1147,6,0.8884502877862838,0
838,2,1,10,1.607085849937882,1758,6,0.9431945538974952,0
1192,6,1,10,1.193270996280786,1439,6,1.804272708628173,0
1086,6,1,10,1.774203386991709,1609,6,0.9431945538974952,0
916,2,0,10,1.2808087537851718,1596,6,1.804272708628173,0
1171,2,1,10,1.233060886055507,1630,6,0.9431945538974952,0
1082,2,0,10,1.1455231285511214,1411,6,1.804272708628173,0
1064,6,0,10,1.774203386991709,1420,6,0.9431945538974952,0
740,2,1,10,1.2569348199203394,1420,6,0.9431945538974952,0
959,6,1,10,1.2091869521906744,1297,6,0.9431945538974952,0
822,6,1,10,1.0460484041143194,1510,6,0.9431945538974952,0
961,2,0,10,1.6747286625549072,1881,6,1.804272708628173,0
966,2,1,10,1.5195480924334963,1559,6,0.8884502877862838,0
1185,6,0,10,1.3404935884472529,1586,6,1.804272708628173,0
1025,2,0,10,1.2290818970780348,1380,6,1.804272708628173,0
1043,6,1,10,2.112417450076835,1550,6,0.9431945538974952,0
1041,6,0,10,1.1136912167313446,1424,6,0.9431945538974952,0
1064,6,0,10,1.6389177617576585,1533,6,0.8884502877862838,0
1024,6,1,10,1.933362946090592,1782,6,1.804272708628173,0
842,6,1,10,1.081859304911568,1403,6,0.9431945538974952,0
1114,6,0,10,1.7940983318790693,1660,6,0.8884502877862838,0
791,2,0,10,0.8749518780830203,1213,6,1.804272708628173,0
803,2,1,10,1.292745720717588,1523,6,0.8884502877862838,0
847,2,1,10,0.9147417678577412,1403,6,1.804272708628173,0
1294,6,0,10,1.6349387727801863,1704,6,0.8884502877862838,0
1171,6,1,10,1.5235270814109685,1700,6,0.9431945538974952,0
1094,2,1,10,1.770224398014237,1692,6,1.804272708628173,0
807,2,1,10,0.5486747819303103,1375,6,0.9431945538974952,0
542,2,1,10,0.7754771536462185,1459,6,1.804272708628173,0
1196,2,1,10,1.4757792136813035,1474,6,1.804272708628173,0
877,6,1,10,0.7038553520517211,1255,6,0.9431945538974952,0
822,6,0,10,1.7503294531268765,1782,6,0.9431945538974952,0
788,6,0,10,0.7078343410291932,1385,6,0.9431945538974952,0
997,2,0,10,1.344472577424725,1470,6,0.8884502877862838,0
998,6,0,10,1.193270996280786,1376,6,1.804272708628173,0
861,6,1,10,1.5474010152758009,1522,6,0.9431945538974952,0
674,2,0,10,1.284787742762644,1327,6,0.8884502877862838,0
1120,6,0,10,1.3404935884472529,1501,6,0.9431945538974952,0
797,2,1,10,0.8152670434209391,1567,6,0.9431945538974952,0
917,6,0,10,1.555358993230745,1608,6,0.8884502877862838,0
1129,2,1,10,1.292745720717588,1658,6,0.8884502877862838,0
983,2,1,10,0.8749518780830203,1142,6,0.9431945538974952,0
1165,6,0,10,2.148228350874084,1780,6,0.8884502877862838,0
1359,2,1,10,1.4638422467488872,1590,6,0.9431945538974952,0
987,6,0,10,1.0937962718439844,1486,6,0.8884502877862838,0
860,2,0,10,1.1375651505961772,1420,6,0.9431945538974952,0
1066,6,1,10,1.6747286625549072,1564,6,0.8884502877862838,0
981,2,1,10,1.4240523569741663,1813,6,1.804272708628173,0
899,6,0,10,0.8311829993308275,1279,6,0.9431945538974952,0
666,6,0,10,0.5168428701105336,1284,6,0.8884502877862838,0
878,2,1,10,0.7913931095561068,1502,6,0.9431945538974952,0
922,6,1,10,1.3723255002670296,1633,6,1.804272708628173,0
1153,2,0,10,1.567295960163161,1691,6,0.9431945538974952,0
1170,6,1,10,1.3484515664021972,1515,6,0.9431945538974952,0
988,2,1,10,0.7476242308039139,1377,6,0.8884502877862838,0
791,2,1,10,0.5725487157951427,1475,6,1.804272708628173,0
1064,6,1,10,1.6826866405098513,1788,6,0.8884502877862838,0
995,2,1,10,0.7157923189841373,1224,6,1.804272708628173,0
839,2,0,10,1.0102375033170707,1478,6,0.9431945538974952,0
1062,6,0,10,1.1574600954835377,1346,6,1.804272708628173,0
1001,6,1,10,1.6269807948252424,1571,6,0.9431945538974952,0
1068,2,1,10,1.5314850593659124,1492,6,0.9431945538974952,0
1164,2,1,10,0.7197713079616094,1460,6,0.8884502877862838,0
886,6,0,10,1.778182375969181,1677,6,0.9431945538974952,0
753,2,0,10,0.536737814997894,1359,6,1.804272708628173,0
955,6,1,10,1.1972499852582583,1489,6,1.804272708628173,0
890,2,1,10,0.8510779442181878,1409,6,0.8884502877862838,0
775,2,0,10,0.699876363074249,1365,6,0.9431945538974952,0
1052,6,0,10,1.619022816870298,1745,6,0.8884502877862838,0
821,2,1,10,0.9028048009253248,1255,6,0.9431945538974952,0
1136,6,1,10,1.495674158568664,1640,6,0.9431945538974952,0
1093,6,1,10,0.6043806276149193,1465,6,0.8884502877862838,0
990,2,0,10,1.0181954812720149,1509,6,1.804272708628173,0
956,6,0,10,0.7396662528489698,1083,6,1.804272708628173,0
1129,2,1,10,1.7503294531268765,1671,6,1.804272708628173,0
930,6,1,10,0.7635401867138022,1330,6,0.9431945538974952,0
1309,2,1,10,1.925404968135648,1630,6,0.8884502877862838,0
539,6,0,10,0.9744266025198222,1273,6,0.8884502877862838,0
1330,6,1,10,1.9572368799554245,1923,6,0.9431945538974952,0
935,6,0,10,1.4797582026587754,1695,6,1.804272708628173,0
718,6,1,10,1.1574600954835377,1475,6,1.804272708628173,0
938,6,0,10,1.125628183663761,1468,6,1.804272708628173,0
1299,6,1,10,1.6986025964197395,1914,6,0.9431945538974952,0
1110,2,1,10,1.6627916956224909,1788,6,0.9431945538974952,0
959,6,0,10,0.4929689362457012,1232,6,0.8884502877862838,0
784,2,0,10,1.5712749491406333,1651,6,0.8884502877862838,0
1018,6,0,10,1.0778803159340962,1548,6,1.804272708628173,0
1146,2,0,10,1.0460484041143194,1352,6,1.804272708628173,0
1202,6,0,10,1.7582874310818206,1676,6,1.804272708628173,0
1188,6,0,10,0.7754771536462185,1369,6,0.8884502877862838,0
1193,6,0,10,1.3086616766274763,1595,6,0.8884502877862838,0
971,2,0,10,1.237039875032979,1421,6,0.8884502877862838,0
748,6,0,10,0.540716803975366,1471,6,1.804272708628173,0
1092,2,0,10,1.06594334900168,1297,6,0.8884502877862838,0
910,2,0,10,0.0672171156561892,1268,6,1.804272708628173,0
828,2,1,10,0.8709728891055483,1139,6,0.8884502877862838,0
801,2,1,10,0.377578255899011,1185,6,0.8884502877862838,0
763,6,0,10,0.2940194873720975,1279,6,0.9431945538974952,0
962,6,0,10,1.0420694151368477,1376,6,1.804272708628173,0
676,2,0,10,1.1176702057088168,1309,6,0.9431945538974952,0
1192,2,0,10,0.7635401867138022,1321,6,0.8884502877862838,0
1624,2,0,10,1.7105395633521558,1631,6,0.9431945538974952,0
966,6,1,10,0.910762778880269,1446,6,0.8884502877862838,0
912,6,1,10,0.8709728891055483,1302,6,0.8884502877862838,0
961,6,0,10,1.18133402934837,1490,6,0.9431945538974952,0
1051,6,0,10,0.9505526686549896,1419,6,1.804272708628173,0
752,6,0,10,0.9983005363846544,1443,6,1.804272708628173,0
861,6,1,10,2.259640042243302,1704,6,0.8884502877862838,0
699,6,1,10,0.4054311787413155,1160,6,0.9431945538974952,0
959,6,1,10,1.5394430373208567,1558,6,0.8884502877862838,0
1215,6,0,10,2.0845645272345306,1758,6,0.8884502877862838,0
981,6,1,10,1.5513800042532728,1376,6,1.804272708628173,0
975,6,1,10,1.5951488830054656,1169,6,1.804272708628173,0
1003,2,0,10,1.9811108138202569,1569,6,1.804272708628173,0
925,2,0,10,0.962489635587406,1469,6,0.9431945538974952,0
876,6,1,10,1.4001784231093342,1365,6,0.9431945538974952,0
890,2,1,10,0.6720234402319445,1403,6,1.804272708628173,0
965,6,1,10,0.751603219781386,1416,6,1.804272708628173,0
484,2,0,10,0.6561074843220562,1154,6,0.9431945538974952,0
900,6,0,10,1.081859304911568,1417,6,0.9431945538974952,0
1118,2,1,10,2.0567116043922264,1832,6,0.9431945538974952,0
1029,6,1,10,1.5275060703884404,1780,6,0.9431945538974952,0
977,6,1,10,1.611064838915354,1628,6,0.9431945538974952,0
629,2,1,10,1.0540063820692636,1457,6,0.9431945538974952,0
881,2,1,10,1.3046826876500044,1324,6,0.8884502877862838,0
921,2,1,10,0.5725487157951427,1216,6,0.9431945538974952,0
879,6,0,10,0.9863635694522384,1476,6,1.804272708628173,0
796,2,1,10,0.958510646609934,1396,6,1.804272708628173,0
990,6,0,10,1.0937962718439844,1218,6,1.804272708628173,0
747,2,0,10,1.29672470969506,1326,6,0.8884502877862838,0
1023,2,0,10,1.0420694151368477,1401,6,0.9431945538974952,0
1059,6,1,10,1.7344134972169882,1456,6,0.9431945538974952,0
914,6,1,10,1.2290818970780348,1181,6,0.9431945538974952,0
1083,2,0,10,0.7317082748940257,1327,6,0.8884502877862838,0
841,2,0,10,0.8232250213758834,1409,6,0.8884502877862838,0
1224,6,0,10,2.088543516212003,1773,6,0.9431945538974952,0
1059,2,0,10,0.9226997458126852,1309,6,1.804272708628173,0
1093,2,1,10,1.3484515664021972,1523,6,1.804272708628173,0
701,2,1,10,1.29672470969506,1510,6,1.804272708628173,0
811,6,1,10,0.7675191756912743,1386,6,0.9431945538974952,0
1024,2,1,10,0.7794561426236906,1420,6,0.8884502877862838,0
695,2,1,10,0.4412420795385642,1155,6,0.8884502877862838,0
896,6,1,10,0.8709728891055483,1251,6,0.8884502877862838,0
718,6,1,10,0.2263766747550722,1469,6,0.9431945538974952,0
1007,2,1,10,1.5712749491406333,1806,6,0.9431945538974952,0
1083,6,0,10,1.29672470969506,1536,6,0.8884502877862838,0
1150,6,1,10,1.837867210631262,1699,6,0.9431945538974952,0
893,2,1,10,0.7595611977363301,1274,6,1.804272708628173,0
910,6,0,10,1.443947301861527,1557,6,0.9431945538974952,0
908,2,1,10,1.3802834782219735,1647,6,0.9431945538974952,0
987,2,1,10,0.97044761354235,1515,6,0.9431945538974952,0
861,6,0,10,1.4121153900417502,1477,6,0.9431945538974952,0
1022,6,0,10,1.559337982208217,1488,6,0.8884502877862838,0
1259,2,0,10,1.8219512547213736,1814,6,1.804272708628173,0
1193,2,1,10,0.7595611977363301,1477,6,1.804272708628173,0
877,2,0,10,0.807309065465995,1357,6,0.9431945538974952,0
1102,6,1,10,0.5964226496599752,1244,6,0.9431945538974952,0
596,6,0,10,0.5566327598852544,1148,6,0.9431945538974952,0
885,6,0,10,1.6627916956224909,1325,6,0.8884502877862838,0
1198,2,1,10,1.3643675223120857,1376,6,1.804272708628173,0
876,6,0,10,0.640191528412168,1322,6,0.9431945538974952,0
1101,2,0,10,1.5513800042532728,1524,6,0.8884502877862838,0
1063,6,1,10,0.7953720985335788,1255,6,0.9431945538974952,0
1067,6,0,10,1.0778803159340962,1474,6,0.8884502877862838,0
1167,6,0,10,1.3723255002670296,1747,6,1.804272708628173,0
839,2,0,10,0.859035922173132,1233,6,0.8884502877862838,0
708,2,0,10,0.6043806276149193,1366,6,1.804272708628173,0
787,2,1,10,0.6083596165923914,1194,6,1.804272708628173,0
1159,6,1,10,1.7025815853972115,1447,6,1.804272708628173,0
966,6,1,10,0.9943215474071824,1210,6,0.9431945538974952,0
1031,2,0,10,0.2820825204396813,1068,6,0.8884502877862838,0
877,6,1,10,1.173376051393426,1328,6,1.804272708628173,0
1040,6,1,10,1.1574600954835377,1570,6,1.804272708628173,0
858,2,0,10,1.121649194686289,1488,6,0.8884502877862838,0
1314,2,1,10,1.1892920073033142,1463,6,1.804272708628173,0
898,2,1,10,0.6083596165923914,1089,6,1.804272708628173,0
435,6,1,10,0.1706708290704632,1051,6,1.804272708628173,0
727,2,0,10,0.1786288070254073,1303,6,0.9431945538974952,0
1259,2,1,10,1.284787742762644,1422,6,0.8884502877862838,0
851,6,0,10,1.3603885333346133,1315,6,0.9431945538974952,0
1080,6,0,10,0.5725487157951427,1528,6,0.9431945538974952,0
1077,6,0,10,1.193270996280786,1458,6,0.9431945538974952,0
1038,2,0,10,1.8020563098340128,1651,6,1.804272708628173,0
850,2,1,10,0.6760024292094166,1358,6,0.8884502877862838,0
985,6,0,10,0.4810319693132849,1429,6,1.804272708628173,0
811,6,0,10,0.7476242308039139,1111,6,1.804272708628173,0
1153,2,0,10,2.1601653178065003,1782,6,0.9431945538974952,0
781,2,1,10,0.0871120605435496,1218,6,0.9431945538974952,0
1047,2,1,10,1.3166196545824205,1457,6,0.8884502877862838,0
890,2,0,10,0.8988258119478527,1495,6,0.8884502877862838,0
835,6,0,10,1.3126406656049483,1396,6,0.8884502877862838,0
1086,6,1,10,1.2091869521906744,1517,6,1.804272708628173,0
1224,2,0,10,1.5434220262983287,1593,6,0.9431945538974952,0
948,6,1,10,0.7834351316011626,1376,6,0.8884502877862838,0
1217,6,1,10,0.7794561426236906,1288,6,0.9431945538974952,0
839,6,1,10,1.3484515664021972,1345,6,0.9431945538974952,0
999,6,1,10,1.185313018325842,1409,6,0.9431945538974952,0
1394,2,0,10,1.233060886055507,1577,6,1.804272708628173,0
811,6,1,10,0.8232250213758834,1286,6,0.8884502877862838,0
1084,2,0,10,0.8669939001280762,1265,6,0.9431945538974952,0
921,2,1,10,1.3205986435598926,1492,6,1.804272708628173,0
953,2,1,10,1.2290818970780348,1634,6,0.9431945538974952,0
1190,6,0,10,1.133586161618705,1355,6,0.8884502877862838,0
1181,6,1,10,1.2091869521906744,1539,6,0.8884502877862838,0
867,2,1,10,1.6946236074422676,1434,6,0.8884502877862838,0
1076,2,0,10,1.3086616766274763,1591,6,1.804272708628173,0
977,6,1,10,1.2688717868527557,1499,6,1.804272708628173,0
964,2,1,10,0.6600864732995283,1465,6,1.804272708628173,0
1279,6,1,10,1.288766731740116,1635,6,0.8884502877862838,0
896,6,0,10,1.5434220262983287,1515,6,1.804272708628173,0
755,2,1,10,0.9067837899027968,1496,6,1.804272708628173,0
1009,2,0,10,0.9187207568352131,1233,6,0.9431945538974952,0
1010,6,0,10,1.1654180734384818,1332,6,1.804272708628173,0
773,2,0,10,1.244997852987923,1514,6,1.804272708628173,0
1145,2,1,10,1.2688717868527557,1507,6,0.9431945538974952,0
891,6,1,10,0.7038553520517211,1337,6,0.9431945538974952,0
1063,2,1,10,1.50761112550108,1681,6,0.8884502877862838,0
844,2,0,10,1.336514599469781,1424,6,1.804272708628173,0
766,6,0,10,1.022174470249487,1305,6,0.8884502877862838,0
928,2,1,10,1.615043827892826,1728,6,1.804272708628173,0
840,6,1,10,1.0420694151368477,1244,6,0.9431945538974952,0
979,2,1,10,0.7834351316011626,1358,6,0.9431945538974952,0
1223,6,1,10,1.5513800042532728,1684,6,1.804272708628173,0
1212,6,0,10,1.2768297648076998,1599,6,1.804272708628173,0
992,6,0,10,1.109712227753873,1565,6,1.804272708628173,0
711,6,1,10,1.081859304911568,1484,6,0.8884502877862838,0
1151,2,1,10,1.388241456176918,1532,6,0.9431945538974952,0
1357,6,0,10,1.237039875032979,1536,6,0.9431945538974952,0
1127,2,0,10,1.567295960163161,1543,6,0.9431945538974952,0
638,6,1,10,1.0977752608214564,1512,6,0.8884502877862838,0
1122,2,1,10,1.1375651505961772,1436,6,1.804272708628173,0
1024,2,1,10,0.7197713079616094,1383,6,1.804272708628173,0
930,6,1,10,1.2728507758302277,1460,6,1.804272708628173,0
918,2,0,10,1.2529558309428672,1401,6,0.9431945538974952,0
835,2,0,10,1.6428967507351306,1514,6,1.804272708628173,0
1095,6,1,10,1.237039875032979,1362,6,1.804272708628173,0
1150,2,0,10,1.6230018058477702,1631,6,1.804272708628173,0
804,2,0,10,0.7038553520517211,1419,6,1.804272708628173,0
777,6,1,10,1.8418461996087343,1540,6,1.804272708628173,0
1051,6,1,10,1.336514599469781,1465,6,0.9431945538974952,0
849,2,0,10,0.7754771536462185,1482,6,1.804272708628173,0
951,6,1,10,0.8868888450154365,1375,6,1.804272708628173,0
932,2,0,10,1.121649194686289,1428,6,0.9431945538974952,0
842,6,0,10,1.3603885333346133,1487,6,0.9431945538974952,0
831,2,1,10,1.4877161806137198,1568,6,0.9431945538974952,0
1240,2,0,10,1.615043827892826,1699,6,1.804272708628173,0
867,2,1,10,0.8908678339929086,1440,6,1.804272708628173,0
898,6,0,10,0.7714981646687463,1345,6,1.804272708628173,0
869,2,1,10,1.4598632577714152,1451,6,1.804272708628173,0
1142,6,1,10,0.8789308670604924,1346,6,1.804272708628173,0
847,2,0,10,0.8391409772857716,1104,6,0.8884502877862838,0
904,6,1,10,1.3046826876500044,1555,6,1.804272708628173,0
934,6,0,10,1.0261534592269592,1243,6,0.8884502877862838,0
1341,2,1,10,1.503632136523608,1591,6,1.804272708628173,0
1012,6,0,10,1.2808087537851718,1586,6,0.9431945538974952,0
872,2,0,10,0.5208218590880057,1350,6,0.8884502877862838,0
812,2,1,10,0.9386157017225736,1078,6,0.8884502877862838,0
1105,2,1,10,1.5712749491406333,1562,6,0.8884502877862838,0
878,6,0,10,0.8510779442181878,2700,6,1.804272708628173,0
979,2,0,10,0.64417051738964,2701,6,0.9431945538974952,0
1001,2,0,10,0.6640654622770004,2378,6,0.9431945538974952,0
868,6,0,10,0.3298303881693462,2583,6,0.9431945538974952,0
885,6,0,10,0.055280148723773,2264,6,0.9431945538974952,0
823,2,0,10,0.4023035836855154,2253,6,1.804272708628173,0
664,2,0,10,0.0521525536679729,2403,6,1.804272708628173,0
766,2,0,10,0.2542295975973768,2311,6,0.9431945538974952,0
1022,6,0,10,0.1547548731605749,2377,6,1.804272708628173,0
799,6,0,10,0.803330076488523,2439,6,0.9431945538974952,0
1059,2,0,10,0.7197713079616094,2513,6,1.804272708628173,0
658,6,0,10,0.3744506608432109,2348,6,0.9431945538974952,0
1121,6,0,10,0.5645907378401985,2646,6,0.9431945538974952,0
826,2,0,10,0.0441945757130287,2433,6,1.804272708628173,0
887,6,0,10,0.1030280164534379,2379,6,0.9431945538974952,0
1276,6,0,10,0.3974732007863714,2339,6,1.804272708628173,0
690,6,0,10,0.2502506086199046,2181,6,0.9431945538974952,0
946,2,0,10,1.0778803159340962,2791,6,1.804272708628173,0
920,2,0,10,0.6481495063671121,2482,6,1.804272708628173,0
963,6,0,10,0.1746498180479352,2383,6,1.804272708628173,0
1015,6,0,10,0.111837388330054,2182,6,0.9431945538974952,0
1195,6,0,10,0.2025027408902398,2486,6,0.9431945538974952,0
961,2,0,10,0.3616622999891227,2282,6,0.9431945538974952,0
1102,2,0,10,0.7794561426236906,2560,6,1.804272708628173,0
886,2,0,10,0.2184186968001281,2428,6,0.9431945538974952,0
1139,2,0,10,0.7317082748940257,2637,6,0.9431945538974952,0
885,2,0,10,0.0194692479265244,2489,6,0.9431945538974952,0
1188,6,0,10,0.3815572448764831,2322,6,0.9431945538974952,0
1106,6,0,10,0.5128638811330616,2479,6,1.804272708628173,0
1124,6,0,10,0.3178934212369299,2418,6,0.9431945538974952,0
956,2,0,10,0.7396662528489698,2585,6,0.9431945538974952,0
1219,2,0,10,0.2422926306649605,2468,6,0.9431945538974952,0
955,2,0,10,0.5168428701105336,2650,6,0.9431945538974952,0
1254,2,0,10,0.6481495063671121,2685,6,0.9431945538974952,0
992,2,0,10,0.3377883661242903,2550,6,0.9431945538974952,0
884,6,0,10,0.5924436606825031,2815,6,1.804272708628173,0
916,2,0,10,0.0711961046336613,2432,6,1.804272708628173,0
797,6,0,10,0.2104607188451839,2334,6,0.9431945538974952,0
738,6,0,10,0.3616622999891227,2517,6,1.804272708628173,0
890,2,0,10,0.6879393961418329,2454,6,1.804272708628173,0
462,2,0,10,0.1794802009470793,2047,6,1.804272708628173,0
1121,2,0,10,1.1892920073033142,2597,6,1.804272708628173,0
707,2,0,10,0.1666918400929911,2399,6,1.804272708628173,0
766,2,0,10,0.0879634544652216,2153,6,0.9431945538974952,0
1112,6,0,10,0.1237743552624702,2560,6,1.804272708628173,0
797,6,0,10,0.1595852560597189,2284,6,1.804272708628173,0
913,2,0,10,0.2462716196424326,2379,6,1.804272708628173,0
876,6,0,10,0.1357113221948865,2312,6,1.804272708628173,0
945,2,0,10,0.0640895206003891,2471,6,0.9431945538974952,0
772,2,0,10,0.2502506086199046,2626,6,0.9431945538974952,0
995,2,0,10,0.266166564529793,2409,6,0.9431945538974952,0
1021,6,0,10,0.0433431817913568,2155,6,0.9431945538974952,0
815,2,0,10,0.6839604071643608,2388,6,1.804272708628173,0
938,2,0,10,0.10700700543091,2450,6,0.9431945538974952,0
1224,2,0,10,0.7078343410291932,2918,6,0.9431945538974952,0
758,2,0,10,0.4889899472682291,2481,6,1.804272708628173,0
874,6,0,10,0.4889899472682291,2474,6,1.804272708628173,0
785,2,0,10,0.0672171156561892,2457,6,1.804272708628173,0
1226,2,0,10,0.8749518780830203,2390,6,1.804272708628173,0
952,2,0,10,1.0619643600242077,2832,6,1.804272708628173,0
1070,2,0,10,0.3934942118088994,2357,6,0.9431945538974952,0
665,6,0,10,0.2033541348119117,2286,6,1.804272708628173,0
1064,6,0,10,0.3815572448764831,2430,6,0.9431945538974952,0
1112,2,0,10,0.7913931095561068,2583,6,0.9431945538974952,0
982,2,0,10,0.6640654622770004,2566,6,0.9431945538974952,0
1162,6,0,10,0.7476242308039139,2671,6,0.9431945538974952,0
1083,6,0,10,0.6521284953445842,2786,6,1.804272708628173,0
1206,2,0,10,1.3166196545824205,2752,6,0.9431945538974952,0
761,6,0,10,0.1715222229921351,2274,6,1.804272708628173,0
1325,2,0,10,0.6680444512544724,2532,6,0.9431945538974952,0
993,2,0,10,0.4810319693132849,2620,6,1.804272708628173,0
943,6,0,10,0.2908918923162973,2389,6,1.804272708628173,0
818,6,0,10,0.1078583993525819,2228,6,1.804272708628173,0
818,2,0,10,0.3465977380009064,2318,6,0.9431945538974952,0
1039,2,0,10,0.7555822087588581,2449,6,1.804272708628173,0
633,2,0,10,0.4221985285728758,2294,6,1.804272708628173,0
679,2,0,10,0.2064817298677118,2427,6,1.804272708628173,0
739,6,0,10,0.5725487157951427,2530,6,1.804272708628173,0
1413,2,0,10,0.588464671705031,2789,6,0.9431945538974952,0
848,6,0,10,0.167543234014663,2365,6,0.9431945538974952,0
947,2,0,10,0.0314062148589406,2180,6,1.804272708628173,0
1069,6,0,10,0.5765277047726147,2505,6,0.9431945538974952,0
1004,6,0,10,0.4054311787413155,2190,6,0.9431945538974952,0
830,6,0,10,0.429305112606148,2656,6,1.804272708628173,0
1099,6,0,10,0.3457463440792345,2476,6,1.804272708628173,0
913,2,0,10,0.2184186968001281,2608,6,1.804272708628173,0
805,2,0,10,0.1467968952056307,2380,6,1.804272708628173,0
1160,6,0,10,1.0540063820692636,2635,6,1.804272708628173,0
873,6,0,10,0.7396662528489698,2358,6,1.804272708628173,0
1006,2,0,10,0.6202965835248075,2570,6,1.804272708628173,0
849,6,0,10,0.0083836749157801,2533,6,1.804272708628173,0
633,6,0,10,0.5893160656267029,2245,6,1.804272708628173,0
769,6,0,10,0.3178934212369299,2399,6,1.804272708628173,0
900,6,0,10,0.1158163773075261,2030,6,1.804272708628173,0
793,6,0,10,0.0950700384984938,2333,6,0.9431945538974952,0
849,6,0,10,0.1277533442399423,2416,6,1.804272708628173,0
881,2,0,10,0.588464671705031,2663,6,0.9431945538974952,0
698,2,0,10,0.3227238041360739,2280,6,0.9431945538974952,0
943,2,0,10,0.0314062148589406,2455,6,1.804272708628173,0
938,6,0,10,0.6561074843220562,2473,6,1.804272708628173,0
817,6,0,10,0.0402155867355567,2518,6,0.9431945538974952,0
1039,6,0,10,0.536737814997894,2450,6,1.804272708628173,0
963,6,0,10,1.0062585143395988,2589,6,0.9431945538974952,0
895,2,0,10,0.4142405506179316,2321,6,0.9431945538974952,0
1158,6,0,10,0.1308809392957424,2470,6,0.9431945538974952,0
1038,2,0,10,0.3855362338539552,2497,6,1.804272708628173,0
982,6,0,10,0.4531790464709804,2260,6,1.804272708628173,0
1053,2,0,10,0.3696202779440669,2596,6,1.804272708628173,0
867,2,0,10,0.1388389172506866,2427,6,1.804272708628173,0
1011,6,0,10,0.1357113221948865,2242,6,0.9431945538974952,0
1103,2,0,10,1.0699223379791518,2971,6,0.9431945538974952,0
756,6,0,10,0.6083596165923914,2465,6,1.804272708628173,0
1054,2,0,10,0.2900404983946254,2450,6,1.804272708628173,0
837,6,0,10,0.695897374096777,2592,6,0.9431945538974952,0
766,6,0,10,0.6967487680184489,2217,6,1.804272708628173,0
630,6,0,10,0.1269019503182704,2303,6,0.9431945538974952,0
1040,6,0,10,0.5486747819303103,2731,6,1.804272708628173,0
623,6,0,10,0.1865867849803515,2476,6,1.804272708628173,0
1072,2,0,10,0.1149649833858541,2468,6,1.804272708628173,0
955,6,0,10,1.06594334900168,2643,6,0.9431945538974952,0
1020,6,0,10,0.64417051738964,2680,6,0.9431945538974952,0
783,2,0,10,0.1269019503182704,2161,6,1.804272708628173,0
767,6,0,10,0.3545557159558505,2261,6,0.9431945538974952,0
818,2,0,10,0.2781035314622092,2479,6,1.804272708628173,0
897,6,0,10,0.0640895206003891,2265,6,0.9431945538974952,0
838,6,0,10,0.4412420795385642,2400,6,0.9431945538974952,0
996,2,0,10,0.2542295975973768,2408,6,1.804272708628173,0
953,2,0,10,0.6322335504572237,2307,6,0.9431945538974952,0
901,2,0,10,0.3656412889665948,2508,6,1.804272708628173,0
922,6,0,10,0.807309065465995,2261,6,0.9431945538974952,0
891,2,0,10,0.0871120605435496,2242,6,0.9431945538974952,0
1095,2,0,10,0.5248008480654778,2545,6,1.804272708628173,0
1104,6,0,10,0.0513011597463009,2421,6,1.804272708628173,0
1151,6,0,10,0.7237502969390814,2336,6,0.9431945538974952,0
847,2,0,10,0.163564245037191,2245,6,1.804272708628173,0
721,6,0,10,0.2152911017443279,2265,6,1.804272708628173,0
898,2,0,10,0.8112880544434671,2553,6,0.9431945538974952,0
925,2,0,10,0.1874381789020234,2155,6,0.9431945538974952,0
830,2,0,10,0.8550569331956599,2400,6,1.804272708628173,0
1033,6,0,10,1.1136912167313446,2771,6,1.804272708628173,0
932,6,0,10,0.1755012119696072,2293,6,1.804272708628173,0
970,2,0,10,0.377578255899011,2569,6,0.9431945538974952,0
1013,2,0,10,0.1388389172506866,2475,6,1.804272708628173,0
919,6,0,10,0.807309065465995,2431,6,0.9431945538974952,0
998,2,0,10,0.2462716196424326,2422,6,0.9431945538974952,0
678,2,0,10,0.1666918400929911,2370,6,1.804272708628173,0
1166,6,0,10,0.1476482891273027,2304,6,0.9431945538974952,0
1025,2,0,10,0.2033541348119117,2299,6,0.9431945538974952,0
1066,6,0,10,0.4770529803358129,2465,6,1.804272708628173,0
1284,6,0,10,0.0919424434426936,2505,6,0.9431945538974952,0
984,6,0,10,0.6202965835248075,2605,6,0.9431945538974952,0
712,6,0,10,0.0910910495210217,2358,6,0.9431945538974952,0
698,6,0,10,0.1428179062281586,2110,6,1.804272708628173,0
779,6,0,10,0.4850109582907571,2324,6,0.9431945538974952,0
1258,2,0,10,0.8789308670604924,2648,6,1.804272708628173,0
1061,2,0,10,0.4253261236286759,2664,6,1.804272708628173,0
1207,6,0,10,0.7754771536462185,2678,6,0.9431945538974952,0
1004,6,0,10,0.0075322809941081,2475,6,0.9431945538974952,0
784,6,0,10,0.5813580876717588,2266,6,0.9431945538974952,0
1022,2,0,10,0.5088848921555895,2485,6,0.9431945538974952,0
724,2,0,10,0.429305112606148,2537,6,0.9431945538974952,0
949,2,0,10,0.1706708290704632,2436,6,0.9431945538974952,0
940,6,0,10,0.377578255899011,2450,6,1.804272708628173,0
880,2,0,10,0.4452210685160363,2579,6,1.804272708628173,0
736,6,0,10,0.2979984763495695,2532,6,0.9431945538974952,0
1010,6,0,10,0.2184186968001281,2318,6,0.9431945538974952,0
934,6,0,10,0.3068078482261857,2220,6,0.9431945538974952,0
1090,2,0,10,0.0035532920166361,2265,6,1.804272708628173,0
946,6,0,10,0.2272280686767442,2236,6,1.804272708628173,0
962,6,0,10,0.5446957929528382,2442,6,0.9431945538974952,0
958,2,0,10,0.0353852038364127,2458,6,1.804272708628173,0
1158,2,0,10,1.0937962718439844,2852,6,0.9431945538974952,0
754,6,0,10,0.373599266921539,2420,6,1.804272708628173,0
1045,6,0,10,0.162712851115519,2482,6,0.9431945538974952,0
467,6,0,10,0.0879634544652216,2079,6,1.804272708628173,0
1184,2,0,10,0.4611370244259246,2467,6,1.804272708628173,0
944,2,0,10,0.0314062148589406,2278,6,1.804272708628173,0
1307,6,0,10,1.555358993230745,2792,6,0.9431945538974952,0
876,6,0,10,0.1269019503182704,2353,6,1.804272708628173,0
1153,6,0,10,0.695897374096777,2616,6,0.9431945538974952,0
767,6,0,10,0.1109859944083821,2424,6,1.804272708628173,0
1240,2,0,10,1.0062585143395988,2500,6,1.804272708628173,0
1054,2,0,10,0.4889899472682291,2450,6,0.9431945538974952,0
1147,2,0,10,0.429305112606148,2528,6,1.804272708628173,0
936,2,0,10,0.158733862138047,2333,6,1.804272708628173,0
953,2,0,10,0.6330849443788957,2450,6,1.804272708628173,0
1171,2,0,10,0.4969479252231732,2387,6,0.9431945538974952,0
1004,6,0,10,0.5606117488627265,2541,6,0.9431945538974952,0
1089,6,0,10,0.0751750936111334,2406,6,0.9431945538974952,0
795,6,0,10,0.3974732007863714,2326,6,0.9431945538974952,0
1112,6,0,10,0.2113121127668558,2321,6,0.9431945538974952,0
886,2,0,10,0.6640654622770004,2506,6,1.804272708628173,0
1154,2,0,10,0.2781035314622092,2470,6,1.804272708628173,0
1081,2,0,10,0.0402155867355567,2377,6,1.804272708628173,0
806,2,0,10,0.266166564529793,2274,6,0.9431945538974952,0
900,6,0,10,0.3068078482261857,2287,6,1.804272708628173,0
914,6,0,10,0.2064817298677118,2385,6,1.804272708628173,0
956,2,0,10,0.373599266921539,2566,6,0.9431945538974952,0
1053,2,0,10,0.2900404983946254,2350,6,0.9431945538974952,0
633,6,0,10,0.6043806276149193,2320,6,1.804272708628173,0
1076,6,0,10,0.373599266921539,2529,6,1.804272708628173,0
1248,2,0,10,0.2741245424847371,2625,6,0.9431945538974952,0
1007,2,0,10,0.4730739913583408,2592,6,1.804272708628173,0
963,6,0,10,0.6799814181868887,2483,6,1.804272708628173,0
1027,6,0,10,0.3934942118088994,2569,6,1.804272708628173,0
830,6,0,10,0.5248008480654778,2329,6,0.9431945538974952,0
1271,2,0,10,0.8789308670604924,2730,6,1.804272708628173,0
1013,6,0,10,0.2900404983946254,2400,6,0.9431945538974952,0
768,6,0,10,0.4014521897638435,2296,6,1.804272708628173,0
767,2,0,10,0.0314062148589406,2299,6,1.804272708628173,0
987,2,0,10,0.3974732007863714,2352,6,1.804272708628173,0
918,2,0,10,0.270145553507265,2502,6,0.9431945538974952,0
863,6,0,10,0.2670179584514649,2353,6,1.804272708628173,0
1038,6,0,10,0.1229229613407983,2327,6,0.9431945538974952,0
1143,2,0,10,0.2422926306649605,2606,6,1.804272708628173,0
1199,6,0,10,0.4492000574935084,2606,6,0.9431945538974952,0
972,6,0,10,0.3505767269783785,2127,6,1.804272708628173,0
1025,2,0,10,0.1865867849803515,2422,6,0.9431945538974952,0
1078,2,0,10,0.1826077960028794,2464,6,0.9431945538974952,0
1028,2,0,10,0.1826077960028794,2602,6,1.804272708628173,0
1106,2,0,10,0.3099354432819858,2523,6,1.804272708628173,0
497,6,0,10,0.1516272781047747,2203,6,0.9431945538974952,0
1224,2,0,10,1.0181954812720149,2826,6,1.804272708628173,0
858,2,0,10,0.4213471346512039,2338,6,1.804272708628173,0
1201,2,0,10,0.2422926306649605,2475,6,0.9431945538974952,0
856,6,0,10,0.111837388330054,2265,6,1.804272708628173,0
878,2,0,10,0.2462716196424326,2567,6,1.804272708628173,0
1155,6,0,10,0.7635401867138022,2373,6,0.9431945538974952,0
791,2,0,10,0.1826077960028794,2119,6,1.804272708628173,0
1160,2,0,10,0.0521525536679729,2345,6,0.9431945538974952,0
1072,6,0,10,0.6720234402319445,2734,6,1.804272708628173,0
864,2,0,10,0.266166564529793,2412,6,0.9431945538974952,0
646,2,0,10,0.5128638811330616,2460,6,1.804272708628173,0
847,6,0,10,0.3545557159558505,2374,6,1.804272708628173,0
885,2,0,10,0.0282786198031404,2275,6,1.804272708628173,0
830,6,0,10,0.3895152228314272,2324,6,0.9431945538974952,0
961,6,0,10,0.270145553507265,2468,6,0.9431945538974952,0
875,2,0,10,0.0282786198031404,2438,6,0.9431945538974952,0
787,2,0,10,0.2979984763495695,2461,6,0.9431945538974952,0
628,6,0,10,0.0163416528707242,2227,6,0.9431945538974952,0
1105,2,0,10,0.7953720985335788,2638,6,0.9431945538974952,0
998,6,0,10,0.3815572448764831,2198,6,0.9431945538974952,0
1082,2,0,10,1.0699223379791518,2516,6,1.804272708628173,0
826,6,0,10,0.5208218590880057,2488,6,1.804272708628173,0
931,2,0,10,0.434135495505292,2066,6,0.9431945538974952,0
1093,2,0,10,0.8192460323984113,2507,6,0.9431945538974952,0
1038,2,0,10,0.163564245037191,2348,6,0.9431945538974952,0
1103,2,0,10,0.2462716196424326,2522,6,1.804272708628173,0
1012,2,0,10,0.6043806276149193,2539,6,0.9431945538974952,0
888,6,0,10,0.1189439723633262,2346,6,0.9431945538974952,0
824,6,0,10,0.2860615094171533,2449,6,1.804272708628173,0
1010,2,0,10,0.2263766747550722,2257,6,1.804272708628173,0
770,6,0,10,0.5486747819303103,2457,6,0.9431945538974952,0
917,6,0,10,0.1388389172506866,2223,6,1.804272708628173,0
951,2,0,10,0.3497253330567065,2528,6,1.804272708628173,0
943,6,0,10,0.214439707822656,2213,6,0.9431945538974952,0
1069,6,0,10,0.3855362338539552,2580,6,1.804272708628173,0
1122,2,0,10,0.3059564543045137,2596,6,1.804272708628173,0
1393,2,0,10,0.7834351316011626,2626,6,0.9431945538974952,0
981,2,0,10,0.4580094293701244,2248,6,0.9431945538974952,0
1087,6,0,10,1.0261534592269592,2595,6,0.9431945538974952,0
1046,2,0,10,0.5526537709077823,2385,6,1.804272708628173,0
844,6,0,10,0.1507758841831028,2381,6,1.804272708628173,0
1044,2,0,10,0.3576833110116507,2511,6,1.804272708628173,0
852,6,0,10,0.0632381266787172,2204,6,0.9431945538974952,0
1007,2,0,10,0.2223976857776001,2312,6,0.9431945538974952,0
777,6,0,10,0.1826077960028794,2375,6,1.804272708628173,0
995,2,0,10,0.2502506086199046,2488,6,1.804272708628173,0
962,6,0,10,0.4054311787413155,2415,6,0.9431945538974952,0
1054,2,0,10,0.6521284953445842,2713,6,0.9431945538974952,0
1019,2,0,10,0.3099354432819858,2441,6,1.804272708628173,0
977,2,0,10,0.1706708290704632,2453,6,1.804272708628173,0
893,6,0,10,0.1158163773075261,2455,6,0.9431945538974952,0
944,2,0,10,0.6561074843220562,2484,6,0.9431945538974952,0
574,6,0,10,0.9346367127451014,2587,6,1.804272708628173,0
1045,2,0,10,0.5248008480654778,2534,6,0.9431945538974952,0
919,2,0,10,0.0274272258814685,2326,6,0.9431945538974952,0
767,2,0,10,0.3625136939107947,2252,6,1.804272708628173,0
955,6,0,10,0.1189439723633262,2427,6,0.9431945538974952,0
722,6,0,10,0.055280148723773,2317,6,1.804272708628173,0
652,2,0,10,0.3855362338539552,2631,6,1.804272708628173,0
861,2,0,10,0.2383136416874884,2368,6,0.9431945538974952,0
1062,6,0,10,0.6521284953445842,2559,6,0.9431945538974952,0
895,2,0,10,0.2073331237893838,2497,6,1.804272708628173,0
967,6,0,10,0.3457463440792345,2483,6,1.804272708628173,0
832,2,0,10,0.0123626638932521,2228,6,0.9431945538974952,0
1016,2,0,10,0.0513011597463009,2446,6,0.9431945538974952,0
1089,6,0,10,0.2542295975973768,2456,6,1.804272708628173,0
935,6,0,10,0.5327588260204219,2603,6,0.9431945538974952,0
842,6,0,10,0.1945447629352956,2448,6,0.9431945538974952,0
989,2,0,10,1.0261534592269592,2510,6,0.9431945538974952,0
978,6,0,10,0.0203206418481963,2504,6,0.9431945538974952,0
871,2,0,10,0.1595852560597189,2430,6,0.9431945538974952,0
963,2,0,10,0.3934942118088994,2564,6,0.9431945538974952,0
887,2,0,10,0.321872410214402,2450,6,1.804272708628173,0
1076,2,0,10,0.0990490274759658,2506,6,0.9431945538974952,0
786,6,0,10,0.0393641928138847,2521,6,1.804272708628173,0
1092,2,0,10,0.8948468229703807,2722,6,1.804272708628173,0
626,6,0,10,0.0959214324201657,2325,6,0.9431945538974952,0
995,6,0,10,0.4054311787413155,2425,6,0.9431945538974952,0
851,6,0,10,0.3417673551017623,2645,6,0.9431945538974952,0
756,6,0,10,0.0083836749157801,2252,6,0.9431945538974952,0
910,6,0,10,0.803330076488523,2509,6,1.804272708628173,0
1136,6,0,10,0.1786288070254073,2548,6,1.804272708628173,0
691,6,0,10,0.4094101677187876,2142,6,1.804272708628173,0
970,2,0,10,0.0680685095778612,2487,6,0.9431945538974952,0
1038,6,0,10,0.9744266025198222,2496,6,1.804272708628173,0
1062,6,0,10,0.1388389172506866,2590,6,1.804272708628173,0
938,6,0,10,0.0234482369039964,2208,6,1.804272708628173,0
888,2,0,10,0.1914171678794955,2191,6,0.9431945538974952,0
1160,6,0,10,0.3019774653270416,2502,6,0.9431945538974952,0
1034,6,0,10,0.5566327598852544,2596,6,0.9431945538974952,0
920,2,0,10,0.1556062670822468,2460,6,0.9431945538974952,0
1037,2,0,10,0.377578255899011,2476,6,1.804272708628173,0
657,6,0,10,0.0274272258814685,2389,6,1.804272708628173,0
855,2,0,10,0.3306817820910181,2282,6,0.9431945538974952,0
789,6,0,10,0.167543234014663,2347,6,1.804272708628173,0
1009,6,0,10,0.2900404983946254,2507,6,0.9431945538974952,0
872,2,0,10,0.4492000574935084,2511,6,0.9431945538974952,0
962,2,0,10,0.6799814181868887,2370,6,1.804272708628173,0
1037,2,0,10,0.2343346527100163,2327,6,0.9431945538974952,0
1045,2,0,10,0.2184186968001281,2349,6,1.804272708628173,0
1086,6,0,10,0.0402155867355567,2413,6,1.804272708628173,0
756,6,0,10,0.4094101677187876,2325,6,0.9431945538974952,0
670,2,0,10,0.0831330715660775,2220,6,0.9431945538974952,0
937,2,0,10,0.0910910495210217,2437,6,1.804272708628173,0
1082,6,0,10,0.1706708290704632,2363,6,0.9431945538974952,0
796,6,0,10,0.1516272781047747,2422,6,1.804272708628173,0
1234,2,0,10,0.1038794103751098,2563,6,0.9431945538974952,0
1110,6,0,10,0.1905657739578236,2435,6,0.9431945538974952,0
1060,6,0,10,0.6481495063671121,2437,6,0.9431945538974952,0
1084,2,0,10,0.5566327598852544,2358,6,0.9431945538974952,0
1120,6,0,10,1.1017542497989286,2650,6,0.9431945538974952,0
1186,2,0,10,0.5924436606825031,2305,6,0.9431945538974952,0
983,6,0,10,0.5844856827275589,2595,6,1.804272708628173,0
823,2,0,10,0.3019774653270416,2439,6,0.9431945538974952,0
727,6,0,10,0.0592591377012451,2401,6,0.9431945538974952,0
888,6,0,10,0.4770529803358129,2476,6,1.804272708628173,0
886,6,0,10,0.429305112606148,2577,6,1.804272708628173,0
924,2,0,10,0.8749518780830203,2761,6,0.9431945538974952,0
971,2,0,10,1.177355040370898,2441,6,1.804272708628173,0
806,6,0,10,0.540716803975366,2329,6,1.804272708628173,0
1254,6,0,10,0.8152670434209391,2669,6,1.804272708628173,0
780,2,0,10,0.1985237519127677,2302,6,1.804272708628173,0
1056,6,0,10,0.5805066937500868,2598,6,0.9431945538974952,0
898,6,0,10,0.910762778880269,2255,6,0.9431945538974952,0
862,6,0,10,0.0592591377012451,2378,6,1.804272708628173,0
946,6,0,10,0.1715222229921351,2416,6,0.9431945538974952,0
1186,6,0,10,1.4399683128840548,2895,6,1.804272708628173,0
723,6,0,10,0.2272280686767442,2004,6,0.9431945538974952,0
964,2,0,10,0.6242755725022796,2511,6,1.804272708628173,0
848,2,0,10,0.0760264875328053,2377,6,1.804272708628173,0
1033,6,0,10,0.3537043220341786,2512,6,0.9431945538974952,0
662,6,5,10,0.3656412889665948,1671,6,0.8884502877862838,1
459,6,5,8,0.6012530325591191,1213,11,0.9431945538974952,1
696,6,5,10,0.2391650356091604,1406,6,0.8884502877862838,1
622,6,5,10,0.3863876277756271,1256,6,0.9431945538974952,1
618,6,5,8,0.1197953662849981,1389,11,0.9431945538974952,1
567,6,5,10,0.2391650356091604,1486,6,0.9431945538974952,1
711,6,5,10,0.1905657739578236,1662,6,0.8884502877862838,1
615,6,5,10,0.4739253852800127,1628,6,0.9431945538974952,1
518,6,5,8,0.3147658261811298,1358,6,0.9431945538974952,1
583,6,5,8,0.6211479774464795,982,11,0.8884502877862838,1
714,6,5,8,0.3537043220341786,1623,11,0.8884502877862838,1
793,6,5,10,0.0959214324201657,1499,11,0.9431945538974952,1
534,6,5,10,0.8399923712074435,1332,11,0.9431945538974952,1
674,6,5,10,0.158733862138047,1729,11,0.9431945538974952,1
584,6,5,8,0.0711961046336613,1395,6,0.8884502877862838,1
493,6,5,8,0.5694211207393426,1401,11,0.9431945538974952,1
750,6,5,10,0.2431440245866324,1608,6,0.8884502877862838,1
748,6,5,8,0.4699463963025407,1349,6,0.9431945538974952,1
718,6,5,8,0.3068078482261857,1495,6,0.9431945538974952,1
685,6,5,10,0.2431440245866324,1463,6,0.9431945538974952,1
624,6,5,10,0.537589208919566,1337,6,0.8884502877862838,1
617,6,5,10,0.1237743552624702,1329,11,0.9431945538974952,1
619,6,5,8,0.163564245037191,1515,6,0.9431945538974952,1
768,6,5,8,0.3227238041360739,1385,6,0.9431945538974952,1
413,6,5,10,0.2988498702712415,1480,6,0.9431945538974952,1
650,6,5,10,0.0004256969608359,1589,6,0.8884502877862838,1
776,6,5,8,0.0004256969608359,1508,6,0.9431945538974952,1
615,6,5,8,0.7683705696129463,1618,6,0.9431945538974952,1
545,6,5,10,0.3019774653270416,1503,6,0.9431945538974952,1
496,6,5,8,0.4460724624377082,1433,11,0.9431945538974952,1
804,6,5,10,0.3306817820910181,1456,6,0.9431945538974952,1
580,6,5,10,1.2617652028194837,895,11,0.9431945538974952,1
769,6,5,8,0.0521525536679729,1667,11,0.8884502877862838,1
730,6,5,10,0.8161184373426111,1391,6,0.8884502877862838,1
669,6,5,10,0.2789549253838811,1495,6,0.8884502877862838,1
771,6,5,8,0.1277533442399423,1580,6,0.9431945538974952,1
686,6,5,8,0.2184186968001281,1590,11,0.9431945538974952,1
609,6,5,10,0.1277533442399423,1618,11,0.9431945538974952,1
469,6,5,8,0.2908918923162973,1284,6,0.8884502877862838,1
686,6,5,8,0.0751750936111334,1578,6,0.8884502877862838,1
946,6,5,10,0.2184186968001281,1656,11,0.9431945538974952,1
646,6,5,8,0.2184186968001281,1661,11,0.9431945538974952,1
551,6,5,10,0.5097362860772614,1266,11,0.8884502877862838,1
484,6,5,10,0.8161184373426111,1239,11,0.8884502877862838,1
624,6,5,8,0.2025027408902398,1418,11,0.9431945538974952,1
764,6,5,10,0.0592591377012451,1476,6,0.8884502877862838,1
590,6,5,10,0.3744506608432109,1415,6,0.9431945538974952,1
803,6,5,10,0.2033541348119117,1817,11,0.9431945538974952,1
514,6,5,10,0.0402155867355567,1467,6,0.9431945538974952,1
547,6,5,10,0.382408638798155,1556,6,0.9431945538974952,1
489,6,5,10,0.1436693001498306,1369,6,0.9431945538974952,1
776,6,5,10,0.1038794103751098,1402,6,0.8884502877862838,1
593,6,5,10,0.6600864732995283,1641,6,0.9431945538974952,1
551,6,5,8,0.1985237519127677,1560,11,0.9431945538974952,1
564,6,5,8,0.4779043742574848,1371,6,0.9431945538974952,1
410,6,5,10,0.1834591899245513,1357,6,0.9431945538974952,1
543,6,5,8,0.1914171678794955,1328,11,0.8884502877862838,1
642,6,5,8,0.2511020025415766,1517,6,0.8884502877862838,1
455,6,5,8,0.3346607710684902,1372,6,0.9431945538974952,1
562,6,5,8,0.4977993191448452,1482,6,0.8884502877862838,1
399,6,5,8,0.2471230135641045,1510,11,0.9431945538974952,1
553,6,5,10,0.2192700907218,1540,6,0.8884502877862838,1
466,6,5,10,0.7206227018832814,1226,11,0.9431945538974952,1
451,6,5,10,0.3863876277756271,1428,11,0.9431945538974952,1
559,6,5,8,0.6609378672212003,1258,6,0.8884502877862838,1
732,6,5,8,0.2940194873720975,1612,11,0.8884502877862838,1
531,6,5,10,0.1516272781047747,1715,11,0.9431945538974952,1
729,6,5,8,0.2621875755523209,1631,6,0.8884502877862838,1
504,6,5,8,0.1197953662849981,1332,11,0.9431945538974952,1
813,6,5,8,0.0879634544652216,1660,6,0.9431945538974952,1
667,6,5,8,0.0791540825886055,1440,6,0.8884502877862838,1
515,6,5,10,0.5256522419871498,1524,6,0.9431945538974952,1
621,6,5,8,0.2152911017443279,1350,11,0.8884502877862838,1
657,6,5,8,0.1547548731605749,1723,6,0.8884502877862838,1
510,6,5,10,0.0871120605435496,1506,11,0.8884502877862838,1
600,6,5,8,0.597274043581647,1361,11,0.8884502877862838,1
578,6,5,8,0.3306817820910181,1495,6,0.8884502877862838,1
331,6,5,8,0.7086857349508652,1142,6,0.8884502877862838,1
836,6,5,10,0.2064817298677118,1634,6,0.8884502877862838,1
462,6,5,10,0.8797822609821643,1191,6,0.8884502877862838,1
602,6,5,10,0.0720474985553333,1621,6,0.9431945538974952,1
586,6,5,8,0.4770529803358129,1570,6,0.8884502877862838,1
419,6,5,8,1.2617652028194837,963,6,0.8884502877862838,1
568,6,5,10,0.3744506608432109,1480,11,0.8884502877862838,1
679,6,5,8,0.10700700543091,1597,11,0.8884502877862838,1
478,6,5,10,1.0150678862162148,1163,11,0.9431945538974952,1
575,6,5,8,0.4301565065278199,1372,6,0.8884502877862838,1
185,6,5,8,0.915593161779413,1046,11,0.9431945538974952,1
505,6,5,8,0.7246016908607534,1320,6,0.9431945538974952,1
537,6,5,8,0.3625136939107947,1418,6,0.9431945538974952,1
436,6,5,8,0.5137152750547335,1333,6,0.9431945538974952,1
594,6,5,10,0.5176942640322055,1287,11,0.8884502877862838,1
621,6,5,10,0.0919424434426936,1429,6,0.9431945538974952,1
568,6,5,8,0.0242996308256684,1259,11,0.8884502877862838,1
652,6,5,8,0.3585347049333226,1321,11,0.9431945538974952,1
505,6,5,8,0.485862352212429,1061,11,0.8884502877862838,1
775,6,5,10,0.3338093771468182,1605,11,0.8884502877862838,1
507,6,5,8,0.4739253852800127,1344,6,0.9431945538974952,1
500,6,5,10,0.3903666167530992,1530,6,0.9431945538974952,1
472,6,5,10,0.593295054604175,1316,6,0.9431945538974952,1
459,6,5,8,0.3505767269783785,1351,6,0.8884502877862838,1
631,6,5,8,0.3704716718657388,1311,6,0.8884502877862838,1
602,6,5,8,0.6092110105140632,1396,11,0.8884502877862838,1
636,6,5,8,0.0959214324201657,1402,11,0.9431945538974952,1
673,6,5,10,0.0791540825886055,1526,11,0.8884502877862838,1
525,6,5,10,0.5137152750547335,1391,6,0.9431945538974952,1
778,6,5,10,0.2152911017443279,1512,6,0.9431945538974952,1
485,6,5,10,0.6848118010860327,1194,11,0.9431945538974952,1
549,6,5,10,0.1993751458344396,1390,11,0.9431945538974952,1
394,6,5,10,0.8240764152975553,1089,6,0.9431945538974952,1
690,6,5,10,0.0999004213976378,1620,11,0.9431945538974952,1
561,6,5,8,0.649000900288784,1457,6,0.8884502877862838,1
386,6,5,10,0.5176942640322055,1243,6,0.9431945538974952,1
670,6,5,8,0.3187448151586018,1465,11,0.9431945538974952,1
836,6,5,10,0.2064817298677118,1613,6,0.8884502877862838,1
540,6,5,10,0.1914171678794955,1575,6,0.9431945538974952,1
750,6,5,8,0.0672171156561892,1331,11,0.8884502877862838,1
464,6,5,10,1.007109908261271,1319,11,0.9431945538974952,1
619,6,5,8,0.2113121127668558,1253,6,0.8884502877862838,1
581,6,5,10,0.5017783081223173,1524,6,0.8884502877862838,1
677,6,5,8,0.0919424434426936,1450,11,0.9431945538974952,1
637,6,5,10,0.4969479252231732,1526,11,0.8884502877862838,1
507,6,5,10,0.2025027408902398,1500,6,0.9431945538974952,1
543,6,5,8,0.2462716196424326,1508,11,0.8884502877862838,1
605,6,5,8,0.1229229613407983,1375,6,0.8884502877862838,1
488,6,5,10,0.6052320215365912,1233,11,0.8884502877862838,1
453,6,5,10,0.2789549253838811,1420,11,0.8884502877862838,1
688,6,5,10,0.1746498180479352,1509,11,0.8884502877862838,1
690,6,5,8,0.0194692479265244,1440,6,0.9431945538974952,1
532,6,5,8,0.3306817820910181,1528,6,0.9431945538974952,1
491,6,5,10,0.3426187490234343,1358,11,0.8884502877862838,1
398,6,5,10,0.8758032720046922,946,6,0.9431945538974952,1
660,6,5,10,0.649000900288784,1312,11,0.9431945538974952,1
591,6,5,8,0.0035532920166361,1679,11,0.8884502877862838,1
548,6,5,8,0.0839844654877495,1465,11,0.8884502877862838,1
697,6,5,8,0.3704716718657388,1262,6,0.8884502877862838,1
803,6,5,10,0.0910910495210217,1600,11,0.9431945538974952,1
638,6,5,8,0.7834351316011626,1860,6,0.8884502877862838,1
723,6,5,10,0.1348599282732145,1420,6,0.8884502877862838,1
327,6,5,10,0.7763285475678904,1138,11,0.9431945538974952,1
520,6,5,8,0.863866305072276,1073,11,0.9431945538974952,1
510,6,5,8,0.4898413411899011,1045,6,0.9431945538974952,1
789,6,5,10,0.2152911017443279,1311,11,0.9431945538974952,1
578,6,5,10,0.1794802009470793,1362,6,0.8884502877862838,1
676,6,5,10,0.3537043220341786,1629,11,0.8884502877862838,1
769,6,5,10,0.4014521897638435,1689,6,0.9431945538974952,1
607,6,5,8,0.3903666167530992,1322,11,0.8884502877862838,1
705,6,5,8,0.0163416528707242,1476,11,0.9431945538974952,1
672,6,5,10,0.3298303881693462,1557,6,0.8884502877862838,1
539,6,5,10,0.4699463963025407,1376,11,0.9431945538974952,1
705,6,5,8,0.2979984763495695,1522,11,0.9431945538974952,1
566,6,5,8,0.2343346527100163,1451,11,0.8884502877862838,1
559,6,5,10,0.0402155867355567,1297,11,0.9431945538974952,1
421,6,5,10,0.7047067459733931,1334,6,0.9431945538974952,1
645,6,5,10,0.5654421317618704,1329,6,0.9431945538974952,1
746,6,5,8,0.5176942640322055,1384,11,0.9431945538974952,1
680,6,5,8,0.270145553507265,1608,6,0.9431945538974952,1
797,6,5,10,0.3974732007863714,1668,11,0.9431945538974952,1
587,6,5,10,0.4381144844827641,1261,6,0.8884502877862838,1
552,6,5,10,0.2431440245866324,1337,11,0.9431945538974952,1
587,6,5,8,0.4420934734602362,1367,11,0.9431945538974952,1
580,6,5,8,0.0402155867355567,1480,11,0.8884502877862838,1
548,6,5,8,0.7007277569959209,1296,11,0.9431945538974952,1
612,6,5,10,0.3744506608432109,1290,6,0.9431945538974952,1
508,6,5,10,0.1396903111723585,1396,6,0.8884502877862838,1
649,6,5,8,0.3664926828882667,1628,11,0.8884502877862838,1
591,6,5,8,0.7564336026805301,1026,11,0.9431945538974952,1
607,6,5,8,0.2223976857776001,1509,6,0.9431945538974952,1
539,6,5,10,0.3386397600459622,1346,11,0.8884502877862838,1
642,6,5,10,0.3426187490234343,1466,11,0.8884502877862838,1
612,6,5,10,0.055280148723773,1422,11,0.8884502877862838,1
682,6,5,10,0.1109859944083821,1506,6,0.8884502877862838,1
500,6,5,8,0.597274043581647,1320,6,0.9431945538974952,1
508,6,5,10,0.2789549253838811,1608,6,0.9431945538974952,1
541,6,5,10,0.6887907900635047,1251,11,0.9431945538974952,1
726,6,5,10,0.7126647239283372,1341,6,0.9431945538974952,1
511,6,5,10,0.2789549253838811,1428,11,0.9431945538974952,1
648,6,5,10,0.1794802009470793,1502,6,0.9431945538974952,1
719,6,5,10,0.3068078482261857,1463,6,0.9431945538974952,1
653,6,5,10,0.3863876277756271,1620,11,0.9431945538974952,1
443,6,5,8,0.7285806798382255,1281,6,0.8884502877862838,1
627,6,5,10,0.1556062670822468,1649,11,0.8884502877862838,1
735,6,5,8,0.5256522419871498,1265,6,0.8884502877862838,1
648,6,5,8,0.485862352212429,1211,6,0.8884502877862838,1
584,6,5,10,0.7842865255228345,1232,11,0.8884502877862838,1
719,6,5,10,0.1428179062281586,1632,11,0.8884502877862838,1
580,6,5,8,0.2621875755523209,1576,11,0.9431945538974952,1
499,6,5,8,0.2391650356091604,1533,11,0.8884502877862838,1
562,6,5,10,0.8439713601849157,1167,6,0.9431945538974952,1
649,6,5,10,0.3625136939107947,1549,6,0.8884502877862838,1
689,6,5,10,0.3863876277756271,1574,11,0.8884502877862838,1
330,6,5,10,0.9354881066667734,1195,6,0.8884502877862838,1
543,6,5,8,0.0203206418481963,1387,11,0.8884502877862838,1
632,6,5,8,0.5614631427843984,1429,6,0.9431945538974952,1
535,6,5,8,0.0154902589490523,1573,6,0.8884502877862838,1
585,6,5,8,0.1149649833858541,1522,11,0.8884502877862838,1
858,6,5,10,0.0711961046336613,1498,6,0.8884502877862838,1
710,6,5,10,0.1905657739578236,1398,6,0.9431945538974952,1
451,6,5,10,0.6012530325591191,1217,11,0.8884502877862838,1
547,6,5,10,0.0362365977580846,1585,6,0.8884502877862838,1
356,6,5,8,1.0349628311035752,1385,11,0.8884502877862838,1
688,6,5,8,0.8002024814327229,1369,6,0.9431945538974952,1
586,6,5,8,0.0910910495210217,1492,11,0.9431945538974952,1
500,6,5,8,0.6927697790409768,1259,11,0.9431945538974952,1
755,6,5,10,0.0521525536679729,1605,11,0.8884502877862838,1
990,6,5,10,0.0751750936111334,1721,11,0.9431945538974952,1
746,6,5,10,0.0999004213976378,1461,11,0.9431945538974952,1
542,6,5,10,0.0879634544652216,1313,6,0.9431945538974952,1
549,6,5,10,0.4699463963025407,1504,6,0.9431945538974952,1
791,6,5,10,0.1428179062281586,1537,6,0.8884502877862838,1
711,6,5,8,0.6839604071643608,1649,6,0.8884502877862838,1
631,6,5,8,0.10700700543091,1567,6,0.8884502877862838,1
611,6,5,8,0.2789549253838811,1588,11,0.9431945538974952,1
563,6,5,10,0.2511020025415766,1297,6,0.8884502877862838,1
527,6,5,8,0.5654421317618704,1298,11,0.9431945538974952,1
541,6,5,10,0.4420934734602362,1263,6,0.8884502877862838,1
433,6,5,10,0.2351860466316883,1415,6,0.9431945538974952,1
521,6,5,8,0.919572150756885,1279,11,0.9431945538974952,1
641,6,5,10,0.060110531622917,1444,11,0.9431945538974952,1
545,6,5,10,0.3465977380009064,1442,11,0.9431945538974952,1
595,6,5,8,0.2829339143613532,1304,6,0.8884502877862838,1
627,6,5,8,0.378429649820683,1510,11,0.9431945538974952,1
557,6,5,8,0.2789549253838811,1469,11,0.8884502877862838,1
422,6,5,10,1.0628157539458798,1129,6,0.9431945538974952,1
464,6,5,10,0.4182195395954037,1291,11,0.8884502877862838,1
549,6,5,8,0.7643915806354742,1360,11,0.8884502877862838,1
639,6,5,8,0.5535051648294542,1214,6,0.9431945538974952,1
752,6,5,8,0.5455471868745101,1476,11,0.9431945538974952,1
580,6,5,10,0.4023035836855154,1470,11,0.9431945538974952,1
604,6,5,10,0.2343346527100163,1772,6,0.9431945538974952,1
680,6,5,10,0.1595852560597189,1389,11,0.9431945538974952,1
285,6,5,8,0.3585347049333226,1342,6,0.8884502877862838,1
580,6,5,8,0.4381144844827641,1133,6,0.8884502877862838,1
686,6,5,10,0.0791540825886055,1413,6,0.8884502877862838,1
473,6,5,10,0.2670179584514649,1299,11,0.8884502877862838,1
844,6,5,10,0.0083836749157801,1519,6,0.8884502877862838,1
475,6,5,8,0.1794802009470793,1699,11,0.8884502877862838,1
511,6,5,8,0.4500514514151803,1314,11,0.9431945538974952,1
350,6,5,10,0.6688958451761444,1317,11,0.8884502877862838,1
813,6,5,8,0.0402155867355567,1532,6,0.9431945538974952,1
753,6,5,8,0.0203206418481963,1601,6,0.8884502877862838,1
624,6,5,8,0.2670179584514649,1608,6,0.8884502877862838,1
357,6,5,10,0.7723495585904183,1120,11,0.9431945538974952,1
671,6,5,10,0.1516272781047747,1484,6,0.9431945538974952,1
596,6,5,10,0.5813580876717588,1365,6,0.9431945538974952,1
467,6,5,10,0.537589208919566,1335,11,0.9431945538974952,1
525,6,5,8,0.4221985285728758,1303,6,0.8884502877862838,1
597,6,5,8,0.8240764152975553,1405,11,0.8884502877862838,1
440,6,5,8,0.6728748341536165,1202,11,0.9431945538974952,1
651,6,5,8,0.2948708812937694,1509,6,0.9431945538974952,1
532,6,5,8,0.7643915806354742,1143,11,0.9431945538974952,1
574,6,5,10,0.4182195395954037,1406,6,0.8884502877862838,1
616,6,5,10,0.5057572970997893,1456,11,0.9431945538974952,1
487,6,5,8,0.2829339143613532,1225,11,0.8884502877862838,1
636,6,5,8,0.2351860466316883,1451,6,0.8884502877862838,1
761,6,5,8,0.2312070576542162,1618,6,0.8884502877862838,1
689,6,5,10,0.2113121127668558,1406,11,0.9431945538974952,1
607,6,5,10,0.1547548731605749,1609,6,0.9431945538974952,1
606,6,5,8,0.4659674073250686,1432,11,0.8884502877862838,1
680,6,5,10,0.4221985285728758,1387,6,0.8884502877862838,1
858,6,5,10,0.0521525536679729,1530,6,0.8884502877862838,1
685,6,5,8,0.2590599804965208,1388,6,0.8884502877862838,1
708,6,5,10,0.382408638798155,1462,11,0.8884502877862838,1
633,6,5,8,0.10700700543091,1577,11,0.8884502877862838,1
529,6,5,8,0.2312070576542162,1394,6,0.8884502877862838,1
497,6,5,8,0.6211479774464795,1219,6,0.8884502877862838,1
436,6,5,10,0.3147658261811298,1228,11,0.8884502877862838,1
743,6,5,8,0.1914171678794955,1501,6,0.8884502877862838,1
723,6,5,10,0.4062825726629875,1435,6,0.9431945538974952,1
514,6,5,10,0.6967487680184489,1323,6,0.9431945538974952,1
918,6,5,8,0.3855362338539552,1800,6,0.8884502877862838,1
614,6,5,10,0.3983245947080434,1452,6,0.8884502877862838,1
743,6,5,10,0.0115112699715802,1787,6,0.8884502877862838,1
654,6,5,10,0.5176942640322055,1363,6,0.8884502877862838,1
623,6,5,8,0.0115112699715802,1312,11,0.9431945538974952,1
619,6,5,10,0.1158163773075261,1547,6,0.8884502877862838,1
508,6,5,10,1.0150678862162148,1234,6,0.8884502877862838,1
599,6,5,10,0.2312070576542162,1476,11,0.9431945538974952,1
608,6,5,10,0.2312070576542162,1429,6,0.9431945538974952,1
472,6,5,10,0.6887907900635047,1228,6,0.8884502877862838,1
567,6,5,10,0.1269019503182704,1597,11,0.8884502877862838,1
580,6,5,8,0.2303556637325443,1706,6,0.9431945538974952,1
757,6,5,8,0.3983245947080434,1329,11,0.8884502877862838,1
581,6,5,10,0.382408638798155,1314,6,0.9431945538974952,1
576,6,5,8,0.8002024814327229,1221,6,0.8884502877862838,1
747,6,5,10,0.2192700907218,1600,11,0.9431945538974952,1
451,6,5,10,0.5176942640322055,1559,11,0.9431945538974952,1
642,6,5,10,0.4301565065278199,1357,6,0.9431945538974952,1
711,6,5,10,0.326702793113546,1470,11,0.9431945538974952,1
458,6,5,8,0.1476482891273027,1491,11,0.9431945538974952,1
590,6,5,8,0.3863876277756271,1405,11,0.8884502877862838,1
524,6,5,8,0.0402155867355567,1481,11,0.8884502877862838,1
653,6,5,10,0.3704716718657388,1475,11,0.8884502877862838,1
521,6,5,10,0.5614631427843984,1200,11,0.8884502877862838,1
530,6,5,10,0.0123626638932521,1440,11,0.9431945538974952,1
820,6,5,8,0.2820825204396813,1824,11,0.9431945538974952,1
607,6,5,8,0.537589208919566,1558,6,0.9431945538974952,1
768,6,5,8,0.4977993191448452,1554,11,0.9431945538974952,1
576,6,5,8,0.0999004213976378,1399,6,0.8884502877862838,1
845,6,5,10,0.0203206418481963,1637,6,0.8884502877862838,1
329,6,5,10,1.0349628311035752,1268,6,0.9431945538974952,1
468,6,5,8,0.2670179584514649,1512,6,0.8884502877862838,1
795,6,5,8,0.2511020025415766,1462,11,0.9431945538974952,1
502,6,5,10,0.3386397600459622,1269,11,0.9431945538974952,1
588,6,5,10,0.2073331237893838,1371,11,0.9431945538974952,1
892,6,5,10,0.1666918400929911,1653,11,0.8884502877862838,1
631,6,5,8,0.0362365977580846,1635,11,0.9431945538974952,1
427,6,5,8,0.7683705696129463,1358,6,0.8884502877862838,1
322,6,5,10,0.6171689884690075,1402,11,0.9431945538974952,1
512,6,5,10,0.4261775175503479,1174,6,0.9431945538974952,1
601,6,5,8,0.8797822609821643,1440,6,0.9431945538974952,1
623,6,5,8,0.111837388330054,1493,11,0.8884502877862838,1
537,6,5,8,0.0154902589490523,1359,6,0.8884502877862838,1
646,6,5,10,0.004404685938308,1566,11,0.9431945538974952,1
768,6,5,10,0.0441945757130287,1645,6,0.8884502877862838,1
630,6,5,8,0.2789549253838811,1314,11,0.8884502877862838,1
513,6,5,10,0.0274272258814685,1542,6,0.8884502877862838,1
573,6,5,10,0.8718242830272201,1279,11,0.9431945538974952,1
532,6,5,8,0.4699463963025407,1278,11,0.9431945538974952,1
532,6,5,8,0.2511020025415766,1427,6,0.9431945538974952,1
646,6,5,10,0.3696202779440669,1668,11,0.8884502877862838,1
590,6,5,10,0.4062825726629875,1456,11,0.8884502877862838,1
663,6,5,8,0.0791540825886055,1468,6,0.9431945538974952,1
650,6,5,8,0.0990490274759658,1487,11,0.9431945538974952,1
684,6,5,8,0.326702793113546,1378,11,0.9431945538974952,1
680,6,5,8,0.2232490796992721,1562,11,0.8884502877862838,1
871,6,5,10,0.0473221707688289,1520,6,0.9431945538974952,1
547,6,5,10,0.8280554042750273,1167,6,0.8884502877862838,1
655,6,5,10,0.0203206418481963,1371,6,0.9431945538974952,1
605,6,5,10,0.3505767269783785,1398,11,0.8884502877862838,1
794,6,5,8,0.2630389694739928,1391,6,0.8884502877862838,1
759,6,5,8,0.5574841538069263,1451,11,0.9431945538974952,1
501,6,5,8,0.3664926828882667,1329,11,0.8884502877862838,1
807,6,5,8,0.2988498702712415,1489,11,0.8884502877862838,1
565,6,5,10,0.0004256969608359,1405,11,0.9431945538974952,1
399,6,5,10,0.5853370766492308,1007,6,0.8884502877862838,1
728,6,5,10,0.2781035314622092,1709,6,0.8884502877862838,1
567,6,5,8,0.0990490274759658,1437,6,0.9431945538974952,1
366,6,5,8,0.5336102199420939,1262,11,0.9431945538974952,1
449,6,5,10,0.7882655145003066,1103,11,0.9431945538974952,1
616,6,5,10,0.5495261758519822,1314,11,0.9431945538974952,1
375,6,5,10,0.5216732530096777,1256,6,0.8884502877862838,1
678,6,5,10,0.2033541348119117,1566,11,0.8884502877862838,1
389,6,5,8,0.5176942640322055,1542,6,0.8884502877862838,1
675,6,5,8,0.2431440245866324,1469,6,0.9431945538974952,1
665,6,5,10,0.2900404983946254,1541,6,0.9431945538974952,1
586,6,5,8,0.7047067459733931,1423,6,0.9431945538974952,1
641,6,5,10,0.3616622999891227,1482,11,0.9431945538974952,1
628,6,5,8,0.4261775175503479,1248,6,0.8884502877862838,1
638,6,5,8,0.1953961568569676,1626,11,0.9431945538974952,1
598,6,5,10,0.5017783081223173,1453,6,0.8884502877862838,1
508,6,5,10,0.6688958451761444,1195,6,0.9431945538974952,1
593,6,5,8,0.0362365977580846,1524,6,0.9431945538974952,1
576,2,5,10,0.8200974263200832,841,3,0.8884502877862838,0
532,0,5,10,0.6251269664239516,949,3,0.9431945538974952,0
500,0,5,10,0.0592591377012451,961,3,0.8884502877862838,0
455,0,5,10,0.4938203301673731,800,3,0.9431945538974952,0
652,0,5,3,0.5009269142006454,1108,3,0.8884502877862838,0
644,2,5,3,0.3625136939107947,1029,3,0.8884502877862838,0
585,2,5,10,0.3147658261811298,919,3,0.8884502877862838,0
581,2,5,3,0.4261775175503479,963,3,0.8884502877862838,0
434,2,5,10,0.4659674073250686,801,3,0.9431945538974952,0
510,0,5,10,0.4420934734602362,961,3,0.9431945538974952,0
632,2,5,3,0.2113121127668558,966,3,0.9431945538974952,0
493,0,5,10,0.8917192279145806,827,3,0.9431945538974952,0
531,0,5,3,0.1547548731605749,1052,3,0.9431945538974952,0
510,0,5,3,0.1914171678794955,986,3,0.8884502877862838,0
576,2,5,3,0.163564245037191,999,3,0.9431945538974952,0
647,2,5,10,0.4261775175503479,1038,3,0.8884502877862838,0
512,2,5,10,0.3227238041360739,990,3,0.9431945538974952,0
612,0,5,3,0.3306817820910181,988,3,0.8884502877862838,0
605,0,5,10,0.2550809915190487,965,3,0.9431945538974952,0
716,2,5,3,0.1874381789020234,979,3,0.9431945538974952,0
534,0,5,3,0.2590599804965208,957,3,0.8884502877862838,0
717,2,5,3,0.2670179584514649,1000,3,0.9431945538974952,0
485,2,5,3,0.6131899994915354,951,3,0.8884502877862838,0
547,2,5,3,0.7325596688156976,895,3,0.9431945538974952,0
517,2,5,3,0.3585347049333226,1112,3,0.9431945538974952,0
594,2,5,3,0.4261775175503479,902,3,0.9431945538974952,0
585,0,5,3,0.6131899994915354,908,3,0.8884502877862838,0
428,2,5,3,0.7285806798382255,937,3,0.8884502877862838,0
551,0,5,3,0.0791540825886055,1081,3,0.9431945538974952,0
492,0,5,3,0.2113121127668558,980,3,0.8884502877862838,0
518,0,5,10,0.5853370766492308,890,3,0.9431945538974952,0
522,2,5,3,0.9872149633739103,780,3,0.9431945538974952,0
498,2,5,10,1.0150678862162148,908,3,0.9431945538974952,0
387,2,5,3,0.7126647239283372,878,3,0.9431945538974952,0
567,2,5,3,0.4460724624377082,932,3,0.9431945538974952,0
644,0,5,3,0.2820825204396813,1098,3,0.8884502877862838,0
450,2,5,3,0.6887907900635047,894,3,0.9431945538974952,0
721,2,5,10,0.214439707822656,1169,3,0.8884502877862838,0
484,2,5,10,0.3306817820910181,986,3,0.8884502877862838,0
515,2,5,10,0.5535051648294542,857,3,0.9431945538974952,0
526,0,5,3,0.3426187490234343,957,3,0.9431945538974952,0
456,2,5,10,0.1436693001498306,1015,3,0.8884502877862838,0
518,2,5,3,0.4102615616404595,1024,3,0.8884502877862838,0
574,0,5,3,0.5336102199420939,911,3,0.9431945538974952,0
558,2,5,3,0.808160459387667,852,3,0.9431945538974952,0
656,0,5,3,0.0362365977580846,946,3,0.9431945538974952,0
460,2,5,3,0.6410429223338399,897,3,0.9431945538974952,0
623,2,5,10,0.1914171678794955,1015,3,0.9431945538974952,0
473,0,5,10,0.859887316094804,797,3,0.9431945538974952,0
580,0,5,3,1.1145426106530167,746,3,0.8884502877862838,0
607,0,5,3,0.3386397600459622,970,3,0.8884502877862838,0
626,0,5,10,0.4699463963025407,889,3,0.9431945538974952,0
517,0,5,10,0.434135495505292,906,3,0.9431945538974952,0
593,2,5,3,0.4182195395954037,1005,3,0.8884502877862838,0
508,0,5,3,0.4977993191448452,798,3,0.9431945538974952,0
448,2,5,3,0.6291059554014237,793,3,0.9431945538974952,0
425,2,5,10,0.8519293381398598,815,3,0.8884502877862838,0
519,0,5,10,0.4023035836855154,934,3,0.9431945538974952,0
526,0,5,10,0.6728748341536165,841,3,0.9431945538974952,0
629,2,5,10,0.4540304403926524,1044,3,0.9431945538974952,0
601,0,5,10,0.9235511397343572,869,3,0.8884502877862838,0
457,2,5,10,0.597274043581647,890,3,0.8884502877862838,0
650,0,5,3,0.4062825726629875,965,3,0.9431945538974952,0
549,0,5,10,0.4938203301673731,968,3,0.8884502877862838,0
467,0,5,3,0.6291059554014237,807,3,0.9431945538974952,0
650,2,5,10,0.1078583993525819,1032,3,0.8884502877862838,0
539,2,5,10,0.3903666167530992,949,3,0.9431945538974952,0
579,0,5,10,0.3107868372036577,1030,3,0.8884502877862838,0
559,0,5,3,0.6887907900635047,926,3,0.8884502877862838,0
579,2,5,3,0.6251269664239516,834,3,0.8884502877862838,0
599,0,5,3,0.6410429223338399,840,3,0.9431945538974952,0
504,2,5,10,0.4142405506179316,961,3,0.8884502877862838,0
557,0,5,10,0.4182195395954037,966,3,0.9431945538974952,0
603,0,5,3,0.863866305072276,847,3,0.9431945538974952,0
436,0,5,10,0.6251269664239516,943,3,0.9431945538974952,0
519,2,5,10,0.4779043742574848,899,3,0.9431945538974952,0
510,0,5,3,0.5495261758519822,929,3,0.9431945538974952,0
513,0,5,10,0.485862352212429,811,3,0.9431945538974952,0
366,2,5,10,0.8320343932524994,874,3,0.9431945538974952,0
635,0,5,3,0.167543234014663,1020,3,0.9431945538974952,0
517,0,5,10,0.3625136939107947,1017,3,0.9431945538974952,0
616,2,5,3,0.004404685938308,933,3,0.8884502877862838,0
460,2,5,10,0.8678452940497481,886,3,0.9431945538974952,0
393,2,5,3,0.6967487680184489,920,3,0.8884502877862838,0
621,0,5,3,0.6330849443788957,891,3,0.9431945538974952,0
502,0,5,10,0.8678452940497481,849,3,0.8884502877862838,0
511,0,5,10,0.5097362860772614,876,3,0.8884502877862838,0
422,0,5,3,0.9911939523513824,818,3,0.8884502877862838,0
431,0,5,10,0.4381144844827641,871,3,0.8884502877862838,0
610,2,5,3,0.1038794103751098,1130,3,0.8884502877862838,0
533,0,5,3,0.2431440245866324,984,3,0.9431945538974952,0
480,2,5,10,0.6211479774464795,867,3,0.9431945538974952,0
594,0,5,3,0.1834591899245513,1087,3,0.9431945538974952,0
591,0,5,3,0.5853370766492308,980,3,0.8884502877862838,0
488,0,5,3,0.5495261758519822,907,3,0.8884502877862838,0
552,2,5,3,0.6768538231310886,1012,3,0.8884502877862838,0
605,0,5,3,0.6171689884690075,1027,3,0.9431945538974952,0
593,2,5,3,0.3943456057305713,976,3,0.9431945538974952,0
643,2,5,3,0.2471230135641045,972,3,0.9431945538974952,0
565,0,5,10,0.593295054604175,915,3,0.8884502877862838,0
671,0,5,10,0.5734001097168147,854,3,0.9431945538974952,0
491,0,5,10,0.2908918923162973,997,3,0.9431945538974952,0
574,0,5,10,0.7444966357481138,880,3,0.9431945538974952,0
582,0,5,10,0.5137152750547335,939,3,0.8884502877862838,0
608,2,5,3,0.0839844654877495,1037,3,0.9431945538974952,0
512,0,5,3,0.3983245947080434,982,3,0.8884502877862838,0
466,0,5,3,0.541568197897038,873,3,0.9431945538974952,0
682,2,5,10,0.2869129033388253,971,3,0.9431945538974952,0
676,0,5,10,0.4739253852800127,896,3,0.9431945538974952,0
661,2,5,10,0.6171689884690075,941,3,0.9431945538974952,0
641,2,5,10,0.2351860466316883,986,3,0.8884502877862838,0
614,2,5,3,0.3744506608432109,1072,3,0.9431945538974952,0
546,2,5,3,0.6887907900635047,933,3,0.9431945538974952,0
640,0,5,10,0.0075322809941081,1053,3,0.8884502877862838,0
514,2,5,3,0.5495261758519822,910,3,0.8884502877862838,0
638,2,5,10,0.3426187490234343,974,3,0.8884502877862838,0
531,0,5,10,0.9991519303063264,766,3,0.9431945538974952,0
650,2,5,3,0.270996947428937,1077,3,0.8884502877862838,0
643,2,5,10,0.3943456057305713,939,3,0.9431945538974952,0
622,0,5,3,0.2033541348119117,883,3,0.9431945538974952,0
537,2,5,3,0.274975936406409,996,3,0.8884502877862838,0
504,0,5,10,0.8996772058695247,820,3,0.8884502877862838,0
494,2,5,3,0.975277996441494,873,3,0.9431945538974952,0
458,0,5,10,0.597274043581647,869,3,0.9431945538974952,0
552,2,5,10,0.3664926828882667,968,3,0.8884502877862838,0
589,2,5,10,0.4221985285728758,973,3,0.8884502877862838,0
557,0,5,10,0.7325596688156976,914,3,0.8884502877862838,0
565,2,5,10,0.8439713601849157,901,3,0.9431945538974952,0
598,0,5,3,0.4699463963025407,1071,3,0.8884502877862838,0
481,0,5,3,0.8121394483651391,794,3,0.8884502877862838,0
486,2,5,10,0.9235511397343572,871,3,0.8884502877862838,0
642,0,5,3,0.5216732530096777,942,3,0.9431945538974952,0
556,0,5,3,1.0110888972387428,838,3,0.9431945538974952,0
576,2,5,10,0.1237743552624702,1108,3,0.8884502877862838,0
612,2,5,10,0.4619884183475966,949,3,0.9431945538974952,0
562,0,5,3,0.5176942640322055,920,3,0.9431945538974952,0
652,2,5,3,0.2869129033388253,910,3,0.9431945538974952,0
598,2,5,3,0.3227238041360739,947,3,0.8884502877862838,0
509,2,5,10,0.4261775175503479,961,3,0.9431945538974952,0
593,0,5,10,0.4977993191448452,990,3,0.9431945538974952,0
597,0,5,3,0.1794802009470793,972,3,0.9431945538974952,0
545,0,5,10,0.7325596688156976,857,3,0.9431945538974952,0
563,2,5,3,0.4023035836855154,919,3,0.9431945538974952,0
483,0,5,3,1.2776811587293715,829,3,0.9431945538974952,0
537,0,5,3,0.5495261758519822,932,3,0.8884502877862838,0
448,0,5,3,0.3028288592487136,949,3,0.8884502877862838,0
557,2,5,10,1.0508787870134637,871,3,0.9431945538974952,0
469,2,5,10,0.9593620405316058,860,3,0.9431945538974952,0
481,2,5,3,1.0946476657656563,805,3,0.8884502877862838,0
544,0,5,3,0.5057572970997893,856,3,0.8884502877862838,0
546,0,5,3,0.1158163773075261,976,3,0.9431945538974952,0
618,2,5,10,0.0839844654877495,1064,3,0.8884502877862838,0
400,0,5,10,1.0986266547431285,715,3,0.9431945538974952,0
554,0,5,3,0.5256522419871498,929,3,0.8884502877862838,0
628,2,5,10,0.4102615616404595,950,3,0.9431945538974952,0
444,0,5,3,0.7882655145003066,811,3,0.9431945538974952,0
521,2,5,3,0.9235511397343572,870,3,0.9431945538974952,0
503,0,5,3,0.2232490796992721,993,3,0.8884502877862838,0
560,0,5,10,0.5176942640322055,1009,3,0.9431945538974952,0
573,0,5,10,0.3664926828882667,960,3,0.9431945538974952,0
537,2,5,3,0.3863876277756271,852,3,0.9431945538974952,0
490,0,5,10,0.6052320215365912,834,3,0.8884502877862838,0
703,0,5,10,0.2303556637325443,1137,3,0.9431945538974952,0
524,0,5,10,0.6609378672212003,845,3,0.9431945538974952,0
605,0,5,10,0.4023035836855154,998,3,0.9431945538974952,0
510,0,5,10,0.7962234924552508,836,3,0.9431945538974952,0
605,0,5,10,0.485862352212429,985,3,0.8884502877862838,0
487,0,5,10,0.6171689884690075,888,3,0.8884502877862838,0
503,0,5,3,0.1755012119696072,1011,3,0.8884502877862838,0
646,0,5,3,0.1317323332174144,1042,3,0.9431945538974952,0
475,0,5,10,0.4938203301673731,845,3,0.8884502877862838,0
470,0,5,10,0.752454613703058,871,3,0.8884502877862838,0
550,0,5,3,0.8996772058695247,860,3,0.8884502877862838,0
442,2,5,10,0.8559083271173319,832,3,0.8884502877862838,0
527,2,5,3,0.434135495505292,942,3,0.9431945538974952,0
484,0,5,3,0.3664926828882667,933,3,0.8884502877862838,0
541,0,5,10,0.9514040625766615,930,3,0.9431945538974952,0
446,2,5,10,0.7962234924552508,849,3,0.9431945538974952,0
636,2,5,10,0.0353852038364127,1144,3,0.8884502877862838,0
600,0,5,10,0.4779043742574848,972,3,0.9431945538974952,0
628,0,5,3,0.0640895206003891,919,3,0.9431945538974952,0
528,0,5,3,0.8161184373426111,805,3,0.8884502877862838,0
589,0,5,3,0.2630389694739928,963,3,0.9431945538974952,0
601,2,5,3,0.0521525536679729,951,3,0.9431945538974952,0
524,0,5,3,0.4023035836855154,949,3,0.8884502877862838,0
472,2,5,3,0.5296312309646218,980,3,0.8884502877862838,0
588,0,5,10,0.4739253852800127,967,3,0.8884502877862838,0
569,2,5,3,0.2630389694739928,919,3,0.8884502877862838,0
580,0,5,3,0.3227238041360739,895,3,0.8884502877862838,0
631,0,5,3,0.6967487680184489,981,3,0.9431945538974952,0
476,0,5,3,0.7166437129058093,844,3,0.9431945538974952,0
555,0,5,10,0.6330849443788957,855,3,0.8884502877862838,0
700,0,5,3,0.1516272781047747,1114,3,0.9431945538974952,0
611,0,5,10,0.2272280686767442,1101,3,0.9431945538974952,0
428,0,5,3,0.6728748341536165,976,3,0.9431945538974952,0
682,2,5,10,0.2312070576542162,1128,3,0.8884502877862838,0
649,2,5,3,0.2391650356091604,1028,3,0.8884502877862838,0
656,2,5,10,0.4699463963025407,988,3,0.9431945538974952,0
590,0,5,10,0.4460724624377082,978,3,0.8884502877862838,0
561,0,5,10,0.4818833632349569,1029,3,0.9431945538974952,0
559,0,5,3,0.6728748341536165,956,3,0.8884502877862838,0
554,2,5,10,0.0314062148589406,1107,3,0.9431945538974952,0
623,0,5,3,0.1914171678794955,1039,3,0.9431945538974952,0
553,2,5,10,0.6649168561986724,820,3,0.8884502877862838,0
522,2,5,10,0.7285806798382255,865,3,0.8884502877862838,0
577,2,5,3,0.8399923712074435,901,3,0.8884502877862838,0
560,2,5,3,0.2789549253838811,937,3,0.9431945538974952,0
532,0,5,3,0.4221985285728758,929,3,0.8884502877862838,0
468,0,5,3,0.3943456057305713,1031,3,0.9431945538974952,0
460,0,5,3,0.975277996441494,880,3,0.8884502877862838,0
662,0,5,3,0.111837388330054,980,3,0.9431945538974952,0
531,2,5,10,0.5694211207393426,979,3,0.9431945538974952,0
663,2,5,3,0.3983245947080434,947,3,0.9431945538974952,0
495,2,5,10,0.9434460846217176,856,3,0.8884502877862838,0
480,0,5,3,0.6330849443788957,976,3,0.9431945538974952,0
544,2,5,3,0.5097362860772614,921,3,0.9431945538974952,0
529,0,5,10,0.4977993191448452,952,3,0.9431945538974952,0
455,2,5,3,0.6768538231310886,903,3,0.8884502877862838,0
515,2,5,3,0.1874381789020234,1036,3,0.8884502877862838,0
569,2,5,10,0.7803075365453624,972,3,0.9431945538974952,0
595,2,5,3,0.2033541348119117,955,3,0.8884502877862838,0
555,2,5,10,0.3744506608432109,964,3,0.8884502877862838,0
414,2,5,3,0.8240764152975553,835,3,0.8884502877862838,0
583,2,5,3,0.5694211207393426,871,3,0.9431945538974952,0
503,2,5,3,0.6012530325591191,870,3,0.8884502877862838,0
609,0,5,10,0.382408638798155,1117,3,0.8884502877862838,0
557,2,5,3,0.6728748341536165,890,3,0.8884502877862838,0
444,0,5,10,0.9434460846217176,780,3,0.8884502877862838,0
520,2,5,10,0.3664926828882667,919,3,0.9431945538974952,0
604,2,5,3,0.5535051648294542,949,3,0.9431945538974952,0
704,0,5,10,0.2192700907218,1053,3,0.9431945538974952,0
536,2,5,10,0.2391650356091604,980,3,0.9431945538974952,0
567,0,5,3,0.1834591899245513,983,3,0.9431945538974952,0
524,2,5,3,0.6052320215365912,1005,3,0.9431945538974952,0
464,2,5,3,0.6410429223338399,844,3,0.8884502877862838,0
686,0,5,10,0.060110531622917,987,3,0.8884502877862838,0
590,2,5,3,0.0274272258814685,1054,3,0.9431945538974952,0
765,0,5,3,0.1357113221948865,1053,3,0.8884502877862838,0
542,0,5,3,0.3227238041360739,975,3,0.8884502877862838,0
595,2,5,10,0.3585347049333226,979,3,0.8884502877862838,0
621,2,5,10,0.0959214324201657,980,3,0.9431945538974952,0
562,0,5,3,0.5853370766492308,869,3,0.8884502877862838,0
515,2,5,3,0.8320343932524994,876,3,0.8884502877862838,0
419,0,5,10,1.29359711463926,760,3,0.8884502877862838,0
528,0,5,3,0.326702793113546,999,3,0.9431945538974952,0
413,2,5,10,0.9434460846217176,835,3,0.9431945538974952,0
612,0,5,10,0.2073331237893838,1141,3,0.8884502877862838,0
508,0,5,10,0.7405176467706417,851,3,0.8884502877862838,0
560,2,5,10,0.4619884183475966,1015,3,0.9431945538974952,0
540,0,5,10,0.2948708812937694,961,3,0.8884502877862838,0
521,0,5,3,0.6330849443788957,935,3,0.8884502877862838,0
572,2,5,3,0.3107868372036577,986,3,0.8884502877862838,0
579,0,5,3,0.0800054765102774,1060,3,0.8884502877862838,0
443,2,5,3,1.0986266547431285,850,3,0.8884502877862838,0
425,2,5,3,0.5773790986942867,955,3,0.9431945538974952,0
618,0,5,3,0.3863876277756271,1015,3,0.9431945538974952,0
515,2,5,3,0.6052320215365912,931,3,0.9431945538974952,0
503,0,5,3,0.6251269664239516,908,3,0.9431945538974952,0
572,0,5,3,0.5256522419871498,852,3,0.9431945538974952,0
603,2,5,10,0.5853370766492308,884,3,0.8884502877862838,0
540,2,5,3,0.3664926828882667,955,3,0.8884502877862838,0
546,2,5,10,0.7047067459733931,834,3,0.9431945538974952,0
530,0,5,10,0.382408638798155,977,3,0.8884502877862838,0
554,2,5,10,0.2192700907218,929,3,0.9431945538974952,0
624,2,5,3,0.3704716718657388,1013,3,0.8884502877862838,0
584,2,5,10,0.4142405506179316,978,3,0.8884502877862838,0
450,2,5,10,1.0588367649684076,762,3,0.8884502877862838,0
563,2,5,10,0.752454613703058,883,3,0.9431945538974952,0
584,0,5,10,0.5574841538069263,941,3,0.9431945538974952,0
630,0,5,10,0.0123626638932521,1026,3,0.9431945538974952,0
451,0,5,10,0.8002024814327229,828,3,0.9431945538974952,0
658,0,5,3,0.4062825726629875,921,3,0.9431945538974952,0
615,0,5,3,0.2272280686767442,857,3,0.8884502877862838,0
545,0,5,10,0.5773790986942867,935,3,0.9431945538974952,0
676,2,5,10,0.1914171678794955,995,3,0.9431945538974952,0
612,0,5,3,0.4420934734602362,1015,3,0.8884502877862838,0
644,2,5,3,0.0640895206003891,1072,3,0.9431945538974952,0
458,0,5,3,0.649000900288784,966,3,0.8884502877862838,0
487,2,5,10,0.971299007464022,776,3,0.8884502877862838,0
558,0,5,10,0.3028288592487136,1002,3,0.8884502877862838,0
629,0,5,10,0.3585347049333226,995,3,0.9431945538974952,0
609,0,5,3,0.3505767269783785,982,3,0.9431945538974952,0
543,0,5,3,0.808160459387667,878,3,0.8884502877862838,0
625,0,5,10,0.1078583993525819,939,3,0.9431945538974952,0
595,2,5,3,0.2312070576542162,1005,3,0.9431945538974952,0
597,2,5,3,0.4938203301673731,968,3,0.8884502877862838,0
608,2,5,3,0.0760264875328053,980,3,0.9431945538974952,0
617,0,5,10,0.5296312309646218,954,3,0.8884502877862838,0
458,2,5,3,0.2829339143613532,945,3,0.8884502877862838,0
483,2,5,10,0.4062825726629875,945,3,0.8884502877862838,0
613,0,5,3,0.2988498702712415,885,3,0.8884502877862838,0
601,0,5,3,0.0672171156561892,991,3,0.9431945538974952,0
502,0,5,10,0.7803075365453624,845,3,0.8884502877862838,0
466,2,5,3,0.2789549253838811,1000,3,0.8884502877862838,0
573,0,5,3,0.3863876277756271,967,3,0.8884502877862838,0
527,2,5,3,0.7365386577931696,801,3,0.8884502877862838,0
519,0,5,10,0.5057572970997893,936,3,0.9431945538974952,0
517,2,5,10,0.7325596688156976,827,3,0.8884502877862838,0
685,0,5,3,0.2223976857776001,1220,3,0.9431945538974952,0
515,0,5,3,0.0393641928138847,1083,3,0.8884502877862838,0
512,0,5,3,0.7604125916580021,926,3,0.9431945538974952,0
534,2,5,10,0.1715222229921351,1017,3,0.9431945538974952,0
663,2,5,10,0.0800054765102774,984,3,0.8884502877862838,0
459,2,5,10,0.7365386577931696,891,3,0.8884502877862838,0
658,0,5,10,0.0521525536679729,977,3,0.8884502877862838,0
534,0,5,3,0.3903666167530992,924,3,0.8884502877862838,0
645,0,5,10,0.2351860466316883,991,3,0.8884502877862838,0
440,2,5,3,0.3585347049333226,964,3,0.8884502877862838,0
557,0,5,3,0.0402155867355567,965,3,0.8884502877862838,0
520,0,5,3,0.1874381789020234,957,3,0.8884502877862838,0
702,2,5,10,0.0592591377012451,1013,3,0.9431945538974952,0
517,2,5,10,0.808160459387667,885,3,0.8884502877862838,0
579,2,5,3,0.1914171678794955,955,3,0.8884502877862838,0
507,2,5,3,0.3863876277756271,940,3,0.8884502877862838,0
672,0,5,10,0.5734001097168147,943,3,0.8884502877862838,0
552,2,5,10,0.3505767269783785,1085,3,0.8884502877862838,0
541,2,5,10,0.5256522419871498,945,3,0.9431945538974952,0
576,2,5,3,0.7405176467706417,971,3,0.8884502877862838,0
606,0,5,3,0.4023035836855154,996,3,0.9431945538974952,0
576,2,5,3,0.5495261758519822,1008,3,0.8884502877862838,0
472,2,5,3,0.6688958451761444,904,3,0.9431945538974952,0
647,0,5,10,0.3744506608432109,1006,3,0.9431945538974952,0
569,2,5,3,0.4023035836855154,965,3,0.8884502877862838,0
593,0,5,10,0.3664926828882667,1036,3,0.8884502877862838,0
516,2,5,3,0.6728748341536165,881,3,0.8884502877862838,0
477,2,5,10,0.1755012119696072,1061,3,0.9431945538974952,0
489,0,5,10,0.4540304403926524,833,3,0.9431945538974952,0
510,0,5,3,0.7126647239283372,900,3,0.9431945538974952,0
516,2,5,3,0.6688958451761444,865,3,0.8884502877862838,0
546,0,5,10,0.382408638798155,910,3,0.9431945538974952,0
555,2,5,3,0.2511020025415766,902,3,0.9431945538974952,0
571,2,5,10,0.6410429223338399,958,3,0.8884502877862838,0
508,2,5,10,0.1834591899245513,927,3,0.8884502877862838,0
447,0,5,10,0.4381144844827641,827,3,0.9431945538974952,0
509,0,5,3,0.7564336026805301,927,3,0.8884502877862838,0
592,2,5,10,0.2192700907218,903,3,0.8884502877862838,0
532,0,5,3,0.004404685938308,1055,3,0.9431945538974952,0
539,2,5,3,0.6808328121085606,769,3,0.9431945538974952,0
604,0,5,3,0.1078583993525819,1067,3,0.8884502877862838,0
562,0,5,10,0.4739253852800127,1004,3,0.9431945538974952,0
521,0,5,10,0.4898413411899011,975,3,0.8884502877862838,0
548,2,5,10,0.4818833632349569,957,3,0.8884502877862838,0
664,2,5,3,0.0720474985553333,1118,3,0.9431945538974952,0
579,2,5,3,0.1556062670822468,1060,3,0.8884502877862838,0
677,0,5,3,0.2383136416874884,1189,3,0.9431945538974952,0
550,2,5,10,0.4580094293701244,990,3,0.9431945538974952,0
488,0,5,10,0.7723495585904183,857,3,0.8884502877862838,0
614,0,5,3,0.5813580876717588,979,3,0.8884502877862838,0
568,2,5,3,0.5813580876717588,881,3,0.8884502877862838,0
524,2,5,10,0.6410429223338399,860,3,0.9431945538974952,0
552,2,5,10,0.1396903111723585,1063,3,0.8884502877862838,0
556,0,5,3,0.3943456057305713,1067,3,0.8884502877862838,0
439,0,5,10,0.537589208919566,874,3,0.8884502877862838,0
338,2,5,11,0.8837612499596363,657,11,0.9431945538974952,0
412,2,5,10,0.6131899994915354,557,11,0.9431945538974952,0
417,2,5,3,0.4182195395954037,783,11,0.9431945538974952,0
357,2,5,3,0.5336102199420939,639,11,0.8884502877862838,0
439,6,5,11,0.537589208919566,792,11,0.9431945538974952,0
435,2,5,11,1.0667947429233515,647,11,0.9431945538974952,0
482,2,5,3,0.6967487680184489,670,11,0.9431945538974952,0
442,2,5,3,0.5654421317618704,688,11,0.9431945538974952,0
425,2,5,3,0.7444966357481138,647,11,0.8884502877862838,0
485,6,5,3,0.4420934734602362,651,11,0.9431945538974952,0
492,6,5,3,0.5137152750547335,699,11,0.9431945538974952,0
491,6,5,11,0.7285806798382255,744,11,0.8884502877862838,0
542,6,5,3,0.5216732530096777,771,11,0.8884502877862838,0
397,6,5,11,0.6688958451761444,631,11,0.8884502877862838,0
476,2,5,11,0.4938203301673731,780,11,0.8884502877862838,0
409,2,5,3,0.3744506608432109,767,11,0.8884502877862838,0
557,2,5,10,0.5773790986942867,751,11,0.9431945538974952,0
485,2,5,3,0.6848118010860327,744,11,0.9431945538974952,0
558,6,5,10,0.537589208919566,751,11,0.8884502877862838,0
381,2,5,11,0.8877402389371084,601,11,0.9431945538974952,0
424,6,5,3,0.8161184373426111,646,11,0.9431945538974952,0
584,2,5,11,0.3068078482261857,776,11,0.8884502877862838,0
537,2,5,11,0.593295054604175,744,11,0.9431945538974952,0
386,2,5,3,0.6808328121085606,651,11,0.9431945538974952,0
496,2,5,11,0.6768538231310886,818,11,0.9431945538974952,0
461,2,5,3,0.6688958451761444,702,11,0.8884502877862838,0
441,6,5,10,0.915593161779413,605,11,0.8884502877862838,0
451,6,5,10,0.6927697790409768,633,11,0.9431945538974952,0
484,6,5,10,0.4977993191448452,779,11,0.9431945538974952,0
488,2,5,3,0.6131899994915354,747,11,0.8884502877862838,0
449,2,5,11,0.7484756247255858,603,11,0.8884502877862838,0
429,2,5,3,0.9315091176893012,630,11,0.8884502877862838,0
474,6,5,3,0.3426187490234343,824,11,0.8884502877862838,0
515,2,5,11,0.4659674073250686,745,11,0.8884502877862838,0
387,6,5,3,0.8439713601849157,637,11,0.8884502877862838,0
504,2,5,10,0.6410429223338399,658,11,0.9431945538974952,0
461,2,5,10,0.593295054604175,680,11,0.8884502877862838,0
456,6,5,11,0.5455471868745101,784,11,0.8884502877862838,0
421,6,5,10,0.9553830515541336,597,11,0.8884502877862838,0
600,6,5,11,0.4699463963025407,800,11,0.9431945538974952,0
513,6,5,11,0.7365386577931696,640,11,0.8884502877862838,0
491,2,5,10,0.434135495505292,854,11,0.8884502877862838,0
380,6,5,10,0.8360133822299715,628,11,0.9431945538974952,0
372,2,5,3,0.6768538231310886,709,11,0.8884502877862838,0
363,2,5,11,0.6768538231310886,702,11,0.9431945538974952,0
448,6,5,11,1.0110888972387428,621,11,0.8884502877862838,0
433,6,5,10,0.3187448151586018,772,11,0.8884502877862838,0
487,6,5,11,0.8399923712074435,769,11,0.9431945538974952,0
443,2,5,3,0.5694211207393426,675,11,0.8884502877862838,0
411,6,5,10,0.6927697790409768,593,11,0.8884502877862838,0
598,2,5,11,0.2113121127668558,810,11,0.8884502877862838,0
425,6,5,11,0.537589208919566,713,11,0.9431945538974952,0
531,2,5,10,0.541568197897038,766,11,0.8884502877862838,0
371,2,5,3,0.7365386577931696,510,11,0.9431945538974952,0
518,2,5,11,0.808160459387667,641,11,0.8884502877862838,0
454,6,5,11,0.6370639333563678,766,11,0.9431945538974952,0
490,6,5,10,0.6808328121085606,588,11,0.8884502877862838,0
344,6,5,11,0.6012530325591191,835,11,0.9431945538974952,0
492,6,5,3,0.5057572970997893,790,11,0.8884502877862838,0
289,6,5,10,1.0628157539458798,589,11,0.8884502877862838,0
429,6,5,11,0.8877402389371084,722,11,0.9431945538974952,0
403,6,5,3,0.5734001097168147,622,11,0.8884502877862838,0
416,2,5,11,0.6569588782437281,721,11,0.8884502877862838,0
486,2,5,3,0.4420934734602362,876,11,0.8884502877862838,0
507,2,5,10,0.4779043742574848,792,11,0.8884502877862838,0
345,6,5,11,0.7047067459733931,651,11,0.9431945538974952,0
434,2,5,3,0.8002024814327229,595,11,0.9431945538974952,0
514,2,5,10,0.5256522419871498,555,11,0.9431945538974952,0
415,2,5,10,0.4420934734602362,740,11,0.9431945538974952,0
509,2,5,3,0.652979889266256,706,11,0.9431945538974952,0
505,2,5,3,0.270996947428937,769,11,0.9431945538974952,0
509,2,5,10,0.597274043581647,622,11,0.9431945538974952,0
373,2,5,10,0.8678452940497481,613,11,0.8884502877862838,0
441,6,5,11,0.963341029509078,645,11,0.9431945538974952,0
504,6,5,11,0.5654421317618704,687,11,0.8884502877862838,0
460,2,5,10,0.7444966357481138,697,11,0.9431945538974952,0
375,2,5,3,0.9872149633739103,750,11,0.9431945538974952,0
460,6,5,10,0.7007277569959209,738,11,0.8884502877862838,0
453,6,5,11,0.9315091176893012,675,11,0.9431945538974952,0
517,2,5,3,0.537589208919566,708,11,0.9431945538974952,0
497,2,5,10,0.5614631427843984,874,11,0.9431945538974952,0
464,2,5,11,0.6211479774464795,708,11,0.9431945538974952,0
534,2,5,11,0.2948708812937694,772,11,0.9431945538974952,0
531,2,5,10,0.5296312309646218,726,11,0.9431945538974952,0
432,6,5,10,0.7007277569959209,622,11,0.9431945538974952,0
515,2,5,10,0.3943456057305713,803,11,0.9431945538974952,0
328,2,5,3,0.7285806798382255,664,11,0.8884502877862838,0
421,6,5,11,0.2789549253838811,816,11,0.9431945538974952,0
380,6,5,3,0.7484756247255858,695,11,0.9431945538974952,0
483,6,5,3,0.5495261758519822,806,11,0.9431945538974952,0
506,6,5,11,0.2073331237893838,842,11,0.8884502877862838,0
532,6,5,11,0.382408638798155,862,11,0.8884502877862838,0
435,2,5,3,0.5734001097168147,799,11,0.8884502877862838,0
425,2,5,10,0.5216732530096777,760,11,0.9431945538974952,0
430,2,5,3,0.6728748341536165,679,11,0.8884502877862838,0
372,2,5,10,0.6887907900635047,615,11,0.9431945538974952,0
590,6,5,10,0.0441945757130287,838,11,0.9431945538974952,0
380,2,5,11,0.6092110105140632,769,11,0.9431945538974952,0
414,6,5,11,0.5256522419871498,737,11,0.8884502877862838,0
462,2,5,10,0.3664926828882667,772,11,0.9431945538974952,0
352,2,5,10,0.5495261758519822,661,11,0.8884502877862838,0
428,2,5,3,0.5654421317618704,847,11,0.9431945538974952,0
470,2,5,10,0.4659674073250686,777,11,0.9431945538974952,0
375,2,5,10,1.190143401224986,618,11,0.8884502877862838,0
519,6,5,11,0.2948708812937694,845,11,0.8884502877862838,0
567,6,5,10,0.4739253852800127,826,11,0.9431945538974952,0
520,2,5,3,0.7365386577931696,600,11,0.9431945538974952,0
524,2,5,10,0.6171689884690075,770,11,0.8884502877862838,0
496,2,5,3,0.8200974263200832,643,11,0.8884502877862838,0
497,6,5,11,0.3346607710684902,773,11,0.8884502877862838,0
401,2,5,10,0.6450219113113119,646,11,0.8884502877862838,0
539,6,5,11,0.597274043581647,632,11,0.8884502877862838,0
417,2,5,3,0.8877402389371084,600,11,0.9431945538974952,0
401,6,5,10,0.6967487680184489,729,11,0.8884502877862838,0
552,2,5,3,0.7086857349508652,747,11,0.9431945538974952,0
522,2,5,3,0.541568197897038,739,11,0.9431945538974952,0
449,2,5,10,0.7723495585904183,705,11,0.9431945538974952,0
473,6,5,11,0.649000900288784,745,11,0.8884502877862838,0
283,6,5,3,1.2697231807744276,451,11,0.8884502877862838,0
430,2,5,10,0.6967487680184489,700,11,0.8884502877862838,0
443,2,5,11,0.5455471868745101,764,11,0.9431945538974952,0
467,6,5,11,0.7683705696129463,689,11,0.8884502877862838,0
534,6,5,11,0.7842865255228345,592,11,0.9431945538974952,0
414,6,5,11,0.6131899994915354,671,11,0.8884502877862838,0
466,2,5,10,0.863866305072276,701,11,0.9431945538974952,0
398,6,5,11,0.7166437129058093,617,11,0.8884502877862838,0
481,2,5,11,0.859887316094804,575,11,0.9431945538974952,0
482,6,5,3,0.6251269664239516,791,11,0.9431945538974952,0
505,6,5,11,0.5893160656267029,826,11,0.9431945538974952,0
423,6,5,11,0.7683705696129463,726,11,0.9431945538974952,0
595,6,5,3,0.3943456057305713,787,11,0.9431945538974952,0
564,2,5,3,0.3625136939107947,750,11,0.9431945538974952,0
561,6,5,11,0.8837612499596363,605,11,0.9431945538974952,0
407,2,5,3,0.9235511397343572,685,11,0.9431945538974952,0
389,6,5,10,0.9394670956442456,503,11,0.9431945538974952,0
413,2,5,11,0.6211479774464795,706,11,0.8884502877862838,0
488,6,5,3,0.8399923712074435,641,11,0.8884502877862838,0
371,2,5,11,0.752454613703058,644,11,0.9431945538974952,0
428,2,5,11,0.5893160656267029,661,11,0.8884502877862838,0
599,6,5,3,0.3863876277756271,806,11,0.8884502877862838,0
444,2,5,11,0.5694211207393426,808,11,0.9431945538974952,0
418,6,5,3,0.9872149633739103,677,11,0.9431945538974952,0
412,2,5,3,0.5176942640322055,731,11,0.8884502877862838,0
522,6,5,10,0.7325596688156976,690,11,0.9431945538974952,0
449,6,5,10,0.5734001097168147,768,11,0.9431945538974952,0
399,6,5,3,0.7763285475678904,655,11,0.8884502877862838,0
448,6,5,10,0.8758032720046922,605,11,0.9431945538974952,0
392,2,5,3,0.4261775175503479,647,11,0.9431945538974952,0
352,6,5,10,0.6330849443788957,589,11,0.8884502877862838,0
412,2,5,10,0.7484756247255858,654,11,0.8884502877862838,0
488,2,5,11,0.597274043581647,666,11,0.9431945538974952,0
479,2,5,3,0.7325596688156976,694,11,0.9431945538974952,0
425,6,5,11,0.4898413411899011,818,11,0.9431945538974952,0
456,2,5,3,0.7444966357481138,686,11,0.9431945538974952,0
513,2,5,3,0.5535051648294542,689,11,0.9431945538974952,0
521,6,5,3,0.7166437129058093,764,11,0.8884502877862838,0
392,6,5,11,1.0110888972387428,551,11,0.8884502877862838,0
426,6,5,3,0.8758032720046922,726,11,0.8884502877862838,0
523,2,5,11,0.8200974263200832,582,11,0.9431945538974952,0
433,6,5,3,0.8996772058695247,640,11,0.9431945538974952,0
384,2,5,3,0.8161184373426111,627,11,0.8884502877862838,0
316,2,5,3,0.6171689884690075,724,11,0.8884502877862838,0
523,6,5,10,0.7405176467706417,660,11,0.8884502877862838,0
452,6,5,3,0.7325596688156976,631,11,0.9431945538974952,0
444,6,5,11,0.7086857349508652,680,11,0.8884502877862838,0
387,6,5,11,0.7803075365453624,688,11,0.9431945538974952,0
432,2,5,3,0.4699463963025407,720,11,0.9431945538974952,0
502,2,5,11,0.5893160656267029,793,11,0.8884502877862838,0
519,6,5,3,0.3903666167530992,740,11,0.9431945538974952,0
487,2,5,3,0.5773790986942867,667,11,0.8884502877862838,0
430,6,5,3,0.5654421317618704,641,11,0.8884502877862838,0
399,6,5,11,0.541568197897038,718,11,0.9431945538974952,0
440,2,5,3,0.6330849443788957,603,11,0.9431945538974952,0
535,2,5,3,0.6012530325591191,749,11,0.8884502877862838,0
476,2,5,11,0.8240764152975553,627,11,0.8884502877862838,0
464,6,5,10,0.5813580876717588,749,11,0.8884502877862838,0
473,6,5,11,0.6728748341536165,727,11,0.8884502877862838,0
385,2,5,3,0.8121394483651391,629,11,0.8884502877862838,0
486,2,5,3,0.382408638798155,805,11,0.9431945538974952,0
445,2,5,10,0.3704716718657388,690,11,0.9431945538974952,0
515,6,5,10,0.5893160656267029,692,11,0.8884502877862838,0
464,2,5,3,0.4301565065278199,747,11,0.9431945538974952,0
365,2,5,10,0.8320343932524994,593,11,0.8884502877862838,0
530,2,5,11,0.4023035836855154,768,11,0.8884502877862838,0
458,6,5,11,0.3465977380009064,863,11,0.9431945538974952,0
605,2,5,3,0.3107868372036577,1025,11,0.9431945538974952,0
446,2,5,11,0.7484756247255858,779,11,0.8884502877862838,0
498,6,5,11,0.7882655145003066,716,11,0.8884502877862838,0
372,6,5,11,0.9036561948469968,532,11,0.9431945538974952,0
531,2,5,3,0.7484756247255858,678,11,0.9431945538974952,0
553,2,5,11,0.8956982168920526,712,11,0.8884502877862838,0
463,6,5,11,0.593295054604175,600,11,0.8884502877862838,0
442,2,5,3,0.7126647239283372,687,11,0.9431945538974952,0
349,6,5,3,0.7962234924552508,635,11,0.8884502877862838,0
437,6,5,11,0.7803075365453624,682,11,0.8884502877862838,0
455,2,5,11,0.6927697790409768,736,11,0.8884502877862838,0
543,2,5,3,0.5535051648294542,769,11,0.9431945538974952,0
513,6,5,10,0.4540304403926524,733,11,0.8884502877862838,0
453,2,5,3,0.5296312309646218,748,11,0.9431945538974952,0
435,6,5,11,0.3187448151586018,884,11,0.9431945538974952,0
417,2,5,10,0.8758032720046922,599,11,0.8884502877862838,0
552,2,5,10,0.4699463963025407,781,11,0.8884502877862838,0
461,6,5,3,0.6728748341536165,681,11,0.9431945538974952,0
399,6,5,10,0.8996772058695247,663,11,0.9431945538974952,0
391,6,5,10,0.96732001848655,667,11,0.8884502877862838,0
451,6,5,10,0.6768538231310886,711,11,0.8884502877862838,0
448,6,5,3,0.4381144844827641,738,11,0.8884502877862838,0
501,6,5,11,0.7007277569959209,787,11,0.9431945538974952,0
333,2,5,3,0.9076351838244688,677,11,0.8884502877862838,0
444,6,5,11,0.6927697790409768,551,11,0.8884502877862838,0
580,6,5,10,0.6291059554014237,752,11,0.8884502877862838,0
504,2,5,10,0.3227238041360739,745,11,0.8884502877862838,0
440,6,5,3,0.6569588782437281,576,11,0.8884502877862838,0
482,6,5,3,0.4619884183475966,822,11,0.9431945538974952,0
270,6,5,3,1.0031309192837985,647,11,0.8884502877862838,0
500,2,5,11,0.4739253852800127,792,11,0.8884502877862838,0
401,2,5,3,0.5176942640322055,617,11,0.9431945538974952,0
482,2,5,10,0.434135495505292,770,11,0.9431945538974952,0
307,6,5,10,0.7365386577931696,684,11,0.8884502877862838,0
405,2,5,11,0.8797822609821643,635,11,0.9431945538974952,0
558,6,5,10,0.3625136939107947,762,11,0.8884502877862838,0
377,6,5,3,1.182185423270042,518,11,0.8884502877862838,0
475,2,5,10,0.5535051648294542,700,11,0.8884502877862838,0
499,2,5,10,0.8758032720046922,605,11,0.9431945538974952,0
374,2,5,3,0.7643915806354742,676,11,0.9431945538974952,0
378,2,5,10,0.7444966357481138,641,11,0.9431945538974952,0
510,2,5,10,0.3346607710684902,797,11,0.9431945538974952,0
390,2,5,11,0.7325596688156976,602,11,0.8884502877862838,0
492,6,5,10,0.4182195395954037,788,11,0.9431945538974952,0
451,2,5,3,0.8718242830272201,635,11,0.8884502877862838,0
501,2,5,11,0.5893160656267029,699,11,0.8884502877862838,0
459,6,5,11,0.5296312309646218,665,11,0.8884502877862838,0
403,2,5,10,0.6171689884690075,641,11,0.8884502877862838,0
403,2,5,10,0.6171689884690075,769,11,0.8884502877862838,0
506,6,5,3,0.541568197897038,746,11,0.9431945538974952,0
476,6,5,3,0.6291059554014237,673,11,0.9431945538974952,0
400,6,5,3,0.7604125916580021,767,11,0.8884502877862838,0
517,2,5,11,0.5336102199420939,718,11,0.8884502877862838,0
506,2,5,10,0.4779043742574848,732,11,0.8884502877862838,0
343,2,5,10,0.9553830515541336,597,11,0.8884502877862838,0
450,6,5,3,0.6171689884690075,678,11,0.9431945538974952,0
432,2,5,10,0.5296312309646218,690,11,0.8884502877862838,0
504,2,5,3,0.7643915806354742,686,11,0.9431945538974952,0
388,6,5,10,0.5535051648294542,750,11,0.9431945538974952,0
456,2,5,11,0.5495261758519822,741,11,0.9431945538974952,0
552,6,5,3,0.0163416528707242,856,11,0.8884502877862838,0
412,6,5,11,1.0667947429233515,606,11,0.9431945538974952,0
458,2,5,11,0.7723495585904183,725,11,0.8884502877862838,0
424,6,5,11,0.915593161779413,626,11,0.8884502877862838,0
464,2,5,11,0.6848118010860327,800,11,0.9431945538974952,0
394,2,5,11,0.8041814704101949,712,11,0.9431945538974952,0
372,2,5,11,0.8917192279145806,640,11,0.8884502877862838,0
380,6,5,11,0.8320343932524994,533,11,0.9431945538974952,0
427,6,5,11,0.7405176467706417,703,11,0.8884502877862838,0
439,2,5,3,0.7365386577931696,649,11,0.9431945538974952,0
332,2,5,3,0.9076351838244688,560,11,0.9431945538974952,0
464,6,5,10,0.5773790986942867,621,11,0.9431945538974952,0
475,6,5,3,0.4619884183475966,762,11,0.8884502877862838,0
455,6,5,3,0.5296312309646218,704,11,0.9431945538974952,0
340,2,5,10,0.7126647239283372,615,11,0.8884502877862838,0
443,6,5,3,0.3187448151586018,773,11,0.9431945538974952,0
350,6,5,11,1.019046875193687,528,11,0.9431945538974952,0
415,6,5,3,0.5773790986942867,715,11,0.9431945538974952,0
464,2,5,3,0.4818833632349569,775,11,0.8884502877862838,0
410,6,5,10,0.6251269664239516,642,11,0.8884502877862838,0
498,6,5,11,0.5176942640322055,784,11,0.9431945538974952,0
490,6,5,3,0.8479503491623878,624,11,0.8884502877862838,0
396,2,5,3,0.4221985285728758,712,11,0.8884502877862838,0
490,6,5,10,0.7166437129058093,716,11,0.8884502877862838,0
367,6,5,3,0.9394670956442456,588,11,0.9431945538974952,0
528,6,5,11,0.8320343932524994,652,11,0.8884502877862838,0
471,2,5,10,0.8002024814327229,664,11,0.9431945538974952,0
427,2,5,10,0.5097362860772614,734,11,0.9431945538974952,0
524,2,5,3,0.4779043742574848,672,11,0.9431945538974952,0
488,2,5,3,0.6052320215365912,715,11,0.8884502877862838,0
390,6,5,3,0.915593161779413,753,11,0.8884502877862838,0
506,6,5,3,0.6211479774464795,758,11,0.9431945538974952,0
470,6,5,10,0.6012530325591191,680,11,0.9431945538974952,0
518,2,5,3,0.7246016908607534,717,11,0.9431945538974952,0
409,6,5,10,0.6728748341536165,654,11,0.9431945538974952,0
452,2,5,3,0.7484756247255858,664,11,0.8884502877862838,0
608,2,5,10,0.3068078482261857,856,11,0.9431945538974952,0
521,6,5,10,0.2670179584514649,811,11,0.8884502877862838,0
470,6,5,11,0.7365386577931696,641,11,0.8884502877862838,0
385,2,5,10,0.9315091176893012,574,11,0.8884502877862838,0
470,6,5,3,0.7086857349508652,654,11,0.9431945538974952,0
572,6,5,3,0.6768538231310886,748,11,0.8884502877862838,0
487,2,5,10,0.7285806798382255,713,11,0.9431945538974952,0
444,2,5,11,0.5216732530096777,651,11,0.8884502877862838,0
499,2,5,10,0.6927697790409768,754,11,0.9431945538974952,0
357,2,5,11,0.6848118010860327,661,11,0.8884502877862838,0
426,2,5,11,0.6609378672212003,793,11,0.8884502877862838,0
482,6,5,3,0.5057572970997893,821,11,0.8884502877862838,0
556,6,5,3,0.2590599804965208,861,11,0.8884502877862838,0
561,2,5,11,0.4818833632349569,893,11,0.9431945538974952,0
421,2,5,3,0.9474250735991896,604,11,0.9431945538974952,0
541,6,5,11,0.5734001097168147,779,11,0.9431945538974952,0
403,2,5,10,0.8917192279145806,573,11,0.9431945538974952,0
526,6,5,3,0.593295054604175,823,11,0.9431945538974952,0
460,2,5,3,0.971299007464022,760,11,0.8884502877862838,0
318,6,5,3,0.9474250735991896,609,11,0.8884502877862838,0
412,2,5,10,0.752454613703058,659,11,0.8884502877862838,0
402,6,5,3,0.7325596688156976,631,11,0.8884502877862838,0
486,6,5,3,0.270996947428937,761,11,0.9431945538974952,0
402,6,5,10,0.8399923712074435,470,11,0.9431945538974952,0
503,2,5,11,0.4938203301673731,776,11,0.9431945538974952,0
555,6,5,11,0.5256522419871498,793,11,0.8884502877862838,0
499,2,5,11,0.7564336026805301,718,11,0.8884502877862838,0
417,6,5,11,0.7246016908607534,684,11,0.9431945538974952,0
333,2,5,11,0.7246016908607534,618,11,0.8884502877862838,0
423,2,5,3,0.7206227018832814,744,11,0.8884502877862838,0
420,6,5,11,0.7882655145003066,645,11,0.8884502877862838,0
434,6,5,3,0.7683705696129463,703,11,0.8884502877862838,0
466,6,5,11,0.6370639333563678,664,11,0.8884502877862838,0
511,2,5,3,0.5057572970997893,771,11,0.9431945538974952,0
497,2,5,10,0.5455471868745101,763,11,0.8884502877862838,0
444,6,5,11,0.9036561948469968,730,11,0.9431945538974952,0
269,2,5,3,1.1702484563376256,509,11,0.9431945538974952,0
404,2,5,10,0.6649168561986724,709,11,0.9431945538974952,0
463,2,5,3,0.7564336026805301,689,11,0.9431945538974952,0
463,2,5,10,0.4580094293701244,738,11,0.9431945538974952,0
490,2,5,10,0.808160459387667,641,11,0.9431945538974952,0
406,6,5,10,0.485862352212429,794,11,0.9431945538974952,0
370,2,5,3,0.7405176467706417,741,11,0.8884502877862838,0
455,6,5,10,0.4023035836855154,754,11,0.8884502877862838,0
408,6,5,10,0.7484756247255858,693,11,0.9431945538974952,0
370,6,5,3,0.7922445034777786,620,11,0.8884502877862838,0
452,6,5,11,0.6609378672212003,659,11,0.8884502877862838,0
496,2,5,11,0.7047067459733931,648,11,0.8884502877862838,0
502,2,5,10,0.5216732530096777,740,11,0.8884502877862838,0
492,6,5,3,0.7444966357481138,569,11,0.8884502877862838,0
403,2,5,3,0.5614631427843984,786,11,0.8884502877862838,0
416,2,5,10,0.7564336026805301,670,11,0.9431945538974952,0
366,2,5,11,0.8479503491623878,550,11,0.8884502877862838,0
524,2,5,11,0.5336102199420939,755,11,0.8884502877862838,0
354,6,5,10,0.7325596688156976,636,11,0.8884502877862838,0
543,6,5,10,0.4977993191448452,720,11,0.8884502877862838,0
534,6,5,3,0.6569588782437281,727,11,0.8884502877862838,0
543,2,5,3,0.5734001097168147,682,11,0.8884502877862838,0
354,2,5,3,0.8479503491623878,621,11,0.8884502877862838,0
514,2,5,3,0.4142405506179316,791,11,0.9431945538974952,0
459,6,5,10,0.7047067459733931,608,11,0.9431945538974952,0
342,2,5,3,0.963341029509078,589,11,0.9431945538974952,0
331,6,5,3,0.8797822609821643,490,11,0.8884502877862838,0
443,6,5,10,0.6848118010860327,682,11,0.8884502877862838,0
505,6,5,11,0.752454613703058,671,11,0.9431945538974952,0
388,2,5,11,0.859887316094804,613,11,0.9431945538974952,0
367,6,5,11,0.7206227018832814,664,11,0.8884502877862838,0
420,6,5,3,0.7604125916580021,673,11,0.8884502877862838,0
502,6,5,11,0.5336102199420939,629,11,0.9431945538974952,0
503,2,5,11,0.1794802009470793,919,11,0.8884502877862838,0
421,6,5,3,0.541568197897038,806,11,0.9431945538974952,0
586,2,5,10,0.6251269664239516,754,11,0.8884502877862838,0
807,2,5,11,1.0540063820692636,1275,6,0.9431945538974952,0
718,2,5,11,1.3126406656049483,1253,7,0.9431945538974952,0
762,2,5,5,1.50761112550108,1298,7,0.9431945538974952,0
651,2,5,5,1.133586161618705,1253,6,0.9431945538974952,0
717,2,5,11,1.2052079632132024,1092,7,0.9431945538974952,0
745,2,5,5,1.6548337176675467,1353,6,0.9431945538974952,0
616,2,5,11,0.7555822087588581,1038,7,0.9431945538974952,0
755,2,5,11,1.244997852987923,1155,6,0.9431945538974952,0
602,2,5,5,1.185313018325842,1247,6,0.9431945538974952,0
614,2,5,5,0.9823845804747664,1150,6,0.9431945538974952,0
745,2,5,5,1.2688717868527557,1295,7,0.9431945538974952,0
690,2,5,5,1.8577621555186223,1344,6,0.9431945538974952,0
818,2,5,11,1.2489768419653953,1241,6,0.9431945538974952,0
807,2,5,5,1.1892920073033142,1202,7,0.9431945538974952,0
695,2,5,5,1.2688717868527557,1285,6,0.9431945538974952,0
670,2,5,5,1.0977752608214564,1185,7,0.9431945538974952,0
850,2,5,5,1.3922204451543898,1384,7,0.9431945538974952,0
609,2,5,5,1.125628183663761,1237,7,0.9431945538974952,0
753,2,5,11,0.7038553520517211,1069,7,0.9431945538974952,0
548,2,5,5,0.8391409772857716,1090,6,0.9431945538974952,0
822,2,5,11,1.9651948579103689,1420,7,0.9431945538974952,0
779,2,5,5,1.233060886055507,1168,6,0.9431945538974952,0
724,2,5,5,1.4877161806137198,1250,7,0.9431945538974952,0
701,2,5,5,1.233060886055507,1265,6,0.9431945538974952,0
748,2,5,11,1.185313018325842,1207,6,0.9431945538974952,0
669,2,5,11,1.1574600954835377,1245,6,0.9431945538974952,0
730,2,5,11,0.7038553520517211,1135,7,0.9431945538974952,0
683,2,5,11,1.0619643600242077,1053,6,0.9431945538974952,0
755,2,5,5,1.388241456176918,1340,7,0.9431945538974952,0
661,2,5,5,0.7874141205786347,1176,6,0.9431945538974952,0
742,2,5,11,1.2768297648076998,1152,6,0.9431945538974952,0
721,2,5,5,0.8351619883082996,1162,6,0.9431945538974952,0
603,2,5,5,1.3802834782219735,1189,7,0.9431945538974952,0
762,2,5,5,0.8789308670604924,1111,6,0.9431945538974952,0
642,2,5,11,1.109712227753873,1118,7,0.9431945538974952,0
839,2,5,5,1.3205986435598926,1364,7,0.9431945538974952,0
615,2,5,5,1.1415441395736492,1147,6,0.9431945538974952,0
661,2,5,11,1.0858382938890403,1139,7,0.9431945538974952,0
575,2,5,11,0.8351619883082996,1069,7,0.9431945538974952,0
680,2,5,11,1.2768297648076998,1295,7,0.9431945538974952,0
608,2,5,11,1.0898172828665122,1140,7,0.9431945538974952,0
731,2,5,5,1.1614390844610096,1217,7,0.9431945538974952,0
638,2,5,5,0.863014911150604,1077,7,0.9431945538974952,0
826,2,5,5,1.666770684599963,1291,6,0.9431945538974952,0
806,2,5,11,1.5792329270955774,1135,7,0.9431945538974952,0
899,2,5,11,1.567295960163161,1359,7,0.9431945538974952,0
790,2,5,11,1.5752539381181052,1329,7,0.9431945538974952,0
608,2,5,5,0.6083596165923914,1075,7,0.9431945538974952,0
660,2,5,5,1.6707496735774352,1367,7,0.9431945538974952,0
664,2,5,5,1.1534811065060655,1198,7,0.9431945538974952,0
723,2,5,11,1.2768297648076998,1210,7,0.9431945538974952,0
808,2,5,5,1.5115901144785522,1266,6,0.9431945538974952,0
705,2,5,5,1.404157412086806,1249,7,0.9431945538974952,0
792,2,5,11,1.1296071726412331,1255,7,0.9431945538974952,0
634,2,5,11,1.0619643600242077,1173,7,0.9431945538974952,0
835,2,5,5,1.3643675223120857,1203,7,0.9431945538974952,0
667,2,5,11,1.3325356104923087,1163,6,0.9431945538974952,0
809,2,5,5,1.288766731740116,1193,6,0.9431945538974952,0
563,2,5,11,1.0102375033170707,1240,7,0.9431945538974952,0
678,2,5,5,0.9863635694522384,1210,7,0.9431945538974952,0
777,2,5,5,1.555358993230745,1304,7,0.9431945538974952,0
653,2,5,5,1.1574600954835377,1186,7,0.9431945538974952,0
727,2,5,11,1.3126406656049483,1330,7,0.9431945538974952,0
698,2,5,11,1.5951488830054656,1333,6,0.9431945538974952,0
628,2,5,11,0.8669939001280762,1153,7,0.9431945538974952,0
711,2,5,11,1.3763044892445015,1141,6,0.9431945538974952,0
731,2,5,11,1.3484515664021972,1249,7,0.9431945538974952,0
722,2,5,11,1.0579853710467355,1247,7,0.9431945538974952,0
539,2,5,11,0.8391409772857716,1015,7,0.9431945538974952,0
700,2,5,11,0.7396662528489698,1174,6,0.9431945538974952,0
680,2,5,5,0.7794561426236906,1091,6,0.9431945538974952,0
633,2,5,5,0.7635401867138022,1119,6,0.9431945538974952,0
719,2,5,11,1.284787742762644,1209,6,0.9431945538974952,0
553,2,5,11,0.6521284953445842,1086,7,0.9431945538974952,0
691,2,5,11,1.2648927978752835,1255,6,0.9431945538974952,0
634,2,5,5,1.0181954812720149,1104,7,0.9431945538974952,0
606,2,5,11,0.5566327598852544,1007,7,0.9431945538974952,0
712,2,5,11,1.0301324482044312,1223,6,0.9431945538974952,0
650,2,5,11,0.6322335504572237,1013,6,0.9431945538974952,0
835,2,5,11,1.443947301861527,1286,7,0.9431945538974952,0
646,2,5,5,1.18133402934837,1285,7,0.9431945538974952,0
688,2,5,5,1.4797582026587754,1289,7,0.9431945538974952,0
658,2,5,5,1.0619643600242077,1165,7,0.9431945538974952,0
545,2,5,11,0.8868888450154365,1287,7,0.9431945538974952,0
779,2,5,11,1.432010334929111,1284,7,0.9431945538974952,0
562,2,5,11,0.7913931095561068,1097,6,0.9431945538974952,0
706,2,5,5,1.173376051393426,1309,6,0.9431945538974952,0
789,2,5,5,1.6508547286900748,1373,6,0.9431945538974952,0
815,2,5,5,1.2251029081005629,1246,6,0.9431945538974952,0
742,2,5,5,1.3245776325373646,1156,6,0.9431945538974952,0
828,2,5,11,0.9386157017225736,1232,7,0.9431945538974952,0
578,2,5,11,0.8948468229703807,1103,7,0.9431945538974952,0
825,2,5,11,1.0022795253621266,1242,6,0.9431945538974952,0
734,2,5,5,1.18133402934837,1254,6,0.9431945538974952,0
507,2,5,5,1.1057332387764005,1189,6,0.9431945538974952,0
696,2,5,11,1.4081364010642785,1296,6,0.9431945538974952,0
764,2,5,5,1.2131659411681466,1308,6,0.9431945538974952,0
606,2,5,11,1.1296071726412331,1152,6,0.9431945538974952,0
735,2,5,5,1.495674158568664,1344,6,0.9431945538974952,0
773,2,5,5,1.3166196545824205,1275,7,0.9431945538974952,0
667,2,5,5,1.443947301861527,1258,6,0.9431945538974952,0
649,2,5,11,1.0778803159340962,1183,6,0.9431945538974952,0
703,2,5,11,1.2728507758302277,1270,7,0.9431945538974952,0
893,2,5,11,1.5275060703884404,1281,7,0.9431945538974952,0
729,2,5,5,1.1017542497989286,1125,6,0.9431945538974952,0
781,2,5,11,1.1574600954835377,1225,7,0.9431945538974952,0
606,2,5,5,1.0420694151368477,1150,6,0.9431945538974952,0
520,2,5,5,0.8550569331956599,1072,7,0.9431945538974952,0
851,2,5,11,1.5314850593659124,1215,6,0.9431945538974952,0
674,2,5,5,0.6600864732995283,1157,6,0.9431945538974952,0
711,2,5,11,0.8152670434209391,1164,7,0.9431945538974952,0
631,2,5,11,1.0102375033170707,1107,7,0.9431945538974952,0
778,2,5,11,1.4757792136813035,1189,7,0.9431945538974952,0
671,2,5,5,1.0341114371819031,1228,6,0.9431945538974952,0
684,2,5,5,0.962489635587406,1150,7,0.9431945538974952,0
692,2,5,11,1.1534811065060655,1169,7,0.9431945538974952,0
739,2,5,5,0.9266787347901572,1204,7,0.9431945538974952,0
697,2,5,5,0.7197713079616094,1027,7,0.9431945538974952,0
693,2,5,5,1.0261534592269592,1099,7,0.9431945538974952,0
741,2,5,11,1.2648927978752835,1258,6,0.9431945538974952,0
791,2,5,11,1.5394430373208567,1301,6,0.9431945538974952,0
752,2,5,11,1.292745720717588,1236,6,0.9431945538974952,0
626,2,5,11,0.9505526686549896,1268,7,0.9431945538974952,0
704,2,5,11,0.966468624564878,1221,7,0.9431945538974952,0
811,2,5,11,1.766245409036765,1352,7,0.9431945538974952,0
837,2,5,5,1.3842624671994457,1309,6,0.9431945538974952,0
824,2,5,11,1.0937962718439844,1299,7,0.9431945538974952,0
771,2,5,5,1.1654180734384818,1276,6,0.9431945538974952,0
614,2,5,11,1.1534811065060655,1176,7,0.9431945538974952,0
648,2,5,11,0.6919183851193049,1001,7,0.9431945538974952,0
678,2,5,5,0.7157923189841373,1129,7,0.9431945538974952,0
727,2,5,5,1.18133402934837,1190,7,0.9431945538974952,0
669,2,5,11,0.7078343410291932,1115,7,0.9431945538974952,0
565,2,5,5,0.9028048009253248,1152,6,0.9431945538974952,0
704,2,5,11,1.1136912167313446,1125,6,0.9431945538974952,0
763,2,5,11,1.288766731740116,1233,6,0.9431945538974952,0
676,2,5,11,1.193270996280786,1244,6,0.9431945538974952,0
790,2,5,11,1.2648927978752835,1344,6,0.9431945538974952,0
647,2,5,5,1.2171449301456188,1194,6,0.9431945538974952,0
698,2,5,5,1.109712227753873,1255,7,0.9431945538974952,0
932,2,5,11,1.3922204451543898,1298,6,0.9431945538974952,0
752,2,5,11,0.6799814181868887,1181,7,0.9431945538974952,0
788,2,5,11,1.0579853710467355,1306,6,0.9431945538974952,0
719,2,5,5,1.18133402934837,1234,6,0.9431945538974952,0
566,2,5,11,0.8829098560379645,1134,6,0.9431945538974952,0
705,2,5,5,1.121649194686289,1212,7,0.9431945538974952,0
642,2,5,5,1.1654180734384818,1134,6,0.9431945538974952,0
759,2,5,11,1.432010334929111,1176,6,0.9431945538974952,0
695,2,5,11,0.9823845804747664,1155,7,0.9431945538974952,0
794,2,5,5,1.4121153900417502,1330,7,0.9431945538974952,0
716,2,5,11,1.5513800042532728,1269,6,0.9431945538974952,0
729,2,5,11,0.9187207568352131,1203,6,0.9431945538974952,0
646,2,5,5,1.125628183663761,1208,7,0.9431945538974952,0
639,2,5,5,0.8510779442181878,1125,7,0.9431945538974952,0
785,2,5,5,1.4001784231093342,1221,7,0.9431945538974952,0
695,2,5,11,0.9465736796775176,1161,7,0.9431945538974952,0
807,2,5,5,1.3245776325373646,1234,6,0.9431945538974952,0
767,2,5,11,1.149502117528593,1289,7,0.9431945538974952,0
811,2,5,11,1.2609138088978116,1198,6,0.9431945538974952,0
705,2,5,5,1.1693970624159538,1119,7,0.9431945538974952,0
695,2,5,5,1.014216492294543,1200,6,0.9431945538974952,0
736,2,5,11,0.7714981646687463,1136,7,0.9431945538974952,0
644,2,5,5,1.0261534592269592,1089,7,0.9431945538974952,0
694,2,5,11,1.1455231285511214,1297,7,0.9431945538974952,0
601,2,5,11,1.0619643600242077,1282,6,0.9431945538974952,0
728,2,5,5,1.1534811065060655,1176,6,0.9431945538974952,0
758,2,5,5,1.396199434131862,1278,6,0.9431945538974952,0
691,2,5,5,0.8908678339929086,1051,6,0.9431945538974952,0
778,2,5,11,0.9903425584297104,1232,6,0.9431945538974952,0
776,2,5,5,1.722476530284572,1259,6,0.9431945538974952,0
656,2,5,5,1.0977752608214564,1277,6,0.9431945538974952,0
663,2,5,5,0.7834351316011626,1211,6,0.9431945538974952,0
661,2,5,11,0.9823845804747664,1088,7,0.9431945538974952,0
735,2,5,11,1.4121153900417502,1298,7,0.9431945538974952,0
768,2,5,5,1.503632136523608,1337,6,0.9431945538974952,0
597,2,5,5,0.6839604071643608,1029,7,0.9431945538974952,0
670,2,5,5,1.081859304911568,1255,7,0.9431945538974952,0
740,2,5,11,1.3046826876500044,1372,7,0.9431945538974952,0
637,2,5,5,0.8311829993308275,1203,6,0.9431945538974952,0
598,2,5,5,0.9147417678577412,1126,6,0.9431945538974952,0
760,2,5,5,1.0540063820692636,1087,6,0.9431945538974952,0
750,2,5,5,1.3404935884472529,1285,6,0.9431945538974952,0
748,2,5,11,1.2171449301456188,1242,6,0.9431945538974952,0
750,2,5,11,1.3285566215148368,1215,6,0.9431945538974952,0
600,2,5,5,0.859035922173132,1080,7,0.9431945538974952,0
779,2,5,5,1.503632136523608,1253,6,0.9431945538974952,0
715,2,5,5,0.966468624564878,1262,7,0.9431945538974952,0
722,2,5,11,0.97044761354235,1167,6,0.9431945538974952,0
821,2,5,11,0.9067837899027968,1140,7,0.9431945538974952,0
709,2,5,5,1.1892920073033142,1202,7,0.9431945538974952,0
713,2,5,5,1.3126406656049483,1296,6,0.9431945538974952,0
612,2,5,11,0.958510646609934,1222,7,0.9431945538974952,0
653,2,5,5,1.2489768419653953,1199,6,0.9431945538974952,0
648,2,5,11,1.133586161618705,1155,7,0.9431945538974952,0
707,2,5,11,0.9465736796775176,1171,7,0.9431945538974952,0
629,2,5,5,0.8232250213758834,1105,6,0.9431945538974952,0
762,2,5,11,1.0898172828665122,1257,7,0.9431945538974952,0
676,2,5,5,0.7277292859165536,1117,7,0.9431945538974952,0
715,2,5,5,1.3046826876500044,1205,7,0.9431945538974952,0
740,2,5,5,1.3922204451543898,1240,7,0.9431945538974952,0
599,2,5,11,0.640191528412168,1126,7,0.9431945538974952,0
659,2,5,11,0.9744266025198222,1128,7,0.9431945538974952,0
561,2,5,5,1.125628183663761,1169,7,0.9431945538974952,0
764,2,5,5,1.3484515664021972,1272,6,0.9431945538974952,0
702,2,5,11,1.0102375033170707,1148,7,0.9431945538974952,0
697,2,5,11,1.121649194686289,1121,6,0.9431945538974952,0
715,2,5,5,1.4359893239065826,1277,7,0.9431945538974952,0
606,2,5,11,1.0062585143395988,1121,6,0.9431945538974952,0
794,2,5,5,1.4359893239065826,1267,6,0.9431945538974952,0
703,2,5,5,1.2768297648076998,1195,6,0.9431945538974952,0
601,2,5,5,1.06594334900168,1218,6,0.9431945538974952,0
875,2,5,5,1.8338882216537904,1354,6,0.9431945538974952,0
777,2,5,11,1.1534811065060655,1245,6,0.9431945538974952,0
738,2,5,5,1.2768297648076998,1235,6,0.9431945538974952,0
692,2,5,11,1.081859304911568,1131,7,0.9431945538974952,0
716,2,5,11,0.8948468229703807,1183,7,0.9431945538974952,0
673,2,5,5,1.0022795253621266,1229,6,0.9431945538974952,0
766,2,5,11,1.3564095443571411,1250,6,0.9431945538974952,0
706,2,5,5,0.962489635587406,1163,6,0.9431945538974952,0
659,2,5,5,1.133586161618705,1145,7,0.9431945538974952,0
600,2,5,11,0.6839604071643608,1194,6,0.9431945538974952,0
658,2,5,5,1.173376051393426,1127,6,0.9431945538974952,0
636,2,5,11,1.081859304911568,1113,7,0.9431945538974952,0
868,2,5,11,1.0937962718439844,1172,6,0.9431945538974952,0
726,2,5,5,0.9067837899027968,1049,7,0.9431945538974952,0
853,2,5,5,1.451905279816471,1307,7,0.9431945538974952,0
828,2,5,5,1.3802834782219735,1353,6,0.9431945538974952,0
748,2,5,11,1.5275060703884404,1247,7,0.9431945538974952,0
690,2,5,5,1.1136912167313446,1171,7,0.9431945538974952,0
791,2,5,5,0.7913931095561068,1231,7,0.9431945538974952,0
672,2,5,5,1.0460484041143194,1222,6,0.9431945538974952,0
737,2,5,11,1.3802834782219735,1264,6,0.9431945538974952,0
579,2,5,5,0.9306577237676292,1156,6,0.9431945538974952,0
645,2,5,5,0.5566327598852544,1049,6,0.9431945538974952,0
789,2,5,11,1.4916951695911915,1261,6,0.9431945538974952,0
777,2,5,5,1.8617411444960947,1342,6,0.9431945538974952,0
742,2,5,11,1.1614390844610096,1171,7,0.9431945538974952,0
714,2,5,11,0.7953720985335788,1129,7,0.9431945538974952,0
743,2,5,5,0.9903425584297104,1149,6,0.9431945538974952,0
655,2,5,5,1.0699223379791518,1121,7,0.9431945538974952,0
756,2,5,5,1.1693970624159538,1231,7,0.9431945538974952,0
690,2,5,11,1.1654180734384818,1230,7,0.9431945538974952,0
608,2,5,5,0.9784055914972942,1142,6,0.9431945538974952,0
696,2,5,5,1.1574600954835377,1129,6,0.9431945538974952,0
845,2,5,11,1.2768297648076998,1157,6,0.9431945538974952,0
763,2,5,11,0.859035922173132,1176,6,0.9431945538974952,0
710,2,5,5,1.0699223379791518,1133,7,0.9431945538974952,0
875,2,5,11,1.8975520452933432,1341,6,0.9431945538974952,0
682,2,5,11,1.2091869521906744,1198,6,0.9431945538974952,0
757,2,5,11,1.5633169711856891,1322,6,0.9431945538974952,0
703,2,5,5,1.0579853710467355,1185,6,0.9431945538974952,0
715,2,5,5,0.8112880544434671,1179,7,0.9431945538974952,0
752,2,5,5,1.611064838915354,1261,7,0.9431945538974952,0
858,2,5,5,1.615043827892826,1347,6,0.9431945538974952,0
803,2,5,11,1.3683465112895574,1205,6,0.9431945538974952,0
730,2,5,11,1.2052079632132024,1260,7,0.9431945538974952,0
592,2,5,11,1.292745720717588,1181,7,0.9431945538974952,0
709,2,5,5,0.9346367127451014,1142,7,0.9431945538974952,0
706,2,5,11,0.8988258119478527,1060,7,0.9431945538974952,0
820,2,5,11,1.50761112550108,1342,7,0.9431945538974952,0
681,2,5,11,0.9147417678577412,1145,7,0.9431945538974952,0
604,2,5,11,1.0062585143395988,1048,6,0.9431945538974952,0
793,2,5,5,1.4280313459516385,1227,6,0.9431945538974952,0
778,2,5,5,1.0500273930917916,1295,7,0.9431945538974952,0
619,2,5,11,0.9346367127451014,1170,6,0.9431945538974952,0
822,2,5,11,1.5314850593659124,1333,7,0.9431945538974952,0
660,2,5,5,0.7595611977363301,1130,7,0.9431945538974952,0
760,2,5,11,0.863014911150604,1137,7,0.9431945538974952,0
808,2,5,11,1.2768297648076998,1253,6,0.9431945538974952,0
820,2,5,11,1.288766731740116,1230,7,0.9431945538974952,0
754,2,5,5,1.0858382938890403,1304,6,0.9431945538974952,0
647,2,5,5,0.9903425584297104,1203,6,0.9431945538974952,0
743,2,5,5,1.1534811065060655,1253,7,0.9431945538974952,0
755,2,5,5,1.2529558309428672,1217,6,0.9431945538974952,0
772,2,5,5,1.5394430373208567,1312,6,0.9431945538974952,0
610,2,5,11,0.695897374096777,1129,6,0.9431945538974952,0
807,2,5,11,1.185313018325842,1189,6,0.9431945538974952,0
596,2,5,5,0.9425946907000456,1099,7,0.9431945538974952,0
674,2,5,11,1.0937962718439844,1207,7,0.9431945538974952,0
740,2,5,11,1.149502117528593,1324,7,0.9431945538974952,0
673,2,5,11,1.1057332387764005,1284,6,0.9431945538974952,0
753,2,5,5,0.8550569331956599,1213,6,0.9431945538974952,0
769,2,5,11,0.8152670434209391,1095,7,0.9431945538974952,0
658,2,5,5,1.014216492294543,1097,7,0.9431945538974952,0
796,2,5,5,1.5991278719829378,1316,7,0.9431945538974952,0
740,2,5,5,1.18133402934837,1236,7,0.9431945538974952,0
625,2,5,5,0.966468624564878,1094,7,0.9431945538974952,0
735,2,5,5,1.1614390844610096,1233,7,0.9431945538974952,0
786,2,5,11,0.910762778880269,1055,6,0.9431945538974952,0
670,2,5,11,0.6720234402319445,1083,6,0.9431945538974952,0
729,2,5,11,1.0181954812720149,1254,7,0.9431945538974952,0
633,2,5,5,1.121649194686289,1222,6,0.9431945538974952,0
689,2,5,11,1.0619643600242077,1145,6,0.9431945538974952,0
710,2,5,11,1.1375651505961772,1186,7,0.9431945538974952,0
517,2,5,5,0.9465736796775176,1117,6,0.9431945538974952,0
797,2,5,11,0.8868888450154365,1078,6,0.9431945538974952,0
660,2,5,5,1.1415441395736492,1219,6,0.9431945538974952,0
635,2,5,5,1.0778803159340962,1176,7,0.9431945538974952,0
809,2,5,5,1.4916951695911915,1384,6,0.9431945538974952,0
619,2,5,11,0.8550569331956599,1175,6,0.9431945538974952,0
416,2,5,5,0.97044761354235,1077,6,0.9431945538974952,0
712,2,5,5,1.5314850593659124,1310,7,0.9431945538974952,0
678,2,5,11,1.3245776325373646,1305,6,0.9431945538974952,0
856,2,5,5,1.5115901144785522,1216,7,0.9431945538974952,0
692,2,5,11,1.0977752608214564,1194,7,0.9431945538974952,0
655,2,5,11,0.8391409772857716,1173,7,0.9431945538974952,0
683,2,5,5,0.9903425584297104,1263,7,0.9431945538974952,0
734,2,5,11,1.4598632577714152,1231,6,0.9431945538974952,0
777,2,5,5,1.06594334900168,1189,7,0.9431945538974952,0
647,2,5,5,0.4969479252231732,965,7,0.9431945538974952,0
761,2,5,5,1.1574600954835377,1224,6,0.9431945538974952,0
765,2,5,11,1.0500273930917916,1222,7,0.9431945538974952,0
867,2,5,11,1.503632136523608,1252,7,0.9431945538974952,0
666,2,5,11,1.3643675223120857,1196,6,0.9431945538974952,0
755,2,5,11,1.2489768419653953,1314,6,0.9431945538974952,0
648,2,5,5,0.910762778880269,1231,7,0.9431945538974952,0
648,2,5,11,1.0261534592269592,1140,6,0.9431945538974952,0
588,2,5,5,0.9306577237676292,1107,7,0.9431945538974952,0
454,2,5,5,0.9744266025198222,1149,6,0.9431945538974952,0
703,2,5,11,1.4598632577714152,1345,6,0.9431945538974952,0
837,2,5,11,1.149502117528593,1177,7,0.9431945538974952,0
630,2,5,5,1.109712227753873,1246,7,0.9431945538974952,0
736,2,5,5,1.3245776325373646,1280,7,0.9431945538974952,0
875,2,5,5,1.2290818970780348,1304,6,0.9431945538974952,0
865,2,5,11,1.778182375969181,1371,6,0.9431945538974952,0
635,2,5,11,0.807309065465995,1162,6,0.9431945538974952,0
883,2,5,11,1.6906446184647954,1253,6,0.9431945538974952,0
730,2,5,11,1.2012289742357305,1207,6,0.9431945538974952,0
732,2,5,5,1.7145185523296278,1275,6,0.9431945538974952,0
678,2,5,11,1.0619643600242077,1134,6,0.9431945538974952,0
716,2,5,11,1.2648927978752835,1262,7,0.9431945538974952,0
900,2,5,11,1.443947301861527,1240,6,0.9431945538974952,0
795,2,5,5,1.0261534592269592,1119,6,0.9431945538974952,0
685,2,5,11,1.177355040370898,1270,7,0.9431945538974952,0
448,2,5,11,0.6839604071643608,1025,6,0.9431945538974952,0
789,2,5,5,0.8391409772857716,1229,7,0.9431945538974952,0
814,2,5,11,1.5991278719829378,1243,6,0.9431945538974952,0
668,2,5,5,1.4837371916362476,1301,6,0.9431945538974952,0
667,2,5,11,1.1654180734384818,1204,6,0.9431945538974952,0
757,2,5,5,1.3683465112895574,1256,7,0.9431945538974952,0
858,2,5,11,1.499653147546136,1268,7,0.9431945538974952,0
747,2,5,11,1.5195480924334963,1354,7,0.9431945538974952,0
771,2,5,11,1.4359893239065826,1243,7,0.9431945538974952,0
718,2,5,11,1.1375651505961772,1249,7,0.9431945538974952,0
693,2,5,5,1.022174470249487,1081,7,0.9431945538974952,0
728,2,5,5,0.9386157017225736,1161,6,0.9431945538974952,0
640,2,5,5,0.6123386055698634,1109,6,0.9431945538974952,0
678,2,5,5,0.7356872638714977,1082,6,0.9431945538974952,0
577,2,5,11,0.6799814181868887,1098,6,0.9431945538974952,0
603,2,5,11,1.109712227753873,1203,6,0.9431945538974952,0
697,2,5,11,0.807309065465995,1150,6,0.9431945538974952,0
677,2,5,5,1.0181954812720149,1210,6,0.9431945538974952,0
767,2,5,5,0.7993510875110509,1175,7,0.9431945538974952,0
597,6,5,11,0.3306817820910181,1220,12,0.9431945538974952,1
643,6,5,11,0.1826077960028794,1431,12,0.9431945538974952,1
462,6,5,11,0.4460724624377082,1210,12,0.9431945538974952,1
586,2,5,11,0.1467968952056307,1553,12,0.9431945538974952,1
615,6,5,11,0.274975936406409,1290,12,0.9431945538974952,1
414,2,5,11,0.3028288592487136,1262,12,0.9431945538974952,1
384,2,5,11,0.6092110105140632,1416,12,0.9431945538974952,1
535,6,5,11,0.5654421317618704,1350,12,0.9431945538974952,1
431,6,5,11,0.1914171678794955,1257,12,0.9431945538974952,1
591,2,5,11,0.1396903111723585,1487,12,0.9431945538974952,1
435,6,5,11,0.3346607710684902,1237,12,0.9431945538974952,1
655,6,5,11,0.0720474985553333,1382,12,0.9431945538974952,1
326,2,5,11,0.7643915806354742,1062,12,0.9431945538974952,1
540,2,5,11,0.2590599804965208,1198,12,0.9431945538974952,1
457,2,5,11,0.4062825726629875,1178,12,0.9431945538974952,1
493,2,5,11,0.3943456057305713,1241,12,0.9431945538974952,1
416,6,5,11,0.1388389172506866,1641,12,0.9431945538974952,1
462,2,5,11,0.4739253852800127,1136,12,0.9431945538974952,1
500,2,5,11,0.5097362860772614,1160,12,0.9431945538974952,1
505,6,5,11,0.158733862138047,1391,12,0.9431945538974952,1
560,6,5,11,0.2073331237893838,1255,12,0.9431945538974952,1
416,2,5,11,0.1755012119696072,1186,12,0.9431945538974952,1
531,2,5,11,0.1237743552624702,1327,12,0.9431945538974952,1
485,2,5,11,0.3107868372036577,1321,12,0.9431945538974952,1
720,6,5,11,0.0791540825886055,1501,12,0.9431945538974952,1
466,2,5,11,0.5614631427843984,1160,12,0.9431945538974952,1
448,2,5,11,0.7126647239283372,1154,12,0.9431945538974952,1
478,6,5,11,0.4818833632349569,1320,12,0.9431945538974952,1
457,2,5,11,0.1078583993525819,1130,12,0.9431945538974952,1
575,6,5,11,0.5734001097168147,1075,12,0.9431945538974952,1
389,6,5,11,0.541568197897038,1042,12,0.9431945538974952,1
469,2,5,11,0.2860615094171533,1341,12,0.9431945538974952,1
465,6,5,11,0.2550809915190487,1329,12,0.9431945538974952,1
620,2,5,11,0.2025027408902398,1372,12,0.9431945538974952,1
477,2,5,11,0.0910910495210217,1294,12,0.9431945538974952,1
512,2,5,11,0.2670179584514649,1064,12,0.9431945538974952,1
562,2,5,11,0.0083836749157801,1233,12,0.9431945538974952,1
476,2,5,11,0.7405176467706417,1082,12,0.9431945538974952,1
442,6,5,11,0.8399923712074435,1037,12,0.9431945538974952,1
368,6,5,11,0.8758032720046922,1094,12,0.9431945538974952,1
416,6,5,11,0.2789549253838811,1091,12,0.9431945538974952,1
628,6,5,11,0.0791540825886055,1501,12,0.9431945538974952,1
470,6,5,11,0.167543234014663,1220,12,0.9431945538974952,1
659,6,5,11,0.0680685095778612,1446,12,0.9431945538974952,1
540,2,5,11,0.167543234014663,1044,12,0.9431945538974952,1
525,2,5,11,0.5574841538069263,1082,12,0.9431945538974952,1
553,2,5,11,0.541568197897038,1245,12,0.9431945538974952,1
590,2,5,11,0.1388389172506866,1457,12,0.9431945538974952,1
505,2,5,11,0.1237743552624702,1247,12,0.9431945538974952,1
653,2,5,11,1.1543325004277374,1024,12,0.9431945538974952,1
539,6,5,11,0.4500514514151803,1148,12,0.9431945538974952,1
530,2,5,11,0.6092110105140632,1174,12,0.9431945538974952,1
545,6,5,11,0.5893160656267029,1202,12,0.9431945538974952,1
648,2,5,11,0.5725487157951427,1695,12,0.9431945538974952,1
492,6,5,11,0.5535051648294542,1063,12,0.9431945538974952,1
628,6,5,11,0.0919424434426936,1242,12,0.9431945538974952,1
636,2,5,11,0.2025027408902398,1337,12,0.9431945538974952,1
301,2,5,11,0.4818833632349569,999,12,0.9431945538974952,1
543,2,5,11,0.0282786198031404,1383,12,0.9431945538974952,1
342,6,5,11,0.597274043581647,679,12,0.9431945538974952,1
613,6,5,11,0.0433431817913568,1333,12,0.9431945538974952,1
409,2,5,11,0.060110531622917,1360,12,0.9431945538974952,1
418,2,5,11,0.3704716718657388,1363,12,0.9431945538974952,1
694,2,5,11,0.0481735646905008,1381,12,0.9431945538974952,1
528,2,5,11,0.3585347049333226,1159,12,0.9431945538974952,1
319,6,5,11,0.5455471868745101,1157,12,0.9431945538974952,1
468,2,5,11,0.8439713601849157,828,12,0.9431945538974952,1
566,2,5,11,0.2303556637325443,1314,12,0.9431945538974952,1
575,2,5,11,0.2789549253838811,1121,12,0.9431945538974952,1
419,6,5,11,0.6251269664239516,1235,12,0.9431945538974952,1
482,6,5,11,0.1507758841831028,1416,12,0.9431945538974952,1
402,6,5,11,0.6410429223338399,1274,12,0.9431945538974952,1
617,2,5,11,0.060110531622917,1285,12,0.9431945538974952,1
510,2,5,11,0.0441945757130287,1267,12,0.9431945538974952,1
501,6,5,11,0.4062825726629875,1126,12,0.9431945538974952,1
605,2,5,11,0.0871120605435496,1328,12,0.9431945538974952,1
580,6,5,11,0.0322576087806125,1449,12,0.9431945538974952,1
586,6,5,11,0.004404685938308,1131,12,0.9431945538974952,1
379,6,5,11,0.7643915806354742,1135,12,0.9431945538974952,1
600,6,5,11,0.0481735646905008,1468,12,0.9431945538974952,1
450,6,5,11,0.2272280686767442,1279,12,0.9431945538974952,1
569,6,5,11,0.0433431817913568,1372,12,0.9431945538974952,1
514,2,5,11,0.0433431817913568,1306,12,0.9431945538974952,1
510,6,5,11,0.5137152750547335,1067,12,0.9431945538974952,1
547,2,5,11,0.4023035836855154,1018,12,0.9431945538974952,1
589,6,5,11,0.1078583993525819,1537,12,0.9431945538974952,1
438,6,5,11,0.5057572970997893,945,12,0.9431945538974952,1
627,6,5,11,0.2303556637325443,1490,12,0.9431945538974952,1
540,6,5,11,0.6291059554014237,965,12,0.9431945538974952,1
501,2,5,11,0.0919424434426936,1478,12,0.9431945538974952,1
568,6,5,11,0.2272280686767442,1275,12,0.9431945538974952,1
374,6,5,11,0.7643915806354742,1023,12,0.9431945538974952,1
501,6,5,11,0.7365386577931696,999,12,0.9431945538974952,1
603,2,5,11,0.158733862138047,1328,12,0.9431945538974952,1
405,6,5,11,0.2471230135641045,1278,12,0.9431945538974952,1
416,6,5,11,0.5137152750547335,1228,12,0.9431945538974952,1
747,6,5,11,0.270996947428937,1256,12,0.9431945538974952,1
626,6,5,11,0.3903666167530992,1263,12,0.9431945538974952,1
552,2,5,11,0.2192700907218,1309,12,0.9431945538974952,1
406,2,5,11,0.6211479774464795,1121,12,0.9431945538974952,1
452,2,5,11,0.378429649820683,1246,12,0.9431945538974952,1
509,2,5,11,0.0751750936111334,1563,12,0.9431945538974952,1
520,6,5,11,0.4381144844827641,1124,12,0.9431945538974952,1
674,6,5,11,0.1388389172506866,1520,12,0.9431945538974952,1
584,6,5,11,0.0521525536679729,1391,12,0.9431945538974952,1
573,2,5,11,0.2383136416874884,1432,12,0.9431945538974952,1
521,2,5,11,0.6291059554014237,1036,12,0.9431945538974952,1
534,2,5,11,0.6251269664239516,937,12,0.9431945538974952,1
512,2,5,11,0.0513011597463009,1357,12,0.9431945538974952,1
487,2,5,11,0.5694211207393426,1142,12,0.9431945538974952,1
481,6,5,11,0.2471230135641045,1322,12,0.9431945538974952,1
454,6,5,11,0.274975936406409,1212,12,0.9431945538974952,1
582,6,5,11,0.0004256969608359,1128,12,0.9431945538974952,1
518,6,5,11,0.0473221707688289,1156,12,0.9431945538974952,1
547,2,5,11,0.4619884183475966,1186,12,0.9431945538974952,1
577,6,5,11,0.4619884183475966,1514,12,0.9431945538974952,1
586,6,5,11,0.2829339143613532,1363,12,0.9431945538974952,1
415,2,5,11,0.649000900288784,1241,12,0.9431945538974952,1
518,6,5,11,0.2869129033388253,1261,12,0.9431945538974952,1
438,2,5,11,0.0203206418481963,1341,12,0.9431945538974952,1
501,6,5,11,0.378429649820683,1355,12,0.9431945538974952,1
531,2,5,11,0.1755012119696072,1304,12,0.9431945538974952,1
398,6,5,11,0.6609378672212003,971,12,0.9431945538974952,1
485,2,5,11,0.163564245037191,1295,12,0.9431945538974952,1
637,6,5,11,0.0481735646905008,1368,12,0.9431945538974952,1
592,6,5,11,0.0521525536679729,1487,12,0.9431945538974952,1
612,2,5,11,0.0163416528707242,1430,12,0.9431945538974952,1
399,2,5,11,0.8956982168920526,1007,12,0.9431945538974952,1
505,6,5,11,0.2113121127668558,1477,12,0.9431945538974952,1
525,2,5,11,0.3147658261811298,1130,12,0.9431945538974952,1
541,6,5,11,0.1396903111723585,1113,12,0.9431945538974952,1
578,2,5,11,0.4739253852800127,1073,12,0.9431945538974952,1
400,2,5,11,0.0800054765102774,1128,12,0.9431945538974952,1
558,6,5,11,0.0879634544652216,1307,12,0.9431945538974952,1
552,2,5,11,0.2351860466316883,1233,12,0.9431945538974952,1
627,6,5,11,0.4094101677187876,1605,12,0.9431945538974952,1
503,6,5,11,0.0473221707688289,1063,12,0.9431945538974952,1
476,6,5,11,0.3147658261811298,1076,12,0.9431945538974952,1
395,6,5,11,0.6211479774464795,872,12,0.9431945538974952,1
531,2,5,11,0.3227238041360739,970,12,0.9431945538974952,1
457,6,5,11,0.1476482891273027,1268,12,0.9431945538974952,1
453,2,5,11,0.4142405506179316,1056,12,0.9431945538974952,1
450,2,5,11,0.2940194873720975,1550,12,0.9431945538974952,1
536,2,5,11,0.2303556637325443,1466,12,0.9431945538974952,1
550,2,5,11,0.3903666167530992,1269,12,0.9431945538974952,1
323,6,5,11,0.7643915806354742,788,12,0.9431945538974952,1
437,2,5,11,0.2422926306649605,1329,12,0.9431945538974952,1
526,2,5,11,0.5694211207393426,1098,12,0.9431945538974952,1
541,2,5,11,0.2033541348119117,1472,12,0.9431945538974952,1
395,2,5,11,0.2073331237893838,1302,12,0.9431945538974952,1
528,2,5,11,0.0115112699715802,1412,12,0.9431945538974952,1
575,2,5,11,0.1428179062281586,1325,12,0.9431945538974952,1
462,2,5,11,0.2033541348119117,1186,12,0.9431945538974952,1
253,2,5,11,0.7842865255228345,1014,12,0.9431945538974952,1
575,6,5,11,0.2471230135641045,1392,12,0.9431945538974952,1
523,6,5,11,0.5336102199420939,1259,12,0.9431945538974952,1
445,6,5,11,0.5893160656267029,1111,12,0.9431945538974952,1
444,6,5,11,0.1834591899245513,1375,12,0.9431945538974952,1
608,2,5,11,0.1794802009470793,1557,12,0.9431945538974952,1
576,6,5,11,0.3107868372036577,1214,12,0.9431945538974952,1
495,6,5,11,0.1038794103751098,1364,12,0.9431945538974952,1
552,2,5,11,0.4381144844827641,1242,12,0.9431945538974952,1
567,2,5,11,0.0680685095778612,1105,12,0.9431945538974952,1
425,6,5,11,0.597274043581647,1341,12,0.9431945538974952,1
585,6,5,11,0.0800054765102774,1138,12,0.9431945538974952,1
568,2,5,11,0.1985237519127677,1288,12,0.9431945538974952,1
751,2,5,11,0.1348599282732145,1426,12,0.9431945538974952,1
467,2,5,11,0.0234482369039964,1269,12,0.9431945538974952,1
570,6,5,11,0.0203206418481963,1331,12,0.9431945538974952,1
452,6,5,11,0.1595852560597189,1339,12,0.9431945538974952,1
542,2,5,11,0.0433431817913568,1338,12,0.9431945538974952,1
429,2,5,11,0.0800054765102774,1246,12,0.9431945538974952,1
570,6,5,11,0.274975936406409,1346,12,0.9431945538974952,1
509,2,5,11,0.1158163773075261,1429,12,0.9431945538974952,1
597,6,5,11,0.2471230135641045,1181,12,0.9431945538974952,1
533,2,5,11,0.0004256969608359,1494,12,0.9431945538974952,1
617,6,5,11,0.2263766747550722,1570,12,0.9431945538974952,1
529,6,5,11,0.6211479774464795,1187,12,0.9431945538974952,1
575,6,5,11,0.0632381266787172,1467,12,0.9431945538974952,1
539,6,5,11,0.3147658261811298,1306,12,0.9431945538974952,1
547,2,5,11,0.1388389172506866,1363,12,0.9431945538974952,1
562,6,5,11,0.3187448151586018,1445,12,0.9431945538974952,1
604,6,5,11,0.3664926828882667,1172,12,0.9431945538974952,1
527,6,5,11,0.060110531622917,1317,12,0.9431945538974952,1
661,6,5,11,0.3704716718657388,1322,12,0.9431945538974952,1
480,2,5,11,0.5495261758519822,1295,12,0.9431945538974952,1
541,2,5,11,0.5813580876717588,1149,12,0.9431945538974952,1
677,2,5,11,0.0314062148589406,1505,12,0.9431945538974952,1
397,6,5,11,0.8996772058695247,782,12,0.9431945538974952,1
600,2,5,11,0.0959214324201657,1424,12,0.9431945538974952,1
632,2,5,11,0.2192700907218,1421,12,0.9431945538974952,1
515,2,5,11,0.0481735646905008,1213,12,0.9431945538974952,1
388,6,5,11,0.9354881066667734,922,12,0.9431945538974952,1
408,2,5,11,0.1834591899245513,1202,12,0.9431945538974952,1
537,6,5,11,0.167543234014663,1356,12,0.9431945538974952,1
528,6,5,11,0.3943456057305713,1145,12,0.9431945538974952,1
554,6,5,11,0.1953961568569676,1300,12,0.9431945538974952,1
490,6,5,11,0.3187448151586018,1082,12,0.9431945538974952,1
654,2,5,11,0.0473221707688289,1373,12,0.9431945538974952,1
637,6,5,11,0.3346607710684902,1352,12,0.9431945538974952,1
405,2,5,11,0.1197953662849981,1182,12,0.9431945538974952,1
446,2,5,11,0.597274043581647,1170,12,0.9431945538974952,1
451,2,5,11,0.1317323332174144,1023,12,0.9431945538974952,1
367,2,5,11,0.4619884183475966,1264,12,0.9431945538974952,1
428,2,5,11,0.3227238041360739,1050,12,0.9431945538974952,1
528,2,5,11,0.0083836749157801,1237,12,0.9431945538974952,1
497,6,5,11,0.6052320215365912,1193,12,0.9431945538974952,1
475,2,5,11,0.163564245037191,1297,12,0.9431945538974952,1
394,2,5,11,0.382408638798155,1219,12,0.9431945538974952,1
386,2,5,11,0.3943456057305713,1144,12,0.9431945538974952,1
533,6,5,11,0.4818833632349569,1070,12,0.9431945538974952,1
464,2,5,11,0.2232490796992721,1230,12,0.9431945538974952,1
705,6,5,11,0.4611370244259246,1717,12,0.9431945538974952,1
377,2,5,11,0.0203206418481963,1260,12,0.9431945538974952,1
420,2,5,11,0.2829339143613532,1390,12,0.9431945538974952,1
386,6,5,11,1.1185215996304887,1062,12,0.9431945538974952,1
552,2,5,11,0.3585347049333226,1472,12,0.9431945538974952,1
435,6,5,11,0.1834591899245513,1320,12,0.9431945538974952,1
659,6,5,11,0.0999004213976378,1194,12,0.9431945538974952,1
469,2,5,11,0.0154902589490523,1411,12,0.9431945538974952,1
448,6,5,11,0.6808328121085606,1057,12,0.9431945538974952,1
568,2,5,11,0.3903666167530992,1179,12,0.9431945538974952,1
642,2,5,11,0.0871120605435496,1460,12,0.9431945538974952,1
433,6,5,11,0.4301565065278199,1273,12,0.9431945538974952,1
627,6,5,11,0.1317323332174144,1414,12,0.9431945538974952,1
437,2,5,11,0.5574841538069263,1082,12,0.9431945538974952,1
640,2,5,11,0.2263766747550722,1439,12,0.9431945538974952,1
666,6,5,11,0.1229229613407983,1593,12,0.9431945538974952,1
567,2,5,11,0.1197953662849981,1494,12,0.9431945538974952,1
333,6,5,11,0.6887907900635047,1154,12,0.9431945538974952,1
552,6,5,11,0.4619884183475966,1032,12,0.9431945538974952,1
609,6,5,11,0.0592591377012451,1357,12,0.9431945538974952,1
475,2,5,11,0.2232490796992721,1361,12,0.9431945538974952,1
358,6,5,11,0.0115112699715802,1602,12,0.9431945538974952,1
404,2,5,11,0.2630389694739928,1312,12,0.9431945538974952,1
647,6,5,11,0.1317323332174144,1372,12,0.9431945538974952,1
451,6,5,11,0.4301565065278199,1110,12,0.9431945538974952,1
566,2,5,11,0.0322576087806125,1505,12,0.9431945538974952,1
331,2,5,11,0.2351860466316883,1129,12,0.9431945538974952,1
381,6,5,11,0.3983245947080434,988,12,0.9431945538974952,1
589,6,5,11,0.0720474985553333,1298,12,0.9431945538974952,1
396,2,5,11,0.2869129033388253,1300,12,0.9431945538974952,1
692,6,5,11,0.2502506086199046,1389,12,0.9431945538974952,1
627,2,5,11,0.378429649820683,1486,12,0.9431945538974952,1
535,2,5,11,0.1755012119696072,1326,12,0.9431945538974952,1
603,2,5,11,0.1348599282732145,1384,12,0.9431945538974952,1
600,6,5,11,0.1547548731605749,1305,12,0.9431945538974952,1
390,6,5,11,0.5256522419871498,1213,12,0.9431945538974952,1
482,2,5,11,0.0959214324201657,1337,12,0.9431945538974952,1
444,2,5,11,0.6410429223338399,963,12,0.9431945538974952,1
408,6,5,11,0.6410429223338399,1147,12,0.9431945538974952,1
554,6,5,11,0.0879634544652216,1212,12,0.9431945538974952,1
533,2,5,11,0.3187448151586018,1225,12,0.9431945538974952,1
398,2,5,11,0.5495261758519822,1132,12,0.9431945538974952,1
437,2,5,11,0.2422926306649605,1253,12,0.9431945538974952,1
471,6,5,11,0.6728748341536165,1081,12,0.9431945538974952,1
441,2,5,11,0.6967487680184489,1152,12,0.9431945538974952,1
436,6,5,11,0.3227238041360739,1153,12,0.9431945538974952,1
519,2,5,11,0.0760264875328053,1148,12,0.9431945538974952,1
450,6,5,11,0.060110531622917,1407,12,0.9431945538974952,1
606,6,5,11,0.1269019503182704,1610,12,0.9431945538974952,1
593,6,5,11,0.3465977380009064,1156,12,0.9431945538974952,1
598,2,5,11,0.3863876277756271,1267,12,0.9431945538974952,1
596,6,5,11,0.274975936406409,1170,12,0.9431945538974952,1
490,2,5,11,0.8996772058695247,958,12,0.9431945538974952,1
566,6,5,11,0.3107868372036577,1311,12,0.9431945538974952,1
595,6,5,11,0.2383136416874884,1526,12,0.9431945538974952,1
485,6,5,11,0.0800054765102774,1157,12,0.9431945538974952,1
615,6,5,11,0.2272280686767442,1441,12,0.9431945538974952,1
571,6,5,11,0.0163416528707242,1342,12,0.9431945538974952,1
549,6,5,11,0.055280148723773,1365,12,0.9431945538974952,1
520,6,5,11,0.2033541348119117,1159,12,0.9431945538974952,1
351,6,5,11,0.7763285475678904,973,12,0.9431945538974952,1
386,2,5,11,0.3147658261811298,1079,12,0.9431945538974952,1
586,6,5,11,0.0672171156561892,1346,12,0.9431945538974952,1
566,6,5,11,0.0274272258814685,1182,12,0.9431945538974952,1
596,2,5,11,0.382408638798155,995,12,0.9431945538974952,1
516,6,5,11,0.6370639333563678,1129,12,0.9431945538974952,1
539,6,5,11,0.2152911017443279,1176,12,0.9431945538974952,1
602,6,5,11,0.2263766747550722,1240,12,0.9431945538974952,1
410,2,5,11,0.1078583993525819,1280,12,0.9431945538974952,1
538,2,5,11,0.0004256969608359,1302,12,0.9431945538974952,1
548,6,5,11,0.0513011597463009,1370,12,0.9431945538974952,1
560,2,5,11,0.4739253852800127,1114,12,0.9431945538974952,1
467,2,5,11,0.434135495505292,1187,12,0.9431945538974952,1
404,2,5,11,0.2312070576542162,1229,12,0.9431945538974952,1
691,6,5,11,0.2232490796992721,1310,12,0.9431945538974952,1
385,6,5,11,0.4460724624377082,1114,12,0.9431945538974952,1
595,2,5,11,0.0314062148589406,1438,12,0.9431945538974952,1
399,2,5,11,0.7842865255228345,815,12,0.9431945538974952,1
624,6,5,11,0.2422926306649605,1697,12,0.9431945538974952,1
500,2,5,11,1.078731709855768,1086,12,0.9431945538974952,1
514,6,5,11,0.6609378672212003,1167,12,0.9431945538974952,1
577,6,5,11,0.1189439723633262,1156,12,0.9431945538974952,1
615,2,5,11,0.0194692479265244,1496,12,0.9431945538974952,1
492,6,5,11,0.0234482369039964,1522,12,0.9431945538974952,1
380,6,5,11,0.4142405506179316,1252,12,0.9431945538974952,1
540,6,5,11,0.1905657739578236,1326,12,0.9431945538974952,1
582,2,5,11,0.4023035836855154,1245,12,0.9431945538974952,1
511,2,5,11,0.2073331237893838,1388,12,0.9431945538974952,1
475,6,5,11,0.5137152750547335,1232,12,0.9431945538974952,1
421,2,5,11,0.4659674073250686,1038,12,0.9431945538974952,1
477,2,5,11,0.5057572970997893,1000,12,0.9431945538974952,1
695,2,5,11,0.5805066937500868,1586,12,0.9431945538974952,1
386,6,5,11,0.2948708812937694,1266,12,0.9431945538974952,1
515,2,5,11,0.0083836749157801,1220,12,0.9431945538974952,1
491,2,5,11,0.597274043581647,883,12,0.9431945538974952,1
564,6,5,11,0.5336102199420939,1291,12,0.9431945538974952,1
478,6,5,11,0.4977993191448452,1059,12,0.9431945538974952,1
444,6,5,11,0.3545557159558505,1255,12,0.9431945538974952,1
477,2,5,11,0.378429649820683,1245,12,0.9431945538974952,1
398,6,5,11,0.382408638798155,1266,12,0.9431945538974952,1
545,6,5,11,0.1834591899245513,1335,12,0.9431945538974952,1
582,2,5,11,0.2113121127668558,1122,12,0.9431945538974952,1
523,2,5,11,0.5137152750547335,1118,12,0.9431945538974952,1
463,6,5,11,0.3863876277756271,1176,12,0.9431945538974952,1
536,2,5,11,0.2988498702712415,1190,12,0.9431945538974952,1
506,2,5,11,0.0203206418481963,1314,12,0.9431945538974952,1
550,2,5,11,0.0123626638932521,1503,12,0.9431945538974952,1
445,6,5,11,0.060110531622917,1446,12,0.9431945538974952,1
440,2,5,11,0.2948708812937694,1216,12,0.9431945538974952,1
532,6,5,11,0.4699463963025407,1029,12,0.9431945538974952,1
468,2,5,11,0.5017783081223173,1155,12,0.9431945538974952,1
478,6,5,11,0.5495261758519822,1123,12,0.9431945538974952,1
496,2,5,11,0.7803075365453624,1208,12,0.9431945538974952,1
544,2,5,11,0.3426187490234343,1109,12,0.9431945538974952,1
529,2,5,11,0.4818833632349569,1209,12,0.9431945538974952,1
440,6,5,11,0.4659674073250686,1112,12,0.9431945538974952,1
418,6,5,11,1.1463745224727933,1059,12,0.9431945538974952,1
362,2,5,11,0.8996772058695247,1085,12,0.9431945538974952,1
355,2,5,11,0.2431440245866324,1132,12,0.9431945538974952,1
566,2,5,11,0.1953961568569676,1302,12,0.9431945538974952,1
380,6,5,11,0.5614631427843984,1127,12,0.9431945538974952,1
573,2,5,11,0.056131542645445,1087,12,0.9431945538974952,1
457,2,5,11,0.2471230135641045,1279,12,0.9431945538974952,1
533,6,5,11,0.2789549253838811,1185,12,0.9431945538974952,1
443,6,5,11,0.6649168561986724,1096,12,0.9431945538974952,1
445,2,5,11,0.7405176467706417,825,12,0.9431945538974952,1
462,6,5,11,0.4779043742574848,1129,12,0.9431945538974952,1
450,6,5,11,0.2073331237893838,914,12,0.9431945538974952,1
479,6,5,11,0.2471230135641045,1189,12,0.9431945538974952,1
513,6,5,11,0.1786288070254073,1301,12,0.9431945538974952,1
458,2,5,11,0.537589208919566,1118,12,0.9431945538974952,1
516,6,5,11,0.1993751458344396,1444,12,0.9431945538974952,1
564,2,5,11,0.2471230135641045,1387,12,0.9431945538974952,1
458,2,5,11,0.2391650356091604,981,12,0.9431945538974952,1
494,6,5,11,0.1666918400929911,1455,12,0.9431945538974952,1
472,6,5,11,0.4938203301673731,1220,12,0.9431945538974952,1
544,2,5,11,0.5773790986942867,1024,12,0.9431945538974952,1
575,6,5,11,0.2462716196424326,1350,12,0.9431945538974952,1
467,6,5,11,0.0433431817913568,1171,12,0.9431945538974952,1
450,2,5,11,0.4460724624377082,1144,12,0.9431945538974952,1
519,2,5,11,0.4739253852800127,1179,12,0.9431945538974952,1
823,2,5,10,0.0035532920166361,2817,11,0.0273721330556057,0
891,6,5,10,0.3139144322594578,3012,11,0.0273721330556057,0
574,2,5,10,0.4102615616404595,2090,11,0.0273721330556057,0
738,2,5,10,0.7675191756912743,3059,11,0.8884502877862838,0
889,6,5,10,0.4730739913583408,3254,11,0.8884502877862838,0
887,6,5,10,0.5128638811330616,2574,11,0.0273721330556057,0
850,2,5,10,0.6004016386374472,3022,11,0.8884502877862838,0
903,2,5,10,0.4850109582907571,2968,11,0.0273721330556057,0
924,2,5,10,0.373599266921539,2982,11,0.0273721330556057,0
781,2,5,10,0.2383136416874884,2647,11,0.0273721330556057,0
777,2,5,10,0.2471230135641045,2294,11,0.0273721330556057,0
765,2,5,10,0.0910910495210217,2954,11,0.8884502877862838,0
795,6,5,10,0.5566327598852544,3082,11,0.0273721330556057,0
980,6,5,10,0.6004016386374472,3314,11,0.8884502877862838,0
965,6,5,10,1.0540063820692636,3435,11,0.0273721330556057,0
956,6,5,10,0.1905657739578236,3192,11,0.0273721330556057,0
800,2,5,10,0.270145553507265,2504,11,0.8884502877862838,0
629,2,5,10,0.1826077960028794,2620,11,0.0273721330556057,0
643,2,5,10,0.2422926306649605,2865,11,0.0273721330556057,0
880,2,5,10,0.1388389172506866,2680,11,0.8884502877862838,0
650,2,5,10,0.2582085865748488,2748,11,0.0273721330556057,0
793,6,5,10,0.4213471346512039,3069,11,0.8884502877862838,0
724,2,5,10,0.3107868372036577,2592,11,0.8884502877862838,0
839,2,5,10,0.9983005363846544,2754,11,0.0273721330556057,0
788,6,5,10,0.1189439723633262,2845,11,0.8884502877862838,0
993,6,5,10,0.2391650356091604,3262,11,0.0273721330556057,0
607,2,5,10,0.0194692479265244,2938,11,0.0273721330556057,0
637,6,5,10,0.2312070576542162,2293,11,0.0273721330556057,0
656,2,5,10,0.8829098560379645,3281,11,0.8884502877862838,0
658,6,5,10,0.1149649833858541,2633,11,0.0273721330556057,0
846,6,5,10,0.270145553507265,2946,11,0.8884502877862838,0
942,6,5,10,0.3457463440792345,2947,11,0.8884502877862838,0
769,2,5,10,0.5248008480654778,3010,11,0.8884502877862838,0
938,6,5,10,0.5208218590880057,3102,11,0.8884502877862838,0
823,2,5,10,0.3895152228314272,3381,11,0.8884502877862838,0
791,2,5,10,0.4054311787413155,2860,11,0.8884502877862838,0
714,2,5,10,0.6640654622770004,2835,11,0.0273721330556057,0
789,6,5,10,0.807309065465995,3136,11,0.8884502877862838,0
706,2,5,10,0.3107868372036577,2993,11,0.0273721330556057,0
716,6,5,10,0.4651160134033967,2875,11,0.0273721330556057,0
720,6,5,10,0.5725487157951427,2949,11,0.0273721330556057,0
749,2,5,10,0.0353852038364127,2675,11,0.8884502877862838,0
891,6,5,10,0.6680444512544724,3542,11,0.0273721330556057,0
566,2,5,10,0.3863876277756271,2562,11,0.0273721330556057,0
722,6,5,10,0.7635401867138022,3102,11,0.8884502877862838,0
1074,2,5,10,0.8272040103533554,3406,11,0.8884502877862838,0
754,6,5,10,0.167543234014663,2681,11,0.0273721330556057,0
866,2,5,10,0.5526537709077823,3068,11,0.8884502877862838,0
869,2,5,10,0.0800054765102774,3001,11,0.8884502877862838,0
642,2,5,10,0.3377883661242903,2609,11,0.8884502877862838,0
848,2,5,10,0.2979984763495695,2750,11,0.0273721330556057,0
836,2,5,10,0.7555822087588581,3191,11,0.8884502877862838,0
733,6,5,10,0.1467968952056307,2559,11,0.8884502877862838,0
761,2,5,10,0.5844856827275589,3183,11,0.0273721330556057,0
785,6,5,10,0.5725487157951427,3194,11,0.8884502877862838,0
595,2,5,10,0.321872410214402,2799,11,0.0273721330556057,0
889,2,5,10,0.2502506086199046,3137,11,0.8884502877862838,0
851,6,5,10,0.270145553507265,3072,11,0.8884502877862838,0
633,6,5,10,0.652979889266256,2171,11,0.0273721330556057,0
785,6,5,10,0.1945447629352956,3113,11,0.8884502877862838,0
671,6,5,10,0.4898413411899011,2209,11,0.0273721330556057,0
781,6,5,10,0.0123626638932521,2851,11,0.0273721330556057,0
1011,2,5,10,0.3895152228314272,2857,11,0.8884502877862838,0
649,2,5,10,0.0433431817913568,2642,11,0.0273721330556057,0
878,6,5,10,0.6760024292094166,2992,11,0.8884502877862838,0
559,6,5,10,0.111837388330054,2264,11,0.0273721330556057,0
900,6,5,10,0.1786288070254073,2999,11,0.8884502877862838,0
1122,6,5,10,0.7476242308039139,2912,11,0.8884502877862838,0
896,6,5,10,0.5446957929528382,3122,11,0.8884502877862838,0
838,2,5,10,0.8391409772857716,3564,11,0.8884502877862838,0
740,2,5,10,0.167543234014663,3010,11,0.0273721330556057,0
375,2,5,10,0.0910910495210217,2776,11,0.8884502877862838,0
666,2,5,10,0.64417051738964,2950,11,0.0273721330556057,0
1022,2,5,10,0.7993510875110509,3319,11,0.0273721330556057,0
776,2,5,10,0.055280148723773,3061,11,0.0273721330556057,0
921,2,5,10,0.1229229613407983,3281,11,0.0273721330556057,0
680,6,5,10,0.429305112606148,2850,11,0.8884502877862838,0
890,6,5,10,0.3059564543045137,2908,11,0.0273721330556057,0
561,2,5,10,0.6211479774464795,1991,11,0.8884502877862838,0
937,2,5,10,0.1317323332174144,2559,11,0.8884502877862838,0
573,2,5,10,0.2979984763495695,3155,11,0.8884502877862838,0
905,2,5,10,0.0672171156561892,2943,11,0.8884502877862838,0
806,6,5,10,0.3377883661242903,2917,11,0.0273721330556057,0
804,2,5,10,0.0481735646905008,2443,11,0.0273721330556057,0
756,2,5,10,0.6680444512544724,3035,11,0.8884502877862838,0
854,2,5,10,0.4054311787413155,3147,11,0.0273721330556057,0
687,2,5,10,0.004404685938308,2597,11,0.0273721330556057,0
789,2,5,10,0.1308809392957424,2570,11,0.0273721330556057,0
874,6,5,10,0.3537043220341786,3213,11,0.8884502877862838,0
821,6,5,10,0.1595852560597189,3205,11,0.8884502877862838,0
769,6,5,10,0.7157923189841373,2987,11,0.8884502877862838,0
756,2,5,10,0.1874381789020234,2706,11,0.8884502877862838,0
828,2,5,10,0.2550809915190487,2590,11,0.0273721330556057,0
849,6,5,10,0.4690950023808687,2873,11,0.8884502877862838,0
861,2,5,10,0.1746498180479352,3174,11,0.8884502877862838,0
544,2,5,10,0.1985237519127677,2139,11,0.8884502877862838,0
823,2,5,10,0.2351860466316883,2848,11,0.0273721330556057,0
746,6,5,10,0.695897374096777,2861,11,0.8884502877862838,0
659,2,5,10,0.6521284953445842,2916,11,0.0273721330556057,0
678,2,5,10,0.1794802009470793,2585,11,0.8884502877862838,0
615,2,5,10,0.3983245947080434,2569,11,0.0273721330556057,0
845,2,5,10,0.2104607188451839,3110,11,0.8884502877862838,0
748,6,5,10,0.2542295975973768,2659,11,0.8884502877862838,0
733,6,5,10,0.1826077960028794,2709,11,0.0273721330556057,0
910,6,5,10,0.1746498180479352,3237,11,0.0273721330556057,0
740,6,5,10,0.8669939001280762,3356,11,0.8884502877862838,0
839,2,5,10,0.0393641928138847,2799,11,0.0273721330556057,0
673,2,5,10,0.3457463440792345,2844,11,0.0273721330556057,0
832,2,5,10,0.1269019503182704,2724,11,0.0273721330556057,0
690,2,5,10,0.3537043220341786,2883,11,0.8884502877862838,0
744,2,5,10,0.3099354432819858,2816,11,0.8884502877862838,0
729,2,5,10,0.111837388330054,2925,11,0.8884502877862838,0
786,2,5,10,0.1507758841831028,2925,11,0.0273721330556057,0
994,2,5,10,0.7993510875110509,3540,11,0.0273721330556057,0
812,6,5,10,0.0791540825886055,3004,11,0.0273721330556057,0
880,2,5,10,0.6521284953445842,3037,11,0.8884502877862838,0
676,2,5,10,0.2303556637325443,2852,11,0.8884502877862838,0
854,2,5,10,0.540716803975366,2988,11,0.8884502877862838,0
850,2,5,10,0.2621875755523209,2854,11,0.8884502877862838,0
751,6,5,10,0.4690950023808687,2818,11,0.8884502877862838,0
811,6,5,10,0.3019774653270416,2897,11,0.0273721330556057,0
665,2,5,10,0.0720474985553333,2486,11,0.8884502877862838,0
852,2,5,10,0.6600864732995283,3056,11,0.0273721330556057,0
835,6,5,10,0.0154902589490523,2502,11,0.0273721330556057,0
902,2,5,10,0.2621875755523209,2584,11,0.8884502877862838,0
954,6,5,10,0.4412420795385642,2915,11,0.8884502877862838,0
682,6,5,10,0.1277533442399423,2549,11,0.8884502877862838,0
989,6,5,10,0.5725487157951427,3120,11,0.8884502877862838,0
787,2,5,10,0.2184186968001281,2988,11,0.8884502877862838,0
805,2,5,10,0.6600864732995283,2713,11,0.8884502877862838,0
763,2,5,10,0.1556062670822468,2943,11,0.0273721330556057,0
905,2,5,10,0.4014521897638435,2848,11,0.8884502877862838,0
824,6,5,10,0.5606117488627265,3134,11,0.0273721330556057,0
924,2,5,10,0.1149649833858541,3030,11,0.8884502877862838,0
765,2,5,10,0.3974732007863714,2902,11,0.0273721330556057,0
868,6,5,10,0.4332841015836201,3132,11,0.8884502877862838,0
957,2,5,10,0.4133891566962597,3303,11,0.0273721330556057,0
848,2,5,10,0.0513011597463009,2927,11,0.0273721330556057,0
973,2,5,10,0.0720474985553333,3053,11,0.8884502877862838,0
691,6,5,10,0.5287798370429498,3036,11,0.8884502877862838,0
749,2,5,10,0.2303556637325443,2855,11,0.0273721330556057,0
791,2,5,10,0.377578255899011,2592,11,0.8884502877862838,0
675,6,5,10,0.0521525536679729,2683,11,0.0273721330556057,0
829,6,5,10,0.5805066937500868,3069,11,0.0273721330556057,0
743,2,5,10,0.1786288070254073,2592,11,0.0273721330556057,0
974,6,5,10,0.4571580354484525,2725,11,0.0273721330556057,0
869,6,5,10,0.6561074843220562,3024,11,0.0273721330556057,0
777,2,5,10,0.2303556637325443,2976,11,0.0273721330556057,0
931,2,5,10,0.6481495063671121,2611,11,0.0273721330556057,0
648,2,5,10,0.055280148723773,2963,11,0.8884502877862838,0
1055,6,5,10,0.7913931095561068,3233,11,0.8884502877862838,0
665,2,5,10,0.3099354432819858,2940,11,0.8884502877862838,0
617,2,5,10,0.1277533442399423,2722,11,0.0273721330556057,0
897,6,5,10,0.5128638811330616,3258,11,0.8884502877862838,0
671,6,5,10,0.3855362338539552,2798,11,0.8884502877862838,0
773,2,5,10,0.8749518780830203,3289,11,0.0273721330556057,0
1012,2,5,10,0.7913931095561068,3267,11,0.0273721330556057,0
769,2,5,10,0.0879634544652216,2823,11,0.0273721330556057,0
956,2,5,10,0.5446957929528382,2795,11,0.8884502877862838,0
891,2,5,10,0.4253261236286759,3182,11,0.8884502877862838,0
781,6,5,10,0.7356872638714977,3092,11,0.8884502877862838,0
884,2,5,10,0.7675191756912743,3133,11,0.0273721330556057,0
790,6,5,10,0.1945447629352956,2869,11,0.8884502877862838,0
1012,6,5,10,1.0022795253621266,3140,11,0.0273721330556057,0
919,2,5,10,0.6760024292094166,2760,11,0.0273721330556057,0
697,2,5,10,0.1715222229921351,2066,11,0.0273721330556057,0
709,2,5,10,0.6481495063671121,3225,11,0.8884502877862838,0
998,6,5,10,0.6561074843220562,2868,11,0.0273721330556057,0
603,2,5,10,0.0871120605435496,2266,11,0.8884502877862838,0
689,2,5,10,0.270145553507265,2741,11,0.0273721330556057,0
905,6,5,10,0.3457463440792345,2937,11,0.8884502877862838,0
971,2,5,10,0.0314062148589406,2816,11,0.8884502877862838,0
715,6,5,10,0.1030280164534379,2622,11,0.0273721330556057,0
811,6,5,10,0.5725487157951427,3414,11,0.8884502877862838,0
613,6,5,10,0.8877402389371084,2334,11,0.8884502877862838,0
859,6,5,10,0.4969479252231732,3067,11,0.0273721330556057,0
647,2,5,10,0.5654421317618704,2330,11,0.0273721330556057,0
612,6,5,10,0.6760024292094166,3330,11,0.0273721330556057,0
905,6,5,10,0.5327588260204219,2929,11,0.8884502877862838,0
879,6,5,10,0.2820825204396813,2874,11,0.0273721330556057,0
854,2,5,10,0.6521284953445842,3173,11,0.8884502877862838,0
735,2,5,10,0.3895152228314272,2976,11,0.0273721330556057,0
745,2,5,10,0.4094101677187876,3093,11,0.8884502877862838,0
1016,6,5,10,0.373599266921539,2859,11,0.0273721330556057,0
785,6,5,10,0.2263766747550722,2578,11,0.8884502877862838,0
794,6,5,10,0.1388389172506866,2846,11,0.0273721330556057,0
944,6,5,10,0.751603219781386,3352,11,0.0273721330556057,0
802,6,5,10,0.5446957929528382,2950,11,0.0273721330556057,0
664,6,5,10,0.0720474985553333,2796,11,0.8884502877862838,0
921,2,5,10,0.6043806276149193,3195,11,0.0273721330556057,0
853,6,5,10,0.5725487157951427,3073,11,0.0273721330556057,0
884,2,5,10,0.3497253330567065,2861,11,0.8884502877862838,0
757,2,5,10,0.2621875755523209,2586,11,0.8884502877862838,0
1049,2,5,10,0.6760024292094166,3380,11,0.0273721330556057,0
872,2,5,10,0.5168428701105336,3516,11,0.0273721330556057,0
697,2,5,10,0.0999004213976378,2631,11,0.0273721330556057,0
679,6,5,10,0.1666918400929911,2924,11,0.0273721330556057,0
727,6,5,10,0.0791540825886055,2522,11,0.8884502877862838,0
873,2,5,10,0.4452210685160363,3011,11,0.0273721330556057,0
775,6,5,10,0.9784055914972942,2879,11,0.8884502877862838,0
802,6,5,10,0.3187448151586018,2222,11,0.8884502877862838,0
748,6,5,10,0.0672171156561892,3276,11,0.8884502877862838,0
667,2,5,10,0.373599266921539,3349,11,0.8884502877862838,0
742,2,5,10,0.3855362338539552,3031,11,0.0273721330556057,0
741,2,5,10,0.3895152228314272,2885,11,0.8884502877862838,0
871,2,5,10,0.9067837899027968,3475,11,0.8884502877862838,0
819,6,5,10,0.0402155867355567,2733,11,0.8884502877862838,0
787,2,5,10,0.1834591899245513,2354,11,0.0273721330556057,0
786,2,5,10,0.3815572448764831,3073,11,0.8884502877862838,0
697,6,5,10,0.1507758841831028,3272,11,0.0273721330556057,0
663,6,5,10,0.2033541348119117,2574,11,0.8884502877862838,0
797,2,5,10,0.1516272781047747,2115,11,0.8884502877862838,0
762,2,5,10,0.536737814997894,2948,11,0.0273721330556057,0
707,6,5,10,0.1794802009470793,2450,11,0.0273721330556057,0
792,6,5,10,0.429305112606148,3161,11,0.0273721330556057,0
894,2,5,10,0.910762778880269,3250,11,0.8884502877862838,0
914,2,5,10,0.5844856827275589,2749,11,0.0273721330556057,0
894,6,5,10,0.1467968952056307,2716,11,0.0273721330556057,0
759,6,5,10,0.4889899472682291,2792,11,0.0273721330556057,0
879,6,5,10,0.6680444512544724,3241,11,0.0273721330556057,0
782,6,5,10,0.4929689362457012,2854,11,0.8884502877862838,0
864,2,5,10,0.7157923189841373,3448,11,0.0273721330556057,0
893,2,5,10,1.0181954812720149,3381,11,0.0273721330556057,0
783,6,5,10,0.7118133300066652,2830,11,0.0273721330556057,0
710,2,5,10,0.3426187490234343,2911,11,0.8884502877862838,0
624,6,5,10,0.6649168561986724,2569,11,0.0273721330556057,0
693,6,5,10,0.4372630905610921,2876,11,0.0273721330556057,0
762,6,5,10,0.8789308670604924,3260,11,0.0273721330556057,0
773,2,5,10,0.0521525536679729,3156,11,0.0273721330556057,0
873,2,5,10,0.5088848921555895,3557,11,0.8884502877862838,0
864,2,5,10,0.373599266921539,2943,11,0.0273721330556057,0
977,6,5,10,0.8510779442181878,2944,11,0.8884502877862838,0
841,6,5,10,0.0632381266787172,2550,11,0.0273721330556057,0
800,6,5,10,0.060110531622917,2804,11,0.8884502877862838,0
957,2,5,10,0.6083596165923914,3017,11,0.0273721330556057,0
626,2,5,10,0.1755012119696072,2803,11,0.8884502877862838,0
640,6,5,10,0.0839844654877495,2402,11,0.8884502877862838,0
735,6,5,10,0.2900404983946254,2731,11,0.0273721330556057,0
969,2,5,10,0.0959214324201657,2446,11,0.0273721330556057,0
914,2,5,10,0.5168428701105336,2718,11,0.0273721330556057,0
849,6,5,10,0.1030280164534379,3180,11,0.8884502877862838,0
707,2,5,10,0.1874381789020234,2377,11,0.0273721330556057,0
619,2,5,10,0.0115112699715802,2420,11,0.8884502877862838,0
878,2,5,10,0.1030280164534379,2878,11,0.8884502877862838,0
975,2,5,10,0.5009269142006454,3454,11,0.0273721330556057,0
762,2,5,10,0.5685697268176706,2858,11,0.0273721330556057,0
973,2,5,10,0.1428179062281586,3135,11,0.8884502877862838,0
837,2,5,10,0.2979984763495695,2814,11,0.8884502877862838,0
947,6,5,10,1.1017542497989286,3193,11,0.8884502877862838,0
869,2,5,10,1.0858382938890403,3562,11,0.0273721330556057,0
871,2,5,10,0.3457463440792345,2775,11,0.0273721330556057,0
773,6,5,10,0.1945447629352956,2979,11,0.0273721330556057,0
867,2,5,10,0.0513011597463009,2812,11,0.8884502877862838,0
1053,2,5,10,1.2131659411681466,3441,11,0.0273721330556057,0
811,6,5,10,0.3656412889665948,3235,11,0.0273721330556057,0
935,2,5,10,0.4969479252231732,2999,11,0.8884502877862838,0
718,2,5,10,0.2343346527100163,2771,11,0.8884502877862838,0
798,2,5,10,0.2502506086199046,2800,11,0.8884502877862838,0
886,6,5,10,0.0473221707688289,2459,11,0.0273721330556057,0
688,6,5,10,0.3457463440792345,2844,11,0.0273721330556057,0
826,2,5,10,0.0163416528707242,2646,11,0.8884502877862838,0
716,2,5,10,0.5645907378401985,2482,11,0.8884502877862838,0
777,2,5,10,0.1507758841831028,2889,11,0.8884502877862838,0
790,2,5,10,0.4094101677187876,2955,11,0.8884502877862838,0
876,2,5,10,0.6481495063671121,3262,11,0.0273721330556057,0
716,6,5,10,0.540716803975366,2973,11,0.0273721330556057,0
664,2,5,10,0.4412420795385642,3109,11,0.8884502877862838,0
803,2,5,10,0.4690950023808687,2827,11,0.8884502877862838,0
851,6,5,10,0.3377883661242903,3386,11,0.8884502877862838,0
911,6,5,10,0.5248008480654778,2930,11,0.8884502877862838,0
727,6,5,10,0.0680685095778612,3053,11,0.8884502877862838,0
743,6,5,10,0.3059564543045137,3326,11,0.0273721330556057,0
835,2,5,10,0.5049059031781175,3086,11,0.8884502877862838,0
821,6,5,10,0.2820825204396813,2844,11,0.0273721330556057,0
897,2,5,10,0.0950700384984938,2637,11,0.0273721330556057,0
988,2,5,10,0.7436452418264419,3199,11,0.8884502877862838,0
781,2,5,10,0.6083596165923914,2823,11,0.0273721330556057,0
737,2,5,10,0.7874141205786347,3101,11,0.8884502877862838,0
689,2,5,10,0.3616622999891227,2920,11,0.8884502877862838,0
932,6,5,10,0.6202965835248075,2832,11,0.8884502877862838,0
859,6,5,10,1.0937962718439844,3060,11,0.8884502877862838,0
724,2,5,10,0.0322576087806125,2598,11,0.0273721330556057,0
927,6,5,10,0.9067837899027968,3478,11,0.0273721330556057,0
755,2,5,10,0.2343346527100163,2440,11,0.0273721330556057,0
811,2,5,10,0.1666918400929911,3010,11,0.8884502877862838,0
878,2,5,10,1.1296071726412331,3347,11,0.8884502877862838,0
772,6,5,10,0.2064817298677118,2761,11,0.0273721330556057,0
782,2,5,10,0.1547548731605749,2533,11,0.0273721330556057,0
702,6,5,10,0.0154902589490523,2935,11,0.0273721330556057,0
654,6,5,10,0.4173681456737318,3009,11,0.0273721330556057,0
738,2,5,10,0.0154902589490523,3010,11,0.0273721330556057,0
845,2,5,10,0.4213471346512039,2585,11,0.0273721330556057,0
740,6,5,10,0.0791540825886055,2786,11,0.8884502877862838,0
811,6,5,10,0.1436693001498306,2645,11,0.0273721330556057,0
758,6,5,10,0.5327588260204219,3049,11,0.0273721330556057,0
860,2,5,10,0.2104607188451839,2878,11,0.0273721330556057,0
732,2,5,10,0.0720474985553333,2665,11,0.0273721330556057,0
741,2,5,10,0.2940194873720975,2796,11,0.8884502877862838,0
773,2,5,10,0.2422926306649605,3291,11,0.8884502877862838,0
685,6,5,10,0.5128638811330616,3059,11,0.8884502877862838,0
657,2,5,10,0.3704716718657388,2155,11,0.8884502877862838,0
889,6,5,10,0.2900404983946254,2813,11,0.0273721330556057,0
917,6,5,10,0.8232250213758834,3215,11,0.8884502877862838,0
688,2,5,10,0.4779043742574848,2100,11,0.0273721330556057,0
1046,6,5,10,0.966468624564878,3358,11,0.8884502877862838,0
605,6,5,10,0.1078583993525819,2720,11,0.0273721330556057,0
1021,6,5,10,0.9266787347901572,3255,11,0.0273721330556057,0
775,2,5,10,0.0990490274759658,2705,11,0.8884502877862838,0
829,2,5,10,0.4213471346512039,2663,11,0.0273721330556057,0
725,6,5,10,0.377578255899011,3175,11,0.8884502877862838,0
791,6,5,10,0.2152911017443279,2672,11,0.8884502877862838,0
707,2,5,10,0.4730739913583408,3418,11,0.8884502877862838,0
791,2,5,10,0.3377883661242903,3097,11,0.0273721330556057,0
739,2,5,10,0.6242755725022796,2717,11,0.8884502877862838,0
729,2,5,10,0.3457463440792345,3087,11,0.8884502877862838,0
788,6,5,10,0.2789549253838811,2599,11,0.8884502877862838,0
728,6,5,10,0.7754771536462185,3278,11,0.0273721330556057,0
710,6,5,10,0.3068078482261857,2392,11,0.0273721330556057,0
903,2,5,10,0.7277292859165536,2904,11,0.8884502877862838,0
780,2,5,10,0.0831330715660775,3125,11,0.8884502877862838,0
665,6,5,10,0.3983245947080434,3084,11,0.8884502877862838,0
725,6,5,10,0.536737814997894,2494,11,0.0273721330556057,0
843,2,5,10,0.429305112606148,2526,11,0.8884502877862838,0
814,6,5,10,0.055280148723773,2743,11,0.0273721330556057,0
884,6,5,10,0.6043806276149193,2905,11,0.8884502877862838,0
835,6,5,10,0.2223976857776001,3026,11,0.0273721330556057,0
715,6,5,10,0.2869129033388253,2779,11,0.0273721330556057,0
918,6,5,10,0.2383136416874884,2687,11,0.0273721330556057,0
642,6,5,10,0.1277533442399423,2795,11,0.8884502877862838,0
849,6,5,10,0.060110531622917,2717,11,0.0273721330556057,0
841,6,5,10,0.5765277047726147,3071,11,0.0273721330556057,0
830,2,5,10,0.8351619883082996,3085,11,0.0273721330556057,0
732,2,5,10,0.0680685095778612,3107,11,0.8884502877862838,0
814,6,5,10,0.8351619883082996,3411,11,0.0273721330556057,0
984,2,5,10,0.6282545614797517,3092,11,0.0273721330556057,0
674,6,5,10,0.2431440245866324,2319,11,0.8884502877862838,0
845,6,5,10,0.1905657739578236,2810,11,0.0273721330556057,0
832,6,5,10,1.2290818970780348,3396,11,0.0273721330556057,0
884,6,5,10,0.7038553520517211,3084,11,0.0273721330556057,0
906,6,5,10,0.5009269142006454,3127,11,0.0273721330556057,0
859,6,5,10,0.4571580354484525,3361,11,0.0273721330556057,0
829,2,5,10,0.5049059031781175,3346,11,0.8884502877862838,0
861,2,5,10,0.3457463440792345,3486,11,0.0273721330556057,0
1013,2,5,10,0.4969479252231732,3397,11,0.0273721330556057,0
624,2,5,10,0.0163416528707242,3035,11,0.0273721330556057,0
806,2,5,10,0.4213471346512039,3222,11,0.0273721330556057,0
659,2,5,10,0.3505767269783785,2242,11,0.8884502877862838,0
871,6,5,10,0.6600864732995283,3041,11,0.8884502877862838,0
647,6,5,10,0.4253261236286759,3176,11,0.0273721330556057,0
685,6,5,10,0.0680685095778612,2423,11,0.0273721330556057,0
765,4,0,10,1.0579853710467355,1413,3,0.9431945538974952,0
675,6,0,10,0.3576833110116507,1265,3,0.9431945538974952,0
700,4,0,10,0.1149649833858541,1356,11,0.8884502877862838,0
755,6,0,10,0.5049059031781175,1472,11,0.8884502877862838,0
733,4,0,10,0.5287798370429498,1292,11,0.8884502877862838,0
766,6,0,10,1.1455231285511214,1615,3,0.8884502877862838,0
735,4,0,10,0.6242755725022796,1281,3,0.9431945538974952,0
822,4,0,10,0.5645907378401985,1343,11,0.9431945538974952,0
682,4,0,10,0.0282786198031404,1237,3,0.9431945538974952,0
752,4,0,10,0.3855362338539552,1324,11,0.9431945538974952,0
956,6,0,10,0.9187207568352131,1549,11,0.8884502877862838,0
794,4,0,10,0.7675191756912743,1359,3,0.9431945538974952,0
793,4,0,10,0.5327588260204219,1440,3,0.9431945538974952,0
676,6,0,10,0.3855362338539552,1335,11,0.8884502877862838,0
922,4,0,10,0.3974732007863714,1537,3,0.8884502877862838,0
805,4,0,10,0.6242755725022796,1337,11,0.9431945538974952,0
744,6,0,10,0.3616622999891227,1372,3,0.8884502877862838,0
750,4,0,10,0.6083596165923914,1396,11,0.8884502877862838,0
845,6,0,10,0.97044761354235,1325,11,0.8884502877862838,0
874,4,0,10,1.388241456176918,1701,11,0.9431945538974952,0
761,6,0,10,0.2940194873720975,1240,3,0.8884502877862838,0
863,6,0,10,0.7038553520517211,1553,11,0.9431945538974952,0
883,6,0,10,0.8988258119478527,1535,3,0.8884502877862838,0
680,6,0,10,0.2781035314622092,1221,3,0.8884502877862838,0
761,4,0,10,0.8351619883082996,1416,11,0.8884502877862838,0
763,4,0,10,0.0871120605435496,1183,11,0.8884502877862838,0
860,4,0,10,0.5725487157951427,1375,3,0.8884502877862838,0
713,4,0,10,0.7038553520517211,1411,3,0.9431945538974952,0
681,6,0,10,0.4810319693132849,1330,3,0.8884502877862838,0
795,4,0,10,0.8311829993308275,1431,3,0.8884502877862838,0
888,6,0,10,1.0181954812720149,1445,3,0.8884502877862838,0
677,6,0,10,0.9386157017225736,1418,3,0.8884502877862838,0
756,6,0,10,0.3815572448764831,1291,11,0.9431945538974952,0
790,6,0,10,0.8152670434209391,1542,11,0.9431945538974952,0
621,6,0,10,0.0521525536679729,1235,3,0.8884502877862838,0
824,4,0,10,0.7834351316011626,1403,11,0.8884502877862838,0
745,4,0,10,0.3497253330567065,1225,3,0.8884502877862838,0
783,4,0,10,0.699876363074249,1441,3,0.8884502877862838,0
803,4,0,10,0.7913931095561068,1593,3,0.8884502877862838,0
793,6,0,10,0.4253261236286759,1422,11,0.8884502877862838,0
743,6,0,10,0.9187207568352131,1425,11,0.9431945538974952,0
746,4,0,10,0.5128638811330616,1375,3,0.8884502877862838,0
770,6,0,10,0.1507758841831028,1259,3,0.9431945538974952,0
610,4,0,10,0.1556062670822468,1240,11,0.9431945538974952,0
721,6,0,10,0.5446957929528382,1098,3,0.8884502877862838,0
788,4,0,10,0.9386157017225736,1343,11,0.8884502877862838,0
731,4,0,10,0.6163175945473355,1154,3,0.8884502877862838,0
707,6,0,10,0.1755012119696072,1222,11,0.8884502877862838,0
767,6,0,10,0.2940194873720975,1404,11,0.8884502877862838,0
642,4,0,10,0.2113121127668558,1218,3,0.8884502877862838,0
751,6,0,10,0.377578255899011,1268,11,0.9431945538974952,0
868,4,0,10,1.2728507758302277,1519,11,0.8884502877862838,0
726,6,0,10,0.3338093771468182,1250,11,0.8884502877862838,0
758,6,0,10,0.7993510875110509,1316,3,0.8884502877862838,0
805,4,0,10,1.1455231285511214,1503,3,0.9431945538974952,0
688,4,0,10,0.0910910495210217,1314,3,0.8884502877862838,0
857,4,0,10,0.5805066937500868,1460,3,0.9431945538974952,0
737,4,0,10,0.3537043220341786,1381,11,0.9431945538974952,0
686,4,0,10,0.0115112699715802,1252,3,0.9431945538974952,0
605,6,0,10,0.158733862138047,1333,3,0.8884502877862838,0
846,6,0,10,1.0460484041143194,1523,3,0.8884502877862838,0
957,4,0,10,1.0181954812720149,1598,11,0.9431945538974952,0
746,6,0,10,0.4054311787413155,1293,11,0.9431945538974952,0
749,4,0,10,0.1149649833858541,1155,3,0.9431945538974952,0
912,6,0,10,1.3007036986725322,1520,3,0.9431945538974952,0
806,6,0,10,0.5526537709077823,1516,3,0.8884502877862838,0
708,6,0,10,1.149502117528593,1236,3,0.9431945538974952,0
643,6,0,10,0.2184186968001281,1191,3,0.8884502877862838,0
710,4,0,10,0.4651160134033967,1357,3,0.9431945538974952,0
786,4,0,10,0.373599266921539,1302,3,0.9431945538974952,0
812,6,0,10,0.6202965835248075,1461,3,0.8884502877862838,0
743,6,0,10,0.6600864732995283,1338,3,0.9431945538974952,0
729,6,0,10,0.536737814997894,1347,11,0.8884502877862838,0
775,4,0,10,0.4014521897638435,1417,3,0.8884502877862838,0
859,6,0,10,1.2290818970780348,1518,3,0.8884502877862838,0
779,6,0,10,0.4332841015836201,1395,11,0.9431945538974952,0
830,4,0,10,0.8311829993308275,1445,11,0.8884502877862838,0
749,6,0,10,0.1109859944083821,1206,3,0.9431945538974952,0
870,4,0,10,1.1534811065060655,1498,3,0.9431945538974952,0
727,6,0,10,0.6839604071643608,1360,11,0.8884502877862838,0
646,4,0,10,0.6561074843220562,1229,11,0.9431945538974952,0
671,4,0,10,0.0999004213976378,1114,11,0.9431945538974952,0
780,4,0,10,0.5924436606825031,1364,3,0.9431945538974952,0
706,6,0,10,0.6600864732995283,1493,3,0.8884502877862838,0
658,6,0,10,0.0234482369039964,1068,11,0.8884502877862838,0
785,4,0,10,1.1534811065060655,1450,11,0.9431945538974952,0
835,6,0,10,0.6879393961418329,1416,3,0.9431945538974952,0
791,4,0,10,0.3497253330567065,1207,3,0.9431945538974952,0
736,6,0,10,0.910762778880269,1405,3,0.9431945538974952,0
744,6,0,10,0.6282545614797517,1466,3,0.9431945538974952,0
742,4,0,10,0.5805066937500868,1387,11,0.9431945538974952,0
669,4,0,10,0.1348599282732145,1029,3,0.8884502877862838,0
747,6,0,10,0.7874141205786347,1429,3,0.8884502877862838,0
767,6,0,10,0.1826077960028794,1311,11,0.8884502877862838,0
740,6,0,10,0.4850109582907571,1394,11,0.9431945538974952,0
690,4,0,10,0.6163175945473355,1361,11,0.8884502877862838,0
749,4,0,10,0.6043806276149193,1267,11,0.9431945538974952,0
737,6,0,10,0.5725487157951427,1345,3,0.9431945538974952,0
790,4,0,10,0.5844856827275589,1394,3,0.9431945538974952,0
794,4,0,10,0.5327588260204219,1271,3,0.8884502877862838,0
774,6,0,10,0.6322335504572237,1393,11,0.9431945538974952,0
833,6,0,10,0.4531790464709804,1370,11,0.8884502877862838,0
805,6,0,10,0.8112880544434671,1684,11,0.9431945538974952,0
793,4,0,10,0.6004016386374472,1417,3,0.9431945538974952,0
716,6,0,10,0.162712851115519,1213,3,0.9431945538974952,0
857,4,0,10,0.8669939001280762,1330,11,0.9431945538974952,0
719,6,0,10,0.3099354432819858,1281,11,0.9431945538974952,0
748,6,0,10,0.8311829993308275,1537,11,0.9431945538974952,0
714,4,0,10,0.2223976857776001,1328,3,0.8884502877862838,0
732,6,0,10,0.6163175945473355,1401,11,0.8884502877862838,0
749,6,0,10,0.4850109582907571,1329,11,0.9431945538974952,0
780,4,0,10,0.4571580354484525,1344,3,0.9431945538974952,0
710,6,0,10,0.2741245424847371,1168,3,0.9431945538974952,0
699,6,0,10,0.1666918400929911,1293,3,0.8884502877862838,0
769,6,0,10,0.7953720985335788,1591,3,0.9431945538974952,0
774,6,0,10,1.0619643600242077,1404,3,0.9431945538974952,0
731,6,0,10,0.3497253330567065,1449,11,0.9431945538974952,0
747,6,0,10,0.0592591377012451,1128,11,0.9431945538974952,0
791,6,0,10,0.1467968952056307,1370,3,0.9431945538974952,0
790,6,0,10,0.8948468229703807,1372,3,0.8884502877862838,0
751,6,0,10,0.3178934212369299,1372,3,0.9431945538974952,0
806,6,0,10,0.1786288070254073,1378,3,0.8884502877862838,0
870,6,0,10,0.5486747819303103,1304,3,0.9431945538974952,0
738,6,0,10,0.8152670434209391,1520,3,0.8884502877862838,0
748,6,0,10,0.6242755725022796,1387,3,0.8884502877862838,0
736,6,0,10,0.7555822087588581,1372,11,0.9431945538974952,0
814,6,0,10,0.5566327598852544,1425,3,0.8884502877862838,0
814,4,0,10,0.2741245424847371,1445,3,0.8884502877862838,0
703,6,0,10,0.1826077960028794,1134,3,0.9431945538974952,0
774,6,0,10,0.4611370244259246,1269,11,0.9431945538974952,0
723,4,0,10,0.3855362338539552,1295,11,0.9431945538974952,0
850,4,0,10,1.073901326956624,1427,11,0.9431945538974952,0
805,6,0,10,0.7396662528489698,1427,3,0.9431945538974952,0
694,6,0,10,0.3099354432819858,1218,3,0.9431945538974952,0
751,4,0,10,0.4332841015836201,1479,11,0.8884502877862838,0
703,6,0,10,0.4770529803358129,1247,3,0.8884502877862838,0
705,6,0,10,0.1428179062281586,1214,3,0.9431945538974952,0
793,6,0,10,0.8192460323984113,1623,3,0.9431945538974952,0
764,4,0,10,0.807309065465995,1563,11,0.8884502877862838,0
862,6,0,10,0.7317082748940257,1356,11,0.9431945538974952,0
776,6,0,10,0.3537043220341786,1284,11,0.9431945538974952,0
776,6,0,10,0.6879393961418329,1452,11,0.9431945538974952,0
692,4,0,10,0.6640654622770004,1310,3,0.8884502877862838,0
783,6,0,10,1.1614390844610096,1521,11,0.8884502877862838,0
711,4,0,10,0.536737814997894,1237,11,0.8884502877862838,0
909,4,0,10,1.0102375033170707,1534,3,0.8884502877862838,0
813,4,0,10,0.5009269142006454,1508,3,0.9431945538974952,0
620,4,0,10,0.2979984763495695,1188,3,0.9431945538974952,0
746,6,0,10,0.0234482369039964,1191,11,0.8884502877862838,0
675,4,0,10,0.0115112699715802,1097,3,0.8884502877862838,0
805,6,0,10,0.803330076488523,1233,11,0.8884502877862838,0
949,6,0,10,0.5168428701105336,1486,11,0.8884502877862838,0
679,6,0,10,0.3178934212369299,1297,11,0.9431945538974952,0
789,4,0,10,0.9505526686549896,1296,3,0.9431945538974952,0
842,4,0,10,0.4492000574935084,1265,3,0.8884502877862838,0
817,6,0,10,0.9226997458126852,1638,3,0.8884502877862838,0
700,6,0,10,0.2900404983946254,1320,11,0.9431945538974952,0
759,6,0,10,0.5964226496599752,1415,3,0.8884502877862838,0
786,4,0,10,0.7118133300066652,1452,11,0.8884502877862838,0
806,6,0,10,0.8709728891055483,1366,11,0.9431945538974952,0
800,4,0,10,0.3696202779440669,1373,3,0.9431945538974952,0
770,6,0,10,0.0871120605435496,1287,3,0.8884502877862838,0
733,6,0,10,0.5486747819303103,1442,11,0.8884502877862838,0
731,4,0,10,0.7157923189841373,1230,3,0.8884502877862838,0
794,6,0,10,0.6839604071643608,1265,3,0.9431945538974952,0
686,4,0,10,0.1396903111723585,1156,3,0.9431945538974952,0
583,4,0,10,0.3417673551017623,1297,3,0.8884502877862838,0
794,4,0,10,0.9306577237676292,1471,11,0.9431945538974952,0
753,6,0,10,0.4611370244259246,1210,11,0.8884502877862838,0
747,4,0,10,0.5645907378401985,1416,11,0.9431945538974952,0
782,4,0,10,1.0778803159340962,1423,3,0.8884502877862838,0
694,6,0,10,1.0898172828665122,1437,3,0.8884502877862838,0
704,6,0,10,0.5287798370429498,1405,3,0.8884502877862838,0
764,6,0,10,0.321872410214402,1331,11,0.9431945538974952,0
808,4,0,10,0.3616622999891227,1235,11,0.9431945538974952,0
808,4,0,10,0.2502506086199046,1277,11,0.8884502877862838,0
865,6,0,10,0.7197713079616094,1317,11,0.9431945538974952,0
758,6,0,10,0.7874141205786347,1448,11,0.9431945538974952,0
798,6,0,10,0.4332841015836201,1330,3,0.8884502877862838,0
814,6,0,10,0.4452210685160363,1537,11,0.9431945538974952,0
704,6,0,10,0.373599266921539,1404,3,0.9431945538974952,0
733,6,0,10,0.4611370244259246,1294,3,0.8884502877862838,0
684,6,0,10,0.4770529803358129,1464,11,0.8884502877862838,0
703,6,0,10,0.2104607188451839,1372,3,0.9431945538974952,0
819,4,0,10,0.3019774653270416,1217,3,0.9431945538974952,0
709,6,0,10,0.0004256969608359,1313,3,0.9431945538974952,0
761,4,0,10,0.7157923189841373,1253,3,0.9431945538974952,0
858,6,0,10,1.133586161618705,1593,3,0.9431945538974952,0
753,6,0,10,0.6083596165923914,1384,3,0.9431945538974952,0
806,4,0,10,1.121649194686289,1565,11,0.9431945538974952,0
823,6,0,10,0.2263766747550722,1163,3,0.9431945538974952,0
733,4,0,10,0.0282786198031404,1310,11,0.9431945538974952,0
713,6,0,10,0.1985237519127677,1332,11,0.9431945538974952,0
758,6,0,10,0.1348599282732145,1110,3,0.8884502877862838,0
747,6,0,10,0.3298303881693462,1311,11,0.9431945538974952,0
620,6,0,10,0.1865867849803515,1145,3,0.9431945538974952,0
721,4,0,10,0.1547548731605749,1196,11,0.9431945538974952,0
775,4,0,10,0.5208218590880057,1335,11,0.8884502877862838,0
743,6,0,10,0.1547548731605749,1351,11,0.8884502877862838,0
734,4,0,10,0.270145553507265,1232,3,0.9431945538974952,0
688,4,0,10,0.0481735646905008,1198,11,0.9431945538974952,0
702,6,0,10,0.4730739913583408,1318,3,0.9431945538974952,0
822,6,0,10,0.7197713079616094,1568,11,0.8884502877862838,0
866,6,0,10,0.5248008480654778,1372,3,0.8884502877862838,0
701,4,0,10,0.6879393961418329,1378,11,0.9431945538974952,0
737,4,0,10,0.4810319693132849,1332,3,0.8884502877862838,0
591,6,0,10,0.6211479774464795,1055,11,0.9431945538974952,0
715,6,0,10,0.3068078482261857,1241,3,0.8884502877862838,0
656,4,0,10,0.0632381266787172,1247,11,0.9431945538974952,0
747,4,0,10,0.8988258119478527,1374,3,0.8884502877862838,0
789,4,0,10,0.3497253330567065,1458,3,0.9431945538974952,0
767,6,0,10,1.125628183663761,1567,11,0.9431945538974952,0
790,6,0,10,0.9266787347901572,1323,3,0.8884502877862838,0
698,4,0,10,0.5765277047726147,1436,11,0.8884502877862838,0
726,4,0,10,0.8709728891055483,1498,11,0.9431945538974952,0
547,4,0,10,0.0831330715660775,1123,3,0.8884502877862838,0
694,4,0,10,0.1874381789020234,1122,3,0.9431945538974952,0
780,6,0,10,0.5924436606825031,1347,3,0.9431945538974952,0
879,4,0,10,0.8391409772857716,1583,11,0.8884502877862838,0
764,4,0,10,0.4094101677187876,1207,11,0.8884502877862838,0
643,4,0,10,0.163564245037191,1159,11,0.9431945538974952,0
716,4,0,10,0.5486747819303103,1326,11,0.9431945538974952,0
764,4,0,10,0.7356872638714977,1301,11,0.8884502877862838,0
766,6,0,10,0.214439707822656,1273,11,0.8884502877862838,0
713,4,0,10,0.4213471346512039,1238,11,0.8884502877862838,0
862,6,0,10,0.2820825204396813,1208,11,0.9431945538974952,0
749,6,0,10,0.5088848921555895,1302,11,0.8884502877862838,0
602,6,0,10,0.0353852038364127,1142,3,0.9431945538974952,0
796,6,0,10,0.4810319693132849,1320,11,0.9431945538974952,0
713,4,0,10,0.6879393961418329,1570,3,0.8884502877862838,0
780,6,0,10,0.2223976857776001,1238,11,0.9431945538974952,0
763,4,0,10,0.7595611977363301,1381,3,0.8884502877862838,0
760,6,0,10,0.7953720985335788,1415,11,0.9431945538974952,0
696,4,0,10,0.7595611977363301,1390,11,0.9431945538974952,0
707,4,0,10,0.699876363074249,1343,11,0.8884502877862838,0
727,6,0,10,0.4412420795385642,1352,3,0.9431945538974952,0
785,6,0,10,0.5645907378401985,1449,11,0.8884502877862838,0
692,4,0,10,0.4094101677187876,1268,11,0.9431945538974952,0
720,4,0,10,0.1706708290704632,1253,11,0.9431945538974952,0
728,4,0,10,0.1985237519127677,1404,11,0.9431945538974952,0
873,4,0,10,1.1693970624159538,1592,11,0.9431945538974952,0
770,6,0,10,0.1109859944083821,1236,3,0.9431945538974952,0
737,6,0,10,0.8510779442181878,1476,3,0.8884502877862838,0
806,4,0,10,0.1030280164534379,1359,11,0.9431945538974952,0
931,6,0,10,1.0540063820692636,1525,11,0.8884502877862838,0
677,6,0,10,0.1109859944083821,1197,11,0.9431945538974952,0
777,6,0,10,0.6799814181868887,1362,3,0.9431945538974952,0
697,4,0,10,0.004404685938308,1196,11,0.8884502877862838,0
747,4,0,10,1.0022795253621266,1775,11,0.9431945538974952,0
675,4,0,10,0.1189439723633262,1256,3,0.9431945538974952,0
754,4,0,10,0.910762778880269,1308,11,0.8884502877862838,0
872,4,0,10,0.5248008480654778,1411,3,0.8884502877862838,0
816,6,0,10,0.4531790464709804,1265,11,0.8884502877862838,0
559,6,0,10,0.1547548731605749,1138,3,0.8884502877862838,0
731,6,0,10,0.4133891566962597,1260,3,0.8884502877862838,0
843,4,0,10,0.7953720985335788,1494,11,0.9431945538974952,0
731,6,0,10,1.0579853710467355,1356,11,0.9431945538974952,0
827,6,0,10,0.4054311787413155,1270,11,0.8884502877862838,0
719,4,0,10,0.2511020025415766,983,3,0.8884502877862838,0
869,4,0,10,0.4014521897638435,1341,11,0.8884502877862838,0
745,4,0,10,0.4213471346512039,1413,11,0.9431945538974952,0
713,4,0,10,0.6640654622770004,1390,3,0.9431945538974952,0
640,4,0,10,0.3656412889665948,1300,3,0.9431945538974952,0
788,6,0,10,0.7476242308039139,1373,3,0.8884502877862838,0
719,4,0,10,0.0234482369039964,1205,11,0.8884502877862838,0
768,4,0,10,0.4770529803358129,1289,3,0.9431945538974952,0
722,4,0,10,0.5606117488627265,1274,11,0.8884502877862838,0
710,4,0,10,0.6123386055698634,1301,11,0.8884502877862838,0
823,6,0,10,0.7476242308039139,1416,11,0.9431945538974952,0
821,4,0,10,0.4929689362457012,1280,3,0.9431945538974952,0
740,4,0,10,0.2263766747550722,1383,11,0.8884502877862838,0
696,4,0,10,0.2263766747550722,1321,3,0.8884502877862838,0
697,6,0,10,0.1865867849803515,1249,11,0.8884502877862838,0
772,4,0,10,0.5208218590880057,1378,11,0.8884502877862838,0
780,4,0,10,0.7714981646687463,1372,11,0.9431945538974952,0
857,4,0,10,0.7874141205786347,1574,3,0.9431945538974952,0
775,4,0,10,0.9266787347901572,1518,11,0.9431945538974952,0
739,4,0,10,0.6799814181868887,1267,3,0.8884502877862838,0
676,4,0,10,0.6322335504572237,1101,11,0.9431945538974952,0
774,4,0,10,0.2184186968001281,1191,11,0.9431945538974952,0
777,4,0,10,0.4054311787413155,1391,11,0.9431945538974952,0
683,6,0,10,0.6561074843220562,1293,3,0.8884502877862838,0
680,6,0,10,1.06594334900168,1352,3,0.8884502877862838,0
861,4,0,10,0.7118133300066652,1452,3,0.8884502877862838,0
661,6,0,10,0.1357113221948865,1110,11,0.8884502877862838,0
739,4,0,10,0.4452210685160363,1289,3,0.8884502877862838,0
670,4,0,10,0.3895152228314272,1205,11,0.9431945538974952,0
696,4,0,10,0.588464671705031,1422,3,0.8884502877862838,0
760,6,0,10,0.2582085865748488,1262,3,0.9431945538974952,0
717,6,0,10,0.3895152228314272,1354,11,0.8884502877862838,0
741,4,0,10,0.6202965835248075,1312,3,0.9431945538974952,0
778,4,0,10,0.9067837899027968,1278,3,0.9431945538974952,0
733,4,0,10,0.5168428701105336,1312,11,0.8884502877862838,0
804,6,0,10,0.4690950023808687,1243,3,0.8884502877862838,0
642,6,0,10,0.1985237519127677,1428,11,0.9431945538974952,0
775,6,0,10,0.9465736796775176,1730,3,0.9431945538974952,0
742,4,0,10,0.3815572448764831,1432,3,0.8884502877862838,0
702,4,0,10,0.5128638811330616,1296,3,0.8884502877862838,0
749,4,0,10,0.5924436606825031,1498,11,0.9431945538974952,0
803,4,0,10,0.7874141205786347,1363,3,0.9431945538974952,0
836,6,0,10,0.9187207568352131,1410,3,0.9431945538974952,0
648,6,0,10,0.0640895206003891,1113,11,0.8884502877862838,0
725,6,0,10,0.3377883661242903,1271,11,0.8884502877862838,0
831,4,0,10,0.8431199662632437,1557,11,0.8884502877862838,0
827,6,0,10,0.2303556637325443,1276,11,0.9431945538974952,0
784,4,0,10,0.9028048009253248,1419,3,0.8884502877862838,0
660,6,0,10,0.2263766747550722,1290,11,0.8884502877862838,0
859,6,0,10,1.0619643600242077,1538,3,0.9431945538974952,0
688,6,0,10,0.3815572448764831,1195,3,0.9431945538974952,0
727,6,0,10,0.0035532920166361,1284,3,0.9431945538974952,0
641,4,0,10,0.1826077960028794,1183,3,0.9431945538974952,0
785,6,0,10,0.5844856827275589,1435,11,0.8884502877862838,0
631,6,0,10,0.2223976857776001,1364,3,0.9431945538974952,0
825,6,0,10,0.3457463440792345,1485,3,0.9431945538974952,0
813,4,0,10,0.8311829993308275,1423,3,0.9431945538974952,0
828,6,0,10,0.6720234402319445,1454,3,0.9431945538974952,0
671,6,0,10,0.5765277047726147,1342,3,0.8884502877862838,0
802,4,0,10,0.6043806276149193,1513,3,0.8884502877862838,0
845,4,0,10,0.9067837899027968,1440,11,0.9431945538974952,0
786,4,0,10,0.2621875755523209,1272,11,0.9431945538974952,0
742,4,0,10,0.6481495063671121,1267,3,0.8884502877862838,0
699,4,0,10,0.321872410214402,1227,3,0.8884502877862838,0
735,6,0,10,0.1476482891273027,1229,3,0.9431945538974952,0
705,4,0,10,0.1189439723633262,1312,11,0.8884502877862838,0
783,4,0,10,0.536737814997894,1479,11,0.9431945538974952,0
670,6,0,10,0.0274272258814685,1230,11,0.8884502877862838,0
714,6,0,10,0.2979984763495695,1268,3,0.8884502877862838,0
835,6,0,10,0.9226997458126852,1577,3,0.8884502877862838,0
669,4,0,10,0.0154902589490523,1213,11,0.8884502877862838,0
733,6,0,10,0.6083596165923914,1424,11,0.8884502877862838,0
719,4,0,10,0.7555822087588581,1340,3,0.8884502877862838,0
769,6,0,10,0.3656412889665948,1443,3,0.8884502877862838,0
660,6,0,10,0.0004256969608359,1141,11,0.8884502877862838,0
616,6,0,10,0.214439707822656,1063,3,0.9431945538974952,0
745,4,0,10,0.1706708290704632,1236,3,0.9431945538974952,0
700,4,0,10,0.3457463440792345,1084,3,0.8884502877862838,0
779,6,0,10,0.2223976857776001,1144,11,0.8884502877862838,0
750,6,0,10,0.6680444512544724,1220,3,0.8884502877862838,0
724,6,0,10,0.2741245424847371,1459,11,0.9431945538974952,0
793,6,0,10,0.5964226496599752,1412,3,0.9431945538974952,0
764,4,0,10,0.1865867849803515,1322,3,0.9431945538974952,0
780,6,0,10,0.7555822087588581,1439,11,0.8884502877862838,0
710,4,0,10,0.588464671705031,1408,11,0.8884502877862838,0
804,6,0,10,0.4372630905610921,1332,11,0.9431945538974952,0
775,4,0,10,0.699876363074249,1306,3,0.9431945538974952,0
755,4,0,10,0.6600864732995283,1435,11,0.8884502877862838,0
704,4,0,10,1.0181954812720149,1336,3,0.8884502877862838,0
741,4,0,10,0.536737814997894,1227,3,0.8884502877862838,0
744,6,0,10,0.3656412889665948,1223,11,0.8884502877862838,0
803,4,0,10,0.8431199662632437,1369,11,0.8884502877862838,0
713,4,0,10,0.6083596165923914,1491,3,0.8884502877862838,0
878,4,0,10,0.2303556637325443,1391,3,0.8884502877862838,0
812,6,0,10,0.4611370244259246,1220,11,0.8884502877862838,0
636,2,5,10,0.10700700543091,928,6,0.9431945538974952,0
685,2,5,10,0.0711961046336613,942,11,0.8884502877862838,0
544,2,5,10,0.0123626638932521,995,6,0.9431945538974952,0
822,2,5,10,0.111837388330054,937,11,0.8884502877862838,0
696,2,5,10,0.0194692479265244,900,11,0.9431945538974952,0
731,2,5,10,0.0680685095778612,954,6,0.9431945538974952,0
624,2,5,10,0.0640895206003891,973,11,0.9431945538974952,0
737,2,5,10,0.2422926306649605,1018,11,0.9431945538974952,0
589,2,5,10,0.5336102199420939,789,11,0.8884502877862838,0
523,2,5,10,0.0879634544652216,964,11,0.8884502877862838,0
778,2,5,10,0.0393641928138847,1046,6,0.9431945538974952,0
549,2,5,10,0.0831330715660775,901,11,0.8884502877862838,0
495,2,5,10,0.3545557159558505,756,6,0.9431945538974952,0
676,2,5,10,0.1905657739578236,969,11,0.9431945538974952,0
672,2,5,10,0.2351860466316883,940,6,0.8884502877862838,0
807,2,5,10,0.1666918400929911,995,6,0.8884502877862838,0
733,2,5,10,0.3815572448764831,1087,11,0.9431945538974952,0
734,2,5,10,0.1865867849803515,881,6,0.8884502877862838,0
471,2,5,10,0.4739253852800127,831,6,0.8884502877862838,0
718,2,5,10,0.163564245037191,874,11,0.9431945538974952,0
663,2,5,10,0.1794802009470793,845,11,0.8884502877862838,0
606,2,5,10,0.2908918923162973,799,11,0.9431945538974952,0
576,2,5,10,0.2184186968001281,986,6,0.8884502877862838,0
526,2,5,10,0.0521525536679729,845,11,0.9431945538974952,0
698,2,5,10,0.0632381266787172,974,6,0.8884502877862838,0
475,2,5,10,0.5535051648294542,805,6,0.8884502877862838,0
596,2,5,10,0.1556062670822468,881,11,0.9431945538974952,0
661,2,5,10,0.3983245947080434,830,6,0.9431945538974952,0
546,2,5,10,0.0831330715660775,920,6,0.8884502877862838,0
699,2,5,10,0.0672171156561892,1070,6,0.9431945538974952,0
645,2,5,10,0.2033541348119117,905,6,0.8884502877862838,0
683,2,5,10,0.1914171678794955,890,6,0.9431945538974952,0
636,2,5,10,0.2351860466316883,1034,11,0.9431945538974952,0
674,2,5,10,0.0163416528707242,963,11,0.9431945538974952,0
925,2,5,10,0.1865867849803515,984,6,0.9431945538974952,0
616,2,5,10,0.0999004213976378,922,6,0.9431945538974952,0
466,2,5,10,0.0751750936111334,996,11,0.8884502877862838,0
556,2,5,10,0.0035532920166361,1087,6,0.9431945538974952,0
667,2,5,10,0.0163416528707242,1083,6,0.9431945538974952,0
745,2,5,10,0.0154902589490523,1058,11,0.9431945538974952,0
503,2,5,10,0.0123626638932521,845,11,0.8884502877862838,0
732,2,5,10,0.3178934212369299,950,11,0.8884502877862838,0
648,2,5,10,0.3139144322594578,967,6,0.8884502877862838,0
568,2,5,10,0.0999004213976378,1014,11,0.9431945538974952,0
732,2,5,10,0.2502506086199046,932,6,0.8884502877862838,0
489,2,5,10,0.3107868372036577,865,11,0.9431945538974952,0
697,2,5,10,0.4420934734602362,896,6,0.8884502877862838,0
619,2,5,10,0.1874381789020234,891,6,0.8884502877862838,0
582,2,5,10,0.274975936406409,804,6,0.8884502877862838,0
478,2,5,10,0.5176942640322055,829,6,0.9431945538974952,0
841,2,5,10,0.3298303881693462,1048,6,0.9431945538974952,0
575,2,5,10,0.2431440245866324,839,6,0.8884502877862838,0
712,2,5,10,0.2829339143613532,913,6,0.8884502877862838,0
675,2,5,10,0.4540304403926524,779,6,0.9431945538974952,0
652,2,5,10,0.055280148723773,1019,11,0.9431945538974952,0
675,2,5,10,0.0672171156561892,1017,6,0.8884502877862838,0
788,2,5,10,0.3338093771468182,960,11,0.8884502877862838,0
666,2,5,10,0.3465977380009064,856,11,0.8884502877862838,0
654,2,5,10,0.2869129033388253,890,6,0.8884502877862838,0
648,2,5,10,0.4094101677187876,968,6,0.8884502877862838,0
643,2,5,10,0.0362365977580846,968,11,0.9431945538974952,0
701,2,5,10,0.0154902589490523,1042,6,0.9431945538974952,0
628,2,5,10,0.3187448151586018,984,11,0.9431945538974952,0
703,2,5,10,0.0362365977580846,995,6,0.8884502877862838,0
751,2,5,10,0.0123626638932521,892,11,0.9431945538974952,0
556,2,5,10,0.0481735646905008,966,11,0.8884502877862838,0
615,2,5,10,0.158733862138047,1060,6,0.8884502877862838,0
440,2,5,10,0.4659674073250686,930,11,0.8884502877862838,0
533,2,5,10,0.1874381789020234,831,11,0.9431945538974952,0
829,2,5,10,0.4094101677187876,1079,6,0.8884502877862838,0
674,2,5,10,0.1666918400929911,967,11,0.9431945538974952,0
606,2,5,10,0.3545557159558505,822,6,0.9431945538974952,0
677,2,5,10,0.266166564529793,1102,6,0.9431945538974952,0
629,2,5,10,0.3227238041360739,870,11,0.8884502877862838,0
735,2,5,10,0.1666918400929911,1027,11,0.9431945538974952,0
751,2,5,10,0.0791540825886055,905,6,0.8884502877862838,0
666,2,5,10,0.1755012119696072,852,6,0.8884502877862838,0
617,2,5,10,0.2033541348119117,834,11,0.9431945538974952,0
612,2,5,10,0.1834591899245513,839,11,0.9431945538974952,0
776,2,5,10,0.2940194873720975,1120,6,0.9431945538974952,0
639,2,5,10,0.2948708812937694,973,6,0.8884502877862838,0
623,2,5,10,0.0004256969608359,1094,11,0.8884502877862838,0
715,2,5,10,0.0362365977580846,995,6,0.8884502877862838,0
721,2,5,10,0.214439707822656,961,11,0.8884502877862838,0
640,2,5,10,0.2630389694739928,813,6,0.9431945538974952,0
435,2,5,10,0.1158163773075261,885,11,0.9431945538974952,0
528,2,5,10,0.004404685938308,920,11,0.9431945538974952,0
547,2,5,10,0.2312070576542162,937,11,0.8884502877862838,0
550,2,5,10,0.1078583993525819,899,6,0.9431945538974952,0
681,2,5,10,0.2312070576542162,927,6,0.9431945538974952,0
661,2,5,10,0.2979984763495695,985,11,0.9431945538974952,0
593,2,5,10,0.0314062148589406,876,6,0.8884502877862838,0
802,2,5,10,0.3585347049333226,854,6,0.9431945538974952,0
728,2,5,10,0.1229229613407983,1060,6,0.8884502877862838,0
644,2,5,10,0.2232490796992721,915,11,0.9431945538974952,0
585,2,5,10,0.382408638798155,893,11,0.9431945538974952,0
564,2,5,10,0.326702793113546,901,11,0.9431945538974952,0
581,2,5,10,0.5296312309646218,836,11,0.9431945538974952,0
745,2,5,10,0.0353852038364127,937,11,0.8884502877862838,0
344,2,5,10,0.4739253852800127,859,11,0.8884502877862838,0
765,2,5,10,0.3576833110116507,1034,6,0.8884502877862838,0
525,2,5,10,0.060110531622917,885,11,0.8884502877862838,0
751,2,5,10,0.0831330715660775,1023,6,0.9431945538974952,0
632,2,5,10,0.270996947428937,896,6,0.9431945538974952,0
584,2,5,10,0.0282786198031404,998,6,0.8884502877862838,0
645,2,5,10,0.3863876277756271,835,6,0.8884502877862838,0
572,2,5,10,0.2988498702712415,864,11,0.8884502877862838,0
501,2,5,10,0.1308809392957424,994,6,0.8884502877862838,0
746,2,5,10,0.1149649833858541,963,11,0.8884502877862838,0
706,2,5,10,0.2979984763495695,927,11,0.9431945538974952,0
489,2,5,10,0.979256985418966,713,6,0.8884502877862838,0
723,2,5,10,0.373599266921539,956,11,0.8884502877862838,0
506,2,5,10,0.163564245037191,780,6,0.9431945538974952,0
514,2,5,10,0.1038794103751098,1016,11,0.8884502877862838,0
756,2,5,10,0.1229229613407983,979,6,0.9431945538974952,0
710,2,5,10,0.2988498702712415,857,6,0.9431945538974952,0
764,2,5,10,0.2064817298677118,963,6,0.9431945538974952,0
587,2,5,10,0.2113121127668558,932,11,0.9431945538974952,0
604,2,5,10,0.111837388330054,883,11,0.8884502877862838,0
498,2,5,10,0.652979889266256,790,6,0.8884502877862838,0
685,2,5,10,0.056131542645445,868,6,0.8884502877862838,0
574,2,5,10,0.1428179062281586,963,11,0.8884502877862838,0
637,2,5,10,0.2820825204396813,1019,6,0.9431945538974952,0
828,2,5,10,0.0433431817913568,913,11,0.8884502877862838,0
664,2,5,10,0.2590599804965208,981,11,0.9431945538974952,0
706,2,5,10,0.4054311787413155,1067,11,0.8884502877862838,0
691,2,5,10,0.1715222229921351,986,6,0.8884502877862838,0
599,2,5,10,0.0242996308256684,899,6,0.9431945538974952,0
661,2,5,10,0.2431440245866324,1034,11,0.9431945538974952,0
796,2,5,10,0.0194692479265244,1081,11,0.9431945538974952,0
699,2,5,10,0.0760264875328053,888,6,0.9431945538974952,0
571,2,5,10,0.1874381789020234,910,6,0.8884502877862838,0
802,2,5,10,0.2064817298677118,1016,11,0.8884502877862838,0
457,2,5,10,0.6052320215365912,817,11,0.9431945538974952,0
668,2,5,10,0.1158163773075261,922,6,0.9431945538974952,0
732,2,5,10,0.0075322809941081,1006,11,0.9431945538974952,0
773,2,5,10,0.0282786198031404,922,6,0.9431945538974952,0
644,2,5,10,0.1794802009470793,885,11,0.9431945538974952,0
676,2,5,10,0.1396903111723585,886,6,0.9431945538974952,0
767,2,5,10,0.377578255899011,1044,6,0.9431945538974952,0
634,2,5,10,0.0959214324201657,942,6,0.9431945538974952,0
727,2,5,10,0.0203206418481963,922,11,0.9431945538974952,0
569,2,5,10,0.0083836749157801,933,6,0.8884502877862838,0
490,2,5,10,0.3863876277756271,963,11,0.9431945538974952,0
702,2,5,10,0.5128638811330616,964,6,0.8884502877862838,0
863,2,5,10,0.3576833110116507,1209,11,0.9431945538974952,0
619,2,5,10,0.4938203301673731,848,11,0.8884502877862838,0
712,2,5,10,0.0075322809941081,875,6,0.8884502877862838,0
717,2,5,10,0.0163416528707242,977,11,0.9431945538974952,0
721,2,5,10,0.0632381266787172,1025,6,0.9431945538974952,0
856,2,5,10,0.3855362338539552,1115,11,0.8884502877862838,0
802,2,5,10,0.2064817298677118,1045,11,0.8884502877862838,0
646,2,5,10,0.1357113221948865,1000,6,0.9431945538974952,0
772,2,5,10,0.0433431817913568,947,6,0.9431945538974952,0
747,2,5,10,0.1109859944083821,934,6,0.9431945538974952,0
539,2,5,10,0.1953961568569676,893,6,0.9431945538974952,0
711,2,5,10,0.1834591899245513,930,6,0.8884502877862838,0
536,2,5,10,0.0194692479265244,994,6,0.9431945538974952,0
546,2,5,10,0.0959214324201657,846,11,0.8884502877862838,0
511,2,5,10,0.378429649820683,843,11,0.9431945538974952,0
989,2,5,10,0.4213471346512039,1130,6,0.8884502877862838,0
681,2,5,10,0.0481735646905008,992,6,0.8884502877862838,0
602,2,5,10,0.0950700384984938,971,11,0.9431945538974952,0
536,2,5,10,0.1038794103751098,915,11,0.9431945538974952,0
579,2,5,10,0.0194692479265244,929,11,0.8884502877862838,0
557,2,5,10,0.0592591377012451,910,6,0.8884502877862838,0
700,2,5,10,0.1715222229921351,811,6,0.9431945538974952,0
701,2,5,10,0.1826077960028794,946,11,0.8884502877862838,0
554,2,5,10,0.2590599804965208,841,11,0.8884502877862838,0
637,2,5,10,0.0751750936111334,929,11,0.8884502877862838,0
697,2,5,10,0.1905657739578236,955,11,0.9431945538974952,0
719,2,5,10,0.0592591377012451,993,11,0.9431945538974952,0
642,2,5,10,0.0481735646905008,998,6,0.8884502877862838,0
647,2,5,10,0.0402155867355567,1056,6,0.8884502877862838,0
379,2,5,10,0.7643915806354742,759,11,0.8884502877862838,0
733,2,5,10,0.2471230135641045,922,11,0.8884502877862838,0
809,2,5,10,0.1467968952056307,1042,11,0.8884502877862838,0
615,2,5,10,0.5614631427843984,841,6,0.9431945538974952,0
638,2,5,10,0.1953961568569676,810,6,0.8884502877862838,0
699,2,5,10,0.2303556637325443,979,11,0.9431945538974952,0
683,2,5,10,0.0362365977580846,958,11,0.8884502877862838,0
552,2,5,10,0.3227238041360739,871,6,0.8884502877862838,0
747,2,5,10,0.1865867849803515,1165,6,0.9431945538974952,0
812,2,5,10,0.1269019503182704,1028,6,0.9431945538974952,0
513,2,5,10,0.3028288592487136,909,11,0.8884502877862838,0
504,2,5,10,0.2590599804965208,886,6,0.9431945538974952,0
741,2,5,10,0.1197953662849981,899,11,0.8884502877862838,0
829,2,5,10,0.5606117488627265,1070,11,0.9431945538974952,0
749,2,5,10,0.0592591377012451,1016,11,0.9431945538974952,0
723,2,5,10,0.1149649833858541,1019,11,0.9431945538974952,0
683,2,5,10,0.1786288070254073,1009,11,0.8884502877862838,0
686,2,5,10,0.1476482891273027,939,11,0.9431945538974952,0
491,2,5,10,0.1556062670822468,936,11,0.9431945538974952,0
729,2,5,10,0.158733862138047,921,6,0.9431945538974952,0
488,2,5,10,0.5017783081223173,835,11,0.9431945538974952,0
778,2,5,10,0.4094101677187876,1103,11,0.9431945538974952,0
712,2,5,10,0.326702793113546,817,11,0.8884502877862838,0
567,2,5,10,0.6251269664239516,803,6,0.9431945538974952,0
589,2,5,10,0.2471230135641045,824,6,0.8884502877862838,0
786,2,5,10,0.0672171156561892,971,11,0.8884502877862838,0
670,2,5,10,0.2630389694739928,964,11,0.8884502877862838,0
725,2,5,10,0.0800054765102774,919,6,0.8884502877862838,0
758,2,5,10,0.0959214324201657,936,6,0.8884502877862838,0
628,2,5,10,0.1993751458344396,923,6,0.8884502877862838,0
633,2,5,10,0.5208218590880057,1023,6,0.9431945538974952,0
674,2,5,10,0.2829339143613532,898,6,0.8884502877862838,0
423,2,5,10,0.2590599804965208,920,6,0.9431945538974952,0
683,2,5,10,0.0640895206003891,973,6,0.9431945538974952,0
696,2,5,10,0.1914171678794955,926,11,0.8884502877862838,0
594,2,5,10,0.4023035836855154,935,11,0.8884502877862838,0
721,2,5,10,0.0362365977580846,907,11,0.9431945538974952,0
664,2,5,10,0.2979984763495695,1036,6,0.9431945538974952,0
524,2,5,10,0.0242996308256684,892,6,0.9431945538974952,0
636,2,5,10,0.10700700543091,995,11,0.8884502877862838,0
595,2,5,10,0.0711961046336613,1063,11,0.9431945538974952,0
686,2,5,10,0.2590599804965208,1024,11,0.9431945538974952,0
703,2,5,10,0.1038794103751098,1028,6,0.8884502877862838,0
582,2,5,10,0.2471230135641045,911,11,0.8884502877862838,0
734,2,5,10,0.0791540825886055,1073,6,0.8884502877862838,0
575,2,5,10,0.2431440245866324,883,11,0.8884502877862838,0
599,2,5,10,0.1357113221948865,879,6,0.9431945538974952,0
650,2,5,10,0.274975936406409,799,6,0.9431945538974952,0
632,2,5,10,0.004404685938308,914,6,0.9431945538974952,0
506,2,5,10,0.2869129033388253,888,11,0.9431945538974952,0
645,2,5,10,0.0075322809941081,803,6,0.8884502877862838,0
719,2,5,10,0.2152911017443279,883,11,0.8884502877862838,0
649,2,5,10,0.10700700543091,982,6,0.8884502877862838,0
552,2,5,10,0.3306817820910181,974,11,0.9431945538974952,0
788,2,5,10,0.2820825204396813,1221,6,0.8884502877862838,0
739,2,5,10,0.1229229613407983,995,11,0.8884502877862838,0
609,2,5,10,0.2550809915190487,917,6,0.8884502877862838,0
475,2,5,10,0.1993751458344396,950,6,0.8884502877862838,0
722,2,5,10,0.0521525536679729,893,11,0.8884502877862838,0
754,2,5,10,0.2979984763495695,974,6,0.8884502877862838,0
660,2,5,10,0.1388389172506866,1099,6,0.9431945538974952,0
636,2,5,10,0.1317323332174144,969,6,0.9431945538974952,0
826,2,5,10,0.055280148723773,1021,6,0.9431945538974952,0
670,2,5,10,0.1826077960028794,1044,6,0.9431945538974952,0
496,2,5,10,0.6251269664239516,899,6,0.9431945538974952,0
505,2,5,10,0.1109859944083821,961,11,0.8884502877862838,0
857,2,5,10,0.64417051738964,1066,11,0.9431945538974952,0
654,2,5,10,0.0203206418481963,988,11,0.8884502877862838,0
969,2,5,10,0.0473221707688289,981,11,0.9431945538974952,0
688,2,5,10,0.2025027408902398,1029,6,0.8884502877862838,0
674,2,5,10,0.2502506086199046,998,6,0.9431945538974952,0
530,2,5,10,0.0194692479265244,879,11,0.9431945538974952,0
624,2,5,10,0.3664926828882667,790,11,0.8884502877862838,0
869,2,5,10,0.1476482891273027,849,6,0.8884502877862838,0
714,2,5,10,0.1357113221948865,870,11,0.9431945538974952,0
785,2,5,10,0.5654421317618704,851,11,0.9431945538974952,0
628,2,5,10,0.2192700907218,885,11,0.9431945538974952,0
716,2,5,10,0.2073331237893838,904,6,0.8884502877862838,0
542,2,5,10,0.4699463963025407,851,6,0.8884502877862838,0
877,2,5,10,0.3497253330567065,967,6,0.9431945538974952,0
590,2,5,10,0.0999004213976378,1063,11,0.8884502877862838,0
811,2,5,10,0.2979984763495695,930,6,0.9431945538974952,0
533,2,5,10,0.1914171678794955,939,11,0.9431945538974952,0
753,2,5,10,0.0322576087806125,1082,6,0.9431945538974952,0
707,2,5,10,0.1436693001498306,979,6,0.8884502877862838,0
772,2,5,10,0.0115112699715802,966,6,0.8884502877862838,0
608,2,5,10,0.1666918400929911,859,6,0.9431945538974952,0
681,2,5,10,0.0999004213976378,873,6,0.8884502877862838,0
777,2,5,10,0.2104607188451839,1003,11,0.8884502877862838,0
602,2,5,10,0.2232490796992721,857,6,0.8884502877862838,0
558,2,5,10,0.3346607710684902,921,11,0.9431945538974952,0
869,2,5,10,0.4531790464709804,1212,11,0.9431945538974952,0
546,2,5,10,0.3545557159558505,782,6,0.9431945538974952,0
659,2,5,10,0.0513011597463009,970,6,0.9431945538974952,0
589,2,5,10,0.2232490796992721,923,6,0.9431945538974952,0
762,2,5,10,0.1865867849803515,965,11,0.8884502877862838,0
612,2,5,10,0.5137152750547335,965,11,0.8884502877862838,0
524,2,5,10,0.1516272781047747,935,11,0.8884502877862838,0
665,2,5,10,0.1308809392957424,1006,6,0.8884502877862838,0
689,2,5,10,0.1715222229921351,856,6,0.9431945538974952,0
764,2,5,10,0.377578255899011,1061,6,0.8884502877862838,0
558,2,5,10,0.4142405506179316,881,11,0.8884502877862838,0
620,2,5,10,0.2900404983946254,1014,6,0.9431945538974952,0
873,2,5,10,0.2223976857776001,1119,6,0.8884502877862838,0
728,2,5,10,0.1388389172506866,978,11,0.8884502877862838,0
624,2,5,10,0.1993751458344396,865,6,0.8884502877862838,0
467,2,5,10,0.326702793113546,893,6,0.9431945538974952,0
628,2,5,10,0.2630389694739928,904,6,0.8884502877862838,0
563,2,5,10,0.3346607710684902,797,6,0.8884502877862838,0
466,2,5,10,0.3028288592487136,838,11,0.9431945538974952,0
671,2,5,10,0.5248008480654778,1142,11,0.9431945538974952,0
726,2,5,10,0.055280148723773,1021,11,0.9431945538974952,0
573,2,5,10,0.0800054765102774,911,11,0.9431945538974952,0
748,2,5,10,0.1746498180479352,898,11,0.8884502877862838,0
597,2,5,10,0.537589208919566,824,11,0.9431945538974952,0
592,2,5,10,0.3147658261811298,919,6,0.9431945538974952,0
816,2,5,10,0.4452210685160363,1095,11,0.9431945538974952,0
617,2,5,10,0.0473221707688289,1068,11,0.9431945538974952,0
670,2,5,10,0.377578255899011,1073,11,0.8884502877862838,0
756,2,5,10,0.1197953662849981,888,11,0.9431945538974952,0
591,2,5,10,0.0433431817913568,923,11,0.9431945538974952,0
417,2,5,10,0.1109859944083821,966,6,0.8884502877862838,0
562,2,5,10,0.0274272258814685,968,11,0.9431945538974952,0
708,2,5,10,0.0083836749157801,992,6,0.9431945538974952,0
713,2,5,10,0.1396903111723585,997,6,0.8884502877862838,0
579,2,5,10,0.4699463963025407,837,6,0.8884502877862838,0
678,2,5,10,0.3227238041360739,853,11,0.8884502877862838,0
696,2,5,10,0.0075322809941081,925,6,0.9431945538974952,0
524,2,5,10,0.3386397600459622,841,11,0.9431945538974952,0
627,2,5,10,0.3545557159558505,940,6,0.9431945538974952,0
936,2,5,10,0.0711961046336613,996,6,0.8884502877862838,0
677,2,5,10,0.162712851115519,946,11,0.8884502877862838,0
718,2,5,10,0.167543234014663,961,6,0.9431945538974952,0
632,2,5,10,0.2590599804965208,912,6,0.8884502877862838,0
793,2,5,10,0.158733862138047,1053,11,0.8884502877862838,0
551,2,5,10,0.0632381266787172,941,6,0.9431945538974952,0
768,2,5,10,0.0632381266787172,1092,11,0.9431945538974952,0
606,2,5,10,0.2431440245866324,944,11,0.8884502877862838,0
690,2,5,10,0.1189439723633262,1067,6,0.9431945538974952,0
667,2,5,10,0.3576833110116507,1120,11,0.9431945538974952,0
604,2,5,10,0.2064817298677118,1050,11,0.8884502877862838,0
501,2,5,10,0.0513011597463009,974,6,0.8884502877862838,0
689,2,5,10,0.214439707822656,1000,11,0.9431945538974952,0
665,2,5,10,0.1706708290704632,1046,6,0.8884502877862838,0
711,2,5,10,0.1826077960028794,1011,6,0.8884502877862838,0
724,2,5,10,0.1715222229921351,923,11,0.9431945538974952,0
629,2,5,10,0.1547548731605749,1010,6,0.8884502877862838,0
629,2,5,10,0.0194692479265244,923,6,0.8884502877862838,0
606,2,5,10,0.1038794103751098,963,11,0.8884502877862838,0
677,2,5,10,0.1467968952056307,1038,6,0.9431945538974952,0
599,2,5,10,0.1428179062281586,881,11,0.8884502877862838,0
636,2,5,10,0.0473221707688289,1028,11,0.8884502877862838,0
693,2,5,10,0.167543234014663,897,11,0.8884502877862838,0
818,2,5,10,0.4213471346512039,1107,6,0.9431945538974952,0
724,2,5,10,0.5535051648294542,773,6,0.9431945538974952,0
770,2,5,10,0.0879634544652216,1034,11,0.9431945538974952,0
727,2,5,10,0.0075322809941081,955,11,0.9431945538974952,0
762,2,5,10,0.0004256969608359,1090,6,0.9431945538974952,0
635,2,5,10,0.1078583993525819,799,6,0.9431945538974952,0
608,2,5,10,0.2948708812937694,879,6,0.9431945538974952,0
725,2,5,10,0.0999004213976378,865,6,0.9431945538974952,0
765,2,5,10,0.2781035314622092,1036,6,0.9431945538974952,0
669,2,5,10,0.0075322809941081,904,11,0.8884502877862838,0
753,2,5,10,0.004404685938308,1028,6,0.8884502877862838,0
546,2,5,10,0.167543234014663,959,11,0.9431945538974952,0
584,2,5,10,0.1993751458344396,956,6,0.9431945538974952,0
691,2,5,10,0.0632381266787172,999,6,0.9431945538974952,0
577,2,5,10,0.274975936406409,980,11,0.8884502877862838,0
651,2,5,10,0.2391650356091604,946,6,0.9431945538974952,0
705,2,5,10,0.055280148723773,974,6,0.8884502877862838,0
611,2,5,10,0.0959214324201657,869,11,0.8884502877862838,0
851,2,5,10,0.2064817298677118,1061,11,0.9431945538974952,0
559,2,5,10,0.378429649820683,900,11,0.8884502877862838,0
649,2,5,10,0.1993751458344396,965,11,0.8884502877862838,0
520,2,5,10,0.3943456057305713,692,11,0.9431945538974952,0
673,2,5,10,0.0282786198031404,951,6,0.8884502877862838,0
472,2,5,10,0.3744506608432109,851,11,0.8884502877862838,0
598,2,5,10,0.0194692479265244,935,6,0.8884502877862838,0
599,2,5,10,0.3664926828882667,894,11,0.8884502877862838,0
886,2,5,11,1.3484515664021972,2097,1,0.9431945538974952,1
809,2,5,11,0.0004256969608359,1444,10,0.9431945538974952,1
722,2,5,11,0.3417673551017623,1862,1,0.9431945538974952,1
765,2,5,11,0.4492000574935084,1693,10,0.9431945538974952,1
833,2,5,11,1.2052079632132024,1913,12,0.9431945538974952,1
903,2,5,11,0.3178934212369299,1671,1,0.9431945538974952,1
659,2,5,11,0.321872410214402,1695,12,0.9431945538974952,1
486,2,5,11,0.1507758841831028,1688,12,0.9431945538974952,1
788,2,5,11,1.3245776325373646,2302,12,0.9431945538974952,1
858,2,5,11,0.3855362338539552,1567,1,0.9431945538974952,1
591,2,5,11,0.5088848921555895,1642,10,0.9431945538974952,1
820,2,5,11,0.7913931095561068,1898,12,0.9431945538974952,1
909,2,5,11,0.1109859944083821,1702,1,0.9431945538974952,1
895,2,5,11,0.4412420795385642,1840,12,0.9431945538974952,1
1040,2,5,11,0.8709728891055483,2166,1,0.9431945538974952,1
690,2,5,11,1.133586161618705,2098,12,0.9431945538974952,1
759,2,5,11,0.2312070576542162,1111,10,0.9431945538974952,1
693,2,5,11,0.2422926306649605,1745,12,0.9431945538974952,1
760,2,5,11,0.2670179584514649,1487,1,0.9431945538974952,1
564,2,5,11,0.5455471868745101,1453,1,0.9431945538974952,1
594,2,5,11,0.382408638798155,1093,1,0.9431945538974952,1
733,2,5,11,0.0632381266787172,1765,1,0.9431945538974952,1
618,2,5,11,0.4571580354484525,1936,1,0.9431945538974952,1
829,2,5,11,0.6760024292094166,1615,1,0.9431945538974952,1
997,2,5,11,0.3537043220341786,1820,1,0.9431945538974952,1
667,2,5,11,0.4929689362457012,2476,12,0.9431945538974952,1
726,2,5,11,0.6004016386374472,1601,12,0.9431945538974952,1
614,2,5,11,0.1428179062281586,1610,12,0.9431945538974952,1
791,2,5,11,0.1436693001498306,1173,12,0.9431945538974952,1
711,2,5,11,0.2741245424847371,1919,1,0.9431945538974952,1
702,2,5,11,0.3616622999891227,1680,1,0.9431945538974952,1
825,2,5,11,0.9266787347901572,1898,10,0.9431945538974952,1
981,2,5,11,1.1654180734384818,1876,10,0.9431945538974952,1
815,2,5,11,0.699876363074249,1702,1,0.9431945538974952,1
915,2,5,11,0.6083596165923914,2096,12,0.9431945538974952,1
828,2,5,11,0.5248008480654778,1486,12,0.9431945538974952,1
808,2,5,11,0.9147417678577412,1527,10,0.9431945538974952,1
773,2,5,11,0.588464671705031,1960,12,0.9431945538974952,1
820,2,5,11,0.7197713079616094,1839,10,0.9431945538974952,1
581,2,5,11,0.2303556637325443,1619,12,0.9431945538974952,1
784,2,5,11,0.5606117488627265,1563,1,0.9431945538974952,1
766,2,5,11,0.5566327598852544,1641,12,0.9431945538974952,1
718,2,5,11,0.5805066937500868,1993,1,0.9431945538974952,1
539,2,5,11,0.1428179062281586,1747,12,0.9431945538974952,1
653,2,5,11,0.4062825726629875,1574,12,0.9431945538974952,1
1021,2,5,11,0.1945447629352956,1554,1,0.9431945538974952,1
712,2,5,11,0.4571580354484525,1451,10,0.9431945538974952,1
696,2,5,11,0.0203206418481963,1744,12,0.9431945538974952,1
813,2,5,11,0.1229229613407983,1808,12,0.9431945538974952,1
587,2,5,11,0.3377883661242903,1666,12,0.9431945538974952,1
862,2,5,11,0.1556062670822468,1675,1,0.9431945538974952,1
785,2,5,11,0.266166564529793,1732,10,0.9431945538974952,1
920,2,5,11,1.0062585143395988,2265,1,0.9431945538974952,1
913,2,5,11,0.3895152228314272,1767,10,0.9431945538974952,1
693,2,5,11,0.3377883661242903,1494,10,0.9431945538974952,1
649,2,5,11,0.3346607710684902,1321,10,0.9431945538974952,1
764,2,5,11,0.5526537709077823,1490,10,0.9431945538974952,1
703,2,5,11,0.2462716196424326,1652,10,0.9431945538974952,1
715,2,5,11,0.7237502969390814,1983,12,0.9431945538974952,1
791,2,5,11,0.3934942118088994,1686,12,0.9431945538974952,1
668,2,5,11,0.2820825204396813,1638,10,0.9431945538974952,1
762,2,5,11,0.1547548731605749,1517,10,0.9431945538974952,1
888,2,5,11,0.8232250213758834,2263,10,0.9431945538974952,1
622,2,5,11,0.0751750936111334,1681,12,0.9431945538974952,1
955,2,5,11,0.4054311787413155,1724,10,0.9431945538974952,1
729,2,5,11,0.2630389694739928,1363,1,0.9431945538974952,1
825,2,5,11,1.0341114371819031,1975,12,0.9431945538974952,1
650,2,5,11,0.1547548731605749,1946,12,0.9431945538974952,1
481,2,5,11,0.0791540825886055,1320,1,0.9431945538974952,1
604,2,5,11,0.5137152750547335,1241,10,0.9431945538974952,1
734,2,5,11,0.6004016386374472,1856,12,0.9431945538974952,1
938,2,5,11,1.0977752608214564,2114,12,0.9431945538974952,1
856,2,5,11,0.7356872638714977,1695,10,0.9431945538974952,1
765,2,5,11,0.2184186968001281,1871,10,0.9431945538974952,1
799,2,5,11,0.4969479252231732,1803,10,0.9431945538974952,1
923,2,5,11,0.5049059031781175,2166,12,0.9431945538974952,1
688,2,5,11,0.5208218590880057,1529,10,0.9431945538974952,1
538,2,5,11,0.2471230135641045,1210,1,0.9431945538974952,1
799,2,5,11,0.2940194873720975,1697,10,0.9431945538974952,1
746,2,5,11,1.2052079632132024,2000,10,0.9431945538974952,1
841,2,5,11,0.0760264875328053,1605,10,0.9431945538974952,1
965,2,5,11,0.8192460323984113,1974,10,0.9431945538974952,1
539,2,5,11,0.3386397600459622,1485,1,0.9431945538974952,1
655,2,5,11,0.1388389172506866,1940,10,0.9431945538974952,1
553,2,5,11,0.4221985285728758,1161,10,0.9431945538974952,1
610,2,5,11,0.1277533442399423,1342,1,0.9431945538974952,1
897,2,5,11,0.7913931095561068,1924,12,0.9431945538974952,1
745,2,5,11,0.4253261236286759,1796,1,0.9431945538974952,1
569,2,5,11,0.0760264875328053,1696,10,0.9431945538974952,1
1040,2,5,11,1.555358993230745,2424,10,0.9431945538974952,1
614,2,5,11,0.4730739913583408,1759,10,0.9431945538974952,1
726,2,5,11,0.0035532920166361,1881,10,0.9431945538974952,1
701,2,5,11,0.7882655145003066,1089,1,0.9431945538974952,1
785,2,5,11,0.7038553520517211,1608,10,0.9431945538974952,1
804,2,5,11,0.4611370244259246,1623,12,0.9431945538974952,1
847,2,5,11,0.5446957929528382,2091,12,0.9431945538974952,1
814,2,5,11,0.0481735646905008,1426,10,0.9431945538974952,1
645,2,5,11,0.2263766747550722,1551,10,0.9431945538974952,1
831,2,5,11,0.9306577237676292,2179,1,0.9431945538974952,1
704,2,5,11,0.0362365977580846,1702,12,0.9431945538974952,1
812,2,5,11,0.6123386055698634,1833,12,0.9431945538974952,1
860,2,5,11,0.4094101677187876,1673,12,0.9431945538974952,1
932,2,5,11,0.5287798370429498,1522,1,0.9431945538974952,1
715,2,5,11,0.5924436606825031,1530,10,0.9431945538974952,1
800,2,5,11,1.0619643600242077,2083,12,0.9431945538974952,1
666,2,5,11,0.4770529803358129,1828,12,0.9431945538974952,1
698,2,5,11,0.2590599804965208,1401,12,0.9431945538974952,1
793,2,5,11,0.1038794103751098,1441,1,0.9431945538974952,1
738,2,5,11,0.0839844654877495,1688,10,0.9431945538974952,1
922,2,5,11,0.8152670434209391,2077,12,0.9431945538974952,1
515,2,5,11,0.0242996308256684,1580,1,0.9431945538974952,1
797,2,5,11,0.4054311787413155,1676,12,0.9431945538974952,1
727,2,5,11,0.5566327598852544,1661,12,0.9431945538974952,1
850,2,5,11,0.7834351316011626,1758,10,0.9431945538974952,1
778,2,5,11,0.0640895206003891,1783,1,0.9431945538974952,1
963,2,5,11,0.4014521897638435,1448,12,0.9431945538974952,1
779,2,5,11,0.2940194873720975,1563,12,0.9431945538974952,1
602,2,5,11,0.1666918400929911,1617,12,0.9431945538974952,1
667,2,5,11,0.4611370244259246,1496,10,0.9431945538974952,1
834,2,5,11,0.1834591899245513,1646,10,0.9431945538974952,1
746,2,5,11,0.1189439723633262,1363,10,0.9431945538974952,1
1114,2,5,11,1.4916951695911915,2425,1,0.9431945538974952,1
948,2,5,11,1.3643675223120857,1868,1,0.9431945538974952,1
631,2,5,11,0.5009269142006454,1794,10,0.9431945538974952,1
499,2,5,11,0.326702793113546,1281,10,0.9431945538974952,1
695,2,5,11,0.1865867849803515,1952,1,0.9431945538974952,1
554,2,5,11,0.0433431817913568,1372,12,0.9431945538974952,1
820,2,5,11,0.3457463440792345,1607,10,0.9431945538974952,1
758,2,5,11,0.1277533442399423,1461,12,0.9431945538974952,1
641,2,5,11,0.3895152228314272,1493,10,0.9431945538974952,1
702,2,5,11,0.5137152750547335,1203,10,0.9431945538974952,1
924,2,5,11,1.133586161618705,2118,1,0.9431945538974952,1
844,2,5,11,0.1826077960028794,1530,10,0.9431945538974952,1
912,2,5,11,0.2223976857776001,1974,1,0.9431945538974952,1
584,2,5,11,0.373599266921539,1311,10,0.9431945538974952,1
938,2,5,11,0.0910910495210217,1595,12,0.9431945538974952,1
790,2,5,11,0.3059564543045137,2161,12,0.9431945538974952,1
550,2,5,11,0.0075322809941081,1378,10,0.9431945538974952,1
625,2,5,11,0.0711961046336613,1596,10,0.9431945538974952,1
799,2,5,11,0.6799814181868887,1826,10,0.9431945538974952,1
839,2,5,11,0.7913931095561068,2041,12,0.9431945538974952,1
806,2,5,11,0.6282545614797517,1932,10,0.9431945538974952,1
807,2,5,11,0.4770529803358129,1587,1,0.9431945538974952,1
514,2,5,11,0.0999004213976378,1574,1,0.9431945538974952,1
808,2,5,11,0.0990490274759658,1379,12,0.9431945538974952,1
689,2,5,11,0.3744506608432109,1194,12,0.9431945538974952,1
756,2,5,11,0.9505526686549896,2088,1,0.9431945538974952,1
858,2,5,11,0.3099354432819858,1440,12,0.9431945538974952,1
801,2,5,11,0.2383136416874884,1615,10,0.9431945538974952,1
769,2,5,11,0.1547548731605749,1379,10,0.9431945538974952,1
934,2,5,11,0.1348599282732145,1946,10,0.9431945538974952,1
590,2,5,11,0.0004256969608359,1481,10,0.9431945538974952,1
465,2,5,11,0.004404685938308,1290,1,0.9431945538974952,1
639,2,5,11,0.055280148723773,1496,1,0.9431945538974952,1
722,2,5,11,0.8391409772857716,1593,12,0.9431945538974952,1
774,2,5,11,0.6600864732995283,1766,1,0.9431945538974952,1
694,2,5,11,0.5805066937500868,1598,12,0.9431945538974952,1
663,2,5,11,0.4571580354484525,1426,10,0.9431945538974952,1
714,2,5,11,0.1308809392957424,1700,10,0.9431945538974952,1
894,2,5,11,0.7317082748940257,1949,10,0.9431945538974952,1
762,2,5,11,0.1109859944083821,1647,1,0.9431945538974952,1
937,2,5,11,0.5009269142006454,1958,10,0.9431945538974952,1
548,2,5,11,0.5287798370429498,1480,10,0.9431945538974952,1
624,2,5,11,0.4332841015836201,1768,1,0.9431945538974952,1
835,2,5,11,0.0791540825886055,1480,10,0.9431945538974952,1
587,2,5,11,0.4054311787413155,1396,10,0.9431945538974952,1
475,2,5,11,0.1905657739578236,1551,1,0.9431945538974952,1
870,2,5,11,0.8351619883082996,1896,12,0.9431945538974952,1
637,2,5,11,0.1269019503182704,1696,1,0.9431945538974952,1
949,2,5,11,1.0858382938890403,2414,1,0.9431945538974952,1
623,2,5,11,0.2462716196424326,1604,1,0.9431945538974952,1
890,2,5,11,0.8709728891055483,1969,1,0.9431945538974952,1
738,2,5,11,0.1388389172506866,1725,10,0.9431945538974952,1
633,2,5,11,0.1516272781047747,1653,1,0.9431945538974952,1
1014,2,5,11,1.6627916956224909,2614,12,0.9431945538974952,1
935,2,5,11,0.3895152228314272,1755,12,0.9431945538974952,1
702,2,5,11,0.6600864732995283,1652,10,0.9431945538974952,1
867,2,5,11,0.5287798370429498,1527,1,0.9431945538974952,1
591,2,5,11,0.0513011597463009,1562,10,0.9431945538974952,1
733,2,5,11,0.2272280686767442,1521,12,0.9431945538974952,1
773,2,5,11,0.1348599282732145,1765,1,0.9431945538974952,1
587,2,5,11,0.4452210685160363,2198,10,0.9431945538974952,1
810,2,5,11,0.2152911017443279,1473,12,0.9431945538974952,1
809,2,5,11,0.2781035314622092,1877,12,0.9431945538974952,1
888,2,5,11,0.910762778880269,1689,1,0.9431945538974952,1
544,2,5,11,0.4023035836855154,1015,12,0.9431945538974952,1
645,2,5,11,0.4133891566962597,1538,12,0.9431945538974952,1
916,2,5,11,0.7874141205786347,2059,12,0.9431945538974952,1
597,2,5,11,0.3178934212369299,1929,12,0.9431945538974952,1
914,2,5,11,0.8152670434209391,2189,1,0.9431945538974952,1
608,2,5,11,0.6163175945473355,1786,10,0.9431945538974952,1
815,2,5,11,0.7675191756912743,1741,12,0.9431945538974952,1
590,2,5,11,0.3417673551017623,1413,1,0.9431945538974952,1
723,2,5,11,0.4938203301673731,1542,10,0.9431945538974952,1
897,2,5,11,0.4372630905610921,1882,10,0.9431945538974952,1
759,2,5,11,0.2462716196424326,1591,12,0.9431945538974952,1
879,2,5,11,0.6720234402319445,1955,1,0.9431945538974952,1
820,2,5,11,0.1388389172506866,1925,10,0.9431945538974952,1
761,2,5,11,0.0154902589490523,1789,10,0.9431945538974952,1
876,2,5,11,0.2621875755523209,1817,12,0.9431945538974952,1
663,2,5,11,0.3497253330567065,1412,1,0.9431945538974952,1
595,2,5,11,0.8112880544434671,1979,12,0.9431945538974952,1
712,2,5,11,0.2462716196424326,1689,1,0.9431945538974952,1
799,2,5,11,0.2621875755523209,1652,1,0.9431945538974952,1
538,2,5,11,0.1746498180479352,1737,12,0.9431945538974952,1
916,2,5,11,0.6123386055698634,1480,10,0.9431945538974952,1
615,2,5,11,0.3863876277756271,1346,1,0.9431945538974952,1
506,2,5,11,0.3457463440792345,1588,10,0.9431945538974952,1
742,2,5,11,0.8192460323984113,1956,10,0.9431945538974952,1
665,2,5,11,0.1237743552624702,1369,10,0.9431945538974952,1
825,2,5,11,0.8988258119478527,2043,12,0.9431945538974952,1
701,2,5,11,0.6211479774464795,1277,10,0.9431945538974952,1
705,2,5,11,0.0839844654877495,1388,1,0.9431945538974952,1
855,2,5,11,0.6163175945473355,1775,1,0.9431945538974952,1
706,2,5,11,0.2351860466316883,1310,12,0.9431945538974952,1
682,2,5,11,0.1038794103751098,1288,1,0.9431945538974952,1
744,2,5,11,0.1396903111723585,1535,1,0.9431945538974952,1
745,2,5,11,0.1308809392957424,1639,12,0.9431945538974952,1
898,2,5,11,0.7197713079616094,1663,12,0.9431945538974952,1
665,2,5,11,0.3855362338539552,1842,12,0.9431945538974952,1
805,2,5,11,0.3457463440792345,1810,12,0.9431945538974952,1
837,2,5,11,0.9903425584297104,1906,12,0.9431945538974952,1
875,2,5,11,0.4094101677187876,2054,10,0.9431945538974952,1
846,2,5,11,0.2781035314622092,1656,12,0.9431945538974952,1
719,2,5,11,0.5168428701105336,1856,12,0.9431945538974952,1
739,2,5,11,0.4889899472682291,1934,10,0.9431945538974952,1
608,2,5,11,0.4014521897638435,1954,1,0.9431945538974952,1
534,2,5,11,0.649000900288784,1543,12,0.9431945538974952,1
729,2,5,11,0.4571580354484525,1651,1,0.9431945538974952,1
888,2,5,11,0.7754771536462185,1777,10,0.9431945538974952,1
632,2,5,11,0.5893160656267029,1657,12,0.9431945538974952,1
905,2,5,11,0.377578255899011,1688,10,0.9431945538974952,1
696,2,5,11,0.1985237519127677,1474,12,0.9431945538974952,1
575,2,5,11,0.2820825204396813,1766,12,0.9431945538974952,1
758,2,5,11,0.4213471346512039,2016,10,0.9431945538974952,1
882,2,5,11,0.373599266921539,1807,12,0.9431945538974952,1
736,2,5,11,0.2184186968001281,1614,12,0.9431945538974952,1
450,2,5,11,0.2471230135641045,1595,10,0.9431945538974952,1
772,2,5,11,0.5049059031781175,2176,10,0.9431945538974952,1
827,2,5,11,0.0194692479265244,1477,1,0.9431945538974952,1
773,2,5,11,0.540716803975366,1741,10,0.9431945538974952,1
766,2,5,11,0.1189439723633262,1733,10,0.9431945538974952,1
801,2,5,11,0.8709728891055483,1532,10,0.9431945538974952,1
809,2,5,11,0.540716803975366,1795,12,0.9431945538974952,1
704,2,5,11,0.0950700384984938,1484,1,0.9431945538974952,1
586,2,5,11,0.3576833110116507,1397,12,0.9431945538974952,1
757,2,5,11,0.4253261236286759,1981,1,0.9431945538974952,1
455,2,5,11,0.060110531622917,1183,1,0.9431945538974952,1
729,2,5,11,0.4690950023808687,1713,12,0.9431945538974952,1
674,2,5,11,0.6362125394346959,1949,10,0.9431945538974952,1
788,2,5,11,0.4969479252231732,1598,10,0.9431945538974952,1
899,2,5,11,0.1357113221948865,1514,10,0.9431945538974952,1
531,2,5,11,0.2502506086199046,1652,1,0.9431945538974952,1
722,2,5,11,0.326702793113546,1760,1,0.9431945538974952,1
714,2,5,11,0.4969479252231732,1612,12,0.9431945538974952,1
675,2,5,11,0.378429649820683,1200,1,0.9431945538974952,1
871,2,5,11,0.2422926306649605,1919,1,0.9431945538974952,1
713,2,5,11,0.2820825204396813,1525,1,0.9431945538974952,1
594,2,5,11,0.0353852038364127,1692,12,0.9431945538974952,1
683,2,5,11,0.2184186968001281,1677,12,0.9431945538974952,1
531,2,5,11,0.4420934734602362,1220,1,0.9431945538974952,1
762,2,5,11,0.3178934212369299,1715,10,0.9431945538974952,1
817,2,5,11,0.1746498180479352,1647,12,0.9431945538974952,1
490,2,5,11,0.162712851115519,1522,1,0.9431945538974952,1
866,2,5,11,0.0871120605435496,1531,1,0.9431945538974952,1
735,2,5,11,0.4332841015836201,1768,12,0.9431945538974952,1
804,2,5,11,0.9226997458126852,2398,12,0.9431945538974952,1
786,2,5,11,0.3457463440792345,1959,12,0.9431945538974952,1
665,2,5,11,0.2192700907218,1323,10,0.9431945538974952,1
841,2,5,11,0.6083596165923914,1806,12,0.9431945538974952,1
627,2,5,11,0.3377883661242903,1546,10,0.9431945538974952,1
953,2,5,11,0.8431199662632437,2198,10,0.9431945538974952,1
697,2,5,11,0.0203206418481963,1515,10,0.9431945538974952,1
794,2,5,11,0.7953720985335788,1817,1,0.9431945538974952,1
840,2,5,11,0.4531790464709804,1849,12,0.9431945538974952,1
896,2,5,11,0.7396662528489698,1968,10,0.9431945538974952,1
785,2,5,11,1.0380904261593753,2026,12,0.9431945538974952,1
897,2,5,11,0.10700700543091,1395,10,0.9431945538974952,1
647,2,5,11,0.0640895206003891,1701,12,0.9431945538974952,1
694,2,5,11,0.0672171156561892,1555,12,0.9431945538974952,1
940,2,5,11,0.7277292859165536,2075,12,0.9431945538974952,1
913,2,5,11,0.214439707822656,1516,10,0.9431945538974952,1
671,2,5,11,0.060110531622917,1822,10,0.9431945538974952,1
752,2,5,11,0.4372630905610921,1387,1,0.9431945538974952,1
616,2,5,11,0.3019774653270416,1801,10,0.9431945538974952,1
858,2,5,11,0.6322335504572237,1956,12,0.9431945538974952,1
731,2,5,11,0.4054311787413155,1885,12,0.9431945538974952,1
711,2,5,11,0.1985237519127677,1923,10,0.9431945538974952,1
755,2,5,11,0.1189439723633262,1898,12,0.9431945538974952,1
773,2,5,11,0.6521284953445842,1830,1,0.9431945538974952,1
793,2,5,11,0.8669939001280762,1939,1,0.9431945538974952,1
865,2,5,11,0.7317082748940257,2253,1,0.9431945538974952,1
753,2,5,11,1.1017542497989286,2197,12,0.9431945538974952,1
827,2,5,11,0.4571580354484525,1799,1,0.9431945538974952,1
785,2,5,11,0.9903425584297104,2019,12,0.9431945538974952,1
399,2,5,11,0.6967487680184489,1325,1,0.9431945538974952,1
661,2,5,11,0.0473221707688289,1416,1,0.9431945538974952,1
1038,2,5,11,0.7237502969390814,1942,12,0.9431945538974952,1
1169,2,5,11,0.8829098560379645,2162,10,0.9431945538974952,1
1002,2,5,11,0.6680444512544724,1903,10,0.9431945538974952,1
827,2,5,11,0.8908678339929086,1978,12,0.9431945538974952,1
778,2,5,11,0.1547548731605749,1541,12,0.9431945538974952,1
773,2,5,11,0.7675191756912743,2231,10,0.9431945538974952,1
483,2,5,11,0.0481735646905008,1487,10,0.9431945538974952,1
670,2,5,11,0.0592591377012451,1421,10,0.9431945538974952,1
950,2,5,11,0.214439707822656,1984,12,0.9431945538974952,1
682,2,5,11,0.6362125394346959,1619,1,0.9431945538974952,1
786,2,5,11,0.6760024292094166,1850,12,0.9431945538974952,1
627,2,5,11,0.4221985285728758,960,12,0.9431945538974952,1
548,2,5,11,0.5844856827275589,1769,12,0.9431945538974952,1
774,2,5,11,0.2542295975973768,1783,12,0.9431945538974952,1
739,2,5,11,0.1189439723633262,1745,1,0.9431945538974952,1
743,2,5,11,0.4253261236286759,1882,10,0.9431945538974952,1
691,2,5,11,0.2343346527100163,1633,1,0.9431945538974952,1
825,2,5,11,0.321872410214402,1672,12,0.9431945538974952,1
869,2,5,11,0.8829098560379645,1785,1,0.9431945538974952,1
690,2,5,11,0.4102615616404595,1270,1,0.9431945538974952,1
679,2,5,11,0.4810319693132849,1749,10,0.9431945538974952,1
817,2,5,11,0.056131542645445,1297,10,0.9431945538974952,1
692,2,5,11,0.0242996308256684,1636,10,0.9431945538974952,1
926,2,5,11,0.3497253330567065,1759,10,0.9431945538974952,1
901,2,5,11,0.8232250213758834,1975,12,0.9431945538974952,1
814,2,5,11,1.1375651505961772,1825,12,0.9431945538974952,1
598,2,5,11,0.060110531622917,1529,12,0.9431945538974952,1
751,2,5,11,0.4969479252231732,1679,1,0.9431945538974952,1
828,2,5,11,0.8470989552407158,1971,12,0.9431945538974952,1
615,2,5,11,0.4173681456737318,1901,1,0.9431945538974952,1
628,2,5,11,0.2391650356091604,1772,1,0.9431945538974952,1
978,2,5,11,0.3377883661242903,1845,1,0.9431945538974952,1
539,2,5,11,0.4580094293701244,1156,12,0.9431945538974952,1
796,2,5,11,0.321872410214402,1781,1,0.9431945538974952,1
798,2,5,11,0.7197713079616094,1923,1,0.9431945538974952,1
764,2,5,11,0.6202965835248075,1657,1,0.9431945538974952,1
780,2,5,11,0.266166564529793,1826,1,0.9431945538974952,1
775,2,5,11,0.0083836749157801,1497,10,0.9431945538974952,1
1000,2,5,11,0.2900404983946254,1800,1,0.9431945538974952,1
839,2,5,11,0.0672171156561892,1266,12,0.9431945538974952,1
641,2,5,11,0.5208218590880057,1935,12,0.9431945538974952,1
818,2,5,11,0.966468624564878,1838,10,0.9431945538974952,1
802,2,5,11,0.321872410214402,2053,1,0.9431945538974952,1
621,2,5,11,0.1388389172506866,1529,12,0.9431945538974952,1
895,2,5,11,1.3802834782219735,2275,10,0.9431945538974952,1
883,2,5,11,0.7038553520517211,2050,10,0.9431945538974952,1
995,2,5,11,0.2462716196424326,1762,12,0.9431945538974952,1
855,2,5,11,0.6839604071643608,2112,1,0.9431945538974952,1
939,2,5,11,1.121649194686289,2183,12,0.9431945538974952,1
769,2,5,11,0.4213471346512039,1519,10,0.9431945538974952,1
770,2,5,11,0.4810319693132849,1929,1,0.9431945538974952,1
690,2,5,11,0.0353852038364127,1601,1,0.9431945538974952,1
737,2,5,11,0.3625136939107947,1062,1,0.9431945538974952,1
543,2,5,11,0.1953961568569676,1246,10,0.9431945538974952,1
762,2,5,11,0.6720234402319445,1909,1,0.9431945538974952,1
977,2,5,11,0.8470989552407158,2134,10,0.9431945538974952,1
258,6,1,10,1.4089877949859502,463,11,1.804272708628173,0
261,2,1,10,0.7007277569959209,605,11,1.804272708628173,0
340,2,1,10,0.9593620405316058,639,11,0.9431945538974952,0
186,6,1,10,1.301555092594204,541,11,1.804272708628173,0
360,6,1,10,0.6092110105140632,665,11,1.804272708628173,0
373,6,1,10,0.9474250735991896,612,11,1.804272708628173,0
281,2,1,10,1.5283574643101123,411,11,1.804272708628173,0
340,6,1,10,0.8917192279145806,560,11,1.804272708628173,0
327,2,1,10,0.915593161779413,550,11,1.804272708628173,0
313,6,1,10,0.8479503491623878,609,11,1.804272708628173,0
278,6,1,10,1.0548577759909357,523,11,0.9431945538974952,0
213,6,1,10,1.297576103616732,452,11,0.9431945538974952,0
319,6,1,10,0.8877402389371084,563,11,0.9431945538974952,0
222,2,1,10,1.1225005886079609,561,11,1.804272708628173,0
367,2,1,10,1.0110888972387428,588,11,0.9431945538974952,0
362,6,1,10,0.5893160656267029,667,11,0.9431945538974952,0
275,2,1,10,1.0866896878107122,528,11,0.9431945538974952,0
298,2,1,10,0.6887907900635047,613,11,0.9431945538974952,0
251,2,1,10,1.1105636216755446,545,11,1.804272708628173,0
266,6,1,10,1.08271069883324,537,11,1.804272708628173,0
263,2,1,10,1.1622904783826815,519,11,0.9431945538974952,0
278,6,1,10,1.353281949301341,351,11,0.9431945538974952,0
300,6,1,10,0.9474250735991896,567,11,0.9431945538974952,0
313,2,1,10,1.007109908261271,623,11,0.9431945538974952,0
338,6,1,10,1.0588367649684076,528,11,1.804272708628173,0
325,2,1,10,1.2100383461123465,455,11,1.804272708628173,0
314,6,1,10,0.9354881066667734,588,11,0.9431945538974952,0
305,2,1,10,1.1026056437206004,611,11,1.804272708628173,0
342,2,1,10,1.2856391366843158,525,11,0.9431945538974952,0
314,6,1,10,1.1662694673601537,488,11,0.9431945538974952,0
254,2,1,10,1.297576103616732,468,11,0.9431945538974952,0
323,2,1,10,0.8678452940497481,529,11,0.9431945538974952,0
240,2,1,10,0.8996772058695247,624,11,0.9431945538974952,0
351,6,1,10,0.652979889266256,531,11,0.9431945538974952,0
293,6,1,10,1.1662694673601537,567,11,0.9431945538974952,0
292,6,1,10,0.8678452940497481,559,11,0.9431945538974952,0
321,2,1,10,0.9434460846217176,578,11,1.804272708628173,0
320,6,1,10,0.979256985418966,536,11,1.804272708628173,0
315,6,1,10,0.9951729413288544,592,11,0.9431945538974952,0
199,2,1,10,1.030983842126103,529,11,1.804272708628173,0
207,6,1,10,1.3095130705491482,473,11,0.9431945538974952,0
249,6,1,10,1.237891268954651,495,11,0.9431945538974952,0
353,2,1,10,0.9911939523513824,519,11,1.804272708628173,0
194,2,1,10,1.393071839076062,438,11,0.9431945538974952,0
385,2,1,10,0.915593161779413,673,11,0.9431945538974952,0
263,6,1,10,0.8996772058695247,485,11,1.804272708628173,0
311,2,1,10,1.1264795775854328,525,11,1.804272708628173,0
221,2,1,10,1.1981013791799302,485,11,0.9431945538974952,0
330,6,1,10,0.8161184373426111,558,11,1.804272708628173,0
286,2,1,10,1.019046875193687,543,11,0.9431945538974952,0
249,6,1,10,1.289618125661788,505,11,0.9431945538974952,0
324,2,1,10,1.1384165445178491,540,11,1.804272708628173,0
330,2,1,10,0.8917192279145806,579,11,0.9431945538974952,0
328,6,1,10,0.9394670956442456,587,11,0.9431945538974952,0
348,2,1,10,1.1941223902024585,551,11,0.9431945538974952,0
335,6,1,10,0.7444966357481138,693,11,1.804272708628173,0
305,6,1,10,0.979256985418966,574,11,1.804272708628173,0
281,2,1,10,1.019046875193687,642,11,1.804272708628173,0
292,2,1,10,1.027004853148631,556,11,0.9431945538974952,0
390,6,1,10,0.752454613703058,648,11,1.804272708628173,0
300,2,1,10,1.1105636216755446,594,11,1.804272708628173,0
351,6,1,10,0.7206227018832814,652,11,1.804272708628173,0
271,6,1,10,1.1065846326980726,584,11,0.9431945538974952,0
377,6,1,10,0.9593620405316058,616,11,1.804272708628173,0
309,6,1,10,1.1782064342925698,479,11,1.804272708628173,0
270,6,1,10,1.2179963240672906,528,11,1.804272708628173,0
281,6,1,10,1.2179963240672906,516,11,0.9431945538974952,0
349,6,1,10,1.0389418200810472,545,11,1.804272708628173,0
281,6,1,10,0.8280554042750273,555,11,1.804272708628173,0
276,6,1,10,1.130458566562905,498,11,1.804272708628173,0
299,2,1,10,1.1105636216755446,517,11,0.9431945538974952,0
363,2,1,10,0.9116141728019408,603,11,0.9431945538974952,0
229,2,1,10,1.1941223902024585,532,11,0.9431945538974952,0
366,2,1,10,1.1065846326980726,527,11,0.9431945538974952,0
268,6,1,10,1.2060593571348743,522,11,0.9431945538974952,0
309,6,1,10,1.3095130705491482,545,11,0.9431945538974952,0
329,6,1,10,0.6291059554014237,634,11,0.9431945538974952,0
305,6,1,10,1.1185215996304887,561,11,0.9431945538974952,0
236,6,1,10,1.2020803681574024,496,11,1.804272708628173,0
269,6,1,10,1.1662694673601537,526,11,1.804272708628173,0
271,6,1,10,0.919572150756885,606,11,1.804272708628173,0
417,2,1,10,0.593295054604175,633,11,1.804272708628173,0
234,6,1,10,1.4288827398733106,437,11,1.804272708628173,0
217,6,1,10,1.046899798035991,560,11,1.804272708628173,0
279,6,1,10,1.078731709855768,477,11,0.9431945538974952,0
386,6,1,10,1.0150678862162148,603,11,0.9431945538974952,0
286,2,1,10,1.2737021697518995,475,11,0.9431945538974952,0
203,6,1,10,1.3333870044139808,447,11,1.804272708628173,0
378,2,1,10,0.8121394483651391,587,11,1.804272708628173,0
329,2,1,10,1.0349628311035752,644,11,0.9431945538974952,0
352,6,1,10,0.6927697790409768,668,11,0.9431945538974952,0
290,6,1,10,1.0110888972387428,489,11,0.9431945538974952,0
204,2,1,10,1.0628157539458798,566,11,1.804272708628173,0
276,6,1,10,1.1463745224727933,528,11,0.9431945538974952,0
363,6,1,10,0.808160459387667,624,11,0.9431945538974952,0
207,2,1,10,1.2697231807744276,500,11,0.9431945538974952,0
257,6,1,10,0.96732001848655,497,11,0.9431945538974952,0
401,6,1,10,1.0866896878107122,571,11,0.9431945538974952,0
287,2,1,10,1.0628157539458798,535,11,0.9431945538974952,0
386,6,1,10,0.963341029509078,632,11,0.9431945538974952,0
157,6,1,10,1.3691979052112293,427,11,1.804272708628173,0
303,6,1,10,1.3691979052112293,517,11,0.9431945538974952,0
272,2,1,10,0.8837612499596363,601,11,1.804272708628173,0
252,6,1,10,1.281660147706844,444,11,0.9431945538974952,0
252,6,1,10,1.1264795775854328,491,11,0.9431945538974952,0
327,6,1,10,1.0588367649684076,471,11,0.9431945538974952,0
324,6,1,10,1.2179963240672906,531,11,1.804272708628173,0
382,6,1,10,0.6052320215365912,674,11,0.9431945538974952,0
234,2,1,10,1.1384165445178491,492,11,1.804272708628173,0
355,6,1,10,0.9474250735991896,563,11,0.9431945538974952,0
342,6,1,10,0.7962234924552508,621,11,1.804272708628173,0
231,2,1,10,1.1742274453150978,501,11,0.9431945538974952,0
365,2,1,10,0.8837612499596363,579,11,1.804272708628173,0
356,2,1,10,1.078731709855768,617,11,1.804272708628173,0
330,2,1,10,0.9951729413288544,657,11,0.9431945538974952,0
293,6,1,10,0.9394670956442456,516,11,1.804272708628173,0
305,2,1,10,1.2737021697518995,493,11,1.804272708628173,0
295,6,1,10,0.9394670956442456,515,11,0.9431945538974952,0
343,2,1,10,1.1185215996304887,541,11,0.9431945538974952,0
230,6,1,10,1.345323971346397,425,11,1.804272708628173,0
328,2,1,10,1.2179963240672906,415,11,0.9431945538974952,0
353,6,1,10,1.0667947429233515,561,11,0.9431945538974952,0
188,2,1,10,1.2100383461123465,488,11,1.804272708628173,0
269,6,1,10,1.3652189162337574,545,11,1.804272708628173,0
310,2,1,10,1.0349628311035752,483,11,0.9431945538974952,0
279,6,1,10,1.2498282358870672,545,11,0.9431945538974952,0
284,6,1,10,1.1225005886079609,521,11,1.804272708628173,0
319,6,1,10,1.070773731900824,592,11,0.9431945538974952,0
291,2,1,10,1.2219753130447626,533,11,0.9431945538974952,0
265,6,1,10,1.2657441917969554,483,11,0.9431945538974952,0
376,2,1,10,0.9076351838244688,600,11,0.9431945538974952,0
249,2,1,10,1.2020803681574024,451,11,1.804272708628173,0
294,6,1,10,1.3134920595266204,485,11,0.9431945538974952,0
290,2,1,10,0.4739253852800127,671,11,0.9431945538974952,0
306,2,1,10,1.134437555540377,515,11,0.9431945538974952,0
236,2,1,10,0.863866305072276,493,11,0.9431945538974952,0
321,6,1,10,0.7365386577931696,634,11,0.9431945538974952,0
287,2,1,10,0.8917192279145806,573,11,1.804272708628173,0
266,2,1,10,1.3134920595266204,492,11,0.9431945538974952,0
201,2,1,10,1.3691979052112293,479,11,0.9431945538974952,0
384,6,1,10,0.9872149633739103,581,11,0.9431945538974952,0
287,2,1,10,1.2577862138420113,444,11,1.804272708628173,0
260,2,1,10,1.007109908261271,517,11,1.804272708628173,0
230,6,1,10,1.3691979052112293,472,11,1.804272708628173,0
243,6,1,10,1.560189376129889,439,11,0.9431945538974952,0
367,2,1,10,0.9911939523513824,626,11,0.9431945538974952,0
335,6,1,10,0.8797822609821643,483,11,1.804272708628173,0
348,2,1,10,1.2140173350898185,497,11,0.9431945538974952,0
270,2,1,10,1.0946476657656563,608,11,1.804272708628173,0
264,2,1,10,1.0946476657656563,548,11,1.804272708628173,0
396,6,1,10,0.4261775175503479,644,11,0.9431945538974952,0
283,2,1,10,1.027004853148631,566,11,0.9431945538974952,0
338,2,1,10,1.241870257932123,543,11,0.9431945538974952,0
283,6,1,10,1.289618125661788,543,11,1.804272708628173,0
304,2,1,10,0.8917192279145806,561,11,1.804272708628173,0
317,2,1,10,1.027004853148631,559,11,0.9431945538974952,0
312,6,1,10,1.019046875193687,481,11,1.804272708628173,0
306,2,1,10,0.8439713601849157,550,11,0.9431945538974952,0
335,2,1,10,0.9275301287118292,544,11,1.804272708628173,0
285,2,1,10,1.0588367649684076,546,11,1.804272708628173,0
289,2,1,10,0.963341029509078,542,11,0.9431945538974952,0
231,6,1,10,1.2498282358870672,475,11,0.9431945538974952,0
366,2,1,10,1.29359711463926,522,11,0.9431945538974952,0
242,2,1,10,1.3691979052112293,523,11,1.804272708628173,0
337,2,1,10,1.0349628311035752,566,11,0.9431945538974952,0
415,2,1,10,0.8161184373426111,594,11,0.9431945538974952,0
303,6,1,10,0.9991519303063264,496,11,1.804272708628173,0
295,2,1,10,1.0508787870134637,583,11,1.804272708628173,0
287,6,1,10,1.4089877949859502,548,11,0.9431945538974952,0
341,6,1,10,0.979256985418966,554,11,1.804272708628173,0
278,6,1,10,1.281660147706844,536,11,0.9431945538974952,0
295,6,1,10,1.134437555540377,515,11,1.804272708628173,0
339,6,1,10,0.7922445034777786,594,11,0.9431945538974952,0
249,6,1,10,1.2856391366843158,474,11,1.804272708628173,0
332,2,1,10,1.2140173350898185,427,11,0.9431945538974952,0
334,6,1,10,1.08271069883324,585,11,1.804272708628173,0
339,2,1,10,1.289618125661788,565,11,1.804272708628173,0
367,2,1,10,0.8559083271173319,643,11,0.9431945538974952,0
228,6,1,10,1.2259543020222348,486,11,1.804272708628173,0
205,2,1,10,1.3294080154365089,503,11,0.9431945538974952,0
274,6,1,10,1.0349628311035752,517,11,1.804272708628173,0
311,2,1,10,1.0031309192837985,552,11,0.9431945538974952,0
304,2,1,10,1.0628157539458798,569,11,0.9431945538974952,0
368,6,1,10,0.9872149633739103,558,11,0.9431945538974952,0
220,6,1,10,1.1742274453150978,502,11,1.804272708628173,0
342,2,1,10,1.0667947429233515,604,11,1.804272708628173,0
229,6,1,10,1.3095130705491482,478,11,0.9431945538974952,0
413,6,1,10,0.8996772058695247,565,11,1.804272708628173,0
353,2,1,10,0.96732001848655,559,11,0.9431945538974952,0
374,6,1,10,0.9076351838244688,621,11,0.9431945538974952,0
340,2,1,10,0.7922445034777786,644,11,0.9431945538974952,0
211,6,1,10,1.1423955334953213,547,11,0.9431945538974952,0
398,2,1,10,0.9315091176893012,532,11,0.9431945538974952,0
385,6,1,10,0.7285806798382255,580,11,1.804272708628173,0
365,2,1,10,1.078731709855768,614,11,1.804272708628173,0
295,6,1,10,0.9474250735991896,551,11,1.804272708628173,0
272,6,1,10,0.8877402389371084,557,11,0.9431945538974952,0
298,6,1,10,1.0110888972387428,501,11,0.9431945538974952,0
331,6,1,10,0.8917192279145806,556,11,0.9431945538974952,0
432,2,1,10,0.5574841538069263,695,11,1.804272708628173,0
277,2,1,10,1.08271069883324,592,11,1.804272708628173,0
332,2,1,10,0.7842865255228345,568,11,0.9431945538974952,0
343,6,1,10,0.7564336026805301,637,11,1.804272708628173,0
187,2,1,10,1.6517061226117469,377,11,0.9431945538974952,0
313,2,1,10,1.345323971346397,506,11,0.9431945538974952,0
286,2,1,10,1.1225005886079609,533,11,1.804272708628173,0
304,6,1,10,1.0548577759909357,580,11,1.804272708628173,0
351,6,1,10,1.023025864171159,524,11,1.804272708628173,0
346,2,1,10,0.8917192279145806,611,11,1.804272708628173,0
224,2,1,10,1.1145426106530167,561,11,1.804272708628173,0
255,6,1,10,0.9076351838244688,614,11,0.9431945538974952,0
262,6,1,10,1.3134920595266204,534,11,0.9431945538974952,0
198,6,1,10,1.0548577759909357,508,11,1.804272708628173,0
250,2,1,10,1.6556851115892188,435,11,1.804272708628173,0
298,6,1,10,0.9832359743964384,537,11,1.804272708628173,0
310,2,1,10,1.1463745224727933,444,11,0.9431945538974952,0
280,2,1,10,0.9951729413288544,590,11,1.804272708628173,0
261,6,1,10,0.9514040625766615,471,11,1.804272708628173,0
306,6,1,10,1.134437555540377,495,11,0.9431945538974952,0
268,2,1,10,0.9354881066667734,554,11,1.804272708628173,0
200,6,1,10,1.3652189162337574,421,11,1.804272708628173,0
289,6,1,10,0.8996772058695247,555,11,1.804272708628173,0
275,2,1,10,1.2219753130447626,459,11,0.9431945538974952,0
243,6,1,10,1.1543325004277374,488,11,0.9431945538974952,0
305,6,1,10,0.979256985418966,635,11,0.9431945538974952,0
302,6,1,10,0.9553830515541336,560,11,1.804272708628173,0
273,2,1,10,0.9832359743964384,514,11,0.9431945538974952,0
272,6,1,10,1.182185423270042,481,11,0.9431945538974952,0
242,2,1,10,1.3612399272562852,542,11,1.804272708628173,0
303,6,1,10,0.9593620405316058,562,11,1.804272708628173,0
396,2,1,10,0.8399923712074435,595,11,1.804272708628173,0
340,2,1,10,1.297576103616732,546,11,1.804272708628173,0
300,6,1,10,1.134437555540377,526,11,1.804272708628173,0
260,2,1,10,1.0986266547431285,585,11,0.9431945538974952,0
284,6,1,10,1.1423955334953213,540,11,0.9431945538974952,0
280,2,1,10,1.1583114894052096,453,11,0.9431945538974952,0
347,6,1,10,0.8678452940497481,622,11,0.9431945538974952,0
325,2,1,10,0.8837612499596363,581,11,1.804272708628173,0
242,6,1,10,1.397050828053534,367,11,0.9431945538974952,0
386,2,1,10,1.027004853148631,519,11,0.9431945538974952,0
300,6,1,10,0.8200974263200832,669,11,0.9431945538974952,0
216,2,1,10,1.3572609382788132,414,11,1.804272708628173,0
411,2,1,10,0.6768538231310886,614,11,1.804272708628173,0
302,2,1,10,0.971299007464022,629,11,1.804272708628173,0
237,6,1,10,1.0946476657656563,498,11,1.804272708628173,0
347,2,1,10,0.5893160656267029,632,11,1.804272708628173,0
270,6,1,10,0.979256985418966,556,11,1.804272708628173,0
314,2,1,10,1.2458492469095952,509,11,1.804272708628173,0
296,2,1,10,0.6171689884690075,657,11,1.804272708628173,0
252,2,1,10,1.007109908261271,510,11,0.9431945538974952,0
321,6,1,10,1.1583114894052096,564,11,1.804272708628173,0
284,6,1,10,0.9593620405316058,542,11,1.804272708628173,0
297,2,1,10,0.971299007464022,555,11,0.9431945538974952,0
395,2,1,10,1.130458566562905,487,11,0.9431945538974952,0
263,2,1,10,1.2179963240672906,531,11,1.804272708628173,0
300,6,1,10,1.0150678862162148,617,11,0.9431945538974952,0
293,2,1,10,0.9911939523513824,613,11,0.9431945538974952,0
341,6,1,10,0.7564336026805301,617,11,0.9431945538974952,0
395,6,1,10,0.9991519303063264,639,11,1.804272708628173,0
327,2,1,10,1.2737021697518995,587,11,1.804272708628173,0
307,2,1,10,1.1742274453150978,531,11,1.804272708628173,0
235,6,1,10,1.2060593571348743,516,11,0.9431945538974952,0
248,6,1,10,1.2458492469095952,485,11,1.804272708628173,0
331,2,1,10,0.8041814704101949,665,11,1.804272708628173,0
325,2,1,10,1.070773731900824,653,11,1.804272708628173,0
351,6,1,10,0.9951729413288544,538,11,0.9431945538974952,0
248,6,1,10,1.5960002769271375,337,11,1.804272708628173,0
264,2,1,10,1.134437555540377,569,11,0.9431945538974952,0
238,6,1,10,1.0110888972387428,569,11,1.804272708628173,0
278,2,1,10,1.2776811587293715,599,11,1.804272708628173,0
317,2,1,10,0.8758032720046922,578,11,0.9431945538974952,0
344,2,1,10,1.1065846326980726,466,11,0.9431945538974952,0
228,2,1,10,1.341344982368925,476,11,0.9431945538974952,0
303,2,1,10,0.9553830515541336,546,11,0.9431945538974952,0
369,6,1,10,0.963341029509078,634,11,0.9431945538974952,0
329,6,1,10,1.4368407178282547,426,11,0.9431945538974952,0
356,2,1,10,1.1384165445178491,502,11,1.804272708628173,0
320,2,1,10,1.023025864171159,560,11,0.9431945538974952,0
252,6,1,10,0.6450219113113119,523,11,1.804272708628173,0
201,2,1,10,1.2259543020222348,393,11,0.9431945538974952,0
343,2,1,10,0.8360133822299715,619,11,0.9431945538974952,0
288,2,1,10,1.237891268954651,498,11,1.804272708628173,0
321,6,1,10,1.046899798035991,479,11,1.804272708628173,0
288,2,1,10,1.134437555540377,549,11,1.804272708628173,0
265,2,1,10,0.9116141728019408,610,11,1.804272708628173,0
380,2,1,10,0.7206227018832814,700,11,0.9431945538974952,0
288,2,1,10,1.3214500374815643,508,11,1.804272708628173,0
319,6,1,10,0.8837612499596363,541,11,1.804272708628173,0
364,2,1,10,0.8519293381398598,673,11,1.804272708628173,0
295,2,1,10,0.8877402389371084,561,11,0.9431945538974952,0
360,2,1,10,0.8718242830272201,709,11,1.804272708628173,0
378,6,1,10,1.078731709855768,584,11,1.804272708628173,0
341,6,1,10,1.134437555540377,499,11,1.804272708628173,0
228,2,1,10,1.1941223902024585,482,11,1.804272708628173,0
273,6,1,10,1.0588367649684076,566,11,1.804272708628173,0
325,2,1,10,0.8956982168920526,648,11,0.9431945538974952,0
293,6,1,10,1.1264795775854328,483,11,0.9431945538974952,0
206,2,1,10,1.2657441917969554,516,11,1.804272708628173,0
326,6,1,10,1.1185215996304887,533,11,1.804272708628173,0
276,6,1,10,1.1503535114502654,490,11,0.9431945538974952,0
364,2,1,10,1.0349628311035752,553,11,1.804272708628173,0
207,6,1,10,1.576105332039777,368,11,0.9431945538974952,0
307,6,1,10,0.8399923712074435,595,11,0.9431945538974952,0
301,6,1,10,1.0031309192837985,604,11,0.9431945538974952,0
347,2,1,10,1.0429208090585194,607,11,1.804272708628173,0
292,2,1,10,1.1941223902024585,541,11,0.9431945538974952,0
320,6,1,10,0.919572150756885,622,11,1.804272708628173,0
293,6,1,10,1.1583114894052096,475,11,0.9431945538974952,0
287,2,1,10,1.007109908261271,522,11,0.9431945538974952,0
333,2,1,10,0.971299007464022,700,11,1.804272708628173,0
254,2,1,10,1.2299332909997067,539,11,0.9431945538974952,0
231,6,1,10,1.2179963240672906,497,11,0.9431945538974952,0
375,6,1,10,0.919572150756885,622,11,1.804272708628173,0
327,6,1,10,0.8121394483651391,564,11,0.9431945538974952,0
346,6,1,10,0.975277996441494,620,11,1.804272708628173,0
292,6,1,10,1.2060593571348743,514,11,1.804272708628173,0
353,2,1,10,0.6291059554014237,651,11,1.804272708628173,0
332,6,1,10,1.0349628311035752,537,11,0.9431945538974952,0
291,6,1,10,0.859887316094804,559,11,0.9431945538974952,0
251,2,1,10,1.2737021697518995,447,11,0.9431945538974952,0
269,6,1,10,1.2100383461123465,540,11,1.804272708628173,0
203,2,1,10,1.3612399272562852,397,11,1.804272708628173,0
329,2,1,10,0.8996772058695247,535,11,0.9431945538974952,0
218,2,1,10,1.007109908261271,513,11,0.9431945538974952,0
259,6,1,10,1.2856391366843158,407,11,1.804272708628173,0
273,2,1,10,1.1463745224727933,418,11,1.804272708628173,0
329,2,1,10,1.1622904783826815,553,11,1.804272708628173,0
231,2,1,10,1.301555092594204,559,11,1.804272708628173,0
373,6,1,10,1.1702484563376256,611,11,1.804272708628173,0
343,6,1,10,0.9474250735991896,590,11,0.9431945538974952,0
306,2,1,10,0.8479503491623878,576,11,0.9431945538974952,0
313,6,1,10,0.9354881066667734,547,11,1.804272708628173,0
251,2,1,10,1.0508787870134637,520,11,1.804272708628173,0
316,2,1,10,0.9434460846217176,593,11,0.9431945538974952,0
330,2,1,10,1.0628157539458798,537,11,0.9431945538974952,0
340,6,1,10,0.9315091176893012,532,11,1.804272708628173,0
244,6,1,10,1.1941223902024585,518,11,1.804272708628173,0
322,6,1,10,1.3214500374815643,492,11,1.804272708628173,0
325,6,1,10,1.2140173350898185,521,11,0.9431945538974952,0
238,6,1,10,1.190143401224986,464,11,1.804272708628173,0
414,6,1,10,0.7683705696129463,552,11,0.9431945538974952,0
317,2,1,10,1.1742274453150978,580,11,0.9431945538974952,0
218,6,1,10,1.182185423270042,480,11,0.9431945538974952,0
308,2,1,10,0.9315091176893012,652,11,0.9431945538974952,0
318,2,1,10,1.08271069883324,473,11,1.804272708628173,0
373,6,1,10,0.8479503491623878,600,11,1.804272708628173,0
334,6,1,10,1.1026056437206004,570,11,0.9431945538974952,0
283,6,1,10,0.859887316094804,626,11,0.9431945538974952,0
258,2,1,10,1.2458492469095952,501,11,1.804272708628173,0
314,6,1,10,1.190143401224986,434,11,1.804272708628173,0
390,6,1,10,0.7643915806354742,613,11,1.804272708628173,0
403,2,1,10,0.7007277569959209,637,11,0.9431945538974952,0
273,2,1,10,0.8877402389371084,589,11,0.9431945538974952,0
436,6,0,11,0.0393641928138847,721,7,0.9431945538974952,1
469,6,0,11,0.0800054765102774,773,7,0.8884502877862838,1
407,6,0,11,0.1516272781047747,648,7,0.8884502877862838,1
480,6,0,11,0.0154902589490523,724,7,0.9431945538974952,1
453,6,0,11,0.0473221707688289,777,7,0.9431945538974952,1
408,6,0,11,0.167543234014663,701,7,0.9431945538974952,1
511,6,0,11,0.0194692479265244,663,7,0.9431945538974952,1
429,6,0,11,0.0004256969608359,700,7,0.9431945538974952,1
398,6,0,11,0.0075322809941081,747,7,0.9431945538974952,1
400,6,0,11,0.274975936406409,595,7,0.8884502877862838,1
354,6,0,11,0.060110531622917,694,7,0.8884502877862838,1
414,6,0,11,0.0234482369039964,743,7,0.8884502877862838,1
343,6,0,11,0.270996947428937,621,7,0.9431945538974952,1
408,6,0,11,0.0990490274759658,797,7,0.8884502877862838,1
453,6,0,11,0.0115112699715802,627,7,0.8884502877862838,1
383,6,0,11,0.0999004213976378,595,7,0.9431945538974952,1
363,6,0,11,0.0075322809941081,666,7,0.9431945538974952,1
395,6,0,11,0.0751750936111334,767,7,0.9431945538974952,1
429,6,0,11,0.0322576087806125,695,7,0.9431945538974952,1
493,6,0,11,0.0441945757130287,766,7,0.8884502877862838,1
433,6,0,11,0.0075322809941081,714,7,0.8884502877862838,1
478,6,0,11,0.0083836749157801,699,7,0.8884502877862838,1
494,6,0,11,0.0242996308256684,686,7,0.8884502877862838,1
400,6,0,11,0.1953961568569676,691,7,0.8884502877862838,1
502,6,0,11,0.1269019503182704,810,7,0.8884502877862838,1
391,6,0,11,0.1149649833858541,728,7,0.9431945538974952,1
497,6,0,11,0.3139144322594578,977,7,0.9431945538974952,1
397,6,0,11,0.0234482369039964,797,7,0.9431945538974952,1
430,6,0,11,0.056131542645445,817,7,0.8884502877862838,1
334,6,0,11,0.2152911017443279,626,7,0.9431945538974952,1
434,6,0,11,0.0879634544652216,759,7,0.9431945538974952,1
483,6,0,11,0.055280148723773,812,7,0.9431945538974952,1
392,6,0,11,0.0075322809941081,672,7,0.9431945538974952,1
387,6,0,11,0.0800054765102774,659,7,0.8884502877862838,1
397,6,0,11,0.1874381789020234,606,7,0.8884502877862838,1
413,6,0,11,0.1237743552624702,646,7,0.8884502877862838,1
411,6,0,11,0.1436693001498306,649,7,0.9431945538974952,1
396,6,0,11,0.2033541348119117,637,7,0.9431945538974952,1
469,6,0,11,0.0990490274759658,912,7,0.9431945538974952,1
394,6,0,11,0.1038794103751098,732,7,0.8884502877862838,1
448,6,0,11,0.0871120605435496,776,7,0.8884502877862838,1
480,6,0,11,0.0791540825886055,799,7,0.9431945538974952,1
457,6,0,11,0.1794802009470793,625,7,0.9431945538974952,1
386,6,0,11,0.0959214324201657,665,7,0.8884502877862838,1
488,6,0,11,0.0194692479265244,829,7,0.9431945538974952,1
401,6,0,11,0.0999004213976378,723,7,0.9431945538974952,1
384,6,0,11,0.0800054765102774,692,7,0.8884502877862838,1
417,6,0,11,0.2152911017443279,648,7,0.8884502877862838,1
359,6,0,11,0.1078583993525819,628,7,0.9431945538974952,1
433,6,0,11,0.0393641928138847,812,7,0.8884502877862838,1
399,6,0,11,0.1556062670822468,650,7,0.8884502877862838,1
368,6,0,11,0.0314062148589406,676,7,0.8884502877862838,1
396,6,0,11,0.056131542645445,625,7,0.8884502877862838,1
397,6,0,11,0.2152911017443279,657,7,0.8884502877862838,1
408,6,0,11,0.0999004213976378,571,7,0.9431945538974952,1
397,6,0,11,0.0999004213976378,753,7,0.9431945538974952,1
377,6,0,11,0.1874381789020234,676,7,0.9431945538974952,1
365,6,0,11,0.0831330715660775,717,7,0.9431945538974952,1
362,6,0,11,0.2670179584514649,684,7,0.9431945538974952,1
455,6,0,11,0.0592591377012451,675,7,0.8884502877862838,1
394,6,0,11,0.1794802009470793,605,7,0.8884502877862838,1
426,6,0,11,0.1189439723633262,764,7,0.9431945538974952,1
476,6,0,11,0.0274272258814685,817,7,0.9431945538974952,1
362,6,0,11,0.1277533442399423,604,7,0.8884502877862838,1
396,6,0,11,0.0163416528707242,577,7,0.8884502877862838,1
501,6,0,11,0.2542295975973768,886,7,0.8884502877862838,1
371,6,0,11,0.163564245037191,640,7,0.9431945538974952,1
350,6,0,11,0.2789549253838811,540,7,0.9431945538974952,1
407,6,0,11,0.0282786198031404,687,7,0.9431945538974952,1
356,6,0,11,0.1516272781047747,637,7,0.8884502877862838,1
423,6,0,11,0.1993751458344396,640,7,0.8884502877862838,1
380,6,0,11,0.1348599282732145,689,7,0.8884502877862838,1
404,6,0,11,0.1078583993525819,741,7,0.8884502877862838,1
460,6,0,11,0.0481735646905008,715,7,0.9431945538974952,1
420,6,0,11,0.1953961568569676,673,7,0.9431945538974952,1
381,6,0,11,0.0004256969608359,620,7,0.9431945538974952,1
365,6,0,11,0.1476482891273027,599,7,0.9431945538974952,1
392,6,0,11,0.1595852560597189,607,7,0.8884502877862838,1
449,6,0,11,0.0163416528707242,709,7,0.8884502877862838,1
471,6,0,11,0.1357113221948865,651,7,0.8884502877862838,1
459,6,0,11,0.0075322809941081,686,7,0.8884502877862838,1
345,6,0,11,0.1516272781047747,555,7,0.8884502877862838,1
347,6,0,11,0.3028288592487136,515,7,0.8884502877862838,1
434,6,0,11,0.1197953662849981,625,7,0.9431945538974952,1
335,6,0,11,0.0513011597463009,679,7,0.8884502877862838,1
449,6,0,11,0.2511020025415766,625,7,0.8884502877862838,1
307,6,0,11,0.1595852560597189,591,7,0.9431945538974952,1
430,6,0,11,0.0163416528707242,796,7,0.8884502877862838,1
380,6,0,11,0.0481735646905008,632,7,0.8884502877862838,1
411,6,0,11,0.0473221707688289,713,7,0.9431945538974952,1
383,6,0,11,0.3107868372036577,510,7,0.9431945538974952,1
442,6,0,11,0.0990490274759658,899,7,0.8884502877862838,1
398,6,0,11,0.0154902589490523,702,7,0.9431945538974952,1
388,6,0,11,0.1834591899245513,706,7,0.9431945538974952,1
423,6,0,11,0.0163416528707242,747,7,0.8884502877862838,1
381,6,0,11,0.0711961046336613,719,7,0.9431945538974952,1
438,6,0,11,0.0004256969608359,673,7,0.8884502877862838,1
440,6,0,11,0.0433431817913568,716,7,0.8884502877862838,1
377,6,0,11,0.060110531622917,663,7,0.8884502877862838,1
350,6,0,11,0.2192700907218,645,7,0.9431945538974952,1
477,6,0,11,0.1229229613407983,740,7,0.8884502877862838,1
358,6,0,11,0.0362365977580846,734,7,0.8884502877862838,1
446,6,0,11,0.0163416528707242,639,7,0.8884502877862838,1
323,6,0,11,0.1874381789020234,632,7,0.8884502877862838,1
409,6,0,11,0.1197953662849981,717,7,0.9431945538974952,1
372,6,0,11,0.1277533442399423,551,7,0.8884502877862838,1
309,6,0,11,0.2033541348119117,575,7,0.9431945538974952,1
421,6,0,11,0.0910910495210217,726,7,0.9431945538974952,1
362,6,0,11,0.0433431817913568,661,7,0.9431945538974952,1
417,6,0,11,0.1237743552624702,653,7,0.9431945538974952,1
386,6,0,11,0.0720474985553333,795,7,0.9431945538974952,1
387,6,0,11,0.1237743552624702,705,7,0.8884502877862838,1
426,6,0,11,0.0800054765102774,724,7,0.9431945538974952,1
467,6,0,11,0.0990490274759658,817,7,0.8884502877862838,1
391,6,0,11,0.0831330715660775,672,7,0.9431945538974952,1
464,6,0,11,0.0035532920166361,804,7,0.9431945538974952,1
382,6,0,11,0.111837388330054,693,7,0.8884502877862838,1
372,6,0,11,0.0353852038364127,797,7,0.9431945538974952,1
389,6,0,11,0.2073331237893838,723,7,0.8884502877862838,1
398,6,0,11,0.1556062670822468,664,7,0.9431945538974952,1
439,6,0,11,0.0791540825886055,727,7,0.8884502877862838,1
443,6,0,11,0.0274272258814685,709,7,0.9431945538974952,1
403,6,0,11,0.0919424434426936,635,7,0.8884502877862838,1
388,6,0,11,0.0879634544652216,682,7,0.9431945538974952,1
472,6,0,11,0.1467968952056307,696,7,0.9431945538974952,1
410,6,0,11,0.0521525536679729,721,7,0.9431945538974952,1
395,6,0,11,0.0314062148589406,680,7,0.9431945538974952,1
447,6,0,11,0.1078583993525819,655,7,0.8884502877862838,1
269,6,0,11,0.4580094293701244,606,7,0.9431945538974952,1
371,6,0,11,0.1229229613407983,761,7,0.9431945538974952,1
412,6,0,11,0.0234482369039964,805,7,0.9431945538974952,1
446,6,0,11,0.1038794103751098,638,7,0.9431945538974952,1
402,6,0,11,0.0720474985553333,590,7,0.9431945538974952,1
462,6,0,11,0.056131542645445,603,7,0.8884502877862838,1
531,6,0,11,0.3258513991918741,872,7,0.9431945538974952,1
440,6,0,11,0.0393641928138847,663,7,0.8884502877862838,1
431,6,0,11,0.0163416528707242,739,7,0.8884502877862838,1
403,6,0,11,0.1914171678794955,622,7,0.9431945538974952,1
406,6,0,11,0.0760264875328053,734,7,0.9431945538974952,1
460,6,0,11,0.0154902589490523,775,7,0.8884502877862838,1
393,6,0,11,0.1436693001498306,643,7,0.9431945538974952,1
477,6,0,11,0.0950700384984938,715,7,0.8884502877862838,1
418,6,0,11,0.1237743552624702,719,7,0.9431945538974952,1
426,6,0,11,0.0402155867355567,823,7,0.9431945538974952,1
422,6,0,11,0.0680685095778612,756,7,0.8884502877862838,1
330,6,0,11,0.1794802009470793,638,7,0.9431945538974952,1
404,6,0,11,0.0640895206003891,708,7,0.8884502877862838,1
426,6,0,11,0.1149649833858541,743,7,0.9431945538974952,1
529,6,0,11,0.10700700543091,801,7,0.8884502877862838,1
450,6,0,11,0.1229229613407983,766,7,0.9431945538974952,1
379,6,0,11,0.1158163773075261,683,7,0.8884502877862838,1
349,6,0,11,0.1755012119696072,726,7,0.8884502877862838,1
411,6,0,11,0.0959214324201657,672,7,0.8884502877862838,1
385,6,0,11,0.0999004213976378,697,7,0.9431945538974952,1
384,6,0,11,0.0353852038364127,708,7,0.8884502877862838,1
379,6,0,11,0.0632381266787172,792,7,0.8884502877862838,1
366,6,0,11,0.2590599804965208,605,7,0.8884502877862838,1
382,6,0,11,0.0353852038364127,818,7,0.9431945538974952,1
452,6,0,11,0.1357113221948865,676,7,0.8884502877862838,1
458,6,0,11,0.056131542645445,716,7,0.8884502877862838,1
480,6,0,11,0.0242996308256684,736,7,0.8884502877862838,1
319,6,0,11,0.1715222229921351,593,7,0.8884502877862838,1
461,6,0,11,0.1158163773075261,619,7,0.8884502877862838,1
501,6,0,11,0.1269019503182704,788,7,0.9431945538974952,1
464,6,0,11,0.2263766747550722,912,7,0.9431945538974952,1
361,6,0,11,0.1476482891273027,746,7,0.8884502877862838,1
365,6,0,11,0.0203206418481963,760,7,0.8884502877862838,1
410,6,0,11,0.2312070576542162,686,7,0.8884502877862838,1
376,6,0,11,0.1993751458344396,723,7,0.8884502877862838,1
431,6,0,11,0.2550809915190487,615,7,0.9431945538974952,1
401,6,0,11,0.0194692479265244,715,7,0.8884502877862838,1
428,6,0,11,0.0242996308256684,751,7,0.9431945538974952,1
481,6,0,11,0.0433431817913568,703,7,0.8884502877862838,1
292,6,0,11,0.434135495505292,508,7,0.9431945538974952,1
403,6,0,11,0.1357113221948865,651,7,0.8884502877862838,1
401,6,0,11,0.0154902589490523,742,7,0.9431945538974952,1
319,6,0,11,0.1357113221948865,623,7,0.8884502877862838,1
386,6,0,11,0.2033541348119117,559,7,0.8884502877862838,1
401,6,0,11,0.158733862138047,793,7,0.9431945538974952,1
424,6,0,11,0.0314062148589406,688,7,0.9431945538974952,1
485,6,0,11,0.0990490274759658,780,7,0.9431945538974952,1
404,6,0,11,0.0751750936111334,685,7,0.9431945538974952,1
369,6,0,11,0.2192700907218,572,7,0.9431945538974952,1
430,6,0,11,0.1078583993525819,571,7,0.9431945538974952,1
371,6,0,11,0.1237743552624702,709,7,0.8884502877862838,1
400,6,0,11,0.1715222229921351,700,7,0.9431945538974952,1
357,6,0,11,0.163564245037191,682,7,0.8884502877862838,1
416,6,0,11,0.060110531622917,754,7,0.9431945538974952,1
404,6,0,11,0.3386397600459622,613,7,0.9431945538974952,1
439,6,0,11,0.0353852038364127,782,7,0.9431945538974952,1
383,6,0,11,0.1388389172506866,755,7,0.8884502877862838,1
434,6,0,11,0.004404685938308,800,7,0.8884502877862838,1
470,6,0,11,0.0075322809941081,791,7,0.9431945538974952,1
472,6,0,11,0.2064817298677118,809,7,0.8884502877862838,1
482,6,0,11,0.0632381266787172,723,7,0.8884502877862838,1
362,6,0,11,0.3028288592487136,653,7,0.9431945538974952,1
458,6,0,11,0.0680685095778612,721,7,0.9431945538974952,1
322,6,0,11,0.1516272781047747,610,7,0.9431945538974952,1
438,6,0,11,0.1388389172506866,792,7,0.8884502877862838,1
360,6,0,11,0.0751750936111334,744,7,0.9431945538974952,1
454,6,0,11,0.1229229613407983,782,7,0.9431945538974952,1
394,6,0,11,0.0871120605435496,744,7,0.9431945538974952,1
388,6,0,11,0.2033541348119117,685,7,0.9431945538974952,1
419,6,0,11,0.0004256969608359,789,7,0.8884502877862838,1
413,6,0,11,0.0513011597463009,807,7,0.8884502877862838,1
441,6,0,11,0.2351860466316883,564,7,0.8884502877862838,1
395,6,0,11,0.1953961568569676,579,7,0.8884502877862838,1
510,6,0,11,0.2582085865748488,788,7,0.8884502877862838,1
367,6,0,11,0.0242996308256684,696,7,0.8884502877862838,1
296,6,0,11,0.163564245037191,544,7,0.9431945538974952,1
346,6,0,11,0.1396903111723585,627,7,0.8884502877862838,1
428,6,0,11,0.0481735646905008,774,7,0.9431945538974952,1
465,6,0,11,0.0521525536679729,693,7,0.8884502877862838,1
436,6,0,11,0.0640895206003891,798,7,0.9431945538974952,1
455,6,0,11,0.1755012119696072,638,7,0.8884502877862838,1
442,6,0,11,0.0481735646905008,689,7,0.9431945538974952,1
411,6,0,11,0.3386397600459622,596,7,0.9431945538974952,1
370,6,0,11,0.0800054765102774,676,7,0.8884502877862838,1
388,6,0,11,0.274975936406409,604,7,0.9431945538974952,1
355,6,0,11,0.0919424434426936,645,7,0.9431945538974952,1
474,6,0,11,0.0672171156561892,825,7,0.8884502877862838,1
409,6,0,11,0.2113121127668558,641,7,0.8884502877862838,1
424,6,0,11,0.2630389694739928,612,7,0.9431945538974952,1
300,6,0,11,0.4221985285728758,415,7,0.8884502877862838,1
398,6,0,11,0.1030280164534379,781,7,0.9431945538974952,1
426,6,0,11,0.1109859944083821,751,7,0.9431945538974952,1
457,6,0,11,0.2908918923162973,630,7,0.9431945538974952,1
384,6,0,11,0.1595852560597189,641,7,0.8884502877862838,1
483,6,0,11,0.0203206418481963,735,7,0.8884502877862838,1
401,6,0,11,0.0800054765102774,692,7,0.9431945538974952,1
396,6,0,11,0.2033541348119117,629,7,0.9431945538974952,1
315,6,0,11,0.111837388330054,608,7,0.9431945538974952,1
337,6,0,11,0.3028288592487136,629,7,0.8884502877862838,1
353,6,0,11,0.0760264875328053,669,7,0.8884502877862838,1
338,6,0,11,0.274975936406409,602,7,0.9431945538974952,1
365,6,0,11,0.1237743552624702,705,7,0.9431945538974952,1
484,6,0,11,0.0481735646905008,744,7,0.9431945538974952,1
467,6,0,11,0.2502506086199046,805,7,0.8884502877862838,1
414,6,0,11,0.0433431817913568,741,7,0.8884502877862838,1
307,6,0,11,0.2550809915190487,661,7,0.9431945538974952,1
352,6,0,11,0.1755012119696072,567,7,0.8884502877862838,1
383,6,0,11,0.0115112699715802,699,7,0.8884502877862838,1
394,6,0,11,0.1277533442399423,672,7,0.8884502877862838,1
360,6,0,11,0.2033541348119117,583,7,0.9431945538974952,1
387,6,0,11,0.1158163773075261,680,7,0.8884502877862838,1
386,6,0,11,0.0919424434426936,632,7,0.9431945538974952,1
334,6,0,11,0.1993751458344396,614,7,0.9431945538974952,1
421,6,0,11,0.0154902589490523,847,7,0.8884502877862838,1
351,6,0,11,0.1755012119696072,665,7,0.8884502877862838,1
465,6,0,11,0.0353852038364127,720,7,0.9431945538974952,1
485,6,0,11,0.0154902589490523,770,7,0.9431945538974952,1
440,6,0,11,0.0393641928138847,821,7,0.9431945538974952,1
473,6,0,11,0.2184186968001281,804,7,0.9431945538974952,1
423,6,0,11,0.1786288070254073,775,7,0.8884502877862838,1
494,6,0,11,0.1149649833858541,930,7,0.9431945538974952,1
396,6,0,11,0.0163416528707242,730,7,0.9431945538974952,1
466,6,0,11,0.2351860466316883,520,7,0.9431945538974952,1
473,6,0,11,0.1755012119696072,694,7,0.9431945538974952,1
334,6,0,11,0.0163416528707242,709,7,0.9431945538974952,1
407,6,0,11,0.0353852038364127,802,7,0.9431945538974952,1
438,6,0,11,0.1277533442399423,657,7,0.9431945538974952,1
451,6,0,11,0.1436693001498306,765,7,0.8884502877862838,1
362,6,0,11,0.1038794103751098,669,7,0.8884502877862838,1
390,6,0,11,0.0879634544652216,639,7,0.8884502877862838,1
396,6,0,11,0.1317323332174144,683,7,0.9431945538974952,1
361,6,0,11,0.0879634544652216,780,7,0.8884502877862838,1
361,6,0,11,0.270996947428937,686,7,0.8884502877862838,1
430,6,0,11,0.0433431817913568,776,7,0.8884502877862838,1
475,6,0,11,0.0322576087806125,782,7,0.9431945538974952,1
497,6,0,11,0.1030280164534379,861,7,0.9431945538974952,1
466,6,0,11,0.0950700384984938,829,7,0.8884502877862838,1
431,6,0,11,0.2073331237893838,650,7,0.9431945538974952,1
404,6,0,11,0.0402155867355567,746,7,0.8884502877862838,1
429,6,0,11,0.0083836749157801,725,7,0.8884502877862838,1
437,6,0,11,0.0035532920166361,782,7,0.9431945538974952,1
412,6,0,11,0.0154902589490523,702,7,0.9431945538974952,1
458,6,0,11,0.214439707822656,836,7,0.8884502877862838,1
461,6,0,11,0.0115112699715802,714,7,0.8884502877862838,1
398,6,0,11,0.0322576087806125,658,7,0.8884502877862838,1
453,6,0,11,0.0004256969608359,690,7,0.9431945538974952,1
448,6,0,11,0.004404685938308,656,7,0.8884502877862838,1
431,6,0,11,0.0672171156561892,731,7,0.8884502877862838,1
418,6,0,11,0.2104607188451839,834,7,0.8884502877862838,1
417,6,0,11,0.1834591899245513,744,7,0.9431945538974952,1
423,6,0,11,0.0004256969608359,698,7,0.9431945538974952,1
454,6,0,11,0.0751750936111334,739,7,0.9431945538974952,1
302,6,0,11,0.3664926828882667,590,7,0.9431945538974952,1
312,6,0,11,0.0362365977580846,692,7,0.8884502877862838,1
400,6,0,11,0.1197953662849981,677,7,0.9431945538974952,1
330,6,0,11,0.2272280686767442,596,7,0.8884502877862838,1
376,6,0,11,0.0004256969608359,743,7,0.8884502877862838,1
412,6,0,11,0.0075322809941081,776,7,0.9431945538974952,1
429,6,0,11,0.055280148723773,705,7,0.9431945538974952,1
435,6,0,11,0.0513011597463009,715,7,0.8884502877862838,1
466,6,0,11,0.0353852038364127,855,7,0.8884502877862838,1
401,6,0,11,0.0640895206003891,667,7,0.8884502877862838,1
358,6,0,11,0.2511020025415766,719,7,0.9431945538974952,1
420,6,0,11,0.2829339143613532,550,7,0.9431945538974952,1
471,6,0,11,0.1078583993525819,670,7,0.8884502877862838,1
381,6,0,11,0.2232490796992721,692,7,0.8884502877862838,1
451,6,0,11,0.0871120605435496,699,7,0.9431945538974952,1
410,6,0,11,0.1317323332174144,643,7,0.9431945538974952,1
414,6,0,11,0.0362365977580846,732,7,0.8884502877862838,1
327,6,0,11,0.0402155867355567,650,7,0.8884502877862838,1
389,6,0,11,0.1993751458344396,609,7,0.8884502877862838,1
412,6,0,11,0.0919424434426936,785,7,0.8884502877862838,1
365,6,0,11,0.1874381789020234,649,7,0.8884502877862838,1
355,6,0,11,0.0353852038364127,636,7,0.8884502877862838,1
407,6,0,11,0.1038794103751098,820,7,0.9431945538974952,1
421,6,0,11,0.0004256969608359,736,7,0.9431945538974952,1
468,6,0,11,0.1158163773075261,768,7,0.9431945538974952,1
458,6,0,11,0.0680685095778612,604,7,0.9431945538974952,1
435,6,0,11,0.1149649833858541,734,7,0.8884502877862838,1
339,6,0,11,0.2033541348119117,583,7,0.9431945538974952,1
316,6,0,11,0.056131542645445,678,7,0.9431945538974952,1
275,6,0,11,0.3664926828882667,490,7,0.8884502877862838,1
434,6,0,11,0.1396903111723585,628,7,0.8884502877862838,1
460,6,0,11,0.004404685938308,711,7,0.8884502877862838,1
432,6,0,11,0.1237743552624702,716,7,0.9431945538974952,1
404,6,0,11,0.0322576087806125,707,7,0.8884502877862838,1
377,6,0,11,0.0314062148589406,771,7,0.8884502877862838,1
441,6,0,11,0.1953961568569676,676,7,0.9431945538974952,1
423,6,0,11,0.0393641928138847,757,7,0.9431945538974952,1
495,6,0,11,0.1865867849803515,753,7,0.9431945538974952,1
455,6,0,11,0.0720474985553333,731,7,0.8884502877862838,1
386,6,0,11,0.2670179584514649,561,7,0.8884502877862838,1
378,6,0,11,0.0004256969608359,725,7,0.9431945538974952,1
238,6,0,11,0.4460724624377082,540,7,0.8884502877862838,1
393,6,0,11,0.0115112699715802,717,7,0.9431945538974952,1
396,6,0,11,0.1237743552624702,643,7,0.8884502877862838,1
314,6,0,11,0.2869129033388253,483,7,0.8884502877862838,1
416,6,0,11,0.0433431817913568,626,7,0.9431945538974952,1
432,6,0,11,0.0035532920166361,725,7,0.8884502877862838,1
380,6,0,11,0.2869129033388253,686,7,0.9431945538974952,1
445,6,0,11,0.0154902589490523,807,7,0.9431945538974952,1
452,6,0,11,0.0075322809941081,740,7,0.9431945538974952,1
373,6,0,11,0.0632381266787172,796,7,0.8884502877862838,1
427,6,0,11,0.0751750936111334,743,7,0.8884502877862838,1
389,6,0,11,0.2192700907218,639,7,0.8884502877862838,1
423,6,0,11,0.0720474985553333,663,7,0.8884502877862838,1
377,6,0,11,0.0203206418481963,588,7,0.9431945538974952,1
309,6,0,11,0.1396903111723585,692,7,0.9431945538974952,1
335,6,0,11,0.1396903111723585,636,7,0.9431945538974952,1
381,6,0,11,0.1715222229921351,664,7,0.8884502877862838,1
397,6,0,11,0.1993751458344396,635,7,0.9431945538974952,1
447,6,0,11,0.0004256969608359,716,7,0.9431945538974952,1
398,6,0,11,0.0910910495210217,626,7,0.9431945538974952,1
448,6,0,11,0.1149649833858541,746,7,0.8884502877862838,1
459,6,0,11,0.0950700384984938,845,7,0.8884502877862838,1
414,6,0,11,0.0154902589490523,777,7,0.9431945538974952,1
430,6,0,11,0.0234482369039964,635,7,0.8884502877862838,1
349,6,0,11,0.2232490796992721,697,7,0.9431945538974952,1
426,6,0,11,0.004404685938308,694,7,0.8884502877862838,1
212,2,1,11,1.074752720878296,533,12,0.9431945538974952,1
133,6,0,6,1.2697231807744276,435,12,0.9431945538974952,1
181,6,0,6,1.253807224864539,460,7,0.9431945538974952,1
259,6,0,11,1.1423955334953213,464,7,0.9431945538974952,1
263,6,1,6,1.3254290264590365,461,12,0.9431945538974952,1
281,6,0,11,1.2100383461123465,491,12,0.9431945538974952,1
264,2,0,11,1.0628157539458798,580,12,0.9431945538974952,1
158,6,1,6,1.3572609382788132,462,7,0.9431945538974952,1
205,6,1,11,1.1702484563376256,455,7,0.9431945538974952,1
177,6,1,6,1.4487776847606708,501,12,0.9431945538974952,1
236,2,1,11,1.1264795775854328,457,12,0.9431945538974952,1
176,6,1,6,1.1782064342925698,541,7,0.9431945538974952,1
162,6,1,6,1.301555092594204,475,7,0.9431945538974952,1
211,6,1,6,1.1384165445178491,521,7,0.9431945538974952,1
162,6,0,11,1.4089877949859502,428,12,0.9431945538974952,1
199,2,0,11,1.074752720878296,550,12,0.9431945538974952,1
150,6,1,11,1.5243784753326404,441,12,0.9431945538974952,1
142,2,0,11,1.1185215996304887,521,7,0.9431945538974952,1
182,6,0,6,1.29359711463926,446,7,0.9431945538974952,1
235,6,1,11,1.3294080154365089,503,7,0.9431945538974952,1
195,2,1,6,1.289618125661788,495,12,0.9431945538974952,1
201,2,1,6,1.3055340815716765,575,7,0.9431945538974952,1
33,2,0,11,1.663643089544163,376,12,0.9431945538974952,1
206,6,1,11,1.4209247619183665,437,7,0.9431945538974952,1
217,2,0,11,1.2657441917969554,483,7,0.9431945538974952,1
202,2,1,11,1.2140173350898185,495,7,0.9431945538974952,1
226,2,1,6,1.1662694673601537,552,12,0.9431945538974952,1
178,2,0,11,1.1423955334953213,512,12,0.9431945538974952,1
226,6,0,11,1.007109908261271,563,7,0.9431945538974952,1
249,6,0,11,1.297576103616732,527,7,0.9431945538974952,1
136,2,1,6,1.253807224864539,519,12,0.9431945538974952,1
238,2,0,11,1.233912279977179,566,7,0.9431945538974952,1
261,6,1,11,1.2697231807744276,486,12,0.9431945538974952,1
169,2,1,6,1.353281949301341,510,7,0.9431945538974952,1
179,6,1,6,1.341344982368925,476,7,0.9431945538974952,1
162,2,1,6,1.2856391366843158,510,12,0.9431945538974952,1
212,6,0,11,1.3731768941887017,453,12,0.9431945538974952,1
216,6,1,11,1.353281949301341,462,12,0.9431945538974952,1
193,6,0,11,1.349302960323869,432,7,0.9431945538974952,1
252,6,1,6,1.345323971346397,516,12,0.9431945538974952,1
173,6,1,6,1.2776811587293715,486,12,0.9431945538974952,1
230,2,0,6,1.2697231807744276,512,12,0.9431945538974952,1
213,6,0,6,1.190143401224986,490,12,0.9431945538974952,1
268,2,0,6,1.1662694673601537,558,12,0.9431945538974952,1
172,6,1,11,1.345323971346397,437,7,0.9431945538974952,1
169,6,1,6,1.2060593571348743,439,12,0.9431945538974952,1
233,2,1,6,1.3174710485040924,503,12,0.9431945538974952,1
218,6,1,11,1.1264795775854328,505,12,0.9431945538974952,1
191,6,1,6,1.349302960323869,506,12,0.9431945538974952,1
203,2,1,11,1.2060593571348743,539,12,0.9431945538974952,1
212,6,1,11,1.3333870044139808,494,12,0.9431945538974952,1
229,2,1,11,1.452756673738143,465,12,0.9431945538974952,1
265,6,0,11,1.2299332909997067,519,12,0.9431945538974952,1
282,2,1,11,1.3134920595266204,518,12,0.9431945538974952,1
224,6,1,11,1.2219753130447626,469,7,0.9431945538974952,1
237,6,0,6,1.0548577759909357,570,12,0.9431945538974952,1
233,2,1,6,1.070773731900824,551,7,0.9431945538974952,1
163,6,0,11,1.297576103616732,524,7,0.9431945538974952,1
236,2,0,6,1.190143401224986,543,7,0.9431945538974952,1
236,2,0,11,1.3811348721436456,488,7,0.9431945538974952,1
241,2,0,6,1.090668676788184,514,7,0.9431945538974952,1
134,6,1,11,1.2776811587293715,501,12,0.9431945538974952,1
175,2,1,11,1.3254290264590365,451,7,0.9431945538974952,1
213,2,0,11,1.2458492469095952,512,7,0.9431945538974952,1
192,6,0,6,1.3294080154365089,415,12,0.9431945538974952,1
112,6,1,11,1.393071839076062,432,12,0.9431945538974952,1
213,2,1,6,1.297576103616732,486,7,0.9431945538974952,1
172,6,0,11,1.090668676788184,558,12,0.9431945538974952,1
158,2,1,6,1.405008806008478,466,7,0.9431945538974952,1
209,6,1,6,1.2617652028194837,488,12,0.9431945538974952,1
142,2,0,11,1.070773731900824,552,12,0.9431945538974952,1
252,2,0,6,0.9116141728019408,582,7,0.9431945538974952,1
271,6,1,11,1.090668676788184,571,12,0.9431945538974952,1
214,6,1,11,1.3373659933914528,447,7,0.9431945538974952,1
144,6,0,6,1.5482524091974728,420,7,0.9431945538974952,1
106,6,0,6,1.393071839076062,410,12,0.9431945538974952,1
175,6,0,6,1.397050828053534,468,12,0.9431945538974952,1
186,2,0,6,1.1782064342925698,527,12,0.9431945538974952,1
188,2,1,11,1.3691979052112293,450,7,0.9431945538974952,1
175,6,1,11,1.2458492469095952,504,7,0.9431945538974952,1
289,6,1,11,1.078731709855768,571,12,0.9431945538974952,1
299,6,0,11,1.3294080154365089,529,12,0.9431945538974952,1
216,6,1,11,1.2219753130447626,568,12,0.9431945538974952,1
216,6,1,11,0.9315091176893012,581,12,0.9431945538974952,1
192,2,1,11,1.3572609382788132,512,7,0.9431945538974952,1
259,6,0,6,1.182185423270042,539,12,0.9431945538974952,1
200,2,1,6,1.4447986957831989,446,7,0.9431945538974952,1
214,2,0,11,1.3890928500985895,462,7,0.9431945538974952,1
164,2,1,11,1.29359711463926,508,12,0.9431945538974952,1
359,6,0,11,1.0667947429233515,509,7,0.9431945538974952,1
195,2,0,6,1.1782064342925698,502,7,0.9431945538974952,1
226,6,0,6,1.030983842126103,595,7,0.9431945538974952,1
172,6,0,11,1.289618125661788,509,12,0.9431945538974952,1
206,2,1,11,1.1384165445178491,484,12,0.9431945538974952,1
246,2,1,11,1.2577862138420113,455,12,0.9431945538974952,1
123,2,1,11,1.6437481446568023,374,12,0.9431945538974952,1
218,2,1,11,1.182185423270042,538,7,0.9431945538974952,1
263,2,0,11,1.2498282358870672,549,7,0.9431945538974952,1
269,6,1,11,1.182185423270042,513,7,0.9431945538974952,1
169,6,0,6,1.4288827398733106,512,7,0.9431945538974952,1
162,6,1,6,1.4607146516930871,436,7,0.9431945538974952,1
154,2,0,11,1.2498282358870672,540,7,0.9431945538974952,1
195,6,0,6,1.2140173350898185,479,12,0.9431945538974952,1
269,6,0,6,1.186164412247514,556,12,0.9431945538974952,1
162,6,1,6,1.1384165445178491,548,7,0.9431945538974952,1
197,6,1,6,1.2458492469095952,510,7,0.9431945538974952,1
288,6,0,6,1.241870257932123,508,7,0.9431945538974952,1
179,2,1,6,1.1702484563376256,543,12,0.9431945538974952,1
211,6,0,11,1.3294080154365089,398,12,0.9431945538974952,1
190,2,1,6,1.2617652028194837,525,12,0.9431945538974952,1
325,6,0,6,0.8320343932524994,618,7,0.9431945538974952,1
268,6,0,11,1.0349628311035752,570,12,0.9431945538974952,1
269,6,0,11,1.241870257932123,551,7,0.9431945538974952,1
219,2,0,11,1.1662694673601537,578,12,0.9431945538974952,1
243,6,0,6,1.1543325004277374,571,12,0.9431945538974952,1
235,2,1,11,1.233912279977179,537,7,0.9431945538974952,1
149,6,0,11,1.345323971346397,435,12,0.9431945538974952,1
243,2,1,11,1.2299332909997067,508,12,0.9431945538974952,1
223,6,0,11,1.1105636216755446,499,7,0.9431945538974952,1
141,2,0,6,1.397050828053534,449,7,0.9431945538974952,1
233,6,1,6,1.2856391366843158,470,12,0.9431945538974952,1
182,2,1,11,1.3095130705491482,442,7,0.9431945538974952,1
263,2,1,11,1.4806095965804476,394,7,0.9431945538974952,1
126,6,1,6,1.3333870044139808,462,12,0.9431945538974952,1
197,6,0,11,1.1702484563376256,489,12,0.9431945538974952,1
110,6,1,6,1.233912279977179,510,12,0.9431945538974952,1
171,2,0,11,1.1981013791799302,538,12,0.9431945538974952,1
208,2,1,11,1.29359711463926,492,7,0.9431945538974952,1
261,2,1,11,1.29359711463926,477,12,0.9431945538974952,1
153,2,0,6,1.4726516186255034,464,12,0.9431945538974952,1
185,2,1,11,1.3254290264590365,467,12,0.9431945538974952,1
267,2,0,6,0.8956982168920526,558,7,0.9431945538974952,1
216,6,1,6,1.4726516186255034,466,7,0.9431945538974952,1
249,6,0,11,1.3055340815716765,490,12,0.9431945538974952,1
183,6,0,11,1.3731768941887017,450,7,0.9431945538974952,1
254,6,0,11,1.1622904783826815,587,12,0.9431945538974952,1
233,6,1,6,1.2617652028194837,531,12,0.9431945538974952,1
135,6,0,11,1.2299332909997067,526,12,0.9431945538974952,1
168,2,0,6,1.2458492469095952,490,12,0.9431945538974952,1
234,6,0,6,1.301555092594204,524,7,0.9431945538974952,1
187,2,0,11,1.4328617288507826,441,7,0.9431945538974952,1
207,2,1,6,1.08271069883324,550,7,0.9431945538974952,1
162,6,1,6,1.3134920595266204,489,7,0.9431945538974952,1
136,6,0,6,1.2299332909997067,427,7,0.9431945538974952,1
121,2,0,6,1.3771558831661737,498,12,0.9431945538974952,1
186,2,1,11,1.3811348721436456,490,12,0.9431945538974952,1
195,6,0,11,1.253807224864539,479,12,0.9431945538974952,1
206,6,1,11,1.0866896878107122,505,12,0.9431945538974952,1
197,6,1,11,1.289618125661788,522,12,0.9431945538974952,1
245,6,0,11,1.3134920595266204,541,7,0.9431945538974952,1
216,2,0,6,1.405008806008478,510,12,0.9431945538974952,1
196,2,0,11,1.2140173350898185,515,12,0.9431945538974952,1
205,2,0,6,1.0548577759909357,539,7,0.9431945538974952,1
106,6,0,11,1.412966783963422,488,12,0.9431945538974952,1
271,6,0,11,1.2577862138420113,467,7,0.9431945538974952,1
81,2,1,11,1.5442734202200006,419,12,0.9431945538974952,1
176,6,0,11,1.3254290264590365,476,12,0.9431945538974952,1
192,2,0,11,1.405008806008478,432,7,0.9431945538974952,1
242,6,0,6,1.134437555540377,472,12,0.9431945538974952,1
184,6,0,11,1.3174710485040924,454,12,0.9431945538974952,1
228,2,1,11,1.2299332909997067,488,12,0.9431945538974952,1
246,6,0,11,1.301555092594204,490,12,0.9431945538974952,1
171,2,0,6,1.4209247619183665,460,12,0.9431945538974952,1
119,6,0,11,1.452756673738143,398,12,0.9431945538974952,1
298,6,1,11,1.0866896878107122,571,12,0.9431945538974952,1
156,6,1,11,1.3055340815716765,500,12,0.9431945538974952,1
147,6,1,6,1.4288827398733106,468,7,0.9431945538974952,1
219,2,1,11,1.074752720878296,465,7,0.9431945538974952,1
219,6,0,6,1.1742274453150978,469,12,0.9431945538974952,1
215,2,0,6,1.1264795775854328,498,12,0.9431945538974952,1
232,6,1,11,1.289618125661788,487,7,0.9431945538974952,1
210,6,0,6,1.3851138611211178,472,12,0.9431945538974952,1
221,6,0,6,1.1384165445178491,557,7,0.9431945538974952,1
167,2,1,11,1.3095130705491482,521,7,0.9431945538974952,1
168,2,0,6,1.4288827398733106,509,7,0.9431945538974952,1
163,2,0,11,1.134437555540377,475,12,0.9431945538974952,1
233,2,0,11,1.1026056437206004,529,7,0.9431945538974952,1
206,2,0,6,1.3652189162337574,519,7,0.9431945538974952,1
170,6,1,11,1.440819706805727,450,12,0.9431945538974952,1
214,6,1,11,1.4726516186255034,444,7,0.9431945538974952,1
306,2,0,11,1.0150678862162148,593,12,0.9431945538974952,1
247,2,1,11,1.023025864171159,606,7,0.9431945538974952,1
222,6,1,11,1.2259543020222348,531,12,0.9431945538974952,1
212,6,1,11,1.1543325004277374,518,12,0.9431945538974952,1
245,6,1,11,1.2498282358870672,518,12,0.9431945538974952,1
256,6,0,11,1.233912279977179,501,7,0.9431945538974952,1
193,6,0,6,1.2259543020222348,464,7,0.9431945538974952,1
275,2,0,11,1.007109908261271,595,7,0.9431945538974952,1
170,2,1,11,1.2697231807744276,457,12,0.9431945538974952,1
224,2,0,6,1.3254290264590365,504,12,0.9431945538974952,1
173,2,0,6,1.0866896878107122,582,7,0.9431945538974952,1
138,2,1,11,1.134437555540377,524,7,0.9431945538974952,1
201,2,1,11,1.4169457729408943,400,7,0.9431945538974952,1
139,2,0,6,1.464693640670559,424,7,0.9431945538974952,1
211,6,0,11,1.3254290264590365,471,7,0.9431945538974952,1
242,6,0,6,1.0946476657656563,568,7,0.9431945538974952,1
216,2,1,11,1.186164412247514,528,12,0.9431945538974952,1
271,2,1,11,1.0429208090585194,547,7,0.9431945538974952,1
177,6,0,11,1.241870257932123,476,12,0.9431945538974952,1
314,2,1,6,0.9235511397343572,632,7,0.9431945538974952,1
227,6,0,11,1.3652189162337574,497,7,0.9431945538974952,1
283,6,0,6,1.007109908261271,588,7,0.9431945538974952,1
193,6,0,11,1.2577862138420113,513,12,0.9431945538974952,1
141,2,1,6,1.2179963240672906,481,7,0.9431945538974952,1
70,6,1,6,1.4328617288507826,432,7,0.9431945538974952,1
188,6,1,6,1.3095130705491482,471,12,0.9431945538974952,1
152,2,1,6,1.353281949301341,496,12,0.9431945538974952,1
278,2,0,11,1.1662694673601537,472,12,0.9431945538974952,1
163,6,1,11,1.2856391366843158,476,12,0.9431945538974952,1
168,2,0,11,1.3890928500985895,431,12,0.9431945538974952,1
177,2,1,11,1.2299332909997067,539,7,0.9431945538974952,1
212,2,0,6,1.1662694673601537,456,12,0.9431945538974952,1
279,6,0,6,1.1145426106530167,568,12,0.9431945538974952,1
223,6,0,6,1.289618125661788,541,12,0.9431945538974952,1
229,6,1,6,1.2179963240672906,471,7,0.9431945538974952,1
137,2,0,6,1.2617652028194837,480,7,0.9431945538974952,1
203,6,1,11,1.2299332909997067,473,7,0.9431945538974952,1
160,2,0,6,1.3652189162337574,400,12,0.9431945538974952,1
242,6,1,6,1.353281949301341,465,7,0.9431945538974952,1
201,6,1,11,1.2100383461123465,548,7,0.9431945538974952,1
235,6,1,6,1.1662694673601537,477,12,0.9431945538974952,1
242,2,1,6,1.190143401224986,485,7,0.9431945538974952,1
82,2,1,11,1.456735662715615,409,7,0.9431945538974952,1
254,6,1,11,1.241870257932123,519,7,0.9431945538974952,1
210,2,0,6,1.3214500374815643,491,12,0.9431945538974952,1
211,6,0,11,1.289618125661788,492,12,0.9431945538974952,1
263,6,1,6,1.0866896878107122,551,12,0.9431945538974952,1
191,2,0,6,1.3333870044139808,508,7,0.9431945538974952,1
178,2,0,6,1.412966783963422,513,7,0.9431945538974952,1
166,2,0,11,1.1662694673601537,510,7,0.9431945538974952,1
166,2,1,6,1.412966783963422,452,7,0.9431945538974952,1
239,2,1,6,1.08271069883324,557,7,0.9431945538974952,1
251,2,1,6,1.341344982368925,454,7,0.9431945538974952,1
257,6,0,11,1.1662694673601537,507,7,0.9431945538974952,1
194,6,0,11,1.2617652028194837,536,7,0.9431945538974952,1
233,6,0,11,1.2776811587293715,421,7,0.9431945538974952,1
181,2,0,11,1.3055340815716765,508,7,0.9431945538974952,1
191,2,0,11,1.1941223902024585,497,12,0.9431945538974952,1
219,2,1,6,1.241870257932123,483,7,0.9431945538974952,1
155,2,0,6,1.190143401224986,527,7,0.9431945538974952,1
178,2,1,11,1.341344982368925,410,7,0.9431945538974952,1
164,2,0,11,1.1225005886079609,509,12,0.9431945538974952,1
168,2,0,11,1.345323971346397,496,12,0.9431945538974952,1
268,6,0,11,1.2219753130447626,541,7,0.9431945538974952,1
180,6,0,6,1.134437555540377,509,12,0.9431945538974952,1
129,6,0,11,1.2737021697518995,443,7,0.9431945538974952,1
139,6,0,11,1.3214500374815643,468,7,0.9431945538974952,1
223,2,1,11,1.281660147706844,474,12,0.9431945538974952,1
170,6,0,6,1.3055340815716765,482,7,0.9431945538974952,1
136,6,0,11,1.5402944312425286,474,7,0.9431945538974952,1
265,6,0,6,1.301555092594204,521,12,0.9431945538974952,1
181,2,1,11,1.0946476657656563,514,7,0.9431945538974952,1
225,2,0,11,1.190143401224986,529,12,0.9431945538974952,1
223,2,1,11,1.2140173350898185,480,12,0.9431945538974952,1
207,6,1,6,0.8956982168920526,569,7,0.9431945538974952,1
184,6,0,6,1.297576103616732,452,7,0.9431945538974952,1
158,6,0,6,1.3294080154365089,576,7,0.9431945538974952,1
217,2,0,6,1.1981013791799302,457,12,0.9431945538974952,1
171,6,0,11,1.401029817031006,501,12,0.9431945538974952,1
255,2,0,6,1.2697231807744276,449,12,0.9431945538974952,1
220,6,0,11,1.2299332909997067,532,7,0.9431945538974952,1
157,2,0,11,1.4447986957831989,435,12,0.9431945538974952,1
220,2,0,6,1.2100383461123465,518,12,0.9431945538974952,1
246,6,0,6,1.1543325004277374,524,7,0.9431945538974952,1
212,2,1,11,1.289618125661788,480,12,0.9431945538974952,1
216,2,0,6,1.2100383461123465,529,7,0.9431945538974952,1
198,6,0,11,1.349302960323869,440,7,0.9431945538974952,1
163,2,0,6,1.508462519422752,423,12,0.9431945538974952,1
258,6,0,11,1.2020803681574024,497,7,0.9431945538974952,1
147,6,1,6,1.2299332909997067,492,7,0.9431945538974952,1
282,6,1,6,0.9474250735991896,588,12,0.9431945538974952,1
285,6,1,11,0.8200974263200832,539,7,0.9431945538974952,1
331,2,0,11,1.0588367649684076,594,12,0.9431945538974952,1
229,6,1,11,1.2697231807744276,550,12,0.9431945538974952,1
254,2,0,6,1.1384165445178491,514,12,0.9431945538974952,1
186,2,1,11,1.353281949301341,479,7,0.9431945538974952,1
237,2,0,6,1.1543325004277374,553,12,0.9431945538974952,1
218,6,1,6,1.3771558831661737,525,12,0.9431945538974952,1
242,2,1,6,1.2020803681574024,462,12,0.9431945538974952,1
232,2,1,6,1.2020803681574024,495,7,0.9431945538974952,1
176,2,0,11,1.5442734202200006,385,12,0.9431945538974952,1
220,2,1,11,1.2140173350898185,454,7,0.9431945538974952,1
132,6,1,11,1.4249037508958384,432,12,0.9431945538974952,1
201,2,0,11,1.1702484563376256,527,12,0.9431945538974952,1
199,6,0,11,1.070773731900824,537,12,0.9431945538974952,1
240,6,1,6,1.186164412247514,529,12,0.9431945538974952,1
197,2,1,6,1.1702484563376256,502,12,0.9431945538974952,1
207,2,1,11,1.3294080154365089,585,7,0.9431945538974952,1
189,6,1,6,1.2179963240672906,441,7,0.9431945538974952,1
218,2,0,11,1.2776811587293715,517,7,0.9431945538974952,1
117,6,0,6,1.2299332909997067,475,12,0.9431945538974952,1
208,6,1,6,1.3294080154365089,507,12,0.9431945538974952,1
196,6,0,11,1.1702484563376256,512,7,0.9431945538974952,1
135,2,1,11,1.3890928500985895,382,12,0.9431945538974952,1
255,6,0,6,1.0548577759909357,527,7,0.9431945538974952,1
166,6,1,6,1.2299332909997067,487,7,0.9431945538974952,1
254,2,0,11,1.1941223902024585,520,12,0.9431945538974952,1
330,6,0,6,1.0667947429233515,561,12,0.9431945538974952,1
236,2,0,6,1.1543325004277374,544,12,0.9431945538974952,1
182,6,0,6,1.1543325004277374,542,7,0.9431945538974952,1
214,2,0,11,1.29359711463926,466,12,0.9431945538974952,1
306,2,0,11,1.0389418200810472,458,12,0.9431945538974952,1
156,6,0,6,1.1742274453150978,546,7,0.9431945538974952,1
150,2,0,11,1.3890928500985895,465,12,0.9431945538974952,1
200,2,1,6,1.3214500374815643,463,7,0.9431945538974952,1
205,6,1,6,1.1981013791799302,487,7,0.9431945538974952,1
180,2,1,6,1.2299332909997067,464,12,0.9431945538974952,1
256,6,1,11,1.019046875193687,555,7,0.9431945538974952,1
210,2,1,11,1.237891268954651,505,12,0.9431945538974952,1
119,2,0,11,1.3771558831661737,437,7,0.9431945538974952,1
206,6,1,11,1.1662694673601537,531,12,0.9431945538974952,1
105,6,1,11,1.4288827398733106,496,12,0.9431945538974952,1
292,2,0,11,1.301555092594204,590,12,0.9431945538974952,1
199,2,1,6,1.297576103616732,515,7,0.9431945538974952,1
234,6,0,11,1.0548577759909357,556,12,0.9431945538974952,1
126,2,1,11,1.2657441917969554,528,12,0.9431945538974952,1
228,6,1,6,1.1225005886079609,537,12,0.9431945538974952,1
300,2,1,6,1.1065846326980726,548,7,0.9431945538974952,1
197,6,1,11,1.3771558831661737,455,12,0.9431945538974952,1
254,6,0,6,1.1622904783826815,534,12,0.9431945538974952,1
247,6,1,6,1.1941223902024585,512,7,0.9431945538974952,1
231,6,1,6,1.4089877949859502,479,7,0.9431945538974952,1
167,6,1,11,1.241870257932123,486,7,0.9431945538974952,1
242,2,1,11,1.2140173350898185,553,12,0.9431945538974952,1
106,2,0,11,1.440819706805727,413,12,0.9431945538974952,1
224,2,1,6,1.1981013791799302,579,7,0.9431945538974952,1
221,6,1,11,1.2140173350898185,499,7,0.9431945538974952,1
212,6,1,6,1.1742274453150978,573,12,0.9431945538974952,1
232,6,0,6,1.2219753130447626,514,7,0.9431945538974952,1
160,2,1,6,1.1463745224727933,490,12,0.9431945538974952,1
238,6,1,6,1.289618125661788,577,12,0.9431945538974952,1
258,6,0,11,1.3373659933914528,491,7,0.9431945538974952,1
133,2,0,11,1.2219753130447626,477,12,0.9431945538974952,1
219,2,1,11,1.0389418200810472,517,7,0.9431945538974952,1
211,2,1,6,1.3612399272562852,506,7,0.9431945538974952,1
220,2,0,6,1.289618125661788,502,12,0.9431945538974952,1
184,6,0,6,1.2498282358870672,483,12,0.9431945538974952,1
159,2,0,6,1.2458492469095952,531,12,0.9431945538974952,1
138,6,1,11,1.412966783963422,485,12,0.9431945538974952,1
174,2,1,11,1.2737021697518995,449,12,0.9431945538974952,1
206,2,0,6,1.2020803681574024,499,12,0.9431945538974952,1
288,6,1,11,1.074752720878296,535,7,0.9431945538974952,1
250,6,0,6,0.9951729413288544,574,7,0.9431945538974952,1
185,2,0,11,1.3890928500985895,451,7,0.9431945538974952,1
171,6,1,6,1.3095130705491482,454,12,0.9431945538974952,1
212,6,0,11,1.3691979052112293,526,12,0.9431945538974952,1
216,6,0,11,1.2259543020222348,498,12,0.9431945538974952,1
201,6,0,11,1.1026056437206004,561,12,0.9431945538974952,1
224,6,0,11,1.0588367649684076,452,12,0.9431945538974952,1
207,2,1,6,1.1503535114502654,490,12,0.9431945538974952,1
231,2,1,11,1.130458566562905,531,7,0.9431945538974952,1
282,2,0,6,1.1702484563376256,498,12,0.9431945538974952,1
269,6,1,6,1.1543325004277374,512,7,0.9431945538974952,1
568,6,2,4,1.1654180734384818,763,12,0.9431945538974952,1
493,6,2,3,0.2502506086199046,624,7,0.9431945538974952,1
407,0,2,11,0.0234482369039964,687,4,0.8884502877862838,1
556,0,2,11,0.1269019503182704,620,7,0.9431945538974952,1
480,6,2,11,0.1038794103751098,590,7,0.8884502877862838,1
537,0,2,4,0.1914171678794955,760,7,0.9431945538974952,1
574,6,2,4,0.6362125394346959,739,4,0.8884502877862838,1
452,6,2,3,0.3943456057305713,620,12,0.8884502877862838,1
598,6,2,3,0.6202965835248075,793,4,0.8884502877862838,1
510,6,2,3,0.699876363074249,682,12,0.9431945538974952,1
504,0,2,11,0.8868888450154365,756,4,0.8884502877862838,1
452,0,2,11,0.5208218590880057,789,12,0.8884502877862838,1
488,6,2,11,0.4054311787413155,648,7,0.8884502877862838,1
522,0,2,3,0.2383136416874884,668,12,0.9431945538974952,1
621,6,2,11,0.695897374096777,873,7,0.8884502877862838,1
445,0,2,3,0.2303556637325443,675,7,0.8884502877862838,1
508,6,2,4,0.1666918400929911,583,12,0.8884502877862838,1
416,0,2,4,0.2860615094171533,640,7,0.8884502877862838,1
459,0,2,11,0.0115112699715802,682,4,0.9431945538974952,1
530,0,2,4,0.6282545614797517,631,7,0.8884502877862838,1
509,0,2,3,0.0234482369039964,631,7,0.9431945538974952,1
448,6,2,4,0.3664926828882667,531,7,0.9431945538974952,1
484,6,2,11,0.4023035836855154,494,4,0.9431945538974952,1
484,0,2,4,0.1436693001498306,637,4,0.9431945538974952,1
429,0,2,11,0.1945447629352956,723,7,0.8884502877862838,1
482,0,2,4,0.3656412889665948,764,4,0.8884502877862838,1
518,0,2,3,0.2502506086199046,679,12,0.9431945538974952,1
522,0,2,11,0.2781035314622092,723,12,0.9431945538974952,1
498,0,2,11,0.4611370244259246,768,7,0.8884502877862838,1
563,6,2,11,0.4014521897638435,740,7,0.8884502877862838,1
516,6,2,11,0.859035922173132,825,4,0.9431945538974952,1
504,0,2,4,0.5606117488627265,727,7,0.8884502877862838,1
404,6,2,3,0.0322576087806125,624,7,0.9431945538974952,1
564,6,2,4,1.022174470249487,865,7,0.8884502877862838,1
470,0,2,3,0.6887907900635047,521,12,0.8884502877862838,1
528,6,2,4,0.4173681456737318,785,4,0.8884502877862838,1
500,6,2,11,0.3815572448764831,700,7,0.8884502877862838,1
535,0,2,4,0.2940194873720975,855,12,0.9431945538974952,1
495,0,2,3,0.0871120605435496,689,7,0.8884502877862838,1
494,6,2,11,0.2351860466316883,668,4,0.8884502877862838,1
529,0,2,3,0.0234482369039964,577,12,0.9431945538974952,1
599,6,2,4,1.149502117528593,746,4,0.9431945538974952,1
492,6,2,11,0.4810319693132849,660,7,0.9431945538974952,1
425,6,2,11,0.7086857349508652,530,4,0.8884502877862838,1
506,6,2,4,0.4133891566962597,706,4,0.8884502877862838,1
493,6,2,4,0.3338093771468182,641,12,0.8884502877862838,1
472,6,2,4,0.0760264875328053,628,7,0.8884502877862838,1
475,0,2,4,0.5964226496599752,621,4,0.9431945538974952,1
477,6,2,3,1.1176702057088168,745,4,0.9431945538974952,1
472,6,2,4,0.2940194873720975,730,4,0.8884502877862838,1
412,6,2,3,0.0919424434426936,662,4,0.8884502877862838,1
575,6,2,11,0.6043806276149193,789,7,0.8884502877862838,1
567,0,2,4,0.6163175945473355,701,7,0.9431945538974952,1
448,0,2,3,0.4580094293701244,600,4,0.8884502877862838,1
507,0,2,3,0.4492000574935084,767,12,0.9431945538974952,1
463,0,2,11,0.377578255899011,700,12,0.8884502877862838,1
562,0,2,4,1.0977752608214564,810,7,0.8884502877862838,1
484,6,2,3,0.536737814997894,715,4,0.9431945538974952,1
504,0,2,4,0.5097362860772614,553,7,0.8884502877862838,1
472,0,2,4,0.5455471868745101,472,7,0.8884502877862838,1
578,0,2,4,0.4850109582907571,685,12,0.8884502877862838,1
405,0,2,3,0.2312070576542162,575,7,0.8884502877862838,1
547,0,2,11,0.5128638811330616,717,12,0.8884502877862838,1
428,6,2,11,0.4850109582907571,645,4,0.9431945538974952,1
470,0,2,3,0.5208218590880057,710,7,0.9431945538974952,1
469,0,2,4,0.0871120605435496,675,12,0.9431945538974952,1
484,0,2,3,0.3298303881693462,686,12,0.9431945538974952,1
482,0,2,11,0.1706708290704632,657,12,0.8884502877862838,1
483,6,2,11,0.4969479252231732,739,12,0.9431945538974952,1
497,0,2,11,0.0839844654877495,555,12,0.9431945538974952,1
568,0,2,4,0.377578255899011,727,4,0.9431945538974952,1
567,6,2,11,0.640191528412168,746,7,0.8884502877862838,1
530,0,2,3,0.3537043220341786,614,4,0.9431945538974952,1
439,6,2,11,0.1189439723633262,588,7,0.8884502877862838,1
444,6,2,11,0.2303556637325443,755,7,0.8884502877862838,1
565,0,2,4,0.1388389172506866,705,7,0.9431945538974952,1
506,6,2,11,0.5009269142006454,601,4,0.8884502877862838,1
518,0,2,11,0.2820825204396813,642,4,0.9431945538974952,1
514,6,2,11,0.162712851115519,745,4,0.8884502877862838,1
507,0,2,11,0.3426187490234343,628,12,0.9431945538974952,1
594,0,2,3,0.2741245424847371,733,7,0.9431945538974952,1
452,0,2,3,0.6609378672212003,504,7,0.9431945538974952,1
517,6,2,4,0.2184186968001281,732,7,0.9431945538974952,1
544,6,2,4,0.1308809392957424,615,12,0.8884502877862838,1
502,0,2,3,0.0999004213976378,589,4,0.9431945538974952,1
420,6,2,3,0.1516272781047747,578,12,0.8884502877862838,1
545,0,2,3,0.8550569331956599,775,7,0.9431945538974952,1
495,0,2,11,0.8510779442181878,793,12,0.8884502877862838,1
552,0,2,11,0.8988258119478527,796,7,0.8884502877862838,1
478,0,2,11,0.0163416528707242,641,12,0.8884502877862838,1
498,6,2,4,0.7476242308039139,750,7,0.8884502877862838,1
455,6,2,11,0.6362125394346959,725,4,0.8884502877862838,1
555,6,2,3,0.9863635694522384,848,4,0.9431945538974952,1
458,6,2,4,0.8669939001280762,762,7,0.9431945538974952,1
452,0,2,4,0.5486747819303103,741,4,0.8884502877862838,1
516,0,2,11,0.0959214324201657,779,4,0.8884502877862838,1
498,0,2,11,0.158733862138047,666,4,0.9431945538974952,1
558,0,2,4,0.7396662528489698,695,12,0.9431945538974952,1
563,6,2,11,0.5566327598852544,775,12,0.8884502877862838,1
500,6,2,11,0.2900404983946254,778,7,0.9431945538974952,1
446,6,2,3,0.1467968952056307,677,4,0.8884502877862838,1
415,6,2,4,0.540716803975366,718,12,0.9431945538974952,1
486,6,2,3,0.2343346527100163,606,12,0.8884502877862838,1
478,6,2,4,0.1197953662849981,673,4,0.8884502877862838,1
553,0,2,3,0.2741245424847371,758,12,0.9431945538974952,1
535,0,2,3,0.6322335504572237,817,12,0.9431945538974952,1
479,0,2,3,0.1666918400929911,636,12,0.9431945538974952,1
452,6,2,3,0.2422926306649605,722,4,0.8884502877862838,1
468,6,2,11,0.0910910495210217,716,12,0.9431945538974952,1
533,0,2,3,0.7874141205786347,764,4,0.9431945538974952,1
465,6,2,3,0.536737814997894,666,4,0.9431945538974952,1
495,0,2,11,0.2940194873720975,655,4,0.9431945538974952,1
547,0,2,3,0.7436452418264419,776,4,0.8884502877862838,1
553,6,2,4,0.2033541348119117,599,7,0.9431945538974952,1
498,0,2,11,0.2263766747550722,640,7,0.8884502877862838,1
510,6,2,11,0.4611370244259246,834,4,0.8884502877862838,1
556,0,2,4,0.5088848921555895,687,12,0.9431945538974952,1
514,0,2,11,0.9465736796775176,834,4,0.9431945538974952,1
432,6,2,4,0.2312070576542162,507,4,0.8884502877862838,1
553,6,2,11,0.5208218590880057,836,7,0.8884502877862838,1
485,6,2,4,0.7277292859165536,707,12,0.8884502877862838,1
475,6,2,4,0.3346607710684902,529,7,0.9431945538974952,1
512,0,2,3,0.266166564529793,668,12,0.8884502877862838,1
458,6,2,11,0.3099354432819858,573,4,0.9431945538974952,1
539,6,2,11,0.2064817298677118,632,7,0.8884502877862838,1
523,0,2,4,0.5805066937500868,794,12,0.9431945538974952,1
535,0,2,4,1.133586161618705,804,7,0.9431945538974952,1
476,6,2,4,0.4054311787413155,626,12,0.9431945538974952,1
527,6,2,3,0.1556062670822468,660,7,0.9431945538974952,1
477,6,2,4,0.0441945757130287,679,7,0.9431945538974952,1
462,0,2,3,0.3744506608432109,655,4,0.8884502877862838,1
531,0,2,4,0.1746498180479352,600,7,0.8884502877862838,1
544,6,2,4,0.3616622999891227,752,4,0.8884502877862838,1
453,6,2,11,0.4094101677187876,648,7,0.8884502877862838,1
536,0,2,4,0.962489635587406,772,7,0.9431945538974952,1
511,0,2,3,0.1476482891273027,632,4,0.8884502877862838,1
481,0,2,11,0.2383136416874884,724,7,0.9431945538974952,1
515,6,2,3,0.0791540825886055,664,4,0.8884502877862838,1
541,0,2,3,0.5168428701105336,762,7,0.8884502877862838,1
465,0,2,4,0.3139144322594578,634,12,0.9431945538974952,1
490,0,2,3,0.0950700384984938,717,12,0.9431945538974952,1
450,0,2,3,0.270996947428937,642,12,0.9431945538974952,1
536,6,2,11,0.1985237519127677,669,4,0.9431945538974952,1
486,6,2,4,0.803330076488523,659,12,0.9431945538974952,1
531,6,2,3,0.8112880544434671,833,7,0.9431945538974952,1
455,6,2,11,0.321872410214402,716,7,0.8884502877862838,1
610,0,2,3,0.5566327598852544,732,4,0.8884502877862838,1
574,0,2,3,0.6521284953445842,779,7,0.8884502877862838,1
495,0,2,3,0.699876363074249,791,12,0.8884502877862838,1
548,6,2,4,0.1755012119696072,613,12,0.8884502877862838,1
503,0,2,4,0.0163416528707242,702,7,0.9431945538974952,1
523,0,2,11,0.1348599282732145,669,7,0.8884502877862838,1
453,0,2,3,0.0632381266787172,713,4,0.8884502877862838,1
459,0,2,3,0.0242996308256684,622,12,0.9431945538974952,1
504,0,2,11,0.4810319693132849,733,12,0.8884502877862838,1
546,0,2,11,0.5009269142006454,736,7,0.9431945538974952,1
505,6,2,11,0.0393641928138847,698,7,0.8884502877862838,1
549,6,2,4,0.2860615094171533,798,4,0.9431945538974952,1
511,6,2,4,0.2184186968001281,631,4,0.8884502877862838,1
571,6,2,3,0.8908678339929086,866,4,0.8884502877862838,1
538,6,2,4,0.7555822087588581,819,12,0.9431945538974952,1
594,0,2,3,0.3537043220341786,809,4,0.9431945538974952,1
561,0,2,3,0.695897374096777,722,12,0.8884502877862838,1
464,6,2,4,1.014216492294543,817,4,0.8884502877862838,1
488,6,2,11,0.2025027408902398,670,4,0.8884502877862838,1
502,0,2,11,0.9465736796775176,745,4,0.8884502877862838,1
576,6,2,3,0.0314062148589406,597,4,0.9431945538974952,1
489,6,2,3,0.6839604071643608,771,12,0.8884502877862838,1
445,6,2,11,0.0720474985553333,495,7,0.8884502877862838,1
420,6,2,4,0.2064817298677118,671,7,0.8884502877862838,1
579,0,2,3,0.6481495063671121,718,4,0.9431945538974952,1
600,0,2,4,0.4531790464709804,817,4,0.8884502877862838,1
552,0,2,4,1.022174470249487,802,12,0.8884502877862838,1
557,0,2,11,0.9028048009253248,783,7,0.8884502877862838,1
576,6,2,3,0.695897374096777,751,4,0.9431945538974952,1
467,0,2,3,0.2820825204396813,654,7,0.8884502877862838,1
544,0,2,4,0.5725487157951427,729,4,0.8884502877862838,1
531,6,2,3,0.4301565065278199,520,12,0.8884502877862838,1
504,0,2,11,0.270145553507265,666,4,0.9431945538974952,1
409,0,2,11,0.2621875755523209,671,7,0.9431945538974952,1
437,0,2,4,0.0115112699715802,528,12,0.8884502877862838,1
572,0,2,3,0.5645907378401985,799,12,0.9431945538974952,1
546,6,2,4,0.2940194873720975,585,4,0.9431945538974952,1
503,6,2,4,0.2351860466316883,581,7,0.9431945538974952,1
607,6,2,4,0.2542295975973768,858,7,0.8884502877862838,1
535,6,2,11,0.5535051648294542,612,4,0.9431945538974952,1
539,0,2,4,0.6720234402319445,739,7,0.9431945538974952,1
497,6,2,3,0.429305112606148,626,7,0.9431945538974952,1
479,0,2,3,0.0839844654877495,610,12,0.9431945538974952,1
556,0,2,3,0.2303556637325443,646,4,0.9431945538974952,1
506,0,2,3,0.859035922173132,684,7,0.9431945538974952,1
568,6,2,4,0.1149649833858541,685,4,0.9431945538974952,1
500,0,2,11,0.4452210685160363,726,4,0.8884502877862838,1
560,0,2,11,0.8908678339929086,749,4,0.8884502877862838,1
465,6,2,11,0.1715222229921351,677,12,0.9431945538974952,1
501,0,2,4,0.5088848921555895,690,7,0.8884502877862838,1
518,6,2,4,0.6322335504572237,686,7,0.9431945538974952,1
555,0,2,11,0.5765277047726147,687,7,0.8884502877862838,1
467,0,2,11,0.0274272258814685,696,4,0.9431945538974952,1
496,6,2,11,0.0871120605435496,627,4,0.8884502877862838,1
530,6,2,3,0.3855362338539552,668,4,0.8884502877862838,1
541,6,2,4,0.3616622999891227,587,12,0.9431945538974952,1
590,0,2,3,0.8311829993308275,672,4,0.8884502877862838,1
534,6,2,4,0.3497253330567065,659,7,0.8884502877862838,1
569,6,2,4,0.5287798370429498,715,7,0.8884502877862838,1
544,6,2,11,0.1953961568569676,742,4,0.9431945538974952,1
534,0,2,4,0.9346367127451014,748,12,0.9431945538974952,1
476,0,2,11,0.5645907378401985,670,7,0.8884502877862838,1
484,6,2,4,0.5216732530096777,706,12,0.8884502877862838,1
465,6,2,3,0.8272040103533554,742,12,0.9431945538974952,1
592,0,2,11,0.8868888450154365,773,4,0.8884502877862838,1
492,6,2,3,0.5049059031781175,769,7,0.9431945538974952,1
527,0,2,4,0.4014521897638435,697,12,0.8884502877862838,1
453,6,2,11,0.1706708290704632,737,7,0.8884502877862838,1
520,6,2,11,0.5486747819303103,726,4,0.9431945538974952,1
438,6,2,11,0.4779043742574848,586,12,0.9431945538974952,1
563,6,2,11,0.7038553520517211,794,12,0.8884502877862838,1
462,6,2,3,0.1786288070254073,797,12,0.9431945538974952,1
422,6,2,11,0.004404685938308,626,12,0.8884502877862838,1
520,0,2,11,0.6242755725022796,678,4,0.8884502877862838,1
556,6,2,11,0.5805066937500868,742,12,0.8884502877862838,1
510,0,2,3,0.4531790464709804,745,7,0.9431945538974952,1
504,6,2,11,0.2741245424847371,633,4,0.9431945538974952,1
497,6,2,4,0.4810319693132849,719,4,0.9431945538974952,1
516,0,2,3,0.0393641928138847,631,4,0.9431945538974952,1
489,6,2,11,0.4094101677187876,642,4,0.9431945538974952,1
440,6,2,3,0.5137152750547335,468,7,0.8884502877862838,1
482,6,2,4,0.111837388330054,629,12,0.8884502877862838,1
420,6,2,4,0.4420934734602362,597,4,0.8884502877862838,1
418,0,2,11,0.5248008480654778,722,12,0.8884502877862838,1
429,6,2,11,0.4253261236286759,736,12,0.8884502877862838,1
523,6,2,4,0.1556062670822468,641,7,0.8884502877862838,1
483,0,2,3,0.3934942118088994,742,12,0.9431945538974952,1
555,0,2,4,0.3537043220341786,660,4,0.9431945538974952,1
550,6,2,11,0.8431199662632437,748,12,0.8884502877862838,1
423,6,2,4,0.3696202779440669,702,4,0.9431945538974952,1
495,0,2,11,0.0115112699715802,620,12,0.9431945538974952,1
516,6,2,11,0.10700700543091,589,12,0.8884502877862838,1
431,6,2,3,0.8718242830272201,425,7,0.9431945538974952,1
487,0,2,3,0.167543234014663,484,4,0.8884502877862838,1
438,6,2,4,0.3059564543045137,684,12,0.8884502877862838,1
572,6,2,11,0.3178934212369299,769,12,0.9431945538974952,1
555,6,2,11,0.1269019503182704,729,4,0.9431945538974952,1
585,6,2,11,0.4730739913583408,685,12,0.9431945538974952,1
532,0,2,11,1.022174470249487,835,7,0.8884502877862838,1
550,6,2,11,0.6879393961418329,786,12,0.9431945538974952,1
484,0,2,4,0.2948708812937694,529,12,0.8884502877862838,1
457,0,2,11,0.0592591377012451,600,4,0.8884502877862838,1
501,6,2,11,0.214439707822656,589,4,0.8884502877862838,1
454,0,2,11,0.3815572448764831,680,7,0.9431945538974952,1
490,6,2,3,0.2223976857776001,663,12,0.9431945538974952,1
470,6,2,11,0.1348599282732145,681,12,0.8884502877862838,1
512,6,2,4,0.2940194873720975,710,12,0.8884502877862838,1
501,6,2,11,0.2900404983946254,656,7,0.9431945538974952,1
511,6,2,11,0.3139144322594578,687,12,0.9431945538974952,1
498,6,2,11,0.2104607188451839,708,4,0.9431945538974952,1
525,0,2,3,0.2900404983946254,664,12,0.9431945538974952,1
445,0,2,11,0.6282545614797517,724,4,0.8884502877862838,1
498,0,2,4,0.4412420795385642,648,12,0.9431945538974952,1
463,6,2,4,0.7277292859165536,707,12,0.9431945538974952,1
434,6,2,11,0.0800054765102774,553,7,0.9431945538974952,1
553,0,2,3,0.4969479252231732,768,12,0.8884502877862838,1
533,0,2,3,0.1826077960028794,655,4,0.8884502877862838,1
518,0,2,3,0.1985237519127677,758,4,0.9431945538974952,1
516,0,2,3,0.0513011597463009,728,12,0.8884502877862838,1
451,0,2,4,0.4412420795385642,646,12,0.8884502877862838,1
484,6,2,11,0.4818833632349569,538,12,0.9431945538974952,1
472,6,2,3,0.0720474985553333,497,4,0.9431945538974952,1
539,6,2,11,0.2502506086199046,652,7,0.8884502877862838,1
465,0,2,4,0.2104607188451839,605,7,0.8884502877862838,1
451,0,2,11,0.1078583993525819,619,4,0.9431945538974952,1
560,6,2,11,0.1189439723633262,710,12,0.9431945538974952,1
514,0,2,4,0.3457463440792345,633,12,0.9431945538974952,1
566,0,2,4,0.3417673551017623,849,12,0.9431945538974952,1
467,0,2,11,0.3497253330567065,644,12,0.9431945538974952,1
433,6,2,3,0.1826077960028794,695,4,0.9431945538974952,1
508,0,2,4,0.429305112606148,749,12,0.9431945538974952,1
503,6,2,4,0.7157923189841373,694,4,0.9431945538974952,1
533,0,2,11,0.0203206418481963,704,7,0.8884502877862838,1
518,0,2,11,0.3298303881693462,801,4,0.8884502877862838,1
505,6,2,4,0.4571580354484525,671,12,0.9431945538974952,1
574,0,2,11,0.7237502969390814,810,4,0.8884502877862838,1
511,6,2,11,0.5645907378401985,708,7,0.9431945538974952,1
556,6,2,4,0.8908678339929086,730,7,0.8884502877862838,1
517,6,2,4,0.3019774653270416,658,7,0.9431945538974952,1
545,6,2,4,0.4850109582907571,621,12,0.9431945538974952,1
449,6,2,4,0.270145553507265,622,4,0.8884502877862838,1
511,0,2,3,0.1348599282732145,672,7,0.9431945538974952,1
463,0,2,11,0.751603219781386,690,4,0.9431945538974952,1
484,0,2,11,0.3338093771468182,693,7,0.8884502877862838,1
481,6,2,4,0.1038794103751098,591,12,0.9431945538974952,1
480,6,2,3,0.2542295975973768,691,7,0.8884502877862838,1
527,0,2,11,0.056131542645445,678,7,0.8884502877862838,1
513,6,2,4,0.1189439723633262,697,7,0.9431945538974952,1
474,6,2,4,0.536737814997894,738,7,0.9431945538974952,1
488,6,2,3,0.2192700907218,683,12,0.8884502877862838,1
560,0,2,11,0.2621875755523209,853,4,0.9431945538974952,1
461,0,2,11,0.270145553507265,695,7,0.9431945538974952,1
499,6,2,4,0.373599266921539,674,4,0.8884502877862838,1
528,6,2,3,0.2741245424847371,557,4,0.8884502877862838,1
519,0,2,11,0.214439707822656,677,4,0.8884502877862838,1
515,6,2,11,0.2900404983946254,664,7,0.9431945538974952,1
513,0,2,4,0.2104607188451839,712,12,0.9431945538974952,1
443,0,2,11,0.158733862138047,570,7,0.8884502877862838,1
473,0,2,11,0.1396903111723585,549,12,0.9431945538974952,1
545,0,2,4,0.6879393961418329,844,4,0.9431945538974952,1
448,0,2,11,0.3537043220341786,649,12,0.8884502877862838,1
463,0,2,4,0.7277292859165536,664,7,0.8884502877862838,1
420,6,2,3,0.3576833110116507,733,12,0.8884502877862838,1
440,0,2,11,0.0791540825886055,656,4,0.9431945538974952,1
455,0,2,4,0.3974732007863714,730,7,0.8884502877862838,1
424,0,2,11,0.1834591899245513,583,12,0.9431945538974952,1
450,0,2,11,0.3537043220341786,724,4,0.8884502877862838,1
557,0,2,3,0.7555822087588581,765,12,0.8884502877862838,1
467,6,2,4,0.3258513991918741,703,4,0.8884502877862838,1
559,6,2,11,0.004404685938308,629,7,0.8884502877862838,1
455,6,2,4,0.5057572970997893,555,7,0.9431945538974952,1
455,0,2,11,0.2025027408902398,660,4,0.8884502877862838,1
470,0,2,4,0.4253261236286759,751,7,0.8884502877862838,1
589,6,2,11,0.3934942118088994,651,7,0.9431945538974952,1
376,6,2,11,0.2789549253838811,653,4,0.9431945538974952,1
518,0,2,3,0.3059564543045137,714,7,0.8884502877862838,1
410,6,2,4,0.0999004213976378,685,4,0.8884502877862838,1
469,6,2,4,0.4332841015836201,654,7,0.8884502877862838,1
570,6,2,3,0.9425946907000456,791,7,0.9431945538974952,1
485,0,2,11,0.0521525536679729,553,7,0.8884502877862838,1
477,6,2,3,0.1547548731605749,599,4,0.9431945538974952,1
537,0,2,3,0.7197713079616094,640,7,0.9431945538974952,1
532,6,2,4,0.3576833110116507,750,7,0.8884502877862838,1
479,6,2,11,0.3298303881693462,541,4,0.9431945538974952,1
458,6,2,11,0.6123386055698634,730,7,0.9431945538974952,1
484,6,2,11,0.2582085865748488,688,12,0.9431945538974952,1
576,0,2,11,0.2741245424847371,790,7,0.8884502877862838,1
528,6,2,4,0.8789308670604924,851,7,0.8884502877862838,1
555,6,2,11,0.859035922173132,705,7,0.8884502877862838,1
570,6,2,3,0.373599266921539,790,4,0.8884502877862838,1
462,0,2,3,0.0282786198031404,655,7,0.9431945538974952,1
521,0,2,4,0.3258513991918741,691,4,0.8884502877862838,1
577,0,2,11,0.214439707822656,755,12,0.8884502877862838,1
580,0,2,4,0.7197713079616094,875,12,0.8884502877862838,1
518,0,2,3,0.5765277047726147,750,4,0.9431945538974952,1
557,0,2,3,0.5248008480654778,689,7,0.9431945538974952,1
449,0,2,11,0.807309065465995,735,12,0.9431945538974952,1
529,0,2,3,0.1078583993525819,660,7,0.8884502877862838,1
508,6,2,3,0.7834351316011626,785,4,0.8884502877862838,1
515,0,2,3,0.4173681456737318,739,7,0.9431945538974952,1
419,6,2,11,0.0274272258814685,677,4,0.8884502877862838,1
505,0,2,11,0.807309065465995,688,4,0.8884502877862838,1
571,6,2,4,0.536737814997894,761,4,0.9431945538974952,1
481,0,2,4,0.0115112699715802,525,4,0.8884502877862838,1
477,6,2,4,0.2064817298677118,738,7,0.9431945538974952,1
510,6,2,3,0.7834351316011626,807,12,0.9431945538974952,1
579,6,2,4,0.699876363074249,677,12,0.8884502877862838,1
727,6,1,0,0.1428179062281586,1262,11,0.9431945538974952,0
624,2,1,6,0.1197953662849981,1204,11,0.9431945538974952,0
677,5,1,0,0.0083836749157801,1220,11,0.9431945538974952,0
538,6,1,6,0.0640895206003891,1079,11,1.804272708628173,0
628,5,1,0,0.0800054765102774,1152,11,1.804272708628173,0
507,2,1,6,0.0322576087806125,1082,11,0.9431945538974952,0
625,6,1,0,0.056131542645445,1235,11,0.9431945538974952,0
599,5,1,6,0.0481735646905008,1234,11,1.804272708628173,0
446,5,1,6,0.0680685095778612,1173,11,0.9431945538974952,0
442,2,1,0,0.1507758841831028,1234,11,0.9431945538974952,0
545,5,1,0,0.2590599804965208,1134,11,0.9431945538974952,0
621,2,1,0,0.2781035314622092,1270,11,1.804272708628173,0
782,2,1,0,0.214439707822656,1393,11,1.804272708628173,0
642,6,1,6,0.0322576087806125,1187,11,0.9431945538974952,0
553,2,1,0,0.1794802009470793,1227,11,1.804272708628173,0
569,2,1,6,0.0990490274759658,1220,11,1.804272708628173,0
596,2,1,6,0.2630389694739928,1196,11,0.9431945538974952,0
727,6,1,6,0.1396903111723585,1236,11,0.9431945538974952,0
476,6,1,0,0.2789549253838811,1161,11,0.9431945538974952,0
851,6,1,0,0.7913931095561068,1339,11,0.9431945538974952,0
565,5,1,0,0.1277533442399423,1156,11,1.804272708628173,0
794,5,1,6,0.0115112699715802,1220,11,1.804272708628173,0
712,5,1,0,0.0234482369039964,1189,11,0.9431945538974952,0
468,5,1,6,0.4062825726629875,1015,11,1.804272708628173,0
903,6,1,6,0.1269019503182704,1302,11,0.9431945538974952,0
699,6,1,0,0.1357113221948865,1168,11,0.9431945538974952,0
543,6,1,6,0.0035532920166361,1317,11,1.804272708628173,0
537,5,1,0,0.1436693001498306,1270,11,1.804272708628173,0
755,2,1,0,0.2104607188451839,1278,11,0.9431945538974952,0
544,2,1,6,0.0640895206003891,1208,11,1.804272708628173,0
578,5,1,0,0.1078583993525819,1160,11,0.9431945538974952,0
677,2,1,6,0.3338093771468182,1352,11,1.804272708628173,0
483,5,1,0,0.4221985285728758,1090,11,1.804272708628173,0
652,5,1,0,0.3585347049333226,1148,11,0.9431945538974952,0
457,5,1,0,0.004404685938308,1205,11,1.804272708628173,0
601,2,1,6,0.0831330715660775,1192,11,0.9431945538974952,0
586,5,1,0,0.2789549253838811,1229,11,1.804272708628173,0
663,5,1,6,0.1794802009470793,1187,11,0.9431945538974952,0
609,5,1,0,0.162712851115519,1117,11,1.804272708628173,0
526,2,1,0,0.3227238041360739,1212,11,0.9431945538974952,0
621,2,1,0,0.2232490796992721,1188,11,1.804272708628173,0
477,2,1,0,0.4221985285728758,1169,11,0.9431945538974952,0
507,6,1,6,0.0720474985553333,1166,11,1.804272708628173,0
782,2,1,6,0.3983245947080434,1158,11,1.804272708628173,0
484,2,1,0,0.3346607710684902,1147,11,0.9431945538974952,0
691,2,1,0,0.1277533442399423,1179,11,0.9431945538974952,0
825,6,1,6,0.2025027408902398,1380,11,1.804272708628173,0
570,6,1,0,0.3465977380009064,1071,11,0.9431945538974952,0
732,2,1,6,0.1269019503182704,1211,11,1.804272708628173,0
550,2,1,6,0.1953961568569676,1238,11,1.804272708628173,0
702,2,1,6,0.2471230135641045,1149,11,1.804272708628173,0
773,2,1,0,0.1985237519127677,1290,11,1.804272708628173,0
676,5,1,0,0.3147658261811298,1101,11,1.804272708628173,0
682,5,1,0,0.3028288592487136,1048,11,0.9431945538974952,0
745,6,1,0,0.5176942640322055,1061,11,1.804272708628173,0
687,2,1,6,0.004404685938308,1177,11,0.9431945538974952,0
535,6,1,6,0.0282786198031404,1092,11,1.804272708628173,0
565,6,1,0,0.0959214324201657,1216,11,0.9431945538974952,0
653,6,1,6,0.1516272781047747,1221,11,1.804272708628173,0
744,5,1,0,0.5446957929528382,1365,11,0.9431945538974952,0
510,5,1,0,0.0879634544652216,1172,11,1.804272708628173,0
430,2,1,6,0.6848118010860327,1070,11,1.804272708628173,0
578,6,1,6,0.3983245947080434,1274,11,0.9431945538974952,0
566,6,1,6,0.3616622999891227,1222,11,1.804272708628173,0
518,6,1,6,0.0314062148589406,1126,11,0.9431945538974952,0
435,6,1,6,0.0242996308256684,1242,11,0.9431945538974952,0
469,5,1,0,0.1189439723633262,1244,11,0.9431945538974952,0
595,2,1,6,0.2104607188451839,1328,11,0.9431945538974952,0
564,2,1,0,0.0441945757130287,1207,11,1.804272708628173,0
704,2,1,0,0.321872410214402,1348,11,0.9431945538974952,0
769,2,1,0,0.274975936406409,1221,11,1.804272708628173,0
485,5,1,6,0.2789549253838811,1090,11,1.804272708628173,0
588,2,1,0,0.0083836749157801,1215,11,1.804272708628173,0
662,2,1,0,0.3943456057305713,1167,11,0.9431945538974952,0
505,2,1,6,0.2113121127668558,1039,11,0.9431945538974952,0
586,5,1,0,0.0314062148589406,1202,11,1.804272708628173,0
665,6,1,0,0.1666918400929911,1259,11,0.9431945538974952,0
492,5,1,0,0.2263766747550722,1135,11,0.9431945538974952,0
595,2,1,6,0.2033541348119117,1146,11,1.804272708628173,0
683,2,1,6,0.1715222229921351,1158,11,0.9431945538974952,0
745,2,1,6,0.3426187490234343,1177,11,0.9431945538974952,0
617,6,1,0,0.214439707822656,1133,11,1.804272708628173,0
728,2,1,0,0.4850109582907571,1359,11,0.9431945538974952,0
618,5,1,6,0.0154902589490523,1322,11,0.9431945538974952,0
464,5,1,0,0.4301565065278199,1074,11,1.804272708628173,0
681,5,1,0,0.1595852560597189,1163,11,0.9431945538974952,0
726,2,1,6,0.2940194873720975,1298,11,0.9431945538974952,0
407,2,1,6,0.2948708812937694,1112,11,1.804272708628173,0
483,2,1,6,0.0800054765102774,1189,11,0.9431945538974952,0
592,6,1,0,0.3227238041360739,1105,11,0.9431945538974952,0
779,2,1,0,0.0672171156561892,1117,11,1.804272708628173,0
756,2,1,0,0.167543234014663,1237,11,1.804272708628173,0
709,2,1,0,0.0760264875328053,1261,11,0.9431945538974952,0
654,2,1,6,0.0322576087806125,1137,11,0.9431945538974952,0
701,5,1,0,0.2511020025415766,1098,11,1.804272708628173,0
395,6,1,0,0.3545557159558505,1130,11,1.804272708628173,0
616,2,1,0,0.3139144322594578,1097,11,1.804272708628173,0
606,2,1,6,0.1109859944083821,1280,11,0.9431945538974952,0
625,2,1,0,0.0473221707688289,1223,11,1.804272708628173,0
573,6,1,0,0.0672171156561892,1233,11,0.9431945538974952,0
506,5,1,6,0.1388389172506866,1175,11,0.9431945538974952,0
334,2,1,0,0.0839844654877495,1178,11,1.804272708628173,0
901,6,1,6,0.2025027408902398,1242,11,1.804272708628173,0
520,5,1,6,0.2303556637325443,1270,11,1.804272708628173,0
486,6,1,0,0.2033541348119117,1103,11,0.9431945538974952,0
565,6,1,0,0.0513011597463009,1262,11,1.804272708628173,0
660,6,1,6,0.004404685938308,1268,11,1.804272708628173,0
486,2,1,0,0.3068078482261857,1070,11,0.9431945538974952,0
681,2,1,0,0.0950700384984938,1214,11,0.9431945538974952,0
816,6,1,6,0.1149649833858541,1317,11,0.9431945538974952,0
442,2,1,0,0.2351860466316883,1106,11,1.804272708628173,0
521,2,1,6,0.270996947428937,1148,11,0.9431945538974952,0
785,6,1,6,0.2590599804965208,1150,11,1.804272708628173,0
658,6,1,6,0.3139144322594578,1337,11,1.804272708628173,0
565,6,1,0,0.2025027408902398,1287,11,0.9431945538974952,0
629,5,1,6,0.1396903111723585,1190,11,0.9431945538974952,0
621,2,1,6,0.004404685938308,1186,11,0.9431945538974952,0
674,6,1,0,0.0402155867355567,1278,11,0.9431945538974952,0
809,6,1,6,0.2184186968001281,1268,11,1.804272708628173,0
592,6,1,0,0.0035532920166361,1220,11,1.804272708628173,0
534,6,1,6,0.377578255899011,1297,11,1.804272708628173,0
581,6,1,6,0.3744506608432109,1115,11,1.804272708628173,0
537,2,1,0,0.4659674073250686,1142,11,1.804272708628173,0
327,5,1,0,0.4102615616404595,1047,11,1.804272708628173,0
605,2,1,0,0.1396903111723585,1023,11,0.9431945538974952,0
741,6,1,6,0.3107868372036577,1095,11,0.9431945538974952,0
799,5,1,6,0.5924436606825031,1275,11,1.804272708628173,0
603,2,1,0,0.1953961568569676,1275,11,0.9431945538974952,0
619,2,1,0,0.2789549253838811,1021,11,0.9431945538974952,0
364,6,1,0,0.0194692479265244,1185,11,1.804272708628173,0
597,2,1,6,0.1516272781047747,1232,11,1.804272708628173,0
802,5,1,6,0.64417051738964,1324,11,0.9431945538974952,0
673,6,1,0,0.1595852560597189,1122,11,1.804272708628173,0
502,2,1,0,0.2184186968001281,1196,11,0.9431945538974952,0
658,5,1,0,0.1905657739578236,1291,11,1.804272708628173,0
583,6,1,6,0.4739253852800127,1216,11,1.804272708628173,0
511,6,1,0,0.5097362860772614,1070,11,0.9431945538974952,0
587,2,1,0,0.0393641928138847,1207,11,1.804272708628173,0
486,5,1,6,0.0163416528707242,1169,11,1.804272708628173,0
608,2,1,6,0.3258513991918741,1320,11,0.9431945538974952,0
520,2,1,0,0.4221985285728758,1133,11,0.9431945538974952,0
659,2,1,0,0.0831330715660775,1204,11,1.804272708628173,0
591,6,1,6,0.060110531622917,1220,11,0.9431945538974952,0
629,5,1,0,0.0083836749157801,1200,11,1.804272708628173,0
632,6,1,6,0.0473221707688289,1250,11,1.804272708628173,0
653,2,1,6,0.3426187490234343,1153,11,0.9431945538974952,0
650,2,1,0,0.2502506086199046,1269,11,0.9431945538974952,0
486,5,1,0,0.1158163773075261,1195,11,0.9431945538974952,0
680,6,1,6,0.6322335504572237,1326,11,0.9431945538974952,0
386,6,1,0,0.0083836749157801,1173,11,0.9431945538974952,0
761,2,1,0,0.3059564543045137,1236,11,1.804272708628173,0
565,2,1,6,0.3306817820910181,1147,11,1.804272708628173,0
684,5,1,0,0.0194692479265244,1225,11,0.9431945538974952,0
413,2,1,6,0.5853370766492308,1027,11,0.9431945538974952,0
740,6,1,6,0.0831330715660775,1197,11,1.804272708628173,0
623,6,1,0,0.0322576087806125,1155,11,1.804272708628173,0
607,6,1,6,0.1556062670822468,1151,11,0.9431945538974952,0
799,5,1,0,0.0154902589490523,1225,11,0.9431945538974952,0
464,2,1,0,0.4699463963025407,1161,11,0.9431945538974952,0
605,5,1,6,0.2263766747550722,1309,11,1.804272708628173,0
602,5,1,0,0.4023035836855154,1050,11,1.804272708628173,0
636,6,1,0,0.0473221707688289,1275,11,0.9431945538974952,0
774,2,1,0,0.2542295975973768,1275,11,1.804272708628173,0
654,6,1,0,0.4301565065278199,1198,11,1.804272708628173,0
544,5,1,6,0.4540304403926524,1124,11,1.804272708628173,0
517,5,1,6,0.2869129033388253,1099,11,1.804272708628173,0
654,5,1,6,0.1914171678794955,1229,11,0.9431945538974952,0
695,5,1,0,0.3178934212369299,1312,11,0.9431945538974952,0
504,6,1,0,0.056131542645445,1144,11,0.9431945538974952,0
493,2,1,6,0.2590599804965208,1157,11,1.804272708628173,0
473,2,1,6,0.0035532920166361,1193,11,1.804272708628173,0
530,2,1,0,0.3704716718657388,1155,11,0.9431945538974952,0
736,2,1,6,0.1030280164534379,1244,11,0.9431945538974952,0
590,5,1,0,0.4540304403926524,1159,11,0.9431945538974952,0
543,2,1,6,0.0234482369039964,1225,11,1.804272708628173,0
673,5,1,0,0.382408638798155,1230,11,0.9431945538974952,0
730,5,1,0,0.4412420795385642,1256,11,1.804272708628173,0
541,5,1,6,0.0393641928138847,1106,11,0.9431945538974952,0
747,6,1,6,0.2908918923162973,1116,11,0.9431945538974952,0
402,5,1,6,0.0441945757130287,1127,11,1.804272708628173,0
715,2,1,0,0.1985237519127677,1224,11,0.9431945538974952,0
681,6,1,0,0.2422926306649605,1321,11,0.9431945538974952,0
621,6,1,0,0.1666918400929911,1317,11,0.9431945538974952,0
549,5,1,6,0.0640895206003891,1225,11,0.9431945538974952,0
464,2,1,0,0.2590599804965208,1175,11,0.9431945538974952,0
568,6,1,6,0.055280148723773,1248,11,1.804272708628173,0
691,5,1,0,0.2462716196424326,1300,11,1.804272708628173,0
541,6,1,0,0.0839844654877495,1174,11,0.9431945538974952,0
704,6,1,6,0.0282786198031404,1222,11,1.804272708628173,0
554,2,1,0,0.2630389694739928,1112,11,0.9431945538974952,0
655,5,1,0,0.0711961046336613,1178,11,0.9431945538974952,0
653,5,1,0,0.0751750936111334,1187,11,0.9431945538974952,0
487,6,1,6,0.5853370766492308,1020,11,0.9431945538974952,0
518,6,1,0,0.326702793113546,1209,11,1.804272708628173,0
738,2,1,0,0.2621875755523209,1271,11,0.9431945538974952,0
561,5,1,6,0.2630389694739928,1172,11,0.9431945538974952,0
401,5,1,6,0.3863876277756271,1108,11,1.804272708628173,0
573,6,1,0,0.2979984763495695,1295,11,0.9431945538974952,0
641,6,1,6,0.0592591377012451,1252,11,0.9431945538974952,0
643,2,1,0,0.1428179062281586,1333,11,1.804272708628173,0
681,5,1,0,0.3099354432819858,1184,11,1.804272708628173,0
504,6,1,6,0.0362365977580846,1262,11,0.9431945538974952,0
433,2,1,6,0.060110531622917,1134,11,0.9431945538974952,0
577,5,1,0,0.3863876277756271,1152,11,1.804272708628173,0
719,6,1,6,0.2431440245866324,1198,11,0.9431945538974952,0
535,2,1,0,0.378429649820683,1137,11,0.9431945538974952,0
658,2,1,6,0.004404685938308,1172,11,0.9431945538974952,0
666,2,1,6,0.1158163773075261,1279,11,0.9431945538974952,0
801,5,1,0,0.1826077960028794,1255,11,0.9431945538974952,0
680,6,1,0,0.1348599282732145,1129,11,1.804272708628173,0
496,2,1,0,0.382408638798155,1087,11,1.804272708628173,0
590,2,1,6,0.3537043220341786,1274,11,0.9431945538974952,0
895,6,1,6,0.2900404983946254,1283,11,0.9431945538974952,0
541,5,1,0,0.1357113221948865,1100,11,1.804272708628173,0
364,6,1,0,0.4739253852800127,1101,11,0.9431945538974952,0
665,6,1,6,0.2343346527100163,1189,11,1.804272708628173,0
581,6,1,6,0.0999004213976378,1167,11,0.9431945538974952,0
663,5,1,0,0.2025027408902398,1254,11,1.804272708628173,0
683,5,1,6,0.214439707822656,1247,11,1.804272708628173,0
713,6,1,0,0.111837388330054,1316,11,1.804272708628173,0
655,2,1,0,0.1030280164534379,1184,11,0.9431945538974952,0
474,2,1,0,0.3505767269783785,1130,11,1.804272708628173,0
647,6,1,6,0.3903666167530992,1092,11,0.9431945538974952,0
602,2,1,0,0.0800054765102774,1207,11,1.804272708628173,0
548,5,1,6,0.4062825726629875,1185,11,0.9431945538974952,0
683,5,1,6,0.0274272258814685,1148,11,0.9431945538974952,0
632,2,1,0,0.0711961046336613,1272,11,1.804272708628173,0
593,5,1,6,0.4699463963025407,1077,11,0.9431945538974952,0
682,2,1,6,0.0083836749157801,1303,11,0.9431945538974952,0
644,2,1,0,0.3178934212369299,1333,11,0.9431945538974952,0
427,6,1,6,0.3028288592487136,1062,11,1.804272708628173,0
410,2,1,0,0.2113121127668558,1132,11,1.804272708628173,0
448,6,1,0,0.5694211207393426,1120,11,0.9431945538974952,0
723,2,1,6,0.2542295975973768,1333,11,1.804272708628173,0
512,2,1,0,0.1476482891273027,1229,11,1.804272708628173,0
620,5,1,6,0.0999004213976378,1201,11,0.9431945538974952,0
693,5,1,6,0.0163416528707242,1309,11,0.9431945538974952,0
493,5,1,6,0.0035532920166361,1222,11,1.804272708628173,0
738,2,1,6,0.0632381266787172,1226,11,1.804272708628173,0
733,2,1,0,0.3377883661242903,1288,11,1.804272708628173,0
548,2,1,0,0.3903666167530992,1213,11,0.9431945538974952,0
576,6,1,0,0.0402155867355567,1127,11,0.9431945538974952,0
652,6,1,6,0.3298303881693462,1252,11,0.9431945538974952,0
487,5,1,0,0.056131542645445,1187,11,0.9431945538974952,0
426,2,1,0,0.0879634544652216,1122,11,0.9431945538974952,0
534,5,1,6,0.2073331237893838,1256,11,0.9431945538974952,0
707,6,1,6,0.0203206418481963,1197,11,1.804272708628173,0
730,6,1,6,0.1595852560597189,1192,11,1.804272708628173,0
507,2,1,0,0.541568197897038,995,11,1.804272708628173,0
519,2,1,6,0.5216732530096777,1065,11,0.9431945538974952,0
565,5,1,0,0.0640895206003891,1175,11,0.9431945538974952,0
459,6,1,6,0.2152911017443279,1045,11,1.804272708628173,0
587,6,1,6,0.1436693001498306,1187,11,1.804272708628173,0
471,5,1,6,0.2471230135641045,1214,11,1.804272708628173,0
673,5,1,0,0.1826077960028794,1271,11,1.804272708628173,0
853,2,1,0,0.1556062670822468,1345,11,0.9431945538974952,0
517,6,1,0,0.4420934734602362,998,11,0.9431945538974952,0
391,2,1,6,0.3147658261811298,1186,11,0.9431945538974952,0
511,5,1,6,0.0513011597463009,1296,11,0.9431945538974952,0
714,2,1,0,0.5256522419871498,1107,11,1.804272708628173,0
398,2,1,0,0.2869129033388253,1195,11,1.804272708628173,0
527,5,1,6,0.378429649820683,1083,11,1.804272708628173,0
538,5,1,0,0.3863876277756271,1156,11,1.804272708628173,0
723,5,1,0,0.1388389172506866,1299,11,1.804272708628173,0
455,2,1,6,0.1794802009470793,1196,11,0.9431945538974952,0
631,6,1,6,0.0083836749157801,1228,11,0.9431945538974952,0
654,5,1,0,0.0393641928138847,1216,11,0.9431945538974952,0
554,5,1,0,0.1197953662849981,1239,11,1.804272708628173,0
586,2,1,6,0.3178934212369299,1246,11,0.9431945538974952,0
486,6,1,6,0.0194692479265244,1126,11,0.9431945538974952,0
373,6,1,0,0.6330849443788957,1110,11,1.804272708628173,0
585,5,1,0,0.3863876277756271,1103,11,1.804272708628173,0
657,2,1,0,0.0083836749157801,1207,11,0.9431945538974952,0
507,6,1,0,0.1794802009470793,1167,11,1.804272708628173,0
660,6,1,6,0.3346607710684902,1149,11,0.9431945538974952,0
699,2,1,0,0.0879634544652216,1170,11,1.804272708628173,0
560,6,1,6,0.1993751458344396,1097,11,1.804272708628173,0
586,6,1,6,0.2900404983946254,1257,11,1.804272708628173,0
596,2,1,0,0.0234482369039964,1315,11,1.804272708628173,0
824,6,1,0,0.2184186968001281,1246,11,1.804272708628173,0
624,6,1,0,0.0910910495210217,1161,11,0.9431945538974952,0
325,2,1,0,0.1317323332174144,1063,11,1.804272708628173,0
733,2,1,6,0.0362365977580846,1165,11,1.804272708628173,0
694,5,1,6,0.2064817298677118,1172,11,0.9431945538974952,0
749,5,1,0,0.2940194873720975,1286,11,1.804272708628173,0
685,2,1,0,0.1348599282732145,1235,11,0.9431945538974952,0
500,2,1,0,0.1993751458344396,1106,11,0.9431945538974952,0
486,2,1,6,0.2550809915190487,1069,11,1.804272708628173,0
505,5,1,6,0.1666918400929911,1242,11,0.9431945538974952,0
837,2,1,6,0.4770529803358129,1309,11,0.9431945538974952,0
686,2,1,6,0.163564245037191,1155,11,1.804272708628173,0
462,2,1,0,0.0473221707688289,1111,11,0.9431945538974952,0
582,5,1,6,0.0473221707688289,1180,11,1.804272708628173,0
606,5,1,6,0.1038794103751098,1232,11,0.9431945538974952,0
586,5,1,0,0.1715222229921351,1171,11,0.9431945538974952,0
517,5,1,6,0.4062825726629875,1163,11,0.9431945538974952,0
605,6,1,6,0.2192700907218,1169,11,0.9431945538974952,0
474,5,1,0,0.4023035836855154,1086,11,0.9431945538974952,0
387,6,1,0,0.2829339143613532,1200,11,1.804272708628173,0
474,5,1,0,0.004404685938308,1198,11,1.804272708628173,0
640,5,1,6,0.0791540825886055,1273,11,0.9431945538974952,0
428,2,1,0,0.3545557159558505,1022,11,0.9431945538974952,0
487,2,1,0,0.3505767269783785,1127,11,1.804272708628173,0
639,2,1,6,0.0362365977580846,1229,11,0.9431945538974952,0
719,5,1,6,0.1874381789020234,1237,11,0.9431945538974952,0
652,5,1,6,0.1317323332174144,1118,11,0.9431945538974952,0
692,6,1,6,0.1706708290704632,1311,11,0.9431945538974952,0
510,5,1,6,0.1348599282732145,1215,11,0.9431945538974952,0
664,2,1,0,0.2550809915190487,1211,11,0.9431945538974952,0
659,2,1,6,0.1149649833858541,1180,11,0.9431945538974952,0
520,5,1,6,0.1158163773075261,1212,11,0.9431945538974952,0
651,6,1,0,0.1428179062281586,1175,11,0.9431945538974952,0
576,6,1,0,0.0203206418481963,1212,11,0.9431945538974952,0
563,2,1,6,0.274975936406409,1105,11,0.9431945538974952,0
611,6,1,6,0.1914171678794955,1125,11,0.9431945538974952,0
641,2,1,6,0.0879634544652216,1215,11,1.804272708628173,0
629,6,1,6,0.0521525536679729,1197,11,1.804272708628173,0
501,2,1,6,0.0314062148589406,1256,11,0.9431945538974952,0
415,5,1,0,0.382408638798155,992,11,1.804272708628173,0
762,5,1,6,0.2192700907218,1254,11,0.9431945538974952,0
723,6,1,0,0.5805066937500868,1328,11,1.804272708628173,0
622,2,1,6,0.1467968952056307,1252,11,0.9431945538974952,0
442,2,1,6,0.4420934734602362,1138,11,1.804272708628173,0
442,6,1,0,0.3585347049333226,950,11,1.804272708628173,0
714,5,1,0,0.1507758841831028,1235,11,0.9431945538974952,0
610,5,1,0,0.0680685095778612,1248,11,1.804272708628173,0
818,6,1,0,0.1428179062281586,1160,11,0.9431945538974952,0
672,6,1,6,0.1078583993525819,1310,11,1.804272708628173,0
428,6,1,6,0.6370639333563678,1063,11,0.9431945538974952,0
388,5,1,6,0.5853370766492308,1032,11,0.9431945538974952,0
683,2,1,6,0.0194692479265244,1173,11,0.9431945538974952,0
518,5,1,6,0.3147658261811298,1142,11,0.9431945538974952,0
479,5,1,6,0.1436693001498306,1205,11,1.804272708628173,0
782,5,1,6,0.0871120605435496,1200,11,0.9431945538974952,0
509,6,1,0,0.0154902589490523,1220,11,0.9431945538974952,0
781,5,1,6,0.2033541348119117,1139,11,0.9431945538974952,0
635,2,1,0,0.2064817298677118,1246,11,0.9431945538974952,0
570,2,1,6,0.2829339143613532,1125,11,1.804272708628173,0
577,6,1,0,0.158733862138047,1081,11,0.9431945538974952,0
608,5,1,6,0.382408638798155,1184,11,1.804272708628173,0
390,2,1,6,0.2590599804965208,1215,11,0.9431945538974952,0
648,6,1,0,0.2582085865748488,1265,11,1.804272708628173,0
679,5,1,6,0.1038794103751098,1228,11,1.804272708628173,0
698,5,1,0,0.0362365977580846,1265,11,1.804272708628173,0
508,2,1,6,0.373599266921539,1257,11,1.804272708628173,0
530,5,1,0,0.1666918400929911,1296,11,0.9431945538974952,0
548,6,1,6,0.1826077960028794,1155,11,0.9431945538974952,0
534,2,1,6,0.2272280686767442,1200,11,0.9431945538974952,0
406,5,1,0,0.2471230135641045,1114,11,0.9431945538974952,0
317,6,1,0,0.2908918923162973,1138,11,1.804272708628173,0
589,6,1,6,0.266166564529793,1318,11,1.804272708628173,0
535,5,1,6,0.1826077960028794,1093,11,1.804272708628173,0
509,5,1,6,0.214439707822656,1147,11,1.804272708628173,0
282,6,0,1,0.859887316094804,546,1,1.804272708628173,0
231,6,0,6,0.7842865255228345,622,7,1.804272708628173,0
307,6,0,6,0.6967487680184489,547,7,0.9431945538974952,0
248,6,0,6,0.8240764152975553,588,7,0.8884502877862838,0
271,6,0,1,1.1423955334953213,511,1,0.9431945538974952,0
264,6,0,6,0.6251269664239516,594,1,1.804272708628173,0
260,6,0,6,0.7484756247255858,514,1,1.804272708628173,0
304,6,0,6,0.8200974263200832,586,7,0.8884502877862838,0
317,6,0,6,0.808160459387667,521,1,0.9431945538974952,0
276,6,0,6,0.8240764152975553,577,1,0.8884502877862838,0
370,6,0,6,0.3187448151586018,716,1,1.804272708628173,0
283,6,0,6,0.7086857349508652,627,7,1.804272708628173,0
331,6,0,1,0.649000900288784,570,1,1.804272708628173,0
282,6,0,1,0.541568197897038,575,7,0.9431945538974952,0
217,6,0,1,0.6291059554014237,596,7,1.804272708628173,0
293,6,0,6,0.5017783081223173,606,1,1.804272708628173,0
301,6,0,6,0.6370639333563678,569,1,0.9431945538974952,0
353,6,0,6,0.541568197897038,603,1,1.804272708628173,0
300,6,0,6,1.0349628311035752,554,1,1.804272708628173,0
262,6,0,1,0.7365386577931696,479,1,0.9431945538974952,0
369,6,0,6,0.7683705696129463,550,7,0.9431945538974952,0
264,6,0,6,0.7604125916580021,544,7,1.804272708628173,0
338,6,0,6,0.7962234924552508,595,1,0.9431945538974952,0
272,6,0,6,0.752454613703058,548,1,0.9431945538974952,0
374,6,0,6,0.5455471868745101,620,7,0.8884502877862838,0
214,6,0,1,0.8837612499596363,615,1,0.8884502877862838,0
287,6,0,1,0.541568197897038,616,7,1.804272708628173,0
230,6,0,1,0.859887316094804,575,1,0.9431945538974952,0
262,6,0,6,0.9872149633739103,501,7,1.804272708628173,0
254,6,0,1,0.7683705696129463,584,7,1.804272708628173,0
305,6,0,1,0.7047067459733931,602,7,0.9431945538974952,0
296,6,0,1,0.7803075365453624,595,7,0.9431945538974952,0
265,6,0,1,0.6609378672212003,562,7,0.8884502877862838,0
221,6,0,1,0.6131899994915354,527,1,0.8884502877862838,0
353,6,0,1,0.6728748341536165,563,1,0.9431945538974952,0
310,6,0,6,0.6131899994915354,579,7,1.804272708628173,0
194,6,0,1,0.6967487680184489,600,1,0.9431945538974952,0
294,6,0,6,0.5176942640322055,633,1,0.9431945538974952,0
293,6,0,1,0.8996772058695247,585,1,1.804272708628173,0
333,6,0,6,0.7325596688156976,607,1,0.9431945538974952,0
362,6,0,1,0.5017783081223173,661,1,0.8884502877862838,0
292,6,0,1,0.4460724624377082,634,7,1.804272708628173,0
316,6,0,6,0.5216732530096777,647,7,0.8884502877862838,0
231,6,0,6,0.7842865255228345,571,7,0.9431945538974952,0
378,6,0,1,0.3306817820910181,585,1,0.8884502877862838,0
339,6,0,6,1.023025864171159,536,7,1.804272708628173,0
245,6,0,1,0.8002024814327229,555,7,0.8884502877862838,0
317,6,0,1,0.6450219113113119,656,1,1.804272708628173,0
259,6,0,6,0.7683705696129463,588,7,0.9431945538974952,0
260,6,0,1,0.7763285475678904,592,1,0.9431945538974952,0
296,6,0,6,0.7643915806354742,578,7,0.8884502877862838,0
269,6,0,1,0.5694211207393426,604,7,0.9431945538974952,0
208,6,0,6,1.1742274453150978,515,7,1.804272708628173,0
326,6,0,1,0.7643915806354742,611,1,1.804272708628173,0
333,6,0,6,0.7126647239283372,588,1,1.804272708628173,0
432,6,0,6,0.434135495505292,646,1,1.804272708628173,0
360,6,0,1,0.7007277569959209,594,7,0.8884502877862838,0
356,6,0,1,0.3068078482261857,667,1,0.8884502877862838,0
371,6,0,6,0.8797822609821643,512,7,0.9431945538974952,0
296,6,0,1,0.975277996441494,472,7,0.9431945538974952,0
350,6,0,1,0.0282786198031404,681,1,0.9431945538974952,0
297,6,0,1,0.6927697790409768,601,7,0.9431945538974952,0
266,6,0,6,0.5176942640322055,689,7,0.9431945538974952,0
330,6,0,1,0.7444966357481138,584,1,0.8884502877862838,0
348,6,0,6,0.6410429223338399,634,1,1.804272708628173,0
336,6,0,6,0.7763285475678904,563,1,1.804272708628173,0
376,6,0,1,0.6808328121085606,586,1,1.804272708628173,0
202,6,0,6,0.4301565065278199,601,7,1.804272708628173,0
284,6,0,6,0.7683705696129463,650,1,1.804272708628173,0
407,6,0,1,0.485862352212429,650,7,0.9431945538974952,0
378,6,0,1,0.4420934734602362,602,7,0.8884502877862838,0
327,6,0,1,0.8240764152975553,567,7,0.8884502877862838,0
284,6,0,1,0.9315091176893012,547,7,0.9431945538974952,0
368,6,0,6,0.4142405506179316,631,7,1.804272708628173,0
287,6,0,1,0.8200974263200832,617,7,0.9431945538974952,0
328,6,0,1,0.6927697790409768,592,7,1.804272708628173,0
318,6,0,6,0.7484756247255858,586,7,0.8884502877862838,0
320,6,0,6,0.9275301287118292,600,7,0.9431945538974952,0
257,6,0,6,0.7325596688156976,541,1,0.9431945538974952,0
202,6,0,1,0.971299007464022,579,1,0.8884502877862838,0
300,6,0,6,0.6291059554014237,622,7,0.9431945538974952,0
379,6,0,1,0.3585347049333226,660,1,0.8884502877862838,0
278,6,0,1,0.8559083271173319,577,7,0.9431945538974952,0
197,6,0,1,0.8439713601849157,583,1,0.8884502877862838,0
300,6,0,1,0.6848118010860327,568,7,0.9431945538974952,0
224,6,0,6,0.9116141728019408,530,1,0.9431945538974952,0
253,6,0,6,0.8559083271173319,580,7,0.8884502877862838,0
305,6,0,1,0.7683705696129463,553,1,0.8884502877862838,0
226,6,0,1,0.6927697790409768,564,7,1.804272708628173,0
310,6,0,6,0.4898413411899011,658,7,1.804272708628173,0
262,6,0,1,0.5296312309646218,584,7,0.8884502877862838,0
271,6,0,6,0.8758032720046922,585,7,1.804272708628173,0
283,6,0,1,0.4301565065278199,681,1,0.8884502877862838,0
218,6,0,6,0.9872149633739103,553,1,0.8884502877862838,0
274,6,0,1,0.9036561948469968,610,1,0.8884502877862838,0
208,6,0,1,0.8519293381398598,483,7,0.8884502877862838,0
229,6,0,1,0.9474250735991896,572,1,1.804272708628173,0
280,6,0,1,0.6688958451761444,590,7,0.8884502877862838,0
212,6,0,1,0.8797822609821643,537,7,0.9431945538974952,0
269,6,0,6,0.541568197897038,659,7,0.8884502877862838,0
313,6,0,6,0.7882655145003066,589,7,0.9431945538974952,0
290,6,0,1,0.6211479774464795,673,1,1.804272708628173,0
293,6,0,6,0.8956982168920526,585,1,0.9431945538974952,0
289,6,0,6,0.6768538231310886,620,1,0.8884502877862838,0
277,6,0,6,0.7047067459733931,545,7,1.804272708628173,0
256,6,0,1,0.6171689884690075,567,1,0.8884502877862838,0
197,6,0,1,0.9076351838244688,531,7,1.804272708628173,0
265,6,0,6,0.9474250735991896,540,7,1.804272708628173,0
330,6,0,6,0.6291059554014237,624,1,1.804272708628173,0
409,6,0,6,0.3346607710684902,656,1,0.8884502877862838,0
203,6,0,6,1.2776811587293715,463,7,0.8884502877862838,0
282,6,0,6,0.8479503491623878,603,1,0.9431945538974952,0
289,6,0,1,0.5773790986942867,610,7,0.8884502877862838,0
299,6,0,6,0.8479503491623878,601,1,1.804272708628173,0
264,6,0,1,0.6211479774464795,574,1,1.804272708628173,0
284,6,0,1,1.1105636216755446,465,7,1.804272708628173,0
255,6,0,1,0.7604125916580021,596,7,0.9431945538974952,0
355,6,0,1,0.6052320215365912,551,7,0.9431945538974952,0
316,6,0,6,0.6649168561986724,614,7,0.8884502877862838,0
284,6,0,6,0.5336102199420939,669,1,0.9431945538974952,0
225,6,0,1,0.7484756247255858,613,7,0.8884502877862838,0
288,6,0,1,0.6808328121085606,584,7,1.804272708628173,0
267,6,0,1,0.4301565065278199,622,1,0.9431945538974952,0
283,6,0,6,0.9275301287118292,598,1,0.8884502877862838,0
359,6,0,6,0.593295054604175,684,1,0.9431945538974952,0
367,6,0,6,0.5097362860772614,647,1,0.8884502877862838,0
412,6,0,1,0.2351860466316883,683,1,0.8884502877862838,0
347,6,0,6,0.4062825726629875,637,1,0.8884502877862838,0
357,6,0,6,0.3505767269783785,614,7,1.804272708628173,0
373,6,0,1,0.6092110105140632,625,7,0.8884502877862838,0
295,6,0,6,0.7922445034777786,526,1,0.9431945538974952,0
283,6,0,6,0.7126647239283372,596,7,0.8884502877862838,0
269,6,0,6,0.7604125916580021,546,1,0.8884502877862838,0
387,6,0,1,0.4659674073250686,671,7,0.8884502877862838,0
386,6,0,1,0.4420934734602362,633,1,0.8884502877862838,0
300,6,0,6,0.485862352212429,645,7,0.9431945538974952,0
357,6,0,6,0.5455471868745101,584,1,0.8884502877862838,0
278,6,0,6,0.8002024814327229,587,1,1.804272708628173,0
243,6,0,6,0.9275301287118292,479,7,0.8884502877862838,0
317,6,0,6,0.8200974263200832,496,1,0.9431945538974952,0
343,6,0,6,0.4381144844827641,617,1,0.9431945538974952,0
258,6,0,6,0.7206227018832814,496,1,0.8884502877862838,0
303,6,0,1,0.6768538231310886,637,7,0.9431945538974952,0
291,6,0,1,0.7047067459733931,601,7,0.8884502877862838,0
293,6,0,6,0.6808328121085606,603,7,0.8884502877862838,0
277,6,0,1,0.6211479774464795,659,7,0.8884502877862838,0
301,6,0,1,0.7803075365453624,544,7,1.804272708628173,0
272,6,0,6,0.8240764152975553,556,1,0.8884502877862838,0
335,6,0,6,1.030983842126103,547,1,0.8884502877862838,0
225,6,0,6,1.1264795775854328,425,7,1.804272708628173,0
348,6,0,6,0.3346607710684902,656,7,0.9431945538974952,0
329,6,0,1,0.8280554042750273,566,1,0.9431945538974952,0
264,6,0,6,0.6927697790409768,582,1,1.804272708628173,0
345,6,0,1,0.593295054604175,546,1,0.9431945538974952,0
280,6,0,6,0.9275301287118292,506,1,0.8884502877862838,0
327,6,0,6,0.6171689884690075,625,1,1.804272708628173,0
364,6,0,1,0.7206227018832814,659,7,1.804272708628173,0
353,6,0,6,0.3028288592487136,656,1,1.804272708628173,0
253,6,0,1,0.9951729413288544,557,1,0.8884502877862838,0
358,6,0,6,0.4699463963025407,658,1,1.804272708628173,0
393,6,0,1,0.1436693001498306,710,7,0.8884502877862838,0
324,6,0,6,0.7086857349508652,573,7,1.804272708628173,0
328,6,0,1,0.6728748341536165,580,7,1.804272708628173,0
341,6,0,6,0.3068078482261857,668,7,0.9431945538974952,0
241,6,0,6,1.0986266547431285,540,1,0.9431945538974952,0
309,6,0,1,0.485862352212429,610,1,1.804272708628173,0
335,6,0,1,0.5893160656267029,569,1,0.9431945538974952,0
314,6,0,1,0.8837612499596363,573,7,1.804272708628173,0
265,6,0,1,1.0150678862162148,560,7,0.9431945538974952,0
255,6,0,6,0.7206227018832814,616,1,1.804272708628173,0
297,6,0,6,0.752454613703058,638,7,1.804272708628173,0
262,6,0,1,0.8002024814327229,538,1,1.804272708628173,0
381,6,0,1,0.4381144844827641,594,7,0.8884502877862838,0
267,6,0,1,0.8519293381398598,594,7,0.9431945538974952,0
276,6,0,1,1.027004853148631,520,7,0.8884502877862838,0
329,6,0,6,0.5694211207393426,604,1,0.8884502877862838,0
307,6,0,6,0.5614631427843984,583,1,1.804272708628173,0
266,6,0,6,0.752454613703058,516,7,0.9431945538974952,0
274,6,0,1,0.8837612499596363,571,1,1.804272708628173,0
172,6,0,6,1.0349628311035752,530,1,0.9431945538974952,0
360,6,0,6,0.6330849443788957,563,7,0.8884502877862838,0
296,6,0,1,0.8479503491623878,619,7,1.804272708628173,0
311,6,0,6,0.5614631427843984,601,7,0.8884502877862838,0
292,6,0,1,0.6808328121085606,616,7,1.804272708628173,0
286,6,0,1,0.4460724624377082,617,7,0.8884502877862838,0
271,6,0,6,0.6330849443788957,608,1,0.8884502877862838,0
295,6,0,1,1.0946476657656563,582,7,1.804272708628173,0
306,6,0,6,0.5893160656267029,587,1,1.804272708628173,0
375,6,0,6,0.270996947428937,664,1,1.804272708628173,0
300,6,0,6,0.5853370766492308,574,1,1.804272708628173,0
330,6,0,1,0.7325596688156976,554,7,0.9431945538974952,0
316,6,0,6,0.8161184373426111,575,7,0.9431945538974952,0
330,6,0,6,0.4898413411899011,614,1,1.804272708628173,0
344,6,0,1,0.7643915806354742,619,7,0.8884502877862838,0
216,6,0,1,0.6808328121085606,584,1,0.9431945538974952,0
196,6,0,6,0.8280554042750273,572,1,0.9431945538974952,0
246,6,0,1,0.7484756247255858,549,7,1.804272708628173,0
309,6,0,1,0.3625136939107947,596,7,0.9431945538974952,0
364,6,0,1,0.7166437129058093,648,1,1.804272708628173,0
256,6,0,1,0.8519293381398598,604,1,1.804272708628173,0
248,6,0,1,0.915593161779413,548,7,1.804272708628173,0
345,6,0,1,0.7047067459733931,636,1,0.9431945538974952,0
317,6,0,6,0.6131899994915354,634,1,0.9431945538974952,0
385,6,0,6,0.2869129033388253,658,1,0.8884502877862838,0
331,6,0,6,0.5057572970997893,599,7,1.804272708628173,0
235,6,0,6,0.8956982168920526,550,1,1.804272708628173,0
236,6,0,6,0.7405176467706417,556,1,0.9431945538974952,0
271,6,0,1,0.96732001848655,560,1,0.8884502877862838,0
299,6,0,1,0.859887316094804,509,7,0.9431945538974952,0
295,6,0,6,0.6291059554014237,609,1,1.804272708628173,0
303,6,0,1,0.7842865255228345,556,1,0.9431945538974952,0
391,6,0,1,0.8917192279145806,579,1,1.804272708628173,0
260,6,0,6,0.6927697790409768,622,7,0.8884502877862838,0
238,6,0,1,0.6092110105140632,559,1,0.9431945538974952,0
227,6,0,1,0.7126647239283372,601,1,0.8884502877862838,0
410,6,0,1,0.4142405506179316,682,7,0.8884502877862838,0
328,6,0,6,0.4381144844827641,645,1,0.8884502877862838,0
319,6,0,6,0.6370639333563678,608,1,0.8884502877862838,0
361,6,0,1,0.7166437129058093,607,7,0.8884502877862838,0
227,6,0,6,0.6768538231310886,560,1,1.804272708628173,0
248,6,0,6,0.6848118010860327,563,7,0.8884502877862838,0
268,6,0,1,0.5535051648294542,614,7,0.9431945538974952,0
360,6,0,6,0.3028288592487136,659,1,1.804272708628173,0
300,6,0,1,0.8718242830272201,523,7,1.804272708628173,0
313,6,0,6,0.9394670956442456,495,7,0.9431945538974952,0
239,6,0,1,0.6927697790409768,573,1,0.9431945538974952,0
346,6,0,6,0.7246016908607534,619,7,1.804272708628173,0
228,6,0,6,0.9354881066667734,557,1,0.9431945538974952,0
269,6,0,6,0.8956982168920526,527,1,0.9431945538974952,0
185,6,0,6,0.7922445034777786,547,7,0.8884502877862838,0
280,6,0,6,0.7763285475678904,610,7,0.9431945538974952,0
298,6,0,6,0.8041814704101949,503,1,0.9431945538974952,0
392,6,0,6,0.4779043742574848,604,1,0.8884502877862838,0
311,6,0,6,0.6131899994915354,647,7,0.9431945538974952,0
321,6,0,6,0.6967487680184489,641,7,0.8884502877862838,0
416,6,0,1,0.3585347049333226,688,1,0.8884502877862838,0
295,6,0,6,0.5336102199420939,652,1,0.8884502877862838,0
310,6,0,6,0.7723495585904183,589,7,0.9431945538974952,0
271,6,0,1,0.5773790986942867,628,1,0.8884502877862838,0
263,6,0,6,0.7882655145003066,559,1,0.9431945538974952,0
369,6,0,6,0.7325596688156976,587,1,0.8884502877862838,0
378,6,0,1,0.541568197897038,596,7,1.804272708628173,0
214,6,0,1,0.7922445034777786,539,7,0.8884502877862838,0
319,6,0,6,0.5654421317618704,645,7,0.8884502877862838,0
332,6,0,6,0.270996947428937,647,7,0.8884502877862838,0
328,6,0,6,0.4818833632349569,637,7,0.8884502877862838,0
332,6,0,1,0.6052320215365912,661,1,0.9431945538974952,0
254,6,0,1,0.808160459387667,595,7,1.804272708628173,0
327,6,0,6,0.537589208919566,609,7,1.804272708628173,0
323,6,0,1,0.2511020025415766,683,1,1.804272708628173,0
317,6,0,6,0.7325596688156976,559,7,1.804272708628173,0
332,6,0,1,0.3426187490234343,696,7,1.804272708628173,0
229,6,0,1,0.537589208919566,638,7,1.804272708628173,0
279,6,0,1,0.649000900288784,580,1,0.8884502877862838,0
290,6,0,6,0.7444966357481138,576,7,0.8884502877862838,0
266,6,0,1,0.6649168561986724,594,7,0.9431945538974952,0
259,6,0,6,0.8519293381398598,564,1,0.9431945538974952,0
353,6,0,6,0.3107868372036577,693,7,1.804272708628173,0
339,6,0,1,0.3426187490234343,651,1,0.9431945538974952,0
339,6,0,1,0.4938203301673731,557,1,1.804272708628173,0
277,6,0,1,0.8996772058695247,554,1,0.8884502877862838,0
359,6,0,1,0.7643915806354742,592,7,0.9431945538974952,0
236,6,0,1,0.652979889266256,555,7,0.9431945538974952,0
339,6,0,6,0.5773790986942867,577,1,0.9431945538974952,0
235,6,0,6,0.5853370766492308,616,7,0.8884502877862838,0
297,6,0,6,0.4619884183475966,632,1,1.804272708628173,0
299,6,0,1,0.7007277569959209,590,7,1.804272708628173,0
339,6,0,6,0.6131899994915354,524,7,0.8884502877862838,0
229,6,0,6,0.6967487680184489,646,7,0.8884502877862838,0
289,6,0,6,0.6609378672212003,565,1,0.9431945538974952,0
317,6,0,6,0.5495261758519822,611,7,0.9431945538974952,0
302,6,0,6,0.6171689884690075,606,1,0.9431945538974952,0
444,6,0,1,0.3107868372036577,679,1,0.8884502877862838,0
195,6,0,1,0.8002024814327229,571,1,0.9431945538974952,0
287,6,0,1,0.7047067459733931,573,1,0.9431945538974952,0
312,6,0,1,0.8439713601849157,565,7,0.9431945538974952,0
232,6,0,1,0.8121394483651391,574,7,0.8884502877862838,0
357,6,0,6,0.9116141728019408,566,7,1.804272708628173,0
340,6,0,1,0.597274043581647,609,1,1.804272708628173,0
429,6,0,6,0.6211479774464795,664,7,0.8884502877862838,0
338,6,0,6,0.6967487680184489,587,7,0.8884502877862838,0
386,6,0,1,0.6171689884690075,615,7,0.8884502877862838,0
409,6,0,1,0.7643915806354742,656,7,1.804272708628173,0
319,6,0,6,0.7763285475678904,579,1,0.8884502877862838,0
309,6,0,1,0.7842865255228345,616,1,0.9431945538974952,0
364,6,0,6,0.649000900288784,591,7,1.804272708628173,0
254,6,0,1,0.5773790986942867,561,1,1.804272708628173,0
330,6,0,1,0.541568197897038,644,1,0.9431945538974952,0
328,6,0,6,0.7007277569959209,568,1,1.804272708628173,0
214,6,0,1,0.9911939523513824,496,7,0.9431945538974952,0
282,6,0,1,0.5694211207393426,620,1,0.8884502877862838,0
295,6,0,1,0.7962234924552508,496,7,0.9431945538974952,0
321,6,0,6,0.7643915806354742,539,1,0.8884502877862838,0
306,6,0,1,0.8559083271173319,572,1,0.8884502877862838,0
287,6,0,6,0.8161184373426111,654,1,0.8884502877862838,0
362,6,0,6,0.3625136939107947,686,1,1.804272708628173,0
211,6,0,6,0.8280554042750273,603,7,0.9431945538974952,0
327,6,0,6,0.7564336026805301,568,7,0.8884502877862838,0
336,6,0,1,0.649000900288784,642,1,0.9431945538974952,0
278,6,0,6,0.6609378672212003,575,1,0.8884502877862838,0
383,6,0,6,0.4619884183475966,664,7,0.8884502877862838,0
315,6,0,1,0.4142405506179316,642,1,1.804272708628173,0
322,6,0,6,0.1914171678794955,678,1,0.8884502877862838,0
273,6,0,1,0.6092110105140632,627,7,0.8884502877862838,0
257,6,0,6,0.7643915806354742,589,1,0.8884502877862838,0
256,6,0,6,0.8479503491623878,569,7,0.8884502877862838,0
276,6,0,1,0.8121394483651391,569,1,1.804272708628173,0
275,6,0,1,0.8559083271173319,563,7,1.804272708628173,0
278,6,0,6,0.6410429223338399,650,1,0.9431945538974952,0
342,6,0,1,0.4261775175503479,633,1,0.9431945538974952,0
309,6,0,6,0.5654421317618704,654,1,1.804272708628173,0
402,6,0,6,0.5336102199420939,646,1,0.8884502877862838,0
320,6,0,1,0.8758032720046922,656,7,1.804272708628173,0
324,6,0,1,0.5176942640322055,560,1,0.9431945538974952,0
338,6,0,6,0.5535051648294542,616,1,0.9431945538974952,0
391,6,0,6,0.4580094293701244,683,7,1.804272708628173,0
301,6,0,6,0.7126647239283372,577,1,0.8884502877862838,0
431,6,0,6,0.1317323332174144,737,1,0.8884502877862838,0
308,6,0,6,0.7763285475678904,537,1,1.804272708628173,0
385,6,0,6,0.7325596688156976,549,7,1.804272708628173,0
267,6,0,6,0.9116141728019408,505,7,0.8884502877862838,0
273,6,0,1,0.7723495585904183,558,7,1.804272708628173,0
255,6,0,1,0.6171689884690075,583,1,0.8884502877862838,0
277,6,0,6,0.8002024814327229,556,1,0.8884502877862838,0
247,6,0,1,0.971299007464022,472,1,0.9431945538974952,0
231,6,0,6,0.7166437129058093,614,1,0.9431945538974952,0
334,6,0,6,0.378429649820683,631,1,1.804272708628173,0
272,6,0,6,0.6609378672212003,643,1,0.8884502877862838,0
317,6,0,6,0.5773790986942867,596,1,0.8884502877862838,0
273,6,0,1,0.752454613703058,592,7,0.9431945538974952,0
377,6,0,1,0.2272280686767442,718,7,0.9431945538974952,0
283,6,0,1,0.7723495585904183,572,1,0.8884502877862838,0
402,6,0,6,0.1755012119696072,723,7,1.804272708628173,0
216,6,0,1,0.9275301287118292,558,7,1.804272708628173,0
279,6,0,6,0.4261775175503479,623,1,0.9431945538974952,0
226,6,0,6,0.7166437129058093,542,1,1.804272708628173,0
285,6,0,6,0.8678452940497481,559,1,1.804272708628173,0
283,6,0,1,0.5773790986942867,643,7,1.804272708628173,0
245,6,0,1,0.3465977380009064,655,1,0.8884502877862838,0
308,6,0,1,0.9275301287118292,525,7,0.8884502877862838,0
305,6,0,1,0.5455471868745101,645,1,0.8884502877862838,0
226,6,0,1,0.7166437129058093,574,1,1.804272708628173,0
345,6,0,1,0.6609378672212003,541,7,0.8884502877862838,0
299,6,0,1,0.8320343932524994,588,7,1.804272708628173,0
321,6,0,6,0.7643915806354742,582,7,1.804272708628173,0
324,6,0,6,0.6450219113113119,614,7,0.8884502877862838,0
243,6,0,6,0.8002024814327229,549,1,1.804272708628173,0
244,6,0,1,0.593295054604175,616,1,0.9431945538974952,0
361,6,0,1,0.3664926828882667,668,1,1.804272708628173,0
262,6,0,6,0.8559083271173319,546,1,1.804272708628173,0
339,6,0,1,0.5017783081223173,699,1,1.804272708628173,0
241,6,0,1,0.5614631427843984,614,7,1.804272708628173,0
265,6,0,1,0.652979889266256,569,7,0.8884502877862838,0
268,0,0,11,0.3704716718657388,582,9,0.9431945538974952,1
244,2,0,8,0.4580094293701244,595,9,0.9431945538974952,1
212,2,0,8,0.4977993191448452,605,9,0.9431945538974952,1
257,0,0,11,0.3227238041360739,652,9,0.8884502877862838,1
254,0,0,11,0.4977993191448452,577,9,0.8884502877862838,1
217,0,0,8,0.5694211207393426,526,12,0.8884502877862838,1
246,2,0,8,0.382408638798155,614,9,0.8884502877862838,1
240,0,0,11,0.274975936406409,575,12,0.8884502877862838,1
295,2,0,8,0.3863876277756271,534,9,0.9431945538974952,1
274,0,0,11,0.4977993191448452,529,12,0.8884502877862838,1
289,0,0,8,0.5057572970997893,514,9,0.8884502877862838,1
226,2,0,8,0.5176942640322055,489,12,0.9431945538974952,1
208,2,0,8,0.5017783081223173,484,9,0.9431945538974952,1
293,2,0,8,0.5574841538069263,474,12,0.9431945538974952,1
209,2,0,11,0.5773790986942867,473,9,0.8884502877862838,1
242,0,0,8,0.5535051648294542,465,9,0.8884502877862838,1
137,2,0,8,0.752454613703058,348,9,0.9431945538974952,1
287,2,0,8,0.3346607710684902,586,9,0.8884502877862838,1
275,0,0,8,0.382408638798155,519,9,0.8884502877862838,1
280,0,0,8,0.382408638798155,607,9,0.9431945538974952,1
222,2,0,8,0.7405176467706417,470,9,0.8884502877862838,1
284,2,0,8,0.6609378672212003,529,12,0.8884502877862838,1
258,0,0,11,0.3426187490234343,549,12,0.8884502877862838,1
215,0,0,8,0.6609378672212003,498,12,0.9431945538974952,1
222,2,0,8,0.4301565065278199,457,12,0.8884502877862838,1
260,2,0,11,0.5176942640322055,562,12,0.8884502877862838,1
246,0,0,11,0.5336102199420939,486,12,0.8884502877862838,1
257,0,0,11,0.6649168561986724,587,12,0.9431945538974952,1
236,2,0,11,0.3625136939107947,589,9,0.9431945538974952,1
237,2,0,11,0.5893160656267029,512,12,0.8884502877862838,1
306,2,0,8,0.3028288592487136,609,12,0.9431945538974952,1
264,0,0,8,0.2590599804965208,618,12,0.9431945538974952,1
234,0,0,11,0.4062825726629875,553,9,0.9431945538974952,1
268,2,0,8,0.4659674073250686,545,9,0.8884502877862838,1
292,2,0,11,0.5336102199420939,592,12,0.9431945538974952,1
222,0,0,8,0.3505767269783785,651,9,0.8884502877862838,1
294,2,0,11,0.5336102199420939,503,9,0.9431945538974952,1
228,2,0,11,0.6927697790409768,518,9,0.9431945538974952,1
221,2,0,11,0.6251269664239516,594,12,0.9431945538974952,1
250,2,0,11,0.3306817820910181,504,12,0.8884502877862838,1
266,0,0,11,0.434135495505292,573,9,0.9431945538974952,1
217,2,0,11,0.4102615616404595,595,9,0.8884502877862838,1
257,2,0,8,0.4381144844827641,555,12,0.9431945538974952,1
296,0,0,8,0.2869129033388253,619,9,0.8884502877862838,1
257,2,0,8,0.6171689884690075,545,9,0.9431945538974952,1
298,0,0,8,0.3107868372036577,676,9,0.8884502877862838,1
276,0,0,11,0.4898413411899011,605,12,0.9431945538974952,1
267,0,0,11,0.5574841538069263,502,9,0.9431945538974952,1
270,0,0,8,0.274975936406409,602,9,0.8884502877862838,1
256,0,0,8,0.3943456057305713,562,12,0.8884502877862838,1
261,2,0,8,0.4221985285728758,550,12,0.8884502877862838,1
290,2,0,8,0.4938203301673731,558,12,0.8884502877862838,1
220,0,0,8,0.4659674073250686,533,12,0.8884502877862838,1
264,0,0,11,0.4818833632349569,556,12,0.8884502877862838,1
255,2,0,11,0.4062825726629875,561,12,0.8884502877862838,1
304,0,0,11,0.4062825726629875,614,12,0.8884502877862838,1
269,0,0,11,0.4261775175503479,541,12,0.9431945538974952,1
239,2,0,11,0.2033541348119117,575,9,0.8884502877862838,1
242,2,0,8,0.3704716718657388,527,9,0.8884502877862838,1
249,2,0,11,0.537589208919566,564,12,0.8884502877862838,1
253,0,0,11,0.2670179584514649,639,9,0.8884502877862838,1
292,2,0,11,0.5057572970997893,499,9,0.9431945538974952,1
242,2,0,8,0.485862352212429,558,9,0.8884502877862838,1
216,2,0,8,0.5813580876717588,549,9,0.8884502877862838,1
254,0,0,8,0.2312070576542162,648,12,0.8884502877862838,1
280,2,0,11,0.3426187490234343,641,9,0.8884502877862838,1
247,0,0,8,0.4977993191448452,563,12,0.8884502877862838,1
293,0,0,8,0.537589208919566,561,9,0.9431945538974952,1
248,0,0,11,0.4540304403926524,512,9,0.9431945538974952,1
187,2,0,11,0.5256522419871498,595,12,0.9431945538974952,1
291,0,0,11,0.4102615616404595,580,9,0.8884502877862838,1
252,0,0,11,0.3863876277756271,557,9,0.9431945538974952,1
191,0,0,8,0.7444966357481138,423,9,0.9431945538974952,1
231,0,0,8,0.4938203301673731,485,9,0.9431945538974952,1
294,2,0,8,0.2113121127668558,652,12,0.8884502877862838,1
302,2,0,8,0.4898413411899011,608,9,0.8884502877862838,1
216,0,0,11,0.5574841538069263,507,9,0.9431945538974952,1
276,0,0,11,0.2073331237893838,672,12,0.9431945538974952,1
373,2,0,11,0.3664926828882667,633,12,0.9431945538974952,1
280,0,0,8,0.5256522419871498,497,12,0.8884502877862838,1
213,2,0,8,0.8837612499596363,422,12,0.8884502877862838,1
243,0,0,11,0.5137152750547335,568,9,0.8884502877862838,1
311,0,0,8,0.4023035836855154,660,12,0.8884502877862838,1
232,2,0,11,0.5256522419871498,498,12,0.9431945538974952,1
280,2,0,11,0.3346607710684902,633,9,0.8884502877862838,1
250,2,0,8,0.3306817820910181,600,9,0.8884502877862838,1
299,2,0,8,0.4540304403926524,605,9,0.8884502877862838,1
244,0,0,8,0.5017783081223173,553,12,0.9431945538974952,1
262,0,0,8,0.6131899994915354,560,9,0.8884502877862838,1
251,2,0,8,0.6688958451761444,570,12,0.9431945538974952,1
285,0,0,11,0.4420934734602362,549,9,0.9431945538974952,1
276,2,0,8,0.5176942640322055,506,9,0.8884502877862838,1
249,0,0,11,0.4540304403926524,573,9,0.8884502877862838,1
242,2,0,11,0.2351860466316883,583,12,0.9431945538974952,1
262,2,0,8,0.5296312309646218,582,12,0.8884502877862838,1
264,0,0,11,0.4182195395954037,569,9,0.8884502877862838,1
234,2,0,11,0.4540304403926524,499,9,0.9431945538974952,1
245,2,0,11,0.4420934734602362,530,12,0.8884502877862838,1
228,2,0,8,0.5734001097168147,528,12,0.9431945538974952,1
216,0,0,8,0.4182195395954037,539,9,0.8884502877862838,1
253,0,0,8,0.5853370766492308,627,9,0.8884502877862838,1
268,0,0,8,0.4420934734602362,628,9,0.9431945538974952,1
277,0,0,11,0.4102615616404595,636,9,0.9431945538974952,1
243,0,0,8,0.5455471868745101,614,9,0.8884502877862838,1
275,0,0,11,0.3068078482261857,509,9,0.9431945538974952,1
298,2,0,11,0.5256522419871498,576,9,0.8884502877862838,1
322,0,0,8,0.4938203301673731,503,12,0.8884502877862838,1
224,2,0,8,0.4540304403926524,489,9,0.8884502877862838,1
284,2,0,11,0.3664926828882667,621,9,0.8884502877862838,1
233,0,0,11,0.382408638798155,585,9,0.9431945538974952,1
328,0,0,11,0.2550809915190487,681,9,0.8884502877862838,1
249,0,0,8,0.274975936406409,531,12,0.8884502877862838,1
229,2,0,11,0.5256522419871498,505,9,0.9431945538974952,1
267,0,0,11,0.4460724624377082,514,9,0.8884502877862838,1
251,2,0,8,0.3664926828882667,600,12,0.8884502877862838,1
214,0,0,11,0.4540304403926524,519,12,0.9431945538974952,1
236,0,0,11,0.5614631427843984,459,12,0.9431945538974952,1
222,0,0,8,0.6211479774464795,514,12,0.9431945538974952,1
288,2,0,8,0.3585347049333226,586,12,0.8884502877862838,1
229,2,0,8,0.4977993191448452,499,12,0.9431945538974952,1
218,2,0,11,0.4898413411899011,540,9,0.8884502877862838,1
271,0,0,8,0.6131899994915354,511,9,0.9431945538974952,1
218,0,0,8,0.4898413411899011,464,12,0.9431945538974952,1
246,0,0,11,0.4818833632349569,565,9,0.8884502877862838,1
265,0,0,11,0.3068078482261857,555,9,0.9431945538974952,1
203,0,0,11,0.5336102199420939,524,9,0.8884502877862838,1
224,0,0,8,0.8041814704101949,393,12,0.9431945538974952,1
196,0,0,8,0.537589208919566,521,12,0.8884502877862838,1
250,0,0,11,0.4301565065278199,586,12,0.9431945538974952,1
233,0,0,8,0.4301565065278199,509,9,0.8884502877862838,1
242,0,0,11,0.4898413411899011,543,9,0.8884502877862838,1
212,0,0,8,0.6728748341536165,439,12,0.8884502877862838,1
256,0,0,11,0.485862352212429,558,12,0.9431945538974952,1
200,0,0,8,0.7484756247255858,465,9,0.9431945538974952,1
258,0,0,11,0.3664926828882667,520,12,0.9431945538974952,1
234,0,0,8,0.6768538231310886,531,12,0.8884502877862838,1
246,0,0,11,0.4779043742574848,580,12,0.8884502877862838,1
248,2,0,8,0.5734001097168147,571,9,0.9431945538974952,1
268,0,0,11,0.4779043742574848,496,9,0.8884502877862838,1
268,0,0,11,0.2351860466316883,586,9,0.8884502877862838,1
251,2,0,11,0.6848118010860327,467,12,0.9431945538974952,1
253,2,0,8,0.3346607710684902,555,9,0.9431945538974952,1
190,2,0,11,0.4818833632349569,521,9,0.8884502877862838,1
199,0,0,8,0.6887907900635047,450,12,0.9431945538974952,1
301,2,0,8,0.2391650356091604,658,12,0.9431945538974952,1
272,0,0,8,0.6688958451761444,476,12,0.9431945538974952,1
257,2,0,11,0.5455471868745101,594,9,0.9431945538974952,1
271,0,0,11,0.4739253852800127,575,9,0.8884502877862838,1
265,2,0,11,0.4381144844827641,594,9,0.9431945538974952,1
211,0,0,8,0.6688958451761444,487,9,0.9431945538974952,1
274,2,0,11,0.5057572970997893,607,9,0.8884502877862838,1
226,2,0,8,0.4938203301673731,511,9,0.8884502877862838,1
263,2,0,8,0.5614631427843984,552,12,0.9431945538974952,1
294,0,0,8,0.3863876277756271,598,9,0.8884502877862838,1
260,2,0,11,0.5773790986942867,515,9,0.8884502877862838,1
298,2,0,11,0.4023035836855154,650,12,0.9431945538974952,1
272,2,0,11,0.4898413411899011,496,9,0.9431945538974952,1
180,2,0,8,0.7285806798382255,441,9,0.8884502877862838,1
286,2,0,11,0.2272280686767442,541,9,0.9431945538974952,1
270,2,0,11,0.2511020025415766,553,12,0.9431945538974952,1
243,0,0,11,0.5256522419871498,518,12,0.8884502877862838,1
240,2,0,11,0.4102615616404595,550,12,0.8884502877862838,1
266,2,0,11,0.2630389694739928,595,9,0.8884502877862838,1
256,0,0,11,0.4221985285728758,586,9,0.9431945538974952,1
283,0,0,11,0.1953961568569676,653,12,0.9431945538974952,1
284,2,0,11,0.3505767269783785,642,9,0.9431945538974952,1
199,2,0,8,0.5256522419871498,547,12,0.9431945538974952,1
300,2,0,11,0.2630389694739928,723,12,0.8884502877862838,1
243,0,0,8,0.4261775175503479,542,9,0.9431945538974952,1
182,0,0,8,0.4739253852800127,530,9,0.8884502877862838,1
231,0,0,8,0.4540304403926524,506,12,0.9431945538974952,1
203,0,0,8,0.3545557159558505,565,12,0.8884502877862838,1
201,0,0,11,0.4540304403926524,517,12,0.8884502877862838,1
268,2,0,11,0.4023035836855154,645,9,0.8884502877862838,1
295,0,0,11,0.2829339143613532,697,12,0.8884502877862838,1
284,0,0,8,0.597274043581647,542,12,0.8884502877862838,1
302,0,0,11,0.3386397600459622,577,12,0.8884502877862838,1
224,2,0,8,0.434135495505292,556,12,0.8884502877862838,1
250,0,0,8,0.4977993191448452,502,12,0.9431945538974952,1
289,0,0,11,0.2988498702712415,543,9,0.9431945538974952,1
276,0,0,8,0.4102615616404595,556,9,0.9431945538974952,1
267,2,0,11,0.5057572970997893,506,9,0.9431945538974952,1
243,2,0,11,0.7047067459733931,432,9,0.8884502877862838,1
290,2,0,11,0.1357113221948865,703,12,0.8884502877862838,1
208,2,0,11,0.5336102199420939,586,12,0.8884502877862838,1
212,2,0,8,0.7285806798382255,439,12,0.9431945538974952,1
260,2,0,8,0.4779043742574848,562,9,0.9431945538974952,1
288,2,0,8,0.382408638798155,569,12,0.9431945538974952,1
271,2,0,8,0.3664926828882667,582,9,0.9431945538974952,1
265,0,0,11,0.4898413411899011,539,9,0.9431945538974952,1
237,0,0,11,0.4500514514151803,623,12,0.9431945538974952,1
262,0,0,11,0.4102615616404595,469,9,0.9431945538974952,1
292,2,0,11,0.1078583993525819,736,12,0.9431945538974952,1
240,2,0,11,0.597274043581647,437,9,0.9431945538974952,1
247,0,0,8,0.5017783081223173,546,9,0.9431945538974952,1
301,0,0,11,0.3704716718657388,665,9,0.8884502877862838,1
331,2,0,11,0.2391650356091604,613,9,0.9431945538974952,1
255,0,0,8,0.4779043742574848,543,12,0.9431945538974952,1
248,2,0,8,0.5296312309646218,511,12,0.9431945538974952,1
241,0,0,11,0.4580094293701244,514,9,0.8884502877862838,1
283,2,0,11,0.3903666167530992,624,9,0.8884502877862838,1
275,2,0,11,0.3664926828882667,616,9,0.8884502877862838,1
281,0,0,8,0.5614631427843984,430,9,0.8884502877862838,1
226,2,0,11,0.593295054604175,445,9,0.9431945538974952,1
139,0,0,11,0.7166437129058093,447,9,0.9431945538974952,1
196,2,0,8,0.6967487680184489,391,12,0.9431945538974952,1
273,0,0,11,0.5256522419871498,444,12,0.9431945538974952,1
250,2,0,8,0.5455471868745101,472,12,0.8884502877862838,1
304,0,0,11,0.3306817820910181,564,9,0.8884502877862838,1
256,2,0,11,0.5176942640322055,560,12,0.8884502877862838,1
348,2,0,8,0.2351860466316883,645,12,0.8884502877862838,1
328,0,0,11,0.0760264875328053,822,12,0.9431945538974952,1
233,2,0,11,0.4221985285728758,578,12,0.8884502877862838,1
203,2,0,11,0.5853370766492308,599,12,0.9431945538974952,1
258,0,0,8,0.3107868372036577,586,12,0.8884502877862838,1
224,0,0,11,0.4023035836855154,480,9,0.8884502877862838,1
249,2,0,8,0.4420934734602362,620,12,0.9431945538974952,1
234,2,0,11,0.4381144844827641,592,12,0.9431945538974952,1
313,0,0,11,0.4182195395954037,514,9,0.8884502877862838,1
239,2,0,11,0.5057572970997893,500,9,0.8884502877862838,1
236,2,0,8,0.4301565065278199,556,9,0.8884502877862838,1
227,0,0,11,0.6649168561986724,486,12,0.8884502877862838,1
281,2,0,11,0.378429649820683,554,12,0.9431945538974952,1
225,0,0,8,0.6330849443788957,518,12,0.9431945538974952,1
229,2,0,11,0.2630389694739928,634,9,0.8884502877862838,1
218,0,0,11,0.5574841538069263,507,12,0.9431945538974952,1
193,2,0,11,0.4779043742574848,503,12,0.9431945538974952,1
239,2,0,11,0.4023035836855154,547,9,0.9431945538974952,1
289,2,0,11,0.4182195395954037,592,9,0.9431945538974952,1
242,2,0,8,0.4580094293701244,533,12,0.9431945538974952,1
224,2,0,11,0.6131899994915354,476,9,0.9431945538974952,1
322,2,0,8,0.1556062670822468,640,12,0.8884502877862838,1
263,0,0,11,0.4659674073250686,553,9,0.8884502877862838,1
264,0,0,8,0.4460724624377082,506,9,0.9431945538974952,1
299,0,0,8,0.3107868372036577,710,9,0.9431945538974952,1
263,2,0,11,0.4500514514151803,545,12,0.9431945538974952,1
288,0,0,11,0.2988498702712415,567,12,0.8884502877862838,1
288,0,0,8,0.3187448151586018,646,9,0.8884502877862838,1
197,2,0,11,0.6848118010860327,483,9,0.9431945538974952,1
291,2,0,8,0.4182195395954037,576,9,0.9431945538974952,1
243,2,0,11,0.5734001097168147,449,12,0.9431945538974952,1
281,0,0,8,0.5296312309646218,429,12,0.8884502877862838,1
275,2,0,11,0.5017783081223173,501,9,0.8884502877862838,1
259,0,0,11,0.3704716718657388,725,12,0.8884502877862838,1
248,2,0,11,0.5694211207393426,576,9,0.9431945538974952,1
290,2,0,8,0.3306817820910181,578,9,0.8884502877862838,1
302,2,0,8,0.2152911017443279,626,12,0.9431945538974952,1
256,0,0,11,0.4938203301673731,464,12,0.8884502877862838,1
258,0,0,11,0.378429649820683,575,12,0.8884502877862838,1
206,0,0,11,0.5654421317618704,510,12,0.8884502877862838,1
264,2,0,8,0.5256522419871498,512,9,0.8884502877862838,1
254,0,0,8,0.2113121127668558,558,9,0.8884502877862838,1
286,0,0,11,0.1993751458344396,695,9,0.9431945538974952,1
256,2,0,11,0.5853370766492308,580,12,0.9431945538974952,1
208,0,0,11,0.5455471868745101,521,12,0.9431945538974952,1
296,2,0,8,0.3187448151586018,568,12,0.9431945538974952,1
283,2,0,11,0.2391650356091604,625,12,0.9431945538974952,1
213,2,0,8,0.6808328121085606,517,12,0.9431945538974952,1
232,2,0,11,0.5296312309646218,542,9,0.8884502877862838,1
250,2,0,8,0.5137152750547335,476,12,0.8884502877862838,1
244,2,0,8,0.6569588782437281,475,9,0.9431945538974952,1
227,2,0,11,0.274975936406409,677,12,0.8884502877862838,1
283,2,0,11,0.4381144844827641,549,9,0.8884502877862838,1
260,0,0,8,0.5813580876717588,503,12,0.8884502877862838,1
316,2,0,11,0.3983245947080434,574,9,0.8884502877862838,1
240,2,0,8,0.5614631427843984,485,12,0.8884502877862838,1
275,2,0,11,0.3227238041360739,597,9,0.9431945538974952,1
270,2,0,8,0.4898413411899011,521,12,0.8884502877862838,1
260,2,0,11,0.4142405506179316,532,12,0.9431945538974952,1
266,2,0,11,0.4818833632349569,518,9,0.8884502877862838,1
293,2,0,8,0.3545557159558505,596,9,0.9431945538974952,1
295,2,0,8,0.2908918923162973,592,9,0.9431945538974952,1
280,2,0,11,0.3227238041360739,614,9,0.8884502877862838,1
224,2,0,11,0.4381144844827641,564,9,0.8884502877862838,1
225,0,0,11,0.5256522419871498,467,12,0.9431945538974952,1
294,0,0,11,0.4938203301673731,609,9,0.8884502877862838,1
225,0,0,8,0.8200974263200832,452,9,0.9431945538974952,1
211,2,0,11,0.7285806798382255,434,12,0.8884502877862838,1
219,2,0,11,0.6728748341536165,582,9,0.8884502877862838,1
237,2,0,8,0.3983245947080434,604,9,0.9431945538974952,1
271,2,0,8,0.5535051648294542,564,12,0.9431945538974952,1
317,0,0,11,0.5176942640322055,546,12,0.9431945538974952,1
227,2,0,11,0.5176942640322055,505,12,0.8884502877862838,1
204,0,0,11,0.4938203301673731,426,9,0.8884502877862838,1
247,0,0,11,0.3863876277756271,535,9,0.9431945538974952,1
312,2,0,11,0.3028288592487136,645,12,0.8884502877862838,1
289,2,0,11,0.4381144844827641,561,12,0.8884502877862838,1
181,0,0,8,0.8002024814327229,338,12,0.8884502877862838,1
307,0,0,11,0.4301565065278199,541,9,0.9431945538974952,1
273,2,0,8,0.4580094293701244,485,12,0.8884502877862838,1
303,2,0,8,0.5654421317618704,521,9,0.9431945538974952,1
267,0,0,11,0.2908918923162973,604,12,0.9431945538974952,1
288,2,0,11,0.2511020025415766,655,9,0.8884502877862838,1
266,2,0,8,0.3664926828882667,584,12,0.8884502877862838,1
209,2,0,11,0.541568197897038,459,9,0.8884502877862838,1
288,2,0,8,0.541568197897038,598,12,0.8884502877862838,1
233,0,0,8,0.7962234924552508,476,9,0.9431945538974952,1
230,0,0,11,0.3505767269783785,522,12,0.9431945538974952,1
226,0,0,8,0.4699463963025407,593,9,0.8884502877862838,1
267,2,0,11,0.485862352212429,566,9,0.8884502877862838,1
275,0,0,11,0.3505767269783785,577,12,0.9431945538974952,1
236,0,0,8,0.5654421317618704,514,9,0.8884502877862838,1
226,0,0,8,0.5137152750547335,580,12,0.8884502877862838,1
244,0,0,8,0.3306817820910181,523,12,0.9431945538974952,1
302,2,0,11,0.326702793113546,583,12,0.8884502877862838,1
234,0,0,11,0.4898413411899011,473,12,0.9431945538974952,1
262,2,0,8,0.6768538231310886,535,12,0.8884502877862838,1
275,0,0,11,0.537589208919566,658,9,0.9431945538974952,1
254,0,0,8,0.6728748341536165,513,12,0.9431945538974952,1
207,0,0,8,0.2033541348119117,660,12,0.9431945538974952,1
253,0,0,11,0.4221985285728758,546,12,0.8884502877862838,1
241,2,0,8,0.6052320215365912,495,9,0.8884502877862838,1
236,0,0,8,0.5893160656267029,519,9,0.8884502877862838,1
214,2,0,11,0.4381144844827641,517,9,0.9431945538974952,1
237,2,0,11,0.4580094293701244,474,9,0.8884502877862838,1
226,0,0,8,0.4221985285728758,604,9,0.9431945538974952,1
239,0,0,11,0.6211479774464795,451,12,0.8884502877862838,1
257,0,0,8,0.6131899994915354,508,9,0.8884502877862838,1
215,0,0,11,0.6410429223338399,531,12,0.9431945538974952,1
276,2,0,11,0.3983245947080434,628,9,0.9431945538974952,1
302,0,0,11,0.3863876277756271,660,12,0.9431945538974952,1
246,2,0,11,0.6012530325591191,455,12,0.9431945538974952,1
286,0,0,8,0.3386397600459622,632,9,0.8884502877862838,1
267,2,0,8,0.485862352212429,503,9,0.8884502877862838,1
278,0,0,11,0.537589208919566,565,9,0.9431945538974952,1
323,0,0,8,0.4142405506179316,576,12,0.9431945538974952,1
296,2,0,8,0.6012530325591191,539,12,0.9431945538974952,1
291,2,0,8,0.2073331237893838,648,12,0.8884502877862838,1
250,2,0,11,0.4500514514151803,485,12,0.9431945538974952,1
271,2,0,8,0.5495261758519822,524,9,0.9431945538974952,1
193,0,0,8,0.5176942640322055,471,12,0.8884502877862838,1
316,0,0,11,0.4420934734602362,514,9,0.8884502877862838,1
250,2,0,11,0.4460724624377082,480,9,0.8884502877862838,1
263,2,0,8,0.4420934734602362,614,9,0.9431945538974952,1
267,2,0,8,0.2869129033388253,632,12,0.8884502877862838,1
237,0,0,11,0.5495261758519822,489,9,0.8884502877862838,1
243,2,0,8,0.5654421317618704,615,12,0.9431945538974952,1
274,0,0,11,0.5614631427843984,510,12,0.9431945538974952,1
261,0,0,8,0.537589208919566,521,9,0.8884502877862838,1
237,2,0,11,0.6410429223338399,556,9,0.8884502877862838,1
233,0,0,11,0.2192700907218,579,9,0.9431945538974952,1
233,2,0,11,0.4500514514151803,562,9,0.8884502877862838,1
231,2,0,8,0.4102615616404595,584,12,0.9431945538974952,1
248,0,0,8,0.4460724624377082,550,9,0.8884502877862838,1
228,2,0,11,0.4142405506179316,605,9,0.8884502877862838,1
236,0,0,11,0.3664926828882667,546,9,0.8884502877862838,1
289,2,0,11,0.5535051648294542,468,9,0.9431945538974952,1
248,0,0,8,0.3863876277756271,455,9,0.8884502877862838,1
257,0,0,11,0.4699463963025407,641,9,0.8884502877862838,1
287,2,0,8,0.4460724624377082,565,12,0.9431945538974952,1
258,2,0,8,0.3028288592487136,561,9,0.9431945538974952,1
201,0,0,8,0.4500514514151803,552,9,0.9431945538974952,1
300,0,0,11,0.3664926828882667,566,12,0.9431945538974952,1
398,6,1,6,0.1786288070254073,776,7,0.9431945538974952,0
349,2,1,6,0.0919424434426936,648,11,0.9431945538974952,0
346,6,1,6,0.0322576087806125,662,11,1.804272708628173,0
336,2,1,6,0.167543234014663,606,7,1.804272708628173,0
319,2,1,6,0.2829339143613532,595,11,1.804272708628173,0
343,2,1,6,0.0672171156561892,761,11,1.804272708628173,0
351,2,1,6,0.0879634544652216,701,7,1.804272708628173,0
400,6,1,6,0.1030280164534379,664,11,1.804272708628173,0
390,6,1,6,0.0035532920166361,682,7,0.9431945538974952,0
285,2,1,6,0.2670179584514649,632,11,0.9431945538974952,0
359,6,1,6,0.10700700543091,783,11,0.9431945538974952,0
359,2,1,6,0.2033541348119117,778,7,0.9431945538974952,0
359,2,1,6,0.3625136939107947,650,7,1.804272708628173,0
363,6,1,6,0.1277533442399423,660,11,0.9431945538974952,0
371,2,1,6,0.1953961568569676,625,11,0.9431945538974952,0
347,6,1,6,0.0242996308256684,750,11,0.9431945538974952,0
398,6,1,6,0.0203206418481963,720,7,1.804272708628173,0
365,2,1,6,0.1436693001498306,610,11,1.804272708628173,0
368,6,1,6,0.0234482369039964,704,7,0.9431945538974952,0
348,6,1,6,0.0194692479265244,653,7,1.804272708628173,0
310,2,1,6,0.1993751458344396,699,11,0.9431945538974952,0
324,6,1,6,0.163564245037191,720,11,1.804272708628173,0
325,6,1,6,0.056131542645445,703,7,0.9431945538974952,0
357,2,1,6,0.0163416528707242,689,7,0.9431945538974952,0
388,2,1,6,0.0115112699715802,732,7,0.9431945538974952,0
374,6,1,6,0.1269019503182704,821,7,0.9431945538974952,0
361,6,1,6,0.0163416528707242,731,7,0.9431945538974952,0
345,6,1,6,0.2789549253838811,620,11,0.9431945538974952,0
341,6,1,6,0.2511020025415766,691,7,1.804272708628173,0
363,2,1,6,0.1476482891273027,556,11,1.804272708628173,0
331,6,1,6,0.1865867849803515,861,7,1.804272708628173,0
293,2,1,6,0.2789549253838811,534,11,0.9431945538974952,0
365,6,1,6,0.1396903111723585,683,11,1.804272708628173,0
382,2,1,6,0.1308809392957424,869,7,0.9431945538974952,0
456,6,1,6,0.0791540825886055,829,11,1.804272708628173,0
352,2,1,6,0.0004256969608359,736,7,0.9431945538974952,0
353,2,1,6,0.0242996308256684,693,11,1.804272708628173,0
359,2,1,6,0.0203206418481963,654,11,1.804272708628173,0
312,2,1,6,0.2113121127668558,720,11,0.9431945538974952,0
368,6,1,6,0.10700700543091,797,11,1.804272708628173,0
380,2,1,6,0.1158163773075261,577,11,1.804272708628173,0
311,6,1,6,0.1158163773075261,574,7,0.9431945538974952,0
315,2,1,6,0.2511020025415766,706,11,0.9431945538974952,0
364,6,1,6,0.0791540825886055,784,11,1.804272708628173,0
347,6,1,6,0.163564245037191,742,11,0.9431945538974952,0
375,2,1,6,0.1874381789020234,747,7,0.9431945538974952,0
386,2,1,6,0.0242996308256684,627,11,0.9431945538974952,0
302,6,1,6,0.0441945757130287,747,11,1.804272708628173,0
359,6,1,6,0.0672171156561892,636,11,1.804272708628173,0
351,2,1,6,0.1993751458344396,665,11,0.9431945538974952,0
340,6,1,6,0.0274272258814685,761,11,1.804272708628173,0
352,6,1,6,0.0959214324201657,592,7,1.804272708628173,0
325,6,1,6,0.167543234014663,690,11,0.9431945538974952,0
348,6,1,6,0.0959214324201657,814,11,1.804272708628173,0
321,6,1,6,0.0402155867355567,777,11,0.9431945538974952,0
324,2,1,6,0.0680685095778612,610,7,1.804272708628173,0
361,2,1,6,0.1078583993525819,759,7,0.9431945538974952,0
358,2,1,6,0.3346607710684902,635,11,0.9431945538974952,0
319,6,1,6,0.0879634544652216,694,7,0.9431945538974952,0
367,6,1,6,0.0720474985553333,675,11,1.804272708628173,0
415,2,1,6,0.1078583993525819,707,7,0.9431945538974952,0
370,6,1,6,0.0362365977580846,722,7,1.804272708628173,0
365,2,1,6,0.1556062670822468,699,11,1.804272708628173,0
387,2,1,6,0.0402155867355567,730,11,1.804272708628173,0
291,6,1,6,0.0640895206003891,607,11,0.9431945538974952,0
359,6,1,6,0.0123626638932521,747,11,1.804272708628173,0
391,2,1,6,0.0163416528707242,696,11,1.804272708628173,0
379,6,1,6,0.0711961046336613,751,7,1.804272708628173,0
418,2,1,6,0.004404685938308,761,7,1.804272708628173,0
303,2,1,6,0.1277533442399423,553,11,0.9431945538974952,0
327,2,1,6,0.2391650356091604,625,7,0.9431945538974952,0
359,2,1,6,0.0203206418481963,688,7,0.9431945538974952,0
347,6,1,6,0.0083836749157801,655,7,0.9431945538974952,0
337,6,1,6,0.0115112699715802,715,7,0.9431945538974952,0
374,2,1,6,0.0950700384984938,789,11,0.9431945538974952,0
287,6,1,6,0.2829339143613532,575,7,0.9431945538974952,0
434,6,1,6,0.1706708290704632,923,11,0.9431945538974952,0
349,6,1,6,0.0083836749157801,665,7,0.9431945538974952,0
346,6,1,6,0.1436693001498306,589,7,1.804272708628173,0
377,2,1,6,0.0950700384984938,822,7,0.9431945538974952,0
398,6,1,6,0.1945447629352956,826,7,0.9431945538974952,0
387,2,1,6,0.1834591899245513,739,11,0.9431945538974952,0
359,6,1,6,0.1826077960028794,917,11,0.9431945538974952,0
421,2,1,6,0.0871120605435496,814,7,1.804272708628173,0
343,6,1,6,0.0760264875328053,668,7,0.9431945538974952,0
369,2,1,6,0.111837388330054,709,7,0.9431945538974952,0
335,2,1,6,0.0282786198031404,765,7,0.9431945538974952,0
351,2,1,6,0.0720474985553333,658,7,0.9431945538974952,0
355,6,1,6,0.004404685938308,624,11,1.804272708628173,0
340,2,1,6,0.163564245037191,571,7,1.804272708628173,0
383,2,1,6,0.0004256969608359,670,7,1.804272708628173,0
369,2,1,6,0.2033541348119117,586,7,0.9431945538974952,0
359,6,1,6,0.1396903111723585,615,7,1.804272708628173,0
339,6,1,6,0.0640895206003891,713,7,0.9431945538974952,0
355,2,1,6,0.0999004213976378,734,7,0.9431945538974952,0
355,6,1,6,0.0999004213976378,677,11,1.804272708628173,0
394,6,1,6,0.0353852038364127,745,7,1.804272708628173,0
385,6,1,6,0.1436693001498306,669,7,1.804272708628173,0
329,6,1,6,0.2073331237893838,631,11,1.804272708628173,0
380,6,1,6,0.0720474985553333,706,11,0.9431945538974952,0
353,2,1,6,0.0274272258814685,752,11,1.804272708628173,0
300,2,1,6,0.2272280686767442,595,11,0.9431945538974952,0
313,6,1,6,0.3147658261811298,599,11,1.804272708628173,0
341,2,1,6,0.0402155867355567,517,7,1.804272708628173,0
378,2,1,6,0.0433431817913568,743,11,1.804272708628173,0
357,6,1,6,0.1388389172506866,713,7,0.9431945538974952,0
384,2,1,6,0.1507758841831028,781,7,1.804272708628173,0
377,6,1,6,0.0123626638932521,782,7,0.9431945538974952,0
345,6,1,6,0.060110531622917,705,11,1.804272708628173,0
360,2,1,6,0.0760264875328053,641,11,0.9431945538974952,0
388,6,1,6,0.1706708290704632,707,11,1.804272708628173,0
349,2,1,6,0.0521525536679729,672,11,0.9431945538974952,0
345,2,1,6,0.0123626638932521,640,7,1.804272708628173,0
330,6,1,6,0.1755012119696072,535,7,0.9431945538974952,0
332,6,1,6,0.270996947428937,670,11,0.9431945538974952,0
326,2,1,6,0.2869129033388253,553,7,0.9431945538974952,0
376,6,1,6,0.060110531622917,638,11,0.9431945538974952,0
351,6,1,6,0.056131542645445,775,7,0.9431945538974952,0
301,2,1,6,0.1030280164534379,711,7,1.804272708628173,0
369,6,1,6,0.0919424434426936,722,11,0.9431945538974952,0
335,2,1,6,0.0473221707688289,603,7,0.9431945538974952,0
420,2,1,6,0.0831330715660775,809,7,1.804272708628173,0
310,2,1,6,0.1834591899245513,662,7,0.9431945538974952,0
347,2,1,6,0.0282786198031404,810,11,1.804272708628173,0
357,2,1,6,0.0441945757130287,646,11,1.804272708628173,0
369,6,1,6,0.1357113221948865,728,7,0.9431945538974952,0
350,6,1,6,0.382408638798155,554,11,0.9431945538974952,0
399,2,1,6,0.0791540825886055,832,7,1.804272708628173,0
409,6,1,6,0.0999004213976378,725,11,0.9431945538974952,0
353,6,1,6,0.0274272258814685,713,11,0.9431945538974952,0
327,6,1,6,0.0640895206003891,662,7,1.804272708628173,0
359,2,1,6,0.0640895206003891,633,11,1.804272708628173,0
308,6,1,6,0.2630389694739928,613,11,0.9431945538974952,0
296,6,1,6,0.0959214324201657,699,11,0.9431945538974952,0
342,6,1,6,0.1914171678794955,692,7,0.9431945538974952,0
340,6,1,6,0.2590599804965208,561,11,1.804272708628173,0
351,6,1,6,0.0800054765102774,659,11,1.804272708628173,0
377,2,1,6,0.0075322809941081,732,11,1.804272708628173,0
274,2,1,6,0.3107868372036577,581,7,0.9431945538974952,0
418,6,1,6,0.0163416528707242,744,7,1.804272708628173,0
372,2,1,6,0.0672171156561892,702,11,0.9431945538974952,0
295,6,1,6,0.0999004213976378,658,11,1.804272708628173,0
300,6,1,6,0.1317323332174144,679,11,0.9431945538974952,0
361,2,1,6,0.0473221707688289,666,7,1.804272708628173,0
389,6,1,6,0.0314062148589406,578,11,1.804272708628173,0
397,2,1,6,0.0831330715660775,749,11,1.804272708628173,0
334,2,1,6,0.056131542645445,665,11,0.9431945538974952,0
394,6,1,6,0.2462716196424326,810,11,1.804272708628173,0
316,2,1,6,0.4420934734602362,452,11,0.9431945538974952,0
406,6,1,6,0.2630389694739928,619,7,0.9431945538974952,0
326,6,1,6,0.0680685095778612,706,11,0.9431945538974952,0
321,2,1,6,0.0640895206003891,765,7,0.9431945538974952,0
352,2,1,6,0.0950700384984938,784,11,1.804272708628173,0
399,6,1,6,0.0154902589490523,699,11,1.804272708628173,0
403,6,1,6,0.1109859944083821,788,7,0.9431945538974952,0
328,6,1,6,0.1308809392957424,735,7,1.804272708628173,0
411,6,1,6,0.158733862138047,834,7,1.804272708628173,0
362,2,1,6,0.0035532920166361,795,7,1.804272708628173,0
385,6,1,6,0.0004256969608359,629,11,0.9431945538974952,0
384,6,1,6,0.0831330715660775,767,11,1.804272708628173,0
340,6,1,6,0.2351860466316883,653,11,1.804272708628173,0
366,2,1,6,0.1189439723633262,716,7,0.9431945538974952,0
376,6,1,6,0.2670179584514649,606,11,1.804272708628173,0
375,2,1,6,0.0203206418481963,741,7,0.9431945538974952,0
389,6,1,6,0.0513011597463009,721,11,1.804272708628173,0
341,6,1,6,0.2471230135641045,594,7,0.9431945538974952,0
352,2,1,6,0.0513011597463009,685,11,0.9431945538974952,0
287,6,1,6,0.382408638798155,555,11,1.804272708628173,0
321,2,1,6,0.2312070576542162,673,7,0.9431945538974952,0
351,2,1,6,0.1317323332174144,670,7,1.804272708628173,0
344,2,1,6,0.0839844654877495,745,7,1.804272708628173,0
351,2,1,6,0.0123626638932521,749,7,1.804272708628173,0
368,6,1,6,0.0592591377012451,699,11,1.804272708628173,0
329,6,1,6,0.0322576087806125,675,7,0.9431945538974952,0
362,6,1,6,0.0879634544652216,570,11,1.804272708628173,0
358,2,1,6,0.1786288070254073,809,11,1.804272708628173,0
344,6,1,6,0.0481735646905008,658,11,1.804272708628173,0
338,2,1,6,0.1755012119696072,583,11,1.804272708628173,0
313,2,1,6,0.0800054765102774,627,7,0.9431945538974952,0
299,2,1,6,0.111837388330054,674,11,1.804272708628173,0
380,2,1,6,0.0194692479265244,732,11,1.804272708628173,0
369,6,1,6,0.1556062670822468,705,11,1.804272708628173,0
356,6,1,6,0.0322576087806125,707,7,0.9431945538974952,0
324,6,1,6,0.1516272781047747,645,7,1.804272708628173,0
343,6,1,6,0.1237743552624702,760,7,1.804272708628173,0
357,2,1,6,0.0194692479265244,694,7,0.9431945538974952,0
374,2,1,6,0.1357113221948865,700,11,0.9431945538974952,0
364,6,1,6,0.0919424434426936,592,7,1.804272708628173,0
376,2,1,6,0.1189439723633262,908,7,1.804272708628173,0
347,6,1,6,0.163564245037191,657,7,0.9431945538974952,0
364,6,1,6,0.1357113221948865,660,7,1.804272708628173,0
371,2,1,6,0.1229229613407983,754,11,1.804272708628173,0
379,6,1,6,0.0720474985553333,615,11,0.9431945538974952,0
329,6,1,6,0.1794802009470793,591,11,0.9431945538974952,0
326,6,1,6,0.3028288592487136,651,11,1.804272708628173,0
416,2,1,6,0.0592591377012451,895,11,1.804272708628173,0
376,2,1,6,0.1666918400929911,932,7,0.9431945538974952,0
387,6,1,6,0.0115112699715802,754,11,0.9431945538974952,0
391,2,1,6,0.2383136416874884,879,7,0.9431945538974952,0
297,2,1,6,0.1874381789020234,555,7,1.804272708628173,0
391,6,1,6,0.055280148723773,747,7,1.804272708628173,0
313,6,1,6,0.1556062670822468,701,7,0.9431945538974952,0
380,2,1,6,0.1189439723633262,845,11,0.9431945538974952,0
421,2,1,6,0.0950700384984938,766,7,0.9431945538974952,0
339,2,1,6,0.1993751458344396,589,11,0.9431945538974952,0
330,6,1,6,0.1197953662849981,639,11,1.804272708628173,0
331,2,1,6,0.2192700907218,621,11,0.9431945538974952,0
337,2,1,6,0.4580094293701244,627,11,0.9431945538974952,0
411,6,1,6,0.0433431817913568,751,7,1.804272708628173,0
421,6,1,6,0.1865867849803515,823,7,1.804272708628173,0
336,6,1,6,0.0959214324201657,630,7,1.804272708628173,0
378,6,1,6,0.0274272258814685,672,11,1.804272708628173,0
351,6,1,6,0.0999004213976378,749,11,0.9431945538974952,0
308,2,1,6,0.0035532920166361,811,7,1.804272708628173,0
299,2,1,6,0.163564245037191,730,11,1.804272708628173,0
357,2,1,6,0.0919424434426936,758,11,0.9431945538974952,0
328,2,1,6,0.2670179584514649,518,11,0.9431945538974952,0
350,2,1,6,0.1786288070254073,787,7,1.804272708628173,0
293,6,1,6,0.3585347049333226,605,11,0.9431945538974952,0
302,6,1,6,0.1794802009470793,667,7,1.804272708628173,0
460,6,1,6,0.1945447629352956,865,11,1.804272708628173,0
399,2,1,6,0.2104607188451839,943,7,0.9431945538974952,0
322,6,1,6,0.111837388330054,630,11,0.9431945538974952,0
335,6,1,6,0.2471230135641045,588,11,1.804272708628173,0
350,2,1,6,0.1874381789020234,728,7,1.804272708628173,0
342,6,1,6,0.0760264875328053,653,7,0.9431945538974952,0
362,6,1,6,0.1715222229921351,774,7,0.9431945538974952,0
374,2,1,6,0.0521525536679729,675,11,1.804272708628173,0
371,6,1,6,0.1755012119696072,720,11,0.9431945538974952,0
352,6,1,6,0.0083836749157801,717,11,1.804272708628173,0
315,2,1,6,0.1914171678794955,663,11,1.804272708628173,0
364,6,1,6,0.0521525536679729,634,11,1.804272708628173,0
332,2,1,6,0.2073331237893838,626,11,0.9431945538974952,0
314,6,1,6,0.1476482891273027,629,7,1.804272708628173,0
346,2,1,6,0.0242996308256684,662,7,1.804272708628173,0
350,6,1,6,0.0234482369039964,664,7,1.804272708628173,0
317,2,1,6,0.2988498702712415,698,7,1.804272708628173,0
336,6,1,6,0.1308809392957424,788,11,1.804272708628173,0
388,2,1,6,0.0513011597463009,783,11,1.804272708628173,0
415,2,1,6,0.0362365977580846,744,11,0.9431945538974952,0
350,2,1,6,0.0234482369039964,679,11,0.9431945538974952,0
375,6,1,6,0.0203206418481963,566,11,0.9431945538974952,0
360,6,1,6,0.0672171156561892,784,11,1.804272708628173,0
377,2,1,6,0.0950700384984938,761,11,1.804272708628173,0
417,2,1,6,0.0123626638932521,826,11,1.804272708628173,0
353,6,1,6,0.060110531622917,682,7,1.804272708628173,0
302,2,1,6,0.1317323332174144,771,7,1.804272708628173,0
375,6,1,6,0.0035532920166361,851,7,0.9431945538974952,0
298,2,1,6,0.1476482891273027,665,11,0.9431945538974952,0
279,2,1,6,0.2829339143613532,648,7,1.804272708628173,0
299,6,1,6,0.3505767269783785,519,11,0.9431945538974952,0
360,2,1,6,0.0282786198031404,721,11,1.804272708628173,0
347,6,1,6,0.163564245037191,607,11,1.804272708628173,0
351,2,1,6,0.0871120605435496,752,11,1.804272708628173,0
368,6,1,6,0.0314062148589406,754,11,1.804272708628173,0
377,2,1,6,0.1189439723633262,868,7,1.804272708628173,0
392,6,1,6,0.1746498180479352,815,7,1.804272708628173,0
353,2,1,6,0.004404685938308,653,7,1.804272708628173,0
419,6,1,6,0.0481735646905008,659,11,1.804272708628173,0
327,6,1,6,0.0680685095778612,657,11,0.9431945538974952,0
390,6,1,6,0.0521525536679729,655,7,0.9431945538974952,0
333,6,1,6,0.3664926828882667,472,7,0.9431945538974952,0
343,2,1,6,0.0035532920166361,698,11,0.9431945538974952,0
374,6,1,6,0.1755012119696072,676,7,0.9431945538974952,0
343,2,1,6,0.1993751458344396,714,7,1.804272708628173,0
377,2,1,6,0.1467968952056307,820,7,1.804272708628173,0
389,2,1,6,0.0711961046336613,739,11,0.9431945538974952,0
362,2,1,6,0.004404685938308,670,11,0.9431945538974952,0
359,6,1,6,0.0521525536679729,546,11,1.804272708628173,0
334,2,1,6,0.0800054765102774,692,7,1.804272708628173,0
361,2,1,6,0.1158163773075261,717,7,1.804272708628173,0
397,2,1,6,0.2948708812937694,621,11,0.9431945538974952,0
333,2,1,6,0.163564245037191,646,7,1.804272708628173,0
389,2,1,6,0.0521525536679729,768,11,0.9431945538974952,0
373,6,1,6,0.0680685095778612,732,7,1.804272708628173,0
333,6,1,6,0.1595852560597189,669,7,1.804272708628173,0
305,2,1,6,0.1914171678794955,545,11,1.804272708628173,0
364,2,1,6,0.0282786198031404,777,11,1.804272708628173,0
387,6,1,6,0.2113121127668558,648,11,1.804272708628173,0
406,6,1,6,0.0751750936111334,741,7,1.804272708628173,0
393,6,1,6,0.0990490274759658,772,11,1.804272708628173,0
293,6,1,6,0.1556062670822468,645,7,0.9431945538974952,0
381,6,1,6,0.0083836749157801,668,7,0.9431945538974952,0
353,6,1,6,0.274975936406409,611,7,0.9431945538974952,0
383,2,1,6,0.2303556637325443,870,11,1.804272708628173,0
391,2,1,6,0.1396903111723585,610,11,0.9431945538974952,0
335,2,1,6,0.0242996308256684,776,11,0.9431945538974952,0
397,2,1,6,0.158733862138047,817,7,0.9431945538974952,0
351,2,1,6,0.1038794103751098,684,7,0.9431945538974952,0
391,2,1,6,0.2033541348119117,580,7,0.9431945538974952,0
337,6,1,6,0.1396903111723585,793,11,1.804272708628173,0
345,2,1,6,0.0751750936111334,811,7,0.9431945538974952,0
356,2,1,6,0.0720474985553333,602,11,1.804272708628173,0
317,2,1,6,0.0999004213976378,755,7,0.9431945538974952,0
371,6,1,6,0.0513011597463009,750,11,0.9431945538974952,0
361,6,1,6,0.0481735646905008,637,11,0.9431945538974952,0
352,2,1,6,0.0831330715660775,719,7,1.804272708628173,0
326,2,1,6,0.326702793113546,690,7,0.9431945538974952,0
369,2,1,6,0.0680685095778612,781,7,0.9431945538974952,0
292,6,1,6,0.2550809915190487,559,7,0.9431945538974952,0
373,6,1,6,0.2192700907218,793,11,1.804272708628173,0
315,2,1,6,0.10700700543091,670,11,1.804272708628173,0
373,6,1,6,0.1078583993525819,670,7,0.9431945538974952,0
360,6,1,6,0.0672171156561892,691,11,1.804272708628173,0
440,2,1,6,0.1357113221948865,738,7,0.9431945538974952,0
390,2,1,6,0.0481735646905008,726,11,1.804272708628173,0
434,6,1,6,0.1348599282732145,805,7,0.9431945538974952,0
384,6,1,6,0.1706708290704632,781,11,0.9431945538974952,0
359,6,1,6,0.0322576087806125,518,11,0.9431945538974952,0
293,6,1,6,0.1715222229921351,609,11,1.804272708628173,0
332,2,1,6,0.1755012119696072,571,11,0.9431945538974952,0
354,2,1,6,0.0115112699715802,751,7,1.804272708628173,0
352,6,1,6,0.1277533442399423,673,11,0.9431945538974952,0
417,6,1,6,0.0950700384984938,742,11,0.9431945538974952,0
383,2,1,6,0.2303556637325443,862,11,1.804272708628173,0
372,2,1,6,0.1715222229921351,698,11,0.9431945538974952,0
346,2,1,6,0.0234482369039964,596,11,0.9431945538974952,0
325,2,1,6,0.0163416528707242,716,7,0.9431945538974952,0
409,2,1,6,0.0035532920166361,798,11,1.804272708628173,0
361,6,1,6,0.0950700384984938,826,7,0.9431945538974952,0
352,2,1,6,0.0990490274759658,795,11,0.9431945538974952,0
394,6,1,6,0.1308809392957424,803,11,1.804272708628173,0
372,2,1,6,0.1357113221948865,629,11,0.9431945538974952,0
403,2,1,6,0.1317323332174144,724,11,1.804272708628173,0
324,6,1,6,0.0680685095778612,661,7,0.9431945538974952,0
360,2,1,6,0.1237743552624702,714,11,1.804272708628173,0
343,6,1,6,0.0640895206003891,643,7,0.9431945538974952,0
340,2,1,6,0.0203206418481963,695,7,0.9431945538974952,0
359,2,1,6,0.0800054765102774,659,7,0.9431945538974952,0
321,6,1,6,0.270996947428937,655,7,0.9431945538974952,0
378,2,1,6,0.055280148723773,766,11,0.9431945538974952,0
352,6,1,6,0.2471230135641045,632,7,0.9431945538974952,0
349,2,1,6,0.0274272258814685,675,7,0.9431945538974952,0
386,2,1,6,0.0521525536679729,856,11,1.804272708628173,0
335,2,1,6,0.0123626638932521,732,11,1.804272708628173,0
365,6,1,6,0.0203206418481963,669,11,1.804272708628173,0
397,2,1,6,0.004404685938308,735,11,1.804272708628173,0
388,2,1,6,0.0680685095778612,685,11,1.804272708628173,0
300,6,1,6,0.1357113221948865,606,11,0.9431945538974952,0
413,2,1,6,0.1666918400929911,856,7,0.9431945538974952,0
366,6,1,6,0.0314062148589406,664,11,1.804272708628173,0
342,2,1,6,0.1556062670822468,627,7,1.804272708628173,0
348,2,1,6,0.1396903111723585,698,11,0.9431945538974952,0
323,2,1,6,0.0959214324201657,572,11,0.9431945538974952,0
404,2,1,6,0.060110531622917,663,11,1.804272708628173,0
397,6,1,6,0.0004256969608359,703,11,0.9431945538974952,0
319,2,1,6,0.2312070576542162,655,11,0.9431945538974952,0
424,6,1,6,0.1706708290704632,827,11,0.9431945538974952,0
412,2,1,6,0.0513011597463009,821,11,0.9431945538974952,0
293,2,1,6,0.2431440245866324,727,11,1.804272708628173,0
329,6,1,6,0.3545557159558505,588,11,0.9431945538974952,0
309,2,1,6,0.0075322809941081,625,7,1.804272708628173,0
374,6,1,6,0.0194692479265244,855,11,0.9431945538974952,0
694,5,0,10,0.1706708290704632,1535,3,0.8884502877862838,0
722,6,0,10,0.0282786198031404,1474,11,1.804272708628173,0
521,2,0,10,0.5495261758519822,1211,3,1.804272708628173,0
558,5,0,10,0.1507758841831028,1644,11,0.9431945538974952,0
765,5,0,10,0.3107868372036577,1303,11,1.804272708628173,0
720,6,0,10,0.0919424434426936,1652,3,0.8884502877862838,0
639,2,0,10,0.1428179062281586,1732,11,0.9431945538974952,0
509,6,0,10,0.060110531622917,1451,3,0.9431945538974952,0
697,6,0,10,0.0871120605435496,1544,11,1.804272708628173,0
770,6,0,10,0.3099354432819858,1603,11,0.8884502877862838,0
653,6,0,10,0.0473221707688289,1543,11,0.8884502877862838,0
630,2,0,10,0.0481735646905008,1384,11,1.804272708628173,0
641,6,0,10,0.4023035836855154,1253,3,1.804272708628173,0
640,5,0,10,0.0910910495210217,1064,3,0.9431945538974952,0
705,2,0,10,0.0632381266787172,1525,3,0.9431945538974952,0
661,5,0,10,0.1277533442399423,1633,11,0.8884502877862838,0
768,6,0,10,0.4611370244259246,1586,3,0.8884502877862838,0
643,6,0,10,0.0999004213976378,1593,11,0.9431945538974952,0
657,2,0,10,0.3974732007863714,1533,11,0.8884502877862838,0
525,6,0,10,0.2869129033388253,1033,11,0.9431945538974952,0
604,5,0,10,0.1149649833858541,1625,11,0.9431945538974952,0
576,6,0,10,0.6251269664239516,1145,11,0.9431945538974952,0
765,2,0,10,0.1308809392957424,1634,11,1.804272708628173,0
657,6,0,10,0.4818833632349569,1115,11,0.9431945538974952,0
712,2,0,10,0.3187448151586018,1441,3,1.804272708628173,0
674,6,0,10,0.4492000574935084,1651,11,1.804272708628173,0
596,2,0,10,0.060110531622917,1594,11,0.9431945538974952,0
650,5,0,10,0.5725487157951427,1951,3,0.8884502877862838,0
610,6,0,10,0.2431440245866324,1456,11,0.9431945538974952,0
694,2,0,10,0.2431440245866324,1347,3,0.8884502877862838,0
801,5,0,10,0.162712851115519,1580,3,1.804272708628173,0
720,2,0,10,0.3298303881693462,1634,3,1.804272708628173,0
659,2,0,10,0.1874381789020234,1186,11,0.9431945538974952,0
558,5,0,10,0.1308809392957424,1449,11,0.9431945538974952,0
475,6,0,10,0.0203206418481963,1481,3,0.8884502877862838,0
733,5,0,10,0.0154902589490523,1567,11,0.8884502877862838,0
705,5,0,10,0.055280148723773,1396,11,0.8884502877862838,0
756,6,0,10,0.3028288592487136,1333,11,0.8884502877862838,0
680,2,0,10,0.3187448151586018,1422,11,0.9431945538974952,0
946,5,0,10,0.1746498180479352,1521,3,0.8884502877862838,0
801,6,0,10,0.2900404983946254,1758,11,0.9431945538974952,0
593,6,0,10,0.1038794103751098,1244,11,0.8884502877862838,0
791,2,0,10,0.2312070576542162,1423,3,0.9431945538974952,0
730,6,0,10,0.055280148723773,1671,11,0.9431945538974952,0
678,5,0,10,0.0592591377012451,1606,11,0.9431945538974952,0
799,2,0,10,0.377578255899011,1535,11,1.804272708628173,0
689,2,0,10,0.0672171156561892,1670,11,0.8884502877862838,0
641,2,0,10,0.1507758841831028,1454,11,0.8884502877862838,0
876,5,0,10,0.3537043220341786,1461,3,0.9431945538974952,0
640,6,0,10,0.162712851115519,1562,11,1.804272708628173,0
674,5,0,10,0.0791540825886055,1479,11,0.8884502877862838,0
748,2,0,10,0.2232490796992721,1503,3,0.9431945538974952,0
590,5,0,10,0.0004256969608359,1537,11,0.9431945538974952,0
569,6,0,10,0.3306817820910181,1407,11,1.804272708628173,0
399,6,0,10,0.1078583993525819,1603,3,0.8884502877862838,0
664,2,0,10,0.2908918923162973,1373,3,1.804272708628173,0
635,5,0,10,0.2630389694739928,1329,11,0.8884502877862838,0
743,5,0,10,0.0123626638932521,1287,3,0.8884502877862838,0
705,6,0,10,0.0751750936111334,1389,11,1.804272708628173,0
668,5,0,10,0.2908918923162973,1608,11,0.9431945538974952,0
506,6,0,10,0.056131542645445,1445,3,1.804272708628173,0
622,2,0,10,0.0950700384984938,1520,3,0.8884502877862838,0
718,2,0,10,0.4540304403926524,1236,3,0.9431945538974952,0
600,5,0,10,0.0274272258814685,1792,11,0.9431945538974952,0
590,2,0,10,0.1396903111723585,1306,11,0.8884502877862838,0
670,5,0,10,0.2511020025415766,1600,3,0.9431945538974952,0
760,2,0,10,0.4182195395954037,1445,11,1.804272708628173,0
519,6,0,10,0.5057572970997893,1254,3,0.8884502877862838,0
501,5,0,10,0.056131542645445,1255,11,0.9431945538974952,0
536,2,0,10,0.1348599282732145,1480,3,1.804272708628173,0
681,6,0,10,0.0274272258814685,1534,11,1.804272708628173,0
505,2,0,10,0.055280148723773,1302,3,0.9431945538974952,0
469,6,0,10,0.4182195395954037,1076,11,1.804272708628173,0
771,6,0,10,0.1666918400929911,1583,3,1.804272708628173,0
688,5,0,10,0.1715222229921351,1494,11,1.804272708628173,0
639,6,0,10,0.541568197897038,1149,3,0.8884502877862838,0
724,2,0,10,0.1348599282732145,1652,11,1.804272708628173,0
558,5,0,10,0.1794802009470793,1257,11,0.8884502877862838,0
491,2,0,10,0.4381144844827641,1188,3,0.8884502877862838,0
631,2,0,10,0.1476482891273027,1317,3,0.8884502877862838,0
614,6,0,10,0.0640895206003891,1314,3,0.8884502877862838,0
617,5,0,10,0.2033541348119117,1437,3,1.804272708628173,0
522,5,0,10,0.5216732530096777,1420,11,1.804272708628173,0
682,5,0,10,0.1834591899245513,1489,11,1.804272708628173,0
750,6,0,10,0.1308809392957424,1465,3,0.8884502877862838,0
564,6,0,10,0.1547548731605749,1332,3,0.8884502877862838,0
808,6,0,10,0.1388389172506866,1638,11,1.804272708628173,0
586,6,0,10,0.5773790986942867,1269,3,0.8884502877862838,0
865,2,0,10,0.060110531622917,1415,3,0.8884502877862838,0
696,5,0,10,0.377578255899011,1557,11,0.8884502877862838,0
806,2,0,10,0.0075322809941081,1621,11,0.8884502877862838,0
739,6,0,10,0.055280148723773,1701,11,1.804272708628173,0
657,6,0,10,0.056131542645445,1401,11,0.9431945538974952,0
698,5,0,10,0.1348599282732145,1439,11,0.8884502877862838,0
486,6,0,10,0.1953961568569676,1218,3,0.8884502877862838,0
762,6,0,10,0.3019774653270416,1651,11,0.9431945538974952,0
572,2,0,10,0.0473221707688289,1151,3,0.9431945538974952,0
788,6,0,10,0.1348599282732145,1458,11,0.9431945538974952,0
758,6,0,10,0.3298303881693462,1665,3,0.9431945538974952,0
577,5,0,10,0.4102615616404595,1242,3,0.8884502877862838,0
601,2,0,10,0.2025027408902398,1433,3,0.8884502877862838,0
642,6,0,10,0.1507758841831028,1572,11,0.9431945538974952,0
741,2,0,10,0.3457463440792345,1485,3,0.9431945538974952,0
535,5,0,10,0.0871120605435496,1493,3,0.8884502877862838,0
728,6,0,10,0.1516272781047747,1461,11,0.9431945538974952,0
614,5,0,10,0.3306817820910181,1203,3,1.804272708628173,0
726,6,0,10,0.1467968952056307,1598,3,1.804272708628173,0
857,5,0,10,0.4452210685160363,1685,3,0.8884502877862838,0
538,6,0,10,0.1556062670822468,1158,3,1.804272708628173,0
657,5,0,10,0.3625136939107947,1237,11,1.804272708628173,0
820,5,0,10,0.2670179584514649,1477,11,1.804272708628173,0
407,6,0,10,0.5336102199420939,1114,3,0.8884502877862838,0
582,6,0,10,0.1269019503182704,1532,11,1.804272708628173,0
695,5,0,10,0.1030280164534379,1600,3,0.8884502877862838,0
617,5,0,10,0.3068078482261857,1356,11,0.9431945538974952,0
672,2,0,10,0.0990490274759658,1449,11,1.804272708628173,0
542,5,0,10,0.10700700543091,1328,11,0.8884502877862838,0
607,2,0,10,0.4182195395954037,1202,11,1.804272708628173,0
854,5,0,10,0.0402155867355567,1343,11,0.8884502877862838,0
480,2,0,10,0.2948708812937694,961,3,0.8884502877862838,0
592,5,0,10,0.0680685095778612,1722,3,0.8884502877862838,0
732,2,0,10,0.0760264875328053,1451,3,0.8884502877862838,0
637,2,0,10,0.0083836749157801,1472,11,0.8884502877862838,0
720,5,0,10,0.2033541348119117,1371,11,0.8884502877862838,0
606,5,0,10,0.3306817820910181,1419,3,1.804272708628173,0
608,2,0,10,0.4500514514151803,1196,3,0.8884502877862838,0
505,6,0,10,0.4460724624377082,1346,3,1.804272708628173,0
615,6,0,10,0.0959214324201657,1378,11,1.804272708628173,0
583,2,0,10,0.5654421317618704,1207,3,0.9431945538974952,0
469,2,0,10,0.5057572970997893,1178,11,0.9431945538974952,0
699,2,0,10,0.1109859944083821,1651,3,1.804272708628173,0
474,5,0,10,0.7126647239283372,1068,11,0.9431945538974952,0
535,2,0,10,0.0919424434426936,1573,11,0.8884502877862838,0
718,2,0,10,0.3099354432819858,1485,3,0.9431945538974952,0
656,5,0,10,0.2590599804965208,1401,11,0.8884502877862838,0
652,5,0,10,0.0163416528707242,1504,11,1.804272708628173,0
522,2,0,10,0.1993751458344396,1207,11,0.8884502877862838,0
577,5,0,10,0.4699463963025407,1428,11,0.8884502877862838,0
641,2,0,10,0.1189439723633262,1457,3,1.804272708628173,0
534,6,0,10,0.4977993191448452,1158,3,0.8884502877862838,0
700,5,0,10,0.0521525536679729,1380,3,0.9431945538974952,0
726,6,0,10,0.0362365977580846,1594,3,0.9431945538974952,0
683,2,0,10,0.2582085865748488,1565,11,1.804272708628173,0
469,5,0,10,0.2908918923162973,1249,11,1.804272708628173,0
683,5,0,10,0.1149649833858541,1205,11,0.9431945538974952,0
593,5,0,10,0.4261775175503479,1391,11,0.8884502877862838,0
739,5,0,10,0.2303556637325443,1714,11,0.9431945538974952,0
751,2,0,10,0.0990490274759658,1617,11,0.8884502877862838,0
857,5,0,10,0.1158163773075261,1602,11,0.9431945538974952,0
649,6,0,10,0.2908918923162973,1397,11,0.8884502877862838,0
640,5,0,10,0.3338093771468182,1690,3,1.804272708628173,0
583,6,0,10,0.2152911017443279,1413,11,0.9431945538974952,0
803,2,0,10,0.2900404983946254,1666,11,0.8884502877862838,0
674,6,0,10,0.004404685938308,1491,11,0.9431945538974952,0
565,5,0,10,0.6569588782437281,1396,11,1.804272708628173,0
670,5,0,10,0.2988498702712415,1215,11,1.804272708628173,0
461,5,0,10,0.3465977380009064,1257,11,0.9431945538974952,0
582,2,0,10,0.1547548731605749,1395,11,0.8884502877862838,0
652,2,0,10,0.1556062670822468,1440,3,0.8884502877862838,0
751,6,0,10,0.0640895206003891,1399,11,1.804272708628173,0
550,2,0,10,0.4301565065278199,1421,3,0.9431945538974952,0
670,6,0,10,0.1755012119696072,1450,11,1.804272708628173,0
873,2,0,10,0.0314062148589406,1475,11,0.8884502877862838,0
439,5,0,10,0.4540304403926524,1200,11,0.9431945538974952,0
677,2,0,10,0.0314062148589406,1580,3,1.804272708628173,0
625,5,0,10,0.1277533442399423,1364,11,1.804272708628173,0
610,2,0,10,0.3505767269783785,1479,3,1.804272708628173,0
734,5,0,10,0.0592591377012451,1599,3,0.8884502877862838,0
631,6,0,10,0.2184186968001281,1434,11,0.8884502877862838,0
669,6,0,10,0.0083836749157801,1542,11,1.804272708628173,0
646,5,0,10,0.0640895206003891,1348,3,1.804272708628173,0
675,6,0,10,0.4173681456737318,1619,3,0.9431945538974952,0
692,2,0,10,0.1428179062281586,1414,11,0.9431945538974952,0
572,2,0,10,0.485862352212429,1297,3,0.8884502877862838,0
716,2,0,10,0.0154902589490523,1527,3,0.8884502877862838,0
755,2,0,10,0.2789549253838811,1461,3,0.9431945538974952,0
577,6,0,10,0.1396903111723585,1404,11,0.8884502877862838,0
690,6,0,10,0.0632381266787172,1590,11,0.9431945538974952,0
561,6,0,10,0.3585347049333226,1327,3,0.9431945538974952,0
754,5,0,10,0.162712851115519,1744,11,0.9431945538974952,0
485,5,0,10,0.3465977380009064,1611,11,0.8884502877862838,0
782,2,0,10,0.1794802009470793,1543,3,0.8884502877862838,0
791,5,0,10,0.2621875755523209,1526,11,0.9431945538974952,0
761,2,0,10,0.0115112699715802,1289,11,0.9431945538974952,0
642,5,0,10,0.4332841015836201,1624,3,1.804272708628173,0
732,5,0,10,0.0075322809941081,1549,3,0.9431945538974952,0
746,5,0,10,0.0075322809941081,1657,3,1.804272708628173,0
663,2,0,10,0.0234482369039964,1428,3,0.8884502877862838,0
826,6,0,10,0.0441945757130287,1393,11,0.8884502877862838,0
671,6,0,10,0.4182195395954037,1284,11,0.8884502877862838,0
685,2,0,10,0.1595852560597189,1385,11,0.9431945538974952,0
648,2,0,10,0.0521525536679729,1498,11,0.9431945538974952,0
481,2,0,10,0.3227238041360739,1381,11,0.8884502877862838,0
688,5,0,10,0.2820825204396813,1522,11,0.9431945538974952,0
558,6,0,10,0.4659674073250686,1106,3,0.8884502877862838,0
724,2,0,10,0.5336102199420939,1243,11,0.9431945538974952,0
523,5,0,10,0.1277533442399423,1442,3,0.9431945538974952,0
713,2,0,10,0.0282786198031404,1339,11,1.804272708628173,0
692,2,0,10,0.0481735646905008,1487,3,0.9431945538974952,0
651,5,0,10,0.0800054765102774,1467,3,0.8884502877862838,0
627,2,0,10,0.5097362860772614,1323,11,0.8884502877862838,0
557,6,0,10,0.274975936406409,1474,3,0.8884502877862838,0
809,2,0,10,0.3178934212369299,1502,11,0.8884502877862838,0
555,6,0,10,0.5495261758519822,1265,3,0.9431945538974952,0
661,5,0,10,0.1595852560597189,1419,3,1.804272708628173,0
688,6,0,10,0.10700700543091,1398,3,0.8884502877862838,0
592,2,0,10,0.1993751458344396,1362,11,0.8884502877862838,0
682,6,0,10,0.1396903111723585,1323,3,1.804272708628173,0
621,5,0,10,0.2391650356091604,1299,11,0.8884502877862838,0
479,2,0,10,0.7166437129058093,1222,3,1.804272708628173,0
608,2,0,10,0.1149649833858541,1402,11,1.804272708628173,0
603,5,0,10,0.0919424434426936,1446,3,0.9431945538974952,0
719,6,0,10,0.270145553507265,1608,3,0.9431945538974952,0
688,5,0,10,0.0800054765102774,1502,11,1.804272708628173,0
673,6,0,10,0.10700700543091,1505,11,0.8884502877862838,0
592,6,0,10,0.1516272781047747,1206,3,1.804272708628173,0
635,5,0,10,0.3983245947080434,1516,3,0.9431945538974952,0
696,6,0,10,0.158733862138047,1605,3,0.9431945538974952,0
689,5,0,10,0.3983245947080434,1319,11,0.8884502877862838,0
677,6,0,10,0.055280148723773,1338,11,1.804272708628173,0
625,5,0,10,0.326702793113546,1248,3,1.804272708628173,0
638,6,0,10,0.0990490274759658,1456,3,0.9431945538974952,0
669,6,0,10,0.3903666167530992,1509,11,0.8884502877862838,0
663,6,0,10,0.2829339143613532,1340,3,1.804272708628173,0
743,5,0,10,0.1317323332174144,1565,3,1.804272708628173,0
642,6,0,10,0.0402155867355567,1460,3,0.8884502877862838,0
730,6,0,10,0.3028288592487136,1250,11,0.9431945538974952,0
637,2,0,10,0.0362365977580846,1443,3,0.9431945538974952,0
683,2,0,10,0.1277533442399423,1591,3,0.9431945538974952,0
623,2,0,10,0.3664926828882667,1206,11,0.9431945538974952,0
728,5,0,10,0.2431440245866324,1286,11,1.804272708628173,0
630,2,0,10,0.2741245424847371,1643,3,0.8884502877862838,0
557,2,0,10,0.5495261758519822,1302,11,0.8884502877862838,0
575,2,0,10,0.0154902589490523,1505,11,1.804272708628173,0
721,5,0,10,0.2391650356091604,1390,3,0.9431945538974952,0
521,6,0,10,0.3505767269783785,1242,3,1.804272708628173,0
832,2,0,10,0.1755012119696072,1428,11,0.8884502877862838,0
583,6,0,10,0.2431440245866324,1350,11,1.804272708628173,0
679,6,0,10,0.1308809392957424,1731,11,1.804272708628173,0
590,5,0,10,0.2789549253838811,1367,3,1.804272708628173,0
561,5,0,10,0.3943456057305713,1379,3,0.9431945538974952,0
536,6,0,10,0.0083836749157801,1555,11,0.8884502877862838,0
628,2,0,10,0.1277533442399423,1466,11,1.804272708628173,0
616,2,0,10,0.0711961046336613,1650,3,1.804272708628173,0
661,5,0,10,0.0751750936111334,1494,3,0.8884502877862838,0
623,5,0,10,0.1357113221948865,1369,11,1.804272708628173,0
678,5,0,10,0.274975936406409,1291,3,0.8884502877862838,0
732,5,0,10,0.274975936406409,1522,11,1.804272708628173,0
710,2,0,10,0.0282786198031404,1459,11,1.804272708628173,0
724,5,0,10,0.2422926306649605,1646,3,0.8884502877862838,0
622,2,0,10,0.1715222229921351,1432,3,0.9431945538974952,0
769,6,0,10,0.1985237519127677,1770,11,1.804272708628173,0
750,5,0,10,0.2312070576542162,1528,11,0.9431945538974952,0
704,5,0,10,0.4492000574935084,1788,3,1.804272708628173,0
511,6,0,10,0.4739253852800127,1211,3,0.8884502877862838,0
589,6,0,10,0.1436693001498306,1635,11,1.804272708628173,0
761,2,0,10,0.1467968952056307,1594,11,1.804272708628173,0
672,5,0,10,0.0791540825886055,1552,3,0.8884502877862838,0
699,5,0,10,0.1834591899245513,1441,11,0.9431945538974952,0
698,2,0,10,0.0274272258814685,1463,3,0.8884502877862838,0
857,6,0,10,0.0242996308256684,1524,3,0.9431945538974952,0
596,6,0,10,0.0800054765102774,1424,3,0.8884502877862838,0
878,5,0,10,0.2064817298677118,1691,3,1.804272708628173,0
873,2,0,10,0.1348599282732145,1640,11,0.9431945538974952,0
621,2,0,10,0.0879634544652216,1237,3,0.8884502877862838,0
588,5,0,10,0.3704716718657388,1338,11,0.9431945538974952,0
606,6,0,10,0.1436693001498306,1605,3,1.804272708628173,0
724,6,0,10,0.3338093771468182,1690,3,0.8884502877862838,0
797,5,0,10,0.1507758841831028,1699,11,1.804272708628173,0
618,6,0,10,0.0990490274759658,1547,11,0.8884502877862838,0
677,5,0,10,0.0959214324201657,1652,3,0.9431945538974952,0
799,5,0,10,0.3537043220341786,1956,11,0.8884502877862838,0
507,5,0,10,0.0640895206003891,1518,3,1.804272708628173,0
697,5,0,10,0.0035532920166361,1441,11,0.9431945538974952,0
736,6,0,10,0.2263766747550722,1619,3,0.8884502877862838,0
565,6,0,10,0.1595852560597189,1447,11,1.804272708628173,0
741,2,0,10,0.1865867849803515,1718,11,1.804272708628173,0
672,6,0,10,0.1786288070254073,1603,11,0.9431945538974952,0
641,6,0,10,0.0513011597463009,1489,3,0.8884502877862838,0
535,5,0,10,0.6171689884690075,1317,11,1.804272708628173,0
655,5,0,10,0.1237743552624702,1549,11,1.804272708628173,0
527,6,0,10,0.0322576087806125,1139,11,0.9431945538974952,0
642,5,0,10,0.0274272258814685,1399,3,1.804272708628173,0
635,2,0,10,0.1715222229921351,1406,3,0.8884502877862838,0
623,2,0,10,0.1755012119696072,1593,3,0.8884502877862838,0
711,5,0,10,0.0871120605435496,1590,3,0.9431945538974952,0
505,6,0,10,0.7047067459733931,1042,3,1.804272708628173,0
772,5,0,10,0.6450219113113119,1221,3,0.9431945538974952,0
534,5,0,10,0.1436693001498306,1384,11,0.9431945538974952,0
573,5,0,10,0.2670179584514649,1322,3,1.804272708628173,0
724,6,0,10,0.0274272258814685,1485,3,0.9431945538974952,0
577,2,0,10,0.2272280686767442,1480,11,0.8884502877862838,0
837,6,0,10,0.0513011597463009,1553,11,0.8884502877862838,0
615,6,0,10,0.2670179584514649,1254,11,1.804272708628173,0
756,6,0,10,0.0473221707688289,1595,3,0.9431945538974952,0
607,5,0,10,0.1277533442399423,1515,3,0.9431945538974952,0
651,5,0,10,0.1516272781047747,1348,11,1.804272708628173,0
867,2,0,10,0.2104607188451839,1529,11,1.804272708628173,0
736,5,0,10,0.1317323332174144,1484,11,0.9431945538974952,0
573,6,0,10,0.0035532920166361,1559,11,0.9431945538974952,0
660,5,0,10,0.3139144322594578,1704,3,1.804272708628173,0
506,2,0,10,0.2829339143613532,1427,3,0.8884502877862838,0
820,6,0,10,0.0282786198031404,1600,3,1.804272708628173,0
606,5,0,10,0.0314062148589406,1365,11,0.8884502877862838,0
539,6,0,10,0.2113121127668558,1520,11,0.8884502877862838,0
776,5,0,10,0.0871120605435496,1350,3,0.8884502877862838,0
815,2,0,10,0.0959214324201657,1486,3,0.8884502877862838,0
639,5,0,10,0.0282786198031404,1393,3,0.9431945538974952,0
582,5,0,10,0.3147658261811298,1334,11,0.9431945538974952,0
848,2,0,10,0.1467968952056307,1529,11,0.8884502877862838,0
582,5,0,10,0.4770529803358129,1524,3,0.8884502877862838,0
856,5,0,10,0.3576833110116507,1636,11,1.804272708628173,0
755,6,0,10,0.0163416528707242,1445,11,0.8884502877862838,0
601,5,0,10,0.0959214324201657,1439,11,1.804272708628173,0
663,2,0,10,0.1078583993525819,1390,11,0.8884502877862838,0
651,2,0,10,0.2431440245866324,1371,11,0.8884502877862838,0
569,2,0,10,0.5893160656267029,1455,3,0.8884502877862838,0
527,2,0,10,0.0521525536679729,1419,3,0.8884502877862838,0
658,5,0,10,0.2033541348119117,1478,3,0.9431945538974952,0
704,5,0,10,0.1786288070254073,1581,3,0.9431945538974952,0
717,5,0,10,0.3656412889665948,1648,3,0.9431945538974952,0
597,5,0,10,0.2113121127668558,1354,11,0.9431945538974952,0
621,2,0,10,0.377578255899011,1581,11,0.9431945538974952,0
653,6,0,10,0.2303556637325443,1567,11,0.8884502877862838,0
793,5,0,10,0.4133891566962597,1738,11,0.9431945538974952,0
683,5,0,10,0.1428179062281586,1603,11,1.804272708628173,0
669,2,0,10,0.0760264875328053,1342,3,1.804272708628173,0
826,2,0,10,0.1237743552624702,1483,11,0.8884502877862838,0
683,6,0,10,0.2789549253838811,1444,3,0.8884502877862838,0
664,2,0,10,0.2272280686767442,1305,3,0.9431945538974952,0
584,2,0,10,0.0672171156561892,1376,11,1.804272708628173,0
650,6,0,10,0.270996947428937,1341,3,1.804272708628173,0
629,6,0,10,0.326702793113546,1387,11,1.804272708628173,0
767,2,0,10,0.3656412889665948,1506,3,1.804272708628173,0
697,5,0,10,0.0035532920166361,1436,3,0.8884502877862838,0
838,2,0,10,0.2940194873720975,1718,11,0.8884502877862838,0
649,6,0,10,0.167543234014663,1254,11,0.8884502877862838,0
695,5,0,10,0.0433431817913568,1703,11,0.8884502877862838,0
522,2,0,10,0.3386397600459622,1141,11,0.9431945538974952,0
787,5,0,10,0.2184186968001281,1623,11,0.9431945538974952,0
552,5,0,10,0.5296312309646218,996,11,0.9431945538974952,0
575,6,0,10,0.2908918923162973,1302,3,0.8884502877862838,0
631,6,0,10,0.0950700384984938,1569,3,0.9431945538974952,0
784,2,0,10,0.0632381266787172,1701,3,0.8884502877862838,0
711,6,0,10,0.321872410214402,1619,3,0.8884502877862838,0
682,5,0,10,0.1467968952056307,1712,3,0.9431945538974952,0
679,2,0,10,0.0879634544652216,1417,3,0.8884502877862838,0
419,5,0,10,0.5455471868745101,1192,11,1.804272708628173,0
515,2,0,10,0.0441945757130287,1507,3,0.9431945538974952,0
514,2,0,10,0.3346607710684902,1481,3,0.8884502877862838,0
641,6,0,10,0.3227238041360739,1304,3,1.804272708628173,0
615,6,0,10,0.0203206418481963,1464,3,0.9431945538974952,0
760,2,0,10,0.060110531622917,1627,3,0.9431945538974952,0
397,6,0,11,0.8877402389371084,896,11,0.9431945538974952,0
304,6,0,11,1.2259543020222348,725,11,0.9431945538974952,0
269,6,0,6,1.078731709855768,770,11,0.9431945538974952,0
354,6,0,6,1.0628157539458798,814,11,0.9431945538974952,0
391,6,0,11,0.8956982168920526,739,11,0.9431945538974952,0
449,6,0,11,0.5495261758519822,1025,11,0.8884502877862838,0
316,6,0,6,1.401029817031006,732,11,0.8884502877862838,0
266,6,0,11,0.915593161779413,786,11,0.8884502877862838,0
361,6,0,11,0.6251269664239516,952,11,0.8884502877862838,0
387,6,0,11,0.7962234924552508,876,11,0.9431945538974952,0
381,6,0,11,0.9394670956442456,903,11,0.8884502877862838,0
374,6,0,6,1.027004853148631,728,11,0.9431945538974952,0
402,6,0,6,0.7922445034777786,968,11,0.8884502877862838,0
365,6,0,6,0.6131899994915354,869,11,0.9431945538974952,0
250,6,0,6,1.08271069883324,777,11,0.8884502877862838,0
310,6,0,11,0.5336102199420939,885,11,0.8884502877862838,0
273,6,0,11,0.979256985418966,816,11,0.8884502877862838,0
444,6,0,6,0.4221985285728758,771,11,0.9431945538974952,0
298,6,0,6,1.074752720878296,806,11,0.9431945538974952,0
208,6,0,11,0.9116141728019408,785,11,0.9431945538974952,0
314,6,0,6,0.6887907900635047,720,11,0.9431945538974952,0
276,6,0,11,0.8956982168920526,1002,11,0.8884502877862838,0
297,6,0,6,1.023025864171159,751,11,0.8884502877862838,0
388,6,0,6,0.4938203301673731,936,11,0.9431945538974952,0
374,6,0,11,0.9354881066667734,859,11,0.9431945538974952,0
319,6,0,11,0.8041814704101949,878,11,0.8884502877862838,0
314,6,0,6,0.9394670956442456,769,11,0.9431945538974952,0
344,6,0,11,0.8956982168920526,994,11,0.9431945538974952,0
417,6,0,11,0.7325596688156976,899,11,0.8884502877862838,0
422,6,0,11,0.8758032720046922,813,11,0.9431945538974952,0
455,6,0,11,0.5853370766492308,948,11,0.8884502877862838,0
310,6,0,11,0.5893160656267029,899,11,0.9431945538974952,0
286,6,0,11,1.0150678862162148,839,11,0.9431945538974952,0
353,6,0,11,0.6092110105140632,898,11,0.8884502877862838,0
332,6,0,6,1.0429208090585194,769,11,0.8884502877862838,0
361,6,0,6,0.5813580876717588,1035,11,0.9431945538974952,0
465,6,0,6,0.4460724624377082,983,11,0.8884502877862838,0
465,6,0,6,0.6012530325591191,1057,11,0.9431945538974952,0
393,6,0,11,0.8559083271173319,845,11,0.9431945538974952,0
498,6,0,6,0.6291059554014237,1000,11,0.8884502877862838,0
429,6,0,6,0.3983245947080434,885,11,0.9431945538974952,0
346,6,0,6,0.4420934734602362,992,11,0.9431945538974952,0
512,6,0,6,0.274975936406409,1147,11,0.8884502877862838,0
384,6,0,11,0.9832359743964384,733,11,0.9431945538974952,0
348,6,0,11,0.7882655145003066,1004,11,0.8884502877862838,0
343,6,0,11,0.4699463963025407,928,11,0.8884502877862838,0
272,6,0,6,0.915593161779413,765,11,0.9431945538974952,0
449,6,0,6,1.0349628311035752,830,11,0.9431945538974952,0
397,6,0,6,0.8240764152975553,835,11,0.8884502877862838,0
243,6,0,6,0.8758032720046922,828,11,0.9431945538974952,0
277,6,0,11,1.046899798035991,901,11,0.9431945538974952,0
367,6,0,6,0.4182195395954037,1026,11,0.9431945538974952,0
378,6,0,11,0.9434460846217176,808,11,0.8884502877862838,0
425,6,0,6,0.5893160656267029,1074,11,0.8884502877862838,0
366,6,0,6,0.9553830515541336,844,11,0.8884502877862838,0
305,6,0,6,1.3174710485040924,806,11,0.8884502877862838,0
431,6,0,11,0.7643915806354742,790,11,0.8884502877862838,0
454,6,0,11,0.5694211207393426,1019,11,0.8884502877862838,0
303,6,0,6,0.8559083271173319,933,11,0.8884502877862838,0
362,6,0,11,0.6052320215365912,808,11,0.9431945538974952,0
425,6,0,11,0.434135495505292,826,11,0.9431945538974952,0
326,6,0,6,1.030983842126103,779,11,0.8884502877862838,0
450,6,0,11,0.4142405506179316,825,11,0.8884502877862838,0
416,6,0,11,0.3983245947080434,916,11,0.8884502877862838,0
439,6,0,6,0.6808328121085606,845,11,0.8884502877862838,0
422,6,0,6,0.4142405506179316,966,11,0.9431945538974952,0
524,6,0,6,0.8877402389371084,1011,11,0.8884502877862838,0
404,6,0,11,0.7643915806354742,831,11,0.9431945538974952,0
292,6,0,11,1.023025864171159,677,11,0.9431945538974952,0
386,6,0,6,0.8917192279145806,999,11,0.9431945538974952,0
288,6,0,11,1.1742274453150978,811,11,0.8884502877862838,0
456,6,0,6,0.593295054604175,840,11,0.9431945538974952,0
327,6,0,6,0.6569588782437281,910,11,0.8884502877862838,0
448,6,0,11,0.6569588782437281,1019,11,0.9431945538974952,0
483,6,0,6,0.7206227018832814,987,11,0.9431945538974952,0
418,6,0,6,0.7484756247255858,800,11,0.8884502877862838,0
440,6,0,6,0.8439713601849157,880,11,0.8884502877862838,0
315,6,0,6,1.5800843210172493,558,11,0.8884502877862838,0
412,6,0,6,0.9514040625766615,793,11,0.8884502877862838,0
278,6,0,11,0.6211479774464795,983,11,0.8884502877862838,0
422,6,0,11,0.7842865255228345,1023,11,0.8884502877862838,0
419,6,0,6,0.7206227018832814,794,11,0.9431945538974952,0
594,6,0,11,0.4619884183475966,1065,11,0.9431945538974952,0
406,6,0,11,0.4898413411899011,801,11,0.9431945538974952,0
391,6,0,6,0.7206227018832814,874,11,0.8884502877862838,0
296,6,0,11,1.190143401224986,783,11,0.9431945538974952,0
296,6,0,6,1.1185215996304887,697,11,0.8884502877862838,0
334,6,0,11,0.6370639333563678,966,11,0.8884502877862838,0
280,6,0,6,1.301555092594204,868,11,0.8884502877862838,0
419,6,0,6,0.975277996441494,812,11,0.9431945538974952,0
299,6,0,11,0.9832359743964384,783,11,0.8884502877862838,0
374,6,0,6,0.8161184373426111,791,11,0.8884502877862838,0
434,6,0,6,0.8479503491623878,853,11,0.8884502877862838,0
391,6,0,6,1.090668676788184,860,11,0.9431945538974952,0
462,6,0,11,0.1556062670822468,1023,11,0.8884502877862838,0
251,6,0,11,1.1105636216755446,823,11,0.8884502877862838,0
346,6,0,11,0.5256522419871498,962,11,0.8884502877862838,0
410,6,0,6,0.6808328121085606,838,11,0.9431945538974952,0
409,6,0,6,0.9036561948469968,774,11,0.9431945538974952,0
268,6,0,6,1.3254290264590365,811,11,0.8884502877862838,0
410,6,0,11,0.4619884183475966,967,11,0.8884502877862838,0
190,6,0,6,1.1503535114502654,757,11,0.9431945538974952,0
317,6,0,6,0.4182195395954037,916,11,0.9431945538974952,0
387,6,0,6,0.8479503491623878,962,11,0.8884502877862838,0
285,6,0,11,1.0628157539458798,832,11,0.9431945538974952,0
318,6,0,11,0.96732001848655,815,11,0.9431945538974952,0
398,6,0,6,0.2073331237893838,1096,11,0.8884502877862838,0
339,6,0,6,0.6052320215365912,980,11,0.8884502877862838,0
383,6,0,6,0.7882655145003066,747,11,0.9431945538974952,0
272,6,0,11,0.9394670956442456,886,11,0.8884502877862838,0
388,6,0,11,0.9315091176893012,1014,11,0.8884502877862838,0
398,6,0,6,0.7206227018832814,814,11,0.9431945538974952,0
319,6,0,6,0.5216732530096777,925,11,0.8884502877862838,0
449,6,0,11,0.652979889266256,912,11,0.9431945538974952,0
389,6,0,6,0.3704716718657388,1019,11,0.9431945538974952,0
379,6,0,11,0.5256522419871498,1051,11,0.8884502877862838,0
339,6,0,6,0.8519293381398598,762,11,0.9431945538974952,0
420,6,0,6,0.3943456057305713,919,11,0.9431945538974952,0
227,6,0,11,0.9832359743964384,657,11,0.9431945538974952,0
322,6,0,11,1.0548577759909357,828,11,0.8884502877862838,0
288,6,0,11,1.0986266547431285,708,11,0.9431945538974952,0
274,6,0,6,0.975277996441494,784,11,0.9431945538974952,0
381,6,0,6,1.3214500374815643,769,11,0.8884502877862838,0
489,6,0,11,0.4381144844827641,939,11,0.8884502877862838,0
306,6,0,6,1.4288827398733106,724,11,0.8884502877862838,0
407,6,0,6,0.752454613703058,991,11,0.9431945538974952,0
330,6,0,6,0.8320343932524994,735,11,0.8884502877862838,0
304,6,0,11,1.2657441917969554,774,11,0.8884502877862838,0
413,6,0,11,1.078731709855768,774,11,0.9431945538974952,0
326,6,0,11,1.1384165445178491,719,11,0.8884502877862838,0
197,6,0,11,1.4726516186255034,593,11,0.8884502877862838,0
413,6,0,11,0.963341029509078,805,11,0.8884502877862838,0
492,6,0,6,0.5853370766492308,883,11,0.9431945538974952,0
430,6,0,11,0.1715222229921351,930,11,0.9431945538974952,0
295,6,0,6,0.8678452940497481,972,11,0.8884502877862838,0
272,6,0,6,1.0031309192837985,733,11,0.8884502877862838,0
252,6,0,11,0.8320343932524994,923,11,0.8884502877862838,0
394,6,0,11,0.5455471868745101,903,11,0.8884502877862838,0
367,6,0,11,0.7285806798382255,951,11,0.9431945538974952,0
408,6,0,6,1.007109908261271,739,11,0.9431945538974952,0
440,6,0,11,0.6092110105140632,900,11,0.9431945538974952,0
283,6,0,11,0.9116141728019408,902,11,0.8884502877862838,0
355,6,0,11,1.190143401224986,768,11,0.9431945538974952,0
316,6,0,11,0.3863876277756271,985,11,0.8884502877862838,0
347,6,0,6,0.6171689884690075,861,11,0.8884502877862838,0
338,6,0,6,0.8161184373426111,754,11,0.8884502877862838,0
299,6,0,6,1.2020803681574024,811,11,0.9431945538974952,0
321,6,0,11,1.0110888972387428,808,11,0.9431945538974952,0
309,6,0,11,0.8917192279145806,798,11,0.9431945538974952,0
402,6,0,11,0.4659674073250686,901,11,0.8884502877862838,0
389,6,0,11,0.7166437129058093,820,11,0.9431945538974952,0
537,6,0,11,0.5614631427843984,888,11,0.9431945538974952,0
230,6,0,11,0.975277996441494,818,11,0.8884502877862838,0
309,6,0,11,1.0548577759909357,924,11,0.9431945538974952,0
259,6,0,11,0.7763285475678904,744,11,0.9431945538974952,0
340,6,0,6,1.1463745224727933,765,11,0.9431945538974952,0
399,6,0,11,1.0389418200810472,692,11,0.9431945538974952,0
370,6,0,6,0.6171689884690075,976,11,0.9431945538974952,0
269,6,0,11,0.963341029509078,834,11,0.8884502877862838,0
280,6,0,6,0.8479503491623878,709,11,0.8884502877862838,0
430,6,0,6,0.5535051648294542,848,11,0.8884502877862838,0
219,6,0,6,1.186164412247514,801,11,0.9431945538974952,0
419,6,0,11,0.8200974263200832,876,11,0.8884502877862838,0
276,6,0,11,1.0110888972387428,766,11,0.9431945538974952,0
487,6,0,11,0.6052320215365912,843,11,0.9431945538974952,0
415,6,0,6,0.6131899994915354,1033,11,0.8884502877862838,0
305,6,0,11,0.4699463963025407,1000,11,0.9431945538974952,0
356,6,0,11,0.6450219113113119,828,11,0.8884502877862838,0
412,6,0,6,0.9116141728019408,855,11,0.8884502877862838,0
347,6,0,11,0.8797822609821643,750,11,0.8884502877862838,0
232,6,0,11,0.8718242830272201,845,11,0.8884502877862838,0
130,6,0,11,1.5880422989721934,587,11,0.9431945538974952,0
354,6,0,6,1.027004853148631,961,11,0.8884502877862838,0
365,6,0,11,0.7803075365453624,726,11,0.8884502877862838,0
389,6,0,11,0.7166437129058093,964,11,0.9431945538974952,0
326,6,0,11,0.5813580876717588,1035,11,0.9431945538974952,0
301,6,0,6,0.9076351838244688,827,11,0.9431945538974952,0
431,6,0,6,0.7882655145003066,812,11,0.9431945538974952,0
389,6,0,11,0.6171689884690075,911,11,0.8884502877862838,0
438,6,0,6,0.3704716718657388,1002,11,0.8884502877862838,0
484,6,0,11,0.7882655145003066,875,11,0.8884502877862838,0
294,6,0,11,1.023025864171159,742,11,0.9431945538974952,0
303,6,0,11,1.0031309192837985,800,11,0.8884502877862838,0
354,6,0,11,0.9235511397343572,906,11,0.9431945538974952,0
378,6,0,11,0.4779043742574848,830,11,0.8884502877862838,0
345,6,0,11,0.919572150756885,800,11,0.9431945538974952,0
361,6,0,11,1.1185215996304887,806,11,0.8884502877862838,0
323,6,0,6,1.090668676788184,738,11,0.8884502877862838,0
364,6,0,11,0.9076351838244688,847,11,0.8884502877862838,0
328,6,0,11,1.3572609382788132,808,11,0.8884502877862838,0
410,6,0,6,0.4023035836855154,903,11,0.8884502877862838,0
267,6,0,6,1.0946476657656563,847,11,0.8884502877862838,0
263,6,0,6,1.3214500374815643,759,11,0.8884502877862838,0
353,6,0,6,0.8956982168920526,971,11,0.8884502877862838,0
380,6,0,11,1.1026056437206004,816,11,0.9431945538974952,0
375,6,0,11,1.4288827398733106,661,11,0.8884502877862838,0
300,6,0,6,0.4062825726629875,987,11,0.9431945538974952,0
351,6,0,11,1.1423955334953213,803,11,0.8884502877862838,0
397,6,0,6,0.7604125916580021,892,11,0.9431945538974952,0
346,6,0,11,1.090668676788184,819,11,0.9431945538974952,0
288,6,0,6,1.1782064342925698,770,11,0.9431945538974952,0
282,6,0,6,1.1145426106530167,991,11,0.8884502877862838,0
397,6,0,6,1.0866896878107122,866,11,0.9431945538974952,0
421,6,0,11,0.5694211207393426,940,11,0.8884502877862838,0
372,6,0,11,1.070773731900824,824,11,0.9431945538974952,0
338,6,0,6,1.046899798035991,909,11,0.8884502877862838,0
299,6,0,11,1.0429208090585194,803,11,0.9431945538974952,0
344,6,0,6,0.7643915806354742,936,11,0.9431945538974952,0
237,6,0,11,0.96732001848655,684,11,0.9431945538974952,0
281,6,0,6,1.078731709855768,676,11,0.8884502877862838,0
324,6,0,11,1.190143401224986,779,11,0.9431945538974952,0
413,6,0,6,0.7842865255228345,1057,11,0.9431945538974952,0
236,6,0,6,0.9872149633739103,787,11,0.8884502877862838,0
400,6,0,11,0.8797822609821643,923,11,0.9431945538974952,0
469,6,0,6,0.9116141728019408,701,11,0.8884502877862838,0
384,6,0,6,0.9514040625766615,855,11,0.8884502877862838,0
322,6,0,11,1.074752720878296,739,11,0.9431945538974952,0
299,6,0,6,1.1145426106530167,692,11,0.9431945538974952,0
279,6,0,11,1.0866896878107122,828,11,0.8884502877862838,0
442,6,0,11,1.090668676788184,741,11,0.9431945538974952,0
326,6,0,6,1.0031309192837985,794,11,0.9431945538974952,0
326,6,0,6,0.6251269664239516,937,11,0.9431945538974952,0
347,6,0,6,0.6251269664239516,1030,11,0.9431945538974952,0
360,6,0,11,0.4739253852800127,992,11,0.9431945538974952,0
396,6,0,6,0.7365386577931696,948,11,0.8884502877862838,0
316,6,0,11,1.349302960323869,660,11,0.9431945538974952,0
404,6,0,11,0.9911939523513824,846,11,0.9431945538974952,0
363,6,0,6,1.074752720878296,754,11,0.8884502877862838,0
345,6,0,6,1.1543325004277374,701,11,0.9431945538974952,0
358,6,0,11,0.8041814704101949,863,11,0.9431945538974952,0
388,6,0,6,0.8837612499596363,818,11,0.9431945538974952,0
296,6,0,11,0.9275301287118292,809,11,0.9431945538974952,0
352,6,0,11,0.7444966357481138,951,11,0.8884502877862838,0
432,6,0,11,0.7683705696129463,1020,11,0.8884502877862838,0
333,6,0,11,0.4699463963025407,967,11,0.9431945538974952,0
281,6,0,11,0.9991519303063264,751,11,0.8884502877862838,0
387,6,0,11,1.007109908261271,829,11,0.8884502877862838,0
293,6,0,6,1.412966783963422,780,11,0.9431945538974952,0
372,6,0,6,0.6092110105140632,926,11,0.8884502877862838,0
378,6,0,6,0.9354881066667734,767,11,0.9431945538974952,0
237,6,0,6,1.3095130705491482,736,11,0.9431945538974952,0
254,6,0,11,1.019046875193687,786,11,0.9431945538974952,0
345,6,0,11,0.274975936406409,935,11,0.8884502877862838,0
286,6,0,11,1.301555092594204,780,11,0.9431945538974952,0
222,6,0,11,1.5482524091974728,760,11,0.8884502877862838,0
439,6,0,11,1.023025864171159,951,11,0.9431945538974952,0
551,6,0,6,0.2073331237893838,1060,11,0.8884502877862838,0
288,6,0,6,1.023025864171159,740,11,0.9431945538974952,0
245,6,0,11,0.8996772058695247,842,11,0.8884502877862838,0
422,6,0,6,0.6927697790409768,791,11,0.9431945538974952,0
316,6,0,11,1.297576103616732,777,11,0.9431945538974952,0
361,6,0,11,1.074752720878296,789,11,0.8884502877862838,0
434,6,0,11,0.96732001848655,954,11,0.9431945538974952,0
275,6,0,6,1.1742274453150978,739,11,0.8884502877862838,0
287,6,0,6,0.9514040625766615,704,11,0.8884502877862838,0
348,6,0,11,0.4938203301673731,963,11,0.8884502877862838,0
288,6,0,6,1.241870257932123,780,11,0.8884502877862838,0
365,6,0,6,0.919572150756885,821,11,0.8884502877862838,0
446,6,0,11,0.378429649820683,929,11,0.8884502877862838,0
302,6,0,11,1.078731709855768,792,11,0.9431945538974952,0
295,6,0,11,0.7246016908607534,797,11,0.9431945538974952,0
459,6,0,11,0.7285806798382255,930,11,0.8884502877862838,0
338,6,0,11,0.7803075365453624,919,11,0.9431945538974952,0
276,6,0,6,0.915593161779413,870,11,0.9431945538974952,0
319,6,0,11,0.541568197897038,931,11,0.9431945538974952,0
285,6,0,11,1.186164412247514,715,11,0.9431945538974952,0
349,6,0,11,0.96732001848655,837,11,0.8884502877862838,0
319,6,0,11,0.8678452940497481,928,11,0.8884502877862838,0
367,6,0,6,0.7126647239283372,918,11,0.9431945538974952,0
318,6,0,6,1.1384165445178491,634,11,0.9431945538974952,0
272,6,0,11,1.0628157539458798,819,11,0.8884502877862838,0
393,6,0,6,0.9832359743964384,725,11,0.8884502877862838,0
374,6,0,11,0.6211479774464795,900,11,0.9431945538974952,0
421,6,0,6,1.074752720878296,747,11,0.9431945538974952,0
355,6,0,6,0.7803075365453624,735,11,0.8884502877862838,0
254,6,0,6,1.241870257932123,824,11,0.9431945538974952,0
323,6,0,6,1.3572609382788132,796,11,0.9431945538974952,0
416,6,0,11,0.8877402389371084,898,11,0.8884502877862838,0
387,6,0,11,0.1197953662849981,1015,11,0.9431945538974952,0
305,6,0,11,1.1583114894052096,724,11,0.8884502877862838,0
418,6,0,11,0.4142405506179316,891,11,0.8884502877862838,0
405,6,0,11,0.5535051648294542,863,11,0.8884502877862838,0
372,6,0,6,0.9951729413288544,758,11,0.8884502877862838,0
346,6,0,6,1.007109908261271,866,11,0.8884502877862838,0
317,6,0,6,1.0429208090585194,840,11,0.8884502877862838,0
328,6,0,11,0.8240764152975553,936,11,0.8884502877862838,0
332,6,0,11,0.5773790986942867,998,11,0.9431945538974952,0
325,6,0,11,1.070773731900824,904,11,0.8884502877862838,0
420,6,0,11,1.0588367649684076,843,11,0.9431945538974952,0
323,6,0,6,1.1225005886079609,688,11,0.9431945538974952,0
380,6,0,6,0.9474250735991896,834,11,0.8884502877862838,0
352,6,0,6,1.070773731900824,703,11,0.8884502877862838,0
350,6,0,6,0.8678452940497481,845,11,0.9431945538974952,0
337,6,0,11,0.9036561948469968,788,11,0.9431945538974952,0
370,6,0,6,0.5455471868745101,837,11,0.8884502877862838,0
292,6,0,11,0.7564336026805301,814,11,0.8884502877862838,0
299,6,0,11,0.5216732530096777,936,11,0.9431945538974952,0
309,6,0,6,1.0628157539458798,722,11,0.8884502877862838,0
370,6,0,6,1.1065846326980726,801,11,0.9431945538974952,0
232,6,0,11,1.349302960323869,613,11,0.9431945538974952,0
393,6,0,6,0.8280554042750273,968,11,0.8884502877862838,0
308,6,0,11,0.7683705696129463,903,11,0.9431945538974952,0
506,6,0,11,0.6688958451761444,1026,11,0.8884502877862838,0
336,6,0,11,0.9593620405316058,898,11,0.8884502877862838,0
375,6,0,11,0.7007277569959209,981,11,0.9431945538974952,0
317,6,0,11,1.0110888972387428,754,11,0.8884502877862838,0
366,6,0,11,0.9354881066667734,746,11,0.9431945538974952,0
399,6,0,6,0.6848118010860327,899,11,0.9431945538974952,0
324,6,0,6,0.7365386577931696,835,11,0.9431945538974952,0
281,6,0,11,0.8758032720046922,837,11,0.8884502877862838,0
403,6,0,11,0.5614631427843984,838,11,0.8884502877862838,0
429,6,0,11,0.7047067459733931,955,11,0.9431945538974952,0
311,6,0,6,1.0588367649684076,751,11,0.8884502877862838,0
329,6,0,11,0.9394670956442456,946,11,0.9431945538974952,0
441,6,0,11,0.6052320215365912,795,11,0.8884502877862838,0
329,6,0,6,0.8439713601849157,930,11,0.9431945538974952,0
300,6,0,11,1.2219753130447626,759,11,0.9431945538974952,0
316,6,0,11,1.2498282358870672,662,11,0.8884502877862838,0
368,6,0,6,0.8360133822299715,839,11,0.9431945538974952,0
215,6,0,6,0.7842865255228345,802,11,0.8884502877862838,0
393,6,0,11,0.6848118010860327,959,11,0.9431945538974952,0
262,6,0,6,0.8559083271173319,789,11,0.9431945538974952,0
368,6,0,11,0.7922445034777786,850,11,0.9431945538974952,0
356,6,0,11,0.8200974263200832,774,11,0.8884502877862838,0
444,6,0,6,0.593295054604175,913,11,0.8884502877862838,0
314,6,0,11,1.0349628311035752,766,11,0.8884502877862838,0
373,6,0,11,0.8200974263200832,856,11,0.9431945538974952,0
428,6,0,11,0.7683705696129463,714,11,0.9431945538974952,0
580,6,0,6,0.4102615616404595,1040,11,0.8884502877862838,0
405,6,0,11,0.6012530325591191,941,11,0.9431945538974952,0
425,6,0,6,0.6052320215365912,904,11,0.8884502877862838,0
430,6,0,6,0.6171689884690075,929,11,0.8884502877862838,0
498,6,0,11,0.4261775175503479,958,11,0.9431945538974952,0
319,6,0,6,1.0031309192837985,725,11,0.9431945538974952,0
238,6,0,6,1.1622904783826815,704,11,0.8884502877862838,0
362,6,0,11,0.8041814704101949,882,11,0.8884502877862838,0
459,6,0,6,0.3863876277756271,950,11,0.8884502877862838,0
248,6,0,6,1.0508787870134637,779,11,0.8884502877862838,0
357,6,0,11,1.281660147706844,798,11,0.9431945538974952,0
355,6,0,11,0.5535051648294542,887,11,0.8884502877862838,0
352,6,0,11,0.9235511397343572,876,11,0.9431945538974952,0
486,6,0,11,0.915593161779413,865,11,0.9431945538974952,0
279,6,0,6,0.808160459387667,988,11,0.9431945538974952,0
422,6,0,11,0.6291059554014237,934,11,0.9431945538974952,0
356,6,0,6,0.96732001848655,878,11,0.8884502877862838,0
415,6,0,11,0.7803075365453624,869,11,0.9431945538974952,0
255,6,0,11,0.8559083271173319,812,11,0.8884502877862838,0
307,6,0,11,1.074752720878296,811,11,0.8884502877862838,0
336,6,0,6,0.7007277569959209,836,11,0.8884502877862838,0
273,6,0,11,0.9991519303063264,783,11,0.9431945538974952,0
435,6,0,11,0.9911939523513824,837,11,0.8884502877862838,0
290,6,0,11,0.7882655145003066,1033,11,0.8884502877862838,0
421,6,0,6,0.6688958451761444,912,11,0.9431945538974952,0
668,6,6,11,0.588464671705031,1374,11,0.9431945538974952,0
705,6,6,11,1.1017542497989286,1744,11,0.9431945538974952,0
657,6,6,11,0.2223976857776001,1252,11,0.9431945538974952,0
798,6,6,11,0.751603219781386,1555,11,0.9431945538974952,0
754,6,6,11,0.4730739913583408,1527,11,0.9431945538974952,0
568,6,6,11,0.6202965835248075,1607,11,0.8884502877862838,0
615,6,6,11,0.3019774653270416,1379,11,0.9431945538974952,0
696,6,6,11,0.4531790464709804,1447,11,0.8884502877862838,0
678,6,6,11,0.6600864732995283,1260,11,0.8884502877862838,0
641,6,6,11,0.7277292859165536,1491,11,0.8884502877862838,0
615,6,6,11,0.3497253330567065,1558,11,0.8884502877862838,0
603,6,6,11,0.4412420795385642,1608,11,0.9431945538974952,0
643,6,6,11,0.3298303881693462,1362,11,0.8884502877862838,0
593,6,6,11,0.3656412889665948,1312,11,0.8884502877862838,0
625,6,6,11,0.6362125394346959,1323,11,0.8884502877862838,0
733,6,6,11,1.1972499852582583,1864,11,0.9431945538974952,0
689,6,6,11,0.751603219781386,1595,11,0.8884502877862838,0
781,6,6,11,0.5526537709077823,1604,11,0.9431945538974952,0
695,6,6,11,1.0778803159340962,1550,11,0.9431945538974952,0
631,6,6,11,0.7595611977363301,1565,11,0.9431945538974952,0
743,6,6,11,0.7356872638714977,1468,11,0.8884502877862838,0
739,6,6,11,0.9226997458126852,1578,11,0.8884502877862838,0
507,6,6,11,0.1786288070254073,1429,11,0.8884502877862838,0
555,6,6,11,0.0433431817913568,1047,11,0.9431945538974952,0
689,6,6,11,0.7595611977363301,1529,11,0.8884502877862838,0
487,6,6,11,0.4253261236286759,1292,11,0.8884502877862838,0
797,6,6,11,1.1654180734384818,1656,11,0.8884502877862838,0
637,6,6,11,0.6839604071643608,1364,11,0.9431945538974952,0
718,6,6,11,0.7078343410291932,1618,11,0.9431945538974952,0
638,6,6,11,0.4014521897638435,1469,11,0.8884502877862838,0
814,6,6,11,1.3564095443571411,1742,11,0.9431945538974952,0
501,6,6,11,0.2621875755523209,1209,11,0.9431945538974952,0
627,6,6,11,0.3258513991918741,1398,11,0.9431945538974952,0
722,6,6,11,0.7794561426236906,1506,11,0.8884502877862838,0
394,6,6,11,0.3258513991918741,1195,11,0.9431945538974952,0
665,6,6,11,0.321872410214402,1643,11,0.8884502877862838,0
542,6,6,11,0.3576833110116507,1459,11,0.9431945538974952,0
506,6,6,11,0.0999004213976378,1208,11,0.8884502877862838,0
554,6,6,11,0.1388389172506866,1399,11,0.9431945538974952,0
707,6,6,11,0.807309065465995,1320,11,0.9431945538974952,0
535,6,6,11,0.4133891566962597,1364,11,0.8884502877862838,0
783,6,6,11,0.7356872638714977,1527,11,0.9431945538974952,0
768,6,6,11,0.859035922173132,1551,11,0.9431945538974952,0
609,6,6,11,0.4492000574935084,1214,11,0.8884502877862838,0
620,6,6,11,1.0937962718439844,1520,11,0.9431945538974952,0
720,6,6,11,0.4531790464709804,1309,11,0.9431945538974952,0
744,6,6,11,0.5685697268176706,1565,11,0.8884502877862838,0
624,6,6,11,0.5645907378401985,1627,11,0.8884502877862838,0
592,6,6,11,0.536737814997894,1610,11,0.9431945538974952,0
650,6,6,11,0.3377883661242903,1329,11,0.8884502877862838,0
677,6,6,11,0.7675191756912743,1449,11,0.9431945538974952,0
745,6,6,11,0.863014911150604,1560,11,0.8884502877862838,0
554,6,6,11,0.7476242308039139,1494,11,0.8884502877862838,0
508,6,6,11,0.1197953662849981,1359,11,0.9431945538974952,0
453,6,6,11,0.2502506086199046,1267,11,0.9431945538974952,0
544,6,6,11,0.0004256969608359,1148,11,0.8884502877862838,0
749,6,6,11,0.859035922173132,1649,11,0.9431945538974952,0
686,6,6,11,0.7555822087588581,1530,11,0.8884502877862838,0
583,6,6,11,0.3298303881693462,1349,11,0.8884502877862838,0
619,6,6,11,1.3086616766274763,1675,11,0.9431945538974952,0
613,6,6,11,0.6242755725022796,1470,11,0.9431945538974952,0
507,6,6,11,0.1706708290704632,1347,11,0.9431945538974952,0
783,6,6,11,1.0062585143395988,1738,11,0.9431945538974952,0
1039,6,6,11,1.4359893239065826,1847,11,0.9431945538974952,0
684,6,6,11,0.6322335504572237,1195,11,0.8884502877862838,0
728,6,6,11,0.3537043220341786,1367,11,0.9431945538974952,0
773,6,6,11,0.8550569331956599,1666,11,0.9431945538974952,0
579,6,6,11,0.3576833110116507,1458,11,0.8884502877862838,0
662,6,6,11,0.4213471346512039,1532,11,0.8884502877862838,0
670,6,6,11,0.4332841015836201,1376,11,0.8884502877862838,0
712,6,6,11,0.6919183851193049,1420,11,0.8884502877862838,0
601,6,6,11,0.1595852560597189,1096,11,0.9431945538974952,0
655,6,6,11,0.8709728891055483,1432,11,0.8884502877862838,0
690,6,6,11,0.1985237519127677,1156,11,0.9431945538974952,0
447,6,6,11,0.4531790464709804,1312,11,0.9431945538974952,0
735,6,6,11,0.8232250213758834,1819,11,0.8884502877862838,0
507,6,6,11,0.2462716196424326,1334,11,0.8884502877862838,0
545,6,6,11,0.6322335504572237,1270,11,0.8884502877862838,0
583,6,6,11,0.5446957929528382,1608,11,0.9431945538974952,0
867,6,6,11,1.014216492294543,1693,11,0.9431945538974952,0
665,6,6,11,0.214439707822656,1415,11,0.8884502877862838,0
595,6,6,11,0.8391409772857716,1438,11,0.9431945538974952,0
519,6,6,11,0.4213471346512039,1471,11,0.9431945538974952,0
644,6,6,11,0.3537043220341786,1363,11,0.8884502877862838,0
599,6,6,11,0.3974732007863714,1298,11,0.9431945538974952,0
717,6,6,11,0.270145553507265,1225,11,0.9431945538974952,0
741,6,6,11,0.9784055914972942,1726,11,0.8884502877862838,0
572,6,6,11,0.4730739913583408,1511,11,0.8884502877862838,0
843,6,6,11,1.1017542497989286,1760,11,0.8884502877862838,0
462,6,6,11,0.3497253330567065,1387,11,0.9431945538974952,0
600,6,6,11,0.3855362338539552,1537,11,0.9431945538974952,0
577,6,6,11,0.3019774653270416,1154,11,0.9431945538974952,0
593,6,6,11,0.3099354432819858,1463,11,0.9431945538974952,0
661,6,6,11,0.6043806276149193,1631,11,0.9431945538974952,0
842,6,6,11,0.6123386055698634,1687,11,0.9431945538974952,0
626,6,6,11,0.1109859944083821,1313,11,0.8884502877862838,0
615,6,6,11,0.2263766747550722,1488,11,0.9431945538974952,0
640,6,6,11,0.8789308670604924,1667,11,0.9431945538974952,0
719,6,6,11,0.9425946907000456,1746,11,0.8884502877862838,0
664,6,6,11,0.8749518780830203,1573,11,0.9431945538974952,0
743,6,6,11,1.0858382938890403,1660,11,0.8884502877862838,0
715,6,6,11,0.3377883661242903,1386,11,0.8884502877862838,0
705,6,6,11,0.429305112606148,1417,11,0.8884502877862838,0
779,6,6,11,0.6680444512544724,1636,11,0.8884502877862838,0
812,6,6,11,0.5685697268176706,1662,11,0.9431945538974952,0
672,6,6,11,0.8988258119478527,1632,11,0.9431945538974952,0
653,6,6,11,0.958510646609934,1319,11,0.8884502877862838,0
748,6,6,11,0.1945447629352956,1689,11,0.8884502877862838,0
547,6,6,11,0.270145553507265,1390,11,0.8884502877862838,0
637,6,6,11,0.3338093771468182,1376,11,0.8884502877862838,0
659,6,6,11,0.4889899472682291,1416,11,0.8884502877862838,0
566,6,6,11,0.2860615094171533,1362,11,0.9431945538974952,0
829,6,6,11,0.5049059031781175,1519,11,0.8884502877862838,0
827,6,6,11,0.6282545614797517,1591,11,0.8884502877862838,0
681,6,6,11,0.3616622999891227,1376,11,0.8884502877862838,0
637,6,6,11,0.1507758841831028,1136,11,0.8884502877862838,0
543,6,6,11,0.1277533442399423,1121,11,0.9431945538974952,0
642,6,6,11,0.962489635587406,1764,11,0.8884502877862838,0
555,6,6,11,0.1905657739578236,1385,11,0.9431945538974952,0
526,6,6,11,0.1229229613407983,1334,11,0.9431945538974952,0
618,6,6,11,0.0760264875328053,1096,11,0.8884502877862838,0
814,6,6,11,1.2688717868527557,1538,11,0.8884502877862838,0
662,6,6,11,0.6760024292094166,1344,11,0.8884502877862838,0
665,6,6,11,0.8470989552407158,1391,11,0.9431945538974952,0
738,6,6,11,1.0102375033170707,1915,11,0.8884502877862838,0
631,6,6,11,0.3576833110116507,1475,11,0.9431945538974952,0
527,6,6,11,0.378429649820683,1263,11,0.9431945538974952,0
644,6,6,11,0.2422926306649605,1476,11,0.9431945538974952,0
696,6,6,11,0.6282545614797517,1550,11,0.9431945538974952,0
620,6,6,11,0.2184186968001281,1443,11,0.9431945538974952,0
789,6,6,11,1.0579853710467355,1608,11,0.9431945538974952,0
786,6,6,11,1.0858382938890403,1592,11,0.8884502877862838,0
460,6,6,11,0.4372630905610921,1435,11,0.9431945538974952,0
732,6,6,11,0.7993510875110509,1508,11,0.9431945538974952,0
620,6,6,11,0.3019774653270416,1384,11,0.8884502877862838,0
546,6,6,11,0.3059564543045137,1416,11,0.8884502877862838,0
772,6,6,11,0.9823845804747664,1350,11,0.9431945538974952,0
657,6,6,11,0.3019774653270416,1581,11,0.8884502877862838,0
606,6,6,11,0.2104607188451839,1330,11,0.9431945538974952,0
610,6,6,11,0.2383136416874884,1221,11,0.9431945538974952,0
729,6,6,11,0.6720234402319445,1302,11,0.9431945538974952,0
689,6,6,11,0.540716803975366,1285,11,0.8884502877862838,0
488,6,6,11,0.7874141205786347,1539,11,0.9431945538974952,0
651,6,6,11,0.6879393961418329,1510,11,0.9431945538974952,0
623,6,6,11,0.10700700543091,1263,11,0.8884502877862838,0
593,6,6,11,0.5287798370429498,1432,11,0.8884502877862838,0
662,6,6,11,0.0839844654877495,1184,11,0.9431945538974952,0
775,6,6,11,0.5446957929528382,1219,11,0.8884502877862838,0
570,6,6,11,0.0640895206003891,1234,11,0.9431945538974952,0
572,6,6,11,0.7157923189841373,1319,11,0.8884502877862838,0
811,6,6,11,0.5248008480654778,1350,11,0.9431945538974952,0
558,6,6,11,0.2263766747550722,1299,11,0.9431945538974952,0
461,6,6,11,0.4133891566962597,1195,11,0.8884502877862838,0
636,6,6,11,0.7356872638714977,1778,11,0.9431945538974952,0
660,6,6,11,0.6362125394346959,1638,11,0.8884502877862838,0
798,6,6,11,0.8431199662632437,1569,11,0.8884502877862838,0
604,6,6,11,1.0380904261593753,1584,11,0.8884502877862838,0
748,6,6,11,0.7396662528489698,1612,11,0.9431945538974952,0
606,6,6,11,0.0910910495210217,1172,11,0.9431945538974952,0
661,6,6,11,0.4372630905610921,1371,11,0.9431945538974952,0
682,6,6,11,0.3616622999891227,1340,11,0.9431945538974952,0
539,6,6,11,0.5208218590880057,1400,11,0.8884502877862838,0
586,6,6,11,0.6282545614797517,1342,11,0.8884502877862838,0
769,6,6,11,0.5805066937500868,1553,11,0.8884502877862838,0
446,6,6,11,0.2511020025415766,1132,11,0.8884502877862838,0
612,6,6,11,0.5168428701105336,1203,11,0.8884502877862838,0
732,6,6,11,0.9187207568352131,1630,11,0.8884502877862838,0
541,6,6,11,0.4014521897638435,1524,11,0.8884502877862838,0
734,6,6,11,0.4133891566962597,1562,11,0.8884502877862838,0
642,6,6,11,0.3616622999891227,1367,11,0.9431945538974952,0
724,6,6,11,0.6600864732995283,1532,11,0.9431945538974952,0
531,6,6,11,0.7754771536462185,1716,11,0.8884502877862838,0
454,6,6,11,0.2422926306649605,1071,11,0.9431945538974952,0
569,6,6,11,0.055280148723773,1165,11,0.8884502877862838,0
696,6,6,11,0.7356872638714977,1330,11,0.8884502877862838,0
727,6,6,11,0.0871120605435496,1441,11,0.9431945538974952,0
596,6,6,11,0.0083836749157801,1283,11,0.9431945538974952,0
684,6,6,11,0.0672171156561892,1352,11,0.8884502877862838,0
662,6,6,11,0.5924436606825031,1448,11,0.8884502877862838,0
687,6,6,11,0.8709728891055483,1656,11,0.8884502877862838,0
726,6,6,11,0.8431199662632437,1444,11,0.8884502877862838,0
684,6,6,11,0.6680444512544724,1431,11,0.8884502877862838,0
599,6,6,11,0.2582085865748488,1369,11,0.8884502877862838,0
584,6,6,11,0.214439707822656,1280,11,0.8884502877862838,0
703,6,6,11,1.0102375033170707,1674,11,0.9431945538974952,0
500,6,6,11,0.6043806276149193,1532,11,0.9431945538974952,0
712,6,6,11,0.699876363074249,1463,11,0.8884502877862838,0
893,6,6,11,0.7038553520517211,1634,11,0.8884502877862838,0
471,6,6,11,0.2263766747550722,1183,11,0.8884502877862838,0
782,6,6,11,0.7993510875110509,1810,11,0.8884502877862838,0
602,6,6,11,0.6720234402319445,1530,11,0.8884502877862838,0
640,6,6,11,0.1149649833858541,1358,11,0.8884502877862838,0
701,6,6,11,0.3497253330567065,1443,11,0.8884502877862838,0
654,6,6,11,0.3338093771468182,1577,11,0.9431945538974952,0
604,6,6,11,0.3696202779440669,1485,11,0.8884502877862838,0
592,6,6,11,0.2820825204396813,1542,11,0.9431945538974952,0
561,6,6,11,0.699876363074249,1273,11,0.8884502877862838,0
638,6,6,11,0.4372630905610921,1353,11,0.8884502877862838,0
628,6,6,11,0.8510779442181878,1726,11,0.9431945538974952,0
605,6,6,11,0.3178934212369299,1467,11,0.8884502877862838,0
606,6,6,11,0.5168428701105336,1535,11,0.8884502877862838,0
763,6,6,11,0.8709728891055483,1552,11,0.9431945538974952,0
665,6,6,11,0.4372630905610921,1200,11,0.9431945538974952,0
697,6,6,11,0.7595611977363301,1533,11,0.8884502877862838,0
739,6,6,11,0.4014521897638435,1551,11,0.8884502877862838,0
638,6,6,11,0.536737814997894,1262,11,0.9431945538974952,0
702,6,6,11,0.321872410214402,1511,11,0.9431945538974952,0
669,6,6,11,0.0831330715660775,1342,11,0.8884502877862838,0
472,6,6,11,0.2741245424847371,1286,11,0.8884502877862838,0
819,6,6,11,1.149502117528593,1818,11,0.8884502877862838,0
604,6,6,11,0.1428179062281586,1118,11,0.8884502877862838,0
523,6,6,11,0.4492000574935084,1261,11,0.8884502877862838,0
575,6,6,11,0.4850109582907571,1328,11,0.8884502877862838,0
802,6,6,11,0.9346367127451014,1593,11,0.9431945538974952,0
513,6,6,11,0.6052320215365912,986,11,0.9431945538974952,0
709,6,6,11,0.5526537709077823,1525,11,0.8884502877862838,0
659,6,6,11,0.3059564543045137,1423,11,0.9431945538974952,0
722,6,6,11,1.022174470249487,1606,11,0.9431945538974952,0
602,6,6,11,0.5765277047726147,1470,11,0.9431945538974952,0
640,6,6,11,0.9187207568352131,1692,11,0.8884502877862838,0
697,6,6,11,1.0858382938890403,1647,11,0.9431945538974952,0
524,6,6,11,0.6680444512544724,1403,11,0.9431945538974952,0
566,6,6,11,0.4094101677187876,1411,11,0.9431945538974952,0
806,6,6,11,1.447926290838999,1956,11,0.9431945538974952,0
702,6,6,11,0.6282545614797517,1294,11,0.9431945538974952,0
672,6,6,11,0.1905657739578236,1287,11,0.9431945538974952,0
759,6,6,11,0.5088848921555895,1315,11,0.8884502877862838,0
580,6,6,11,0.1269019503182704,1270,11,0.9431945538974952,0
580,6,6,11,0.1865867849803515,1393,11,0.8884502877862838,0
760,6,6,11,0.7078343410291932,1450,11,0.8884502877862838,0
534,6,6,11,0.8470989552407158,1589,11,0.8884502877862838,0
651,6,6,11,0.863014911150604,1495,11,0.9431945538974952,0
730,6,6,11,0.4651160134033967,1329,11,0.8884502877862838,0
586,6,6,11,0.5486747819303103,1470,11,0.8884502877862838,0
671,6,6,11,0.2979984763495695,1339,11,0.9431945538974952,0
574,6,6,11,0.6839604071643608,1563,11,0.9431945538974952,0
648,6,6,11,0.7834351316011626,1585,11,0.9431945538974952,0
622,6,6,11,0.1467968952056307,1377,11,0.9431945538974952,0
580,6,6,11,0.5168428701105336,1532,11,0.9431945538974952,0
590,6,6,11,0.1556062670822468,1217,11,0.8884502877862838,0
790,6,6,11,0.5287798370429498,1526,11,0.9431945538974952,0
490,6,6,11,0.0115112699715802,1083,11,0.9431945538974952,0
608,6,6,11,0.4730739913583408,1380,11,0.9431945538974952,0
574,6,6,11,0.5486747819303103,1572,11,0.9431945538974952,0
691,6,6,11,0.4889899472682291,1424,11,0.9431945538974952,0
683,6,6,11,0.8789308670604924,1575,11,0.9431945538974952,0
865,6,6,11,1.0898172828665122,1621,11,0.8884502877862838,0
587,6,6,11,0.1348599282732145,1316,11,0.8884502877862838,0
577,6,6,11,0.699876363074249,1594,11,0.8884502877862838,0
607,6,6,11,0.2979984763495695,1481,11,0.9431945538974952,0
566,6,6,11,0.6600864732995283,1477,11,0.9431945538974952,0
665,6,6,11,0.3258513991918741,1146,11,0.8884502877862838,0
829,6,6,11,0.8232250213758834,1643,11,0.9431945538974952,0
603,6,6,11,0.4133891566962597,1346,11,0.8884502877862838,0
435,6,6,11,0.1348599282732145,1220,11,0.9431945538974952,0
561,6,6,11,0.9187207568352131,1683,11,0.9431945538974952,0
475,6,6,11,0.1945447629352956,1187,11,0.8884502877862838,0
875,6,6,11,0.5168428701105336,1581,11,0.9431945538974952,0
865,6,6,11,0.9187207568352131,1617,11,0.9431945538974952,0
746,6,6,11,0.5049059031781175,1340,11,0.8884502877862838,0
505,6,6,11,0.0154902589490523,1349,11,0.8884502877862838,0
672,6,6,11,0.4332841015836201,1585,11,0.9431945538974952,0
681,6,6,11,0.64417051738964,1560,11,0.9431945538974952,0
787,6,6,11,0.6322335504572237,1360,11,0.8884502877862838,0
658,6,6,11,0.4690950023808687,1160,11,0.8884502877862838,0
584,6,6,11,0.640191528412168,1348,11,0.8884502877862838,0
693,6,6,11,0.2422926306649605,1410,11,0.9431945538974952,0
809,6,6,11,0.2900404983946254,1411,11,0.9431945538974952,0
607,6,6,11,0.8789308670604924,1690,11,0.8884502877862838,0
628,6,6,11,0.321872410214402,1546,11,0.8884502877862838,0
754,6,6,11,0.9943215474071824,1607,11,0.9431945538974952,0
759,6,6,11,0.2502506086199046,1393,11,0.9431945538974952,0
792,6,6,11,1.0778803159340962,1738,11,0.8884502877862838,0
648,6,6,11,0.8112880544434671,1593,11,0.9431945538974952,0
600,6,6,11,0.0910910495210217,1343,11,0.8884502877862838,0
777,6,6,11,1.1972499852582583,1442,11,0.9431945538974952,0
522,6,6,11,0.373599266921539,1270,11,0.9431945538974952,0
577,6,6,11,0.536737814997894,1362,11,0.9431945538974952,0
585,6,6,11,0.2781035314622092,1414,11,0.9431945538974952,0
586,6,6,11,0.2104607188451839,1372,11,0.8884502877862838,0
768,6,6,11,0.6720234402319445,1707,11,0.8884502877862838,0
652,6,6,11,0.4730739913583408,1529,11,0.8884502877862838,0
699,6,6,11,0.6799814181868887,1157,11,0.9431945538974952,0
591,6,6,11,0.2741245424847371,1172,11,0.9431945538974952,0
766,6,6,11,0.6322335504572237,1348,11,0.8884502877862838,0
626,6,6,11,0.6481495063671121,1358,11,0.8884502877862838,0
685,6,6,11,0.8351619883082996,1640,11,0.9431945538974952,0
719,6,6,11,0.859035922173132,1423,11,0.8884502877862838,0
755,6,6,11,0.6919183851193049,1680,11,0.8884502877862838,0
722,6,6,11,1.0699223379791518,1685,11,0.9431945538974952,0
584,6,6,11,0.640191528412168,1515,11,0.9431945538974952,0
553,6,6,11,0.859035922173132,1488,11,0.9431945538974952,0
707,6,6,11,0.910762778880269,1462,11,0.9431945538974952,0
737,6,6,11,0.6561074843220562,1519,11,0.9431945538974952,0
644,6,6,11,0.6879393961418329,1510,11,0.8884502877862838,0
657,6,6,11,0.162712851115519,1495,11,0.9431945538974952,0
563,6,6,11,0.1308809392957424,1460,11,0.8884502877862838,0
698,6,6,11,0.8351619883082996,1475,11,0.9431945538974952,0
681,6,6,11,0.9943215474071824,1620,11,0.9431945538974952,0
714,6,6,11,0.9028048009253248,1604,11,0.9431945538974952,0
538,6,6,11,0.1467968952056307,1456,11,0.9431945538974952,0
689,6,6,11,0.8152670434209391,1506,11,0.9431945538974952,0
472,6,6,11,0.0004256969608359,1222,11,0.9431945538974952,0
544,6,6,11,0.0950700384984938,1561,11,0.8884502877862838,0
693,6,6,11,0.9983005363846544,1390,11,0.9431945538974952,0
473,6,6,11,0.7993510875110509,1436,11,0.9431945538974952,0
735,6,6,11,0.9386157017225736,1584,11,0.8884502877862838,0
679,6,6,11,0.4492000574935084,1633,11,0.8884502877862838,0
741,6,6,11,0.8192460323984113,1468,11,0.8884502877862838,0
680,6,6,11,0.3696202779440669,1648,11,0.8884502877862838,0
481,6,6,11,0.3696202779440669,1244,11,0.9431945538974952,0
651,6,6,11,0.3338093771468182,1462,11,0.8884502877862838,0
609,6,6,11,0.9545316576324616,1483,11,0.8884502877862838,0
829,6,6,11,1.133586161618705,1882,11,0.8884502877862838,0
766,6,6,11,0.7436452418264419,1543,11,0.9431945538974952,0
813,6,6,11,0.3497253330567065,1317,11,0.8884502877862838,0
626,6,6,11,0.5765277047726147,1431,11,0.9431945538974952,0
622,6,6,11,0.4173681456737318,1453,11,0.8884502877862838,0
507,6,6,11,0.162712851115519,1183,11,0.9431945538974952,0
773,6,6,11,0.910762778880269,1532,11,0.9431945538974952,0
736,6,6,11,1.1176702057088168,1680,11,0.8884502877862838,0
528,6,6,11,0.536737814997894,1450,11,0.8884502877862838,0
593,6,6,11,0.0959214324201657,1184,11,0.9431945538974952,0
647,6,6,11,0.6322335504572237,1570,11,0.9431945538974952,0
562,6,6,11,0.1826077960028794,1479,11,0.8884502877862838,0
831,6,6,11,0.8829098560379645,1580,11,0.9431945538974952,0
688,6,6,11,0.5208218590880057,1394,11,0.9431945538974952,0
772,6,6,11,0.5446957929528382,1266,11,0.9431945538974952,0
595,6,6,11,0.3656412889665948,1214,11,0.9431945538974952,0
702,6,6,11,0.8152670434209391,1691,11,0.9431945538974952,0
699,6,6,11,0.4810319693132849,1489,11,0.9431945538974952,0
735,6,6,11,1.3524305553796692,1740,11,0.9431945538974952,0
705,6,6,11,0.1905657739578236,1435,11,0.9431945538974952,0
735,6,6,11,0.321872410214402,1159,11,0.9431945538974952,0
629,6,6,11,0.2900404983946254,1388,11,0.8884502877862838,0
813,6,6,11,0.4452210685160363,1627,11,0.9431945538974952,0
671,6,6,11,0.6282545614797517,1590,11,0.8884502877862838,0
649,6,6,11,0.2184186968001281,1284,11,0.9431945538974952,0
579,6,6,11,0.0234482369039964,1268,11,0.9431945538974952,0
671,6,6,11,1.0022795253621266,1509,11,0.8884502877862838,0
666,6,6,11,0.6521284953445842,1464,11,0.8884502877862838,0
773,6,6,11,0.9823845804747664,1648,11,0.9431945538974952,0
690,6,6,11,0.8192460323984113,1671,11,0.9431945538974952,0
440,6,6,11,0.1109859944083821,1267,11,0.9431945538974952,0
540,6,6,11,0.9028048009253248,1581,11,0.8884502877862838,0
556,6,6,11,0.2900404983946254,1333,11,0.8884502877862838,0
577,6,6,11,0.3537043220341786,1493,11,0.9431945538974952,0
639,6,6,11,0.4571580354484525,1488,11,0.9431945538974952,0
437,6,6,11,0.3934942118088994,1328,11,0.9431945538974952,0
721,6,6,11,0.3377883661242903,1529,11,0.9431945538974952,0
536,6,6,11,0.2064817298677118,1300,11,0.9431945538974952,0
584,6,6,11,0.1945447629352956,1374,11,0.8884502877862838,0
640,6,6,11,0.540716803975366,1535,11,0.9431945538974952,0
630,5,6,11,0.2670179584514649,1377,12,0.9431945538974952,1
573,6,6,11,0.2192700907218,1473,12,0.9431945538974952,1
736,5,6,11,0.0433431817913568,1765,12,0.9431945538974952,1
739,5,6,11,0.0004256969608359,1734,12,0.9431945538974952,1
549,2,6,11,0.3656412889665948,1955,12,0.9431945538974952,1
799,6,6,11,0.2351860466316883,1731,12,0.9431945538974952,1
663,5,6,11,0.4221985285728758,1408,12,0.9431945538974952,1
653,2,6,11,0.3068078482261857,1525,12,0.9431945538974952,1
806,6,6,11,0.1030280164534379,1683,12,0.9431945538974952,1
687,2,6,11,0.1158163773075261,1595,12,0.9431945538974952,1
541,6,6,11,0.3068078482261857,1287,12,0.9431945538974952,1
415,6,6,11,0.6688958451761444,986,12,0.9431945538974952,1
751,5,6,11,0.3855362338539552,1694,12,0.9431945538974952,1
740,6,6,11,0.0203206418481963,1594,12,0.9431945538974952,1
713,2,6,11,0.0720474985553333,1593,12,0.9431945538974952,1
503,5,6,11,0.3863876277756271,1194,12,0.9431945538974952,1
653,2,6,11,0.2471230135641045,1558,12,0.9431945538974952,1
578,5,6,11,0.7564336026805301,1214,12,0.9431945538974952,1
658,5,6,11,0.5017783081223173,1518,12,0.9431945538974952,1
534,5,6,11,0.4102615616404595,1429,12,0.9431945538974952,1
554,2,6,11,0.5734001097168147,1217,12,0.9431945538974952,1
683,2,6,11,0.274975936406409,1358,12,0.9431945538974952,1
872,5,6,11,0.0831330715660775,1616,12,0.9431945538974952,1
704,5,6,11,0.2988498702712415,1442,12,0.9431945538974952,1
580,6,6,11,0.4460724624377082,1579,12,0.9431945538974952,1
660,5,6,11,0.1078583993525819,1746,12,0.9431945538974952,1
637,2,6,11,0.1595852560597189,1411,12,0.9431945538974952,1
472,6,6,11,0.4142405506179316,1352,12,0.9431945538974952,1
575,6,6,11,0.0521525536679729,1347,12,0.9431945538974952,1
660,2,6,11,0.378429649820683,1277,12,0.9431945538974952,1
670,5,6,11,0.2351860466316883,1821,12,0.9431945538974952,1
626,2,6,11,0.274975936406409,1346,12,0.9431945538974952,1
949,2,6,11,0.111837388330054,1537,12,0.9431945538974952,1
515,2,6,11,0.4779043742574848,1381,12,0.9431945538974952,1
728,6,6,11,0.5614631427843984,1431,12,0.9431945538974952,1
690,2,6,11,0.3505767269783785,1441,12,0.9431945538974952,1
655,5,6,11,0.5097362860772614,1441,12,0.9431945538974952,1
545,6,6,11,0.5535051648294542,1191,12,0.9431945538974952,1
682,2,6,11,0.3664926828882667,1336,12,0.9431945538974952,1
601,6,6,11,0.1308809392957424,1558,12,0.9431945538974952,1
628,5,6,11,1.0389418200810472,1341,12,0.9431945538974952,1
808,6,6,11,0.2900404983946254,1670,12,0.9431945538974952,1
642,2,6,11,0.3417673551017623,1816,12,0.9431945538974952,1
719,5,6,11,0.0879634544652216,1591,12,0.9431945538974952,1
643,5,6,11,0.5137152750547335,1460,12,0.9431945538974952,1
723,2,6,11,0.2550809915190487,1711,12,0.9431945538974952,1
678,2,6,11,0.541568197897038,1309,12,0.9431945538974952,1
700,6,6,11,0.4142405506179316,1478,12,0.9431945538974952,1
811,2,6,11,0.5893160656267029,1466,12,0.9431945538974952,1
723,2,6,11,0.0632381266787172,1753,12,0.9431945538974952,1
723,6,6,11,0.2590599804965208,1575,12,0.9431945538974952,1
612,5,6,11,0.1078583993525819,1557,12,0.9431945538974952,1
727,6,6,11,0.2542295975973768,1662,12,0.9431945538974952,1
550,6,6,11,0.9354881066667734,1245,12,0.9431945538974952,1
586,6,6,11,0.5137152750547335,1380,12,0.9431945538974952,1
563,6,6,11,0.6251269664239516,1361,12,0.9431945538974952,1
687,6,6,11,0.4938203301673731,1294,12,0.9431945538974952,1
698,2,6,11,0.0720474985553333,1414,12,0.9431945538974952,1
670,5,6,11,0.1030280164534379,1716,12,0.9431945538974952,1
695,2,6,11,0.3147658261811298,1361,12,0.9431945538974952,1
595,5,6,11,0.1516272781047747,1595,12,0.9431945538974952,1
611,6,6,11,0.1396903111723585,1596,12,0.9431945538974952,1
686,5,6,11,0.1945447629352956,1813,12,0.9431945538974952,1
666,2,6,11,0.1237743552624702,1520,12,0.9431945538974952,1
628,5,6,11,0.2272280686767442,1466,12,0.9431945538974952,1
793,2,6,11,0.111837388330054,1495,12,0.9431945538974952,1
713,5,6,11,0.2621875755523209,1836,12,0.9431945538974952,1
664,2,6,11,0.1953961568569676,1465,12,0.9431945538974952,1
634,2,6,11,0.2272280686767442,1464,12,0.9431945538974952,1
649,5,6,11,0.0831330715660775,1590,12,0.9431945538974952,1
792,5,6,11,0.6211479774464795,1460,12,0.9431945538974952,1
768,6,6,11,0.0154902589490523,1587,12,0.9431945538974952,1
735,6,6,11,0.1237743552624702,1246,12,0.9431945538974952,1
780,6,6,11,0.1755012119696072,1389,12,0.9431945538974952,1
774,5,6,11,0.593295054604175,1381,12,0.9431945538974952,1
739,5,6,11,0.1706708290704632,1541,12,0.9431945538974952,1
560,5,6,11,0.5734001097168147,1421,12,0.9431945538974952,1
691,6,6,11,0.5336102199420939,1251,12,0.9431945538974952,1
693,5,6,11,0.2542295975973768,1682,12,0.9431945538974952,1
814,2,6,11,0.0481735646905008,1617,12,0.9431945538974952,1
697,5,6,11,0.5574841538069263,1346,12,0.9431945538974952,1
604,6,6,11,0.3426187490234343,1140,12,0.9431945538974952,1
611,6,6,11,0.5853370766492308,1657,12,0.9431945538974952,1
458,2,6,11,0.8559083271173319,1295,12,0.9431945538974952,1
396,5,6,11,0.7962234924552508,1296,12,0.9431945538974952,1
568,5,6,11,1.030983842126103,1347,12,0.9431945538974952,1
814,2,6,11,0.0282786198031404,1512,12,0.9431945538974952,1
713,2,6,11,0.321872410214402,1524,12,0.9431945538974952,1
809,6,6,11,0.3147658261811298,1291,12,0.9431945538974952,1
448,6,6,11,0.7405176467706417,1296,12,0.9431945538974952,1
620,6,6,11,0.2471230135641045,1356,12,0.9431945538974952,1
649,5,6,11,0.1547548731605749,1558,12,0.9431945538974952,1
726,5,6,11,0.6410429223338399,1376,12,0.9431945538974952,1
840,5,6,11,0.0592591377012451,1551,12,0.9431945538974952,1
733,5,6,11,0.5137152750547335,1512,12,0.9431945538974952,1
670,6,6,11,0.0760264875328053,1397,12,0.9431945538974952,1
652,2,6,11,0.2192700907218,1500,12,0.9431945538974952,1
565,6,6,11,0.7206227018832814,1074,12,0.9431945538974952,1
681,6,6,11,0.4023035836855154,1306,12,0.9431945538974952,1
650,5,6,11,0.2113121127668558,1546,12,0.9431945538974952,1
631,2,6,11,0.2033541348119117,1456,12,0.9431945538974952,1
612,2,6,11,0.7365386577931696,1158,12,0.9431945538974952,1
706,2,6,11,0.5455471868745101,1245,12,0.9431945538974952,1
671,6,6,11,0.3107868372036577,1582,12,0.9431945538974952,1
639,5,6,11,0.6569588782437281,1190,12,0.9431945538974952,1
665,5,6,11,0.6012530325591191,1611,12,0.9431945538974952,1
827,5,6,11,0.695897374096777,1476,12,0.9431945538974952,1
700,6,6,11,0.1985237519127677,1578,12,0.9431945538974952,1
413,6,6,11,0.163564245037191,1522,12,0.9431945538974952,1
618,5,6,11,0.3107868372036577,1379,12,0.9431945538974952,1
591,5,6,11,0.8161184373426111,1259,12,0.9431945538974952,1
488,6,6,11,0.0353852038364127,1411,12,0.9431945538974952,1
653,2,6,11,0.4102615616404595,1306,12,0.9431945538974952,1
595,6,6,11,0.2192700907218,1556,12,0.9431945538974952,1
678,6,6,11,0.4779043742574848,1334,12,0.9431945538974952,1
710,6,6,11,0.0123626638932521,1396,12,0.9431945538974952,1
383,5,6,11,1.0349628311035752,1164,12,0.9431945538974952,1
635,2,6,11,0.4023035836855154,1237,12,0.9431945538974952,1
649,2,6,11,0.6450219113113119,1411,12,0.9431945538974952,1
673,5,6,11,0.1993751458344396,1526,12,0.9431945538974952,1
701,5,6,11,0.2391650356091604,1564,12,0.9431945538974952,1
807,6,6,11,0.2511020025415766,1695,12,0.9431945538974952,1
675,6,6,11,0.6521284953445842,1865,12,0.9431945538974952,1
714,5,6,11,0.1396903111723585,1657,12,0.9431945538974952,1
607,2,6,11,0.5017783081223173,1562,12,0.9431945538974952,1
726,5,6,11,0.3497253330567065,1667,12,0.9431945538974952,1
806,5,6,11,0.266166564529793,1834,12,0.9431945538974952,1
598,6,6,11,0.2152911017443279,1329,12,0.9431945538974952,1
746,5,6,11,0.3744506608432109,1260,12,0.9431945538974952,1
780,5,6,11,0.2422926306649605,1455,12,0.9431945538974952,1
816,5,6,11,0.056131542645445,1758,12,0.9431945538974952,1
684,6,6,11,0.5455471868745101,1284,12,0.9431945538974952,1
639,6,6,11,0.0481735646905008,1584,12,0.9431945538974952,1
568,2,6,11,0.2948708812937694,1440,12,0.9431945538974952,1
668,6,6,11,0.5574841538069263,1276,12,0.9431945538974952,1
827,2,6,11,0.0871120605435496,1445,12,0.9431945538974952,1
525,5,6,11,0.3585347049333226,1572,12,0.9431945538974952,1
641,6,6,11,0.7564336026805301,1476,12,0.9431945538974952,1
560,5,6,11,0.2073331237893838,1622,12,0.9431945538974952,1
619,5,6,11,0.0720474985553333,1545,12,0.9431945538974952,1
520,2,6,11,0.0203206418481963,1694,12,0.9431945538974952,1
560,2,6,11,0.537589208919566,1324,12,0.9431945538974952,1
573,2,6,11,0.537589208919566,1504,12,0.9431945538974952,1
731,2,6,11,0.7564336026805301,1250,12,0.9431945538974952,1
591,6,6,11,0.0680685095778612,1553,12,0.9431945538974952,1
671,5,6,11,0.382408638798155,1145,12,0.9431945538974952,1
791,5,6,11,0.3616622999891227,1610,12,0.9431945538974952,1
627,5,6,11,0.0123626638932521,1341,12,0.9431945538974952,1
553,6,6,11,0.4540304403926524,1398,12,0.9431945538974952,1
610,5,6,11,0.0163416528707242,1402,12,0.9431945538974952,1
644,2,6,11,0.0680685095778612,1557,12,0.9431945538974952,1
567,2,6,11,0.4699463963025407,1453,12,0.9431945538974952,1
588,5,6,11,0.3068078482261857,1560,12,0.9431945538974952,1
682,2,6,11,0.0839844654877495,1407,12,0.9431945538974952,1
742,2,6,11,0.2113121127668558,1416,12,0.9431945538974952,1
512,5,6,11,0.0083836749157801,1481,12,0.9431945538974952,1
669,5,6,11,0.3147658261811298,1455,12,0.9431945538974952,1
689,5,6,11,0.4381144844827641,1407,12,0.9431945538974952,1
676,6,6,11,0.0481735646905008,1523,12,0.9431945538974952,1
540,5,6,11,0.3625136939107947,1456,12,0.9431945538974952,1
498,6,6,11,0.537589208919566,1168,12,0.9431945538974952,1
706,6,6,11,0.2431440245866324,1571,12,0.9431945538974952,1
878,2,6,11,0.1905657739578236,1606,12,0.9431945538974952,1
637,2,6,11,0.1595852560597189,1447,12,0.9431945538974952,1
603,6,6,11,0.4898413411899011,1632,12,0.9431945538974952,1
633,5,6,11,0.3505767269783785,1355,12,0.9431945538974952,1
632,2,6,11,0.0720474985553333,1538,12,0.9431945538974952,1
572,5,6,11,0.111837388330054,1227,12,0.9431945538974952,1
776,6,6,11,0.2869129033388253,1404,12,0.9431945538974952,1
565,5,6,11,0.6012530325591191,1363,12,0.9431945538974952,1
596,2,6,11,0.7007277569959209,1371,12,0.9431945538974952,1
641,5,6,11,0.4182195395954037,1469,12,0.9431945538974952,1
575,5,6,11,0.1834591899245513,1459,12,0.9431945538974952,1
731,6,6,11,0.2630389694739928,1466,12,0.9431945538974952,1
670,6,6,11,0.2590599804965208,1438,12,0.9431945538974952,1
575,6,6,11,0.485862352212429,1349,12,0.9431945538974952,1
682,6,6,11,0.326702793113546,1340,12,0.9431945538974952,1
749,2,6,11,0.0314062148589406,1696,12,0.9431945538974952,1
531,5,6,11,0.4261775175503479,1474,12,0.9431945538974952,1
689,2,6,11,0.593295054604175,1534,12,0.9431945538974952,1
549,5,6,11,0.649000900288784,1251,12,0.9431945538974952,1
784,2,6,11,0.2988498702712415,1636,12,0.9431945538974952,1
505,6,6,11,0.6131899994915354,1189,12,0.9431945538974952,1
674,6,6,11,0.4460724624377082,1186,12,0.9431945538974952,1
725,2,6,11,0.537589208919566,1277,12,0.9431945538974952,1
588,5,6,11,0.7365386577931696,1164,12,0.9431945538974952,1
897,2,6,11,0.6202965835248075,1898,12,0.9431945538974952,1
701,5,6,11,0.0632381266787172,1649,12,0.9431945538974952,1
567,6,6,11,0.859887316094804,1219,12,0.9431945538974952,1
740,2,6,11,0.3505767269783785,1404,12,0.9431945538974952,1
777,5,6,11,0.2988498702712415,1456,12,0.9431945538974952,1
722,5,6,11,0.382408638798155,1569,12,0.9431945538974952,1
710,2,6,11,0.0402155867355567,1509,12,0.9431945538974952,1
566,2,6,11,0.7564336026805301,1230,12,0.9431945538974952,1
728,5,6,11,0.1030280164534379,1412,12,0.9431945538974952,1
552,6,6,11,0.9434460846217176,1069,12,0.9431945538974952,1
602,6,6,11,0.3386397600459622,1171,12,0.9431945538974952,1
741,6,6,11,0.270996947428937,1380,12,0.9431945538974952,1
653,6,6,11,0.5813580876717588,1303,12,0.9431945538974952,1
790,2,6,11,0.1229229613407983,1560,12,0.9431945538974952,1
498,6,6,11,0.434135495505292,1232,12,0.9431945538974952,1
702,2,6,11,0.0154902589490523,1564,12,0.9431945538974952,1
706,2,6,11,0.6251269664239516,1386,12,0.9431945538974952,1
695,5,6,11,0.2351860466316883,1405,12,0.9431945538974952,1
550,5,6,11,0.0831330715660775,1490,12,0.9431945538974952,1
631,6,6,11,0.6092110105140632,1360,12,0.9431945538974952,1
639,5,6,11,0.4500514514151803,1245,12,0.9431945538974952,1
677,5,6,11,0.6092110105140632,1384,12,0.9431945538974952,1
588,5,6,11,0.5176942640322055,1414,12,0.9431945538974952,1
638,5,6,11,0.6848118010860327,1168,12,0.9431945538974952,1
753,5,6,11,0.0990490274759658,1678,12,0.9431945538974952,1
636,5,6,11,1.2020803681574024,1163,12,0.9431945538974952,1
675,2,6,11,0.4102615616404595,1428,12,0.9431945538974952,1
781,2,6,11,0.0800054765102774,1641,12,0.9431945538974952,1
585,2,6,11,0.1189439723633262,1466,12,0.9431945538974952,1
569,2,6,11,0.5694211207393426,1334,12,0.9431945538974952,1
726,5,6,11,0.0083836749157801,1469,12,0.9431945538974952,1
621,6,6,11,0.4452210685160363,1669,12,0.9431945538974952,1
658,5,6,11,0.1706708290704632,1641,12,0.9431945538974952,1
494,5,6,11,0.5495261758519822,1339,12,0.9431945538974952,1
704,6,6,11,0.2471230135641045,1578,12,0.9431945538974952,1
601,2,6,11,0.537589208919566,1178,12,0.9431945538974952,1
659,2,6,11,0.4571580354484525,1679,12,0.9431945538974952,1
802,6,6,11,0.3028288592487136,1544,12,0.9431945538974952,1
594,6,6,11,0.5017783081223173,1502,12,0.9431945538974952,1
794,6,6,11,0.3147658261811298,1470,12,0.9431945538974952,1
637,5,6,11,0.0791540825886055,1638,12,0.9431945538974952,1
570,2,6,11,0.537589208919566,1319,12,0.9431945538974952,1
747,2,6,11,0.4301565065278199,1324,12,0.9431945538974952,1
530,2,6,11,0.8002024814327229,1367,12,0.9431945538974952,1
536,5,6,11,0.3147658261811298,1092,12,0.9431945538974952,1
584,5,6,11,0.485862352212429,1387,12,0.9431945538974952,1
641,2,6,11,0.4381144844827641,1610,12,0.9431945538974952,1
733,5,6,11,0.6043806276149193,1790,12,0.9431945538974952,1
598,5,6,11,0.0839844654877495,1393,12,0.9431945538974952,1
618,5,6,11,0.1348599282732145,1394,12,0.9431945538974952,1
585,5,6,11,0.0839844654877495,1550,12,0.9431945538974952,1
454,5,6,11,0.6808328121085606,1285,12,0.9431945538974952,1
590,5,6,11,0.0075322809941081,1570,12,0.9431945538974952,1
626,2,6,11,0.0513011597463009,1368,12,0.9431945538974952,1
683,5,6,11,0.1556062670822468,1736,12,0.9431945538974952,1
657,2,6,11,0.111837388330054,1514,12,0.9431945538974952,1
581,5,6,11,0.3545557159558505,1561,12,0.9431945538974952,1
780,2,6,11,0.3426187490234343,1373,12,0.9431945538974952,1
447,2,6,11,0.7683705696129463,1172,12,0.9431945538974952,1
729,6,6,11,0.1277533442399423,1637,12,0.9431945538974952,1
763,6,6,11,0.2422926306649605,1559,12,0.9431945538974952,1
673,2,6,11,0.2351860466316883,1409,12,0.9431945538974952,1
690,5,6,11,0.0959214324201657,1634,12,0.9431945538974952,1
648,2,6,11,0.2908918923162973,1467,12,0.9431945538974952,1
677,2,6,11,0.2590599804965208,1383,12,0.9431945538974952,1
495,6,6,11,0.5694211207393426,1307,12,0.9431945538974952,1
712,5,6,11,0.4142405506179316,1550,12,0.9431945538974952,1
707,2,6,11,0.4540304403926524,1403,12,0.9431945538974952,1
683,5,6,11,0.1317323332174144,1567,12,0.9431945538974952,1
439,2,6,11,1.1981013791799302,1007,12,0.9431945538974952,1
622,2,6,11,0.0879634544652216,1448,12,0.9431945538974952,1
727,6,6,11,0.1476482891273027,1427,12,0.9431945538974952,1
542,6,6,11,0.5495261758519822,1287,12,0.9431945538974952,1
686,2,6,11,0.6092110105140632,1436,12,0.9431945538974952,1
706,5,6,11,0.3545557159558505,1513,12,0.9431945538974952,1
696,2,6,11,0.2462716196424326,1541,12,0.9431945538974952,1
582,6,6,11,0.434135495505292,1505,12,0.9431945538974952,1
664,6,6,11,0.4062825726629875,1250,12,0.9431945538974952,1
486,6,6,11,0.2303556637325443,1651,12,0.9431945538974952,1
484,2,6,11,0.96732001848655,1144,12,0.9431945538974952,1
632,2,6,11,0.6688958451761444,1202,12,0.9431945538974952,1
690,6,6,11,0.3227238041360739,1285,12,0.9431945538974952,1
615,6,6,11,0.0035532920166361,1350,12,0.9431945538974952,1
658,5,6,11,0.0999004213976378,1577,12,0.9431945538974952,1
694,5,6,11,0.3306817820910181,1600,12,0.9431945538974952,1
648,5,6,11,0.1357113221948865,1497,12,0.9431945538974952,1
594,2,6,11,0.5734001097168147,1127,12,0.9431945538974952,1
548,5,6,11,0.9553830515541336,1107,12,0.9431945538974952,1
724,6,6,11,0.2781035314622092,1586,12,0.9431945538974952,1
554,5,6,11,0.1755012119696072,1238,12,0.9431945538974952,1
642,5,6,11,0.6967487680184489,1356,12,0.9431945538974952,1
612,5,6,11,0.2152911017443279,1387,12,0.9431945538974952,1
725,2,6,11,0.1985237519127677,1735,12,0.9431945538974952,1
572,2,6,11,0.2948708812937694,1692,12,0.9431945538974952,1
639,2,6,11,0.1874381789020234,1512,12,0.9431945538974952,1
752,5,6,11,0.2232490796992721,1717,12,0.9431945538974952,1
738,2,6,11,0.0720474985553333,1515,12,0.9431945538974952,1
530,2,6,11,0.0473221707688289,1596,12,0.9431945538974952,1
757,2,6,11,0.3028288592487136,1522,12,0.9431945538974952,1
699,2,6,11,0.2391650356091604,1519,12,0.9431945538974952,1
567,2,6,11,0.3465977380009064,1431,12,0.9431945538974952,1
485,6,6,11,0.382408638798155,1331,12,0.9431945538974952,1
645,2,6,11,0.1755012119696072,1548,12,0.9431945538974952,1
760,2,6,11,0.3068078482261857,1327,12,0.9431945538974952,1
683,2,6,11,0.6410429223338399,1320,12,0.9431945538974952,1
658,6,6,11,0.055280148723773,1437,12,0.9431945538974952,1
558,5,6,11,0.3505767269783785,1292,12,0.9431945538974952,1
709,5,6,11,0.0592591377012451,1551,12,0.9431945538974952,1
741,2,6,11,0.3306817820910181,1438,12,0.9431945538974952,1
507,2,6,11,0.2431440245866324,1532,12,0.9431945538974952,1
768,2,6,11,0.1229229613407983,1673,12,0.9431945538974952,1
731,6,6,11,0.4492000574935084,1747,12,0.9431945538974952,1
588,2,6,11,0.2431440245866324,1585,12,0.9431945538974952,1
585,5,6,11,0.0800054765102774,1409,12,0.9431945538974952,1
625,6,6,11,0.6370639333563678,1443,12,0.9431945538974952,1
561,6,6,11,0.3505767269783785,1329,12,0.9431945538974952,1
613,6,6,11,0.0362365977580846,1428,12,0.9431945538974952,1
524,5,6,11,0.7444966357481138,1280,12,0.9431945538974952,1
677,2,6,11,0.0720474985553333,1612,12,0.9431945538974952,1
750,2,6,11,0.2630389694739928,1376,12,0.9431945538974952,1
990,5,6,11,0.1985237519127677,1618,12,0.9431945538974952,1
819,5,6,11,0.2025027408902398,1726,12,0.9431945538974952,1
677,2,6,11,0.3028288592487136,1393,12,0.9431945538974952,1
651,6,6,11,0.2025027408902398,1653,12,0.9431945538974952,1
708,6,6,11,0.1197953662849981,1551,12,0.9431945538974952,1
523,5,6,11,0.2630389694739928,1461,12,0.9431945538974952,1
682,5,6,11,0.0274272258814685,1534,12,0.9431945538974952,1
501,6,6,11,0.9076351838244688,1243,12,0.9431945538974952,1
686,5,6,11,0.5017783081223173,1305,12,0.9431945538974952,1
621,6,6,11,0.0075322809941081,1658,12,0.9431945538974952,1
504,5,6,11,0.6609378672212003,1360,12,0.9431945538974952,1
567,2,6,11,0.5017783081223173,1439,12,0.9431945538974952,1
558,6,6,11,0.3903666167530992,1257,12,0.9431945538974952,1
683,6,6,11,0.4452210685160363,1804,12,0.9431945538974952,1
699,2,6,11,0.0800054765102774,1410,12,0.9431945538974952,1
783,2,6,11,0.0999004213976378,1522,12,0.9431945538974952,1
719,2,6,11,0.2383136416874884,1597,12,0.9431945538974952,1
600,6,6,11,1.074752720878296,1241,12,0.9431945538974952,1
794,5,6,11,0.2064817298677118,1807,12,0.9431945538974952,1
632,6,6,11,0.274975936406409,1438,12,0.9431945538974952,1
544,6,6,11,0.2391650356091604,1517,12,0.9431945538974952,1
706,5,6,11,0.2988498702712415,1223,12,0.9431945538974952,1
606,6,6,11,0.4062825726629875,1434,12,0.9431945538974952,1
626,2,6,11,0.2908918923162973,1234,12,0.9431945538974952,1
631,2,6,11,0.2829339143613532,1294,12,0.9431945538974952,1
545,2,6,11,0.163564245037191,1483,12,0.9431945538974952,1
569,2,6,11,0.7444966357481138,1198,12,0.9431945538974952,1
699,6,6,11,0.3664926828882667,1426,12,0.9431945538974952,1
682,6,6,11,0.2741245424847371,1538,12,0.9431945538974952,1
636,6,6,11,0.3903666167530992,1603,12,0.9431945538974952,1
590,6,6,11,0.6410429223338399,1238,12,0.9431945538974952,1
520,2,6,11,0.4739253852800127,1475,12,0.9431945538974952,1
745,5,6,11,0.6848118010860327,1313,12,0.9431945538974952,1
584,6,6,11,0.2025027408902398,1657,12,0.9431945538974952,1
597,5,6,11,0.4500514514151803,1330,12,0.9431945538974952,1
487,6,6,11,0.5813580876717588,1386,12,0.9431945538974952,1
640,6,6,11,0.0871120605435496,1184,12,0.9431945538974952,1
691,2,6,11,0.0194692479265244,1758,12,0.9431945538974952,1
763,5,6,11,0.2431440245866324,1544,12,0.9431945538974952,1
815,6,6,11,0.2263766747550722,1400,12,0.9431945538974952,1
492,5,6,11,0.5853370766492308,1255,12,0.9431945538974952,1
578,6,6,11,0.8240764152975553,1209,12,0.9431945538974952,1
796,5,6,11,0.5216732530096777,1425,12,0.9431945538974952,1
615,2,6,11,0.2272280686767442,1439,12,0.9431945538974952,1
679,6,6,11,0.3664926828882667,1461,12,0.9431945538974952,1
659,2,6,11,0.9394670956442456,1366,12,0.9431945538974952,1
543,2,6,11,0.7365386577931696,1242,12,0.9431945538974952,1
812,6,0,10,2.1163964390543075,3257,11,0.8884502877862838,1
1158,6,0,10,1.4916951695911915,3072,11,0.8884502877862838,1
1102,6,0,10,2.0049847476850893,3066,11,0.8884502877862838,1
922,6,0,10,1.1574600954835377,2471,11,0.8884502877862838,1
1120,6,0,10,1.6906446184647954,2806,11,0.8884502877862838,1
931,6,0,10,1.5115901144785522,3175,11,0.9431945538974952,1
1133,6,0,10,3.0474798597827726,3355,11,0.8884502877862838,1
949,6,0,10,2.020900703594977,2978,11,0.9431945538974952,1
1292,6,0,10,1.8736781114285108,2916,11,0.8884502877862838,1
838,6,0,10,2.14027037291914,2458,11,0.8884502877862838,1
975,6,0,10,1.829909232676318,3092,11,0.8884502877862838,1
963,6,0,10,1.5633169711856891,2345,11,0.8884502877862838,1
973,6,0,10,2.048753626437282,3302,11,0.8884502877862838,1
977,6,0,10,1.7582874310818206,3201,11,0.9431945538974952,1
908,6,0,10,1.5991278719829378,2491,11,0.8884502877862838,1
1131,6,0,10,1.447926290838999,2892,11,0.9431945538974952,1
926,6,0,10,1.925404968135648,3173,11,0.8884502877862838,1
1127,6,0,10,1.5991278719829378,3198,11,0.8884502877862838,1
650,6,0,10,1.6747286625549072,2753,11,0.8884502877862838,1
1018,6,0,10,1.7582874310818206,2799,11,0.9431945538974952,1
866,6,0,10,0.7197713079616094,2620,11,0.9431945538974952,1
1147,6,0,10,2.0845645272345306,3123,11,0.8884502877862838,1
1059,6,0,10,0.640191528412168,2692,11,0.9431945538974952,1
1119,6,0,10,0.7675191756912743,3001,11,0.8884502877862838,1
742,6,0,10,1.5115901144785522,3135,11,0.9431945538974952,1
1004,6,0,10,2.0567116043922264,3314,11,0.8884502877862838,1
876,6,0,10,1.6946236074422676,3132,11,0.9431945538974952,1
1025,6,0,10,1.941320924045536,3279,11,0.8884502877862838,1
964,6,0,10,1.0261534592269592,2530,11,0.9431945538974952,1
1028,6,0,10,1.4638422467488872,3016,11,0.8884502877862838,1
1016,6,0,10,2.0726275603021147,3516,11,0.9431945538974952,1
1048,6,0,10,1.5513800042532728,2651,11,0.9431945538974952,1
628,6,0,10,0.377578255899011,2465,11,0.8884502877862838,1
913,6,0,10,2.359114766680104,3173,11,0.9431945538974952,1
1074,6,0,10,1.3643675223120857,2907,11,0.9431945538974952,1
1132,6,0,10,2.494400391914154,3256,11,0.8884502877862838,1
1263,6,0,10,1.8537831665411504,2776,11,0.9431945538974952,1
974,6,0,10,2.104459472121891,2625,11,0.8884502877862838,1
882,6,0,10,1.9850898027977288,3099,11,0.9431945538974952,1
1015,6,0,10,1.5235270814109685,2831,11,0.8884502877862838,1
1178,6,0,10,2.168123295761444,3360,11,0.8884502877862838,1
1035,6,0,10,2.526232303733931,3538,11,0.9431945538974952,1
1148,6,0,10,2.363093755657576,3122,11,0.8884502877862838,1
1222,6,0,10,2.35115678872516,3259,11,0.9431945538974952,1
1034,6,0,10,1.2728507758302277,3007,11,0.8884502877862838,1
1141,6,0,10,1.945299913023008,3527,11,0.8884502877862838,1
1011,6,0,10,2.2755559981531905,2945,11,0.8884502877862838,1
1212,6,0,10,3.063395815692661,3440,11,0.9431945538974952,1
833,6,0,10,1.0977752608214564,3039,11,0.9431945538974952,1
951,6,0,10,1.3245776325373646,2760,11,0.9431945538974952,1
978,6,0,10,2.0567116043922264,3197,11,0.9431945538974952,1
830,6,0,10,1.615043827892826,2896,11,0.9431945538974952,1
926,6,0,10,1.8060352988114856,2675,11,0.9431945538974952,1
1044,6,0,10,1.913468001203232,3228,11,0.9431945538974952,1
1087,6,0,10,1.3842624671994457,3142,11,0.8884502877862838,1
1261,6,0,10,2.195976218603749,3213,11,0.9431945538974952,1
969,6,0,10,1.5115901144785522,2982,11,0.8884502877862838,1
942,6,0,10,2.088543516212003,3023,11,0.9431945538974952,1
1066,6,0,10,2.188018240648805,3083,11,0.8884502877862838,1
1032,6,0,10,1.3126406656049483,2885,11,0.9431945538974952,1
994,6,0,10,1.6946236074422676,3082,11,0.9431945538974952,1
1096,6,0,10,1.3802834782219735,2858,11,0.9431945538974952,1
856,6,0,10,1.9532578909779523,2860,11,0.8884502877862838,1
918,6,0,10,1.5314850593659124,2855,11,0.9431945538974952,1
815,6,0,10,1.4081364010642785,2808,11,0.8884502877862838,1
1289,6,0,10,2.7172237746525907,3368,11,0.8884502877862838,1
1041,6,0,10,1.4240523569741663,3229,11,0.9431945538974952,1
1011,6,0,10,1.6627916956224909,2959,11,0.9431945538974952,1
993,6,0,10,1.6906446184647954,2929,11,0.8884502877862838,1
1038,6,0,10,1.5792329270955774,3076,11,0.9431945538974952,1
987,6,0,10,1.4280313459516385,2692,11,0.9431945538974952,1
983,6,0,10,1.396199434131862,2759,11,0.8884502877862838,1
628,6,0,10,0.9744266025198222,2397,11,0.9431945538974952,1
919,6,0,10,1.5951488830054656,3140,11,0.8884502877862838,1
1054,6,0,10,0.7476242308039139,1985,11,0.8884502877862838,1
1031,6,0,10,0.803330076488523,2638,11,0.9431945538974952,1
1035,6,0,10,2.036816659504866,3015,11,0.8884502877862838,1
1156,6,0,10,1.9651948579103689,2902,11,0.9431945538974952,1
712,6,0,10,0.6202965835248075,2769,11,0.8884502877862838,1
867,6,0,10,1.4001784231093342,2565,11,0.8884502877862838,1
887,6,0,10,0.9187207568352131,2857,11,0.9431945538974952,1
930,6,0,10,2.1641443067839723,3181,11,0.9431945538974952,1
1264,6,0,10,1.6269807948252424,3032,11,0.9431945538974952,1
840,6,0,10,2.144249361896612,3239,11,0.9431945538974952,1
835,6,0,10,1.18133402934837,3097,11,0.8884502877862838,1
1009,6,0,10,2.375030722589992,3269,11,0.8884502877862838,1
981,6,0,10,0.4492000574935084,2732,11,0.8884502877862838,1
1065,6,0,10,1.471800224703831,2927,11,0.9431945538974952,1
1123,6,0,10,0.8272040103533554,2750,11,0.9431945538974952,1
915,6,0,10,1.7543084421043489,3390,11,0.9431945538974952,1
885,6,0,10,0.9545316576324616,2435,11,0.8884502877862838,1
806,6,0,10,1.8060352988114856,3047,11,0.9431945538974952,1
1134,6,0,10,1.3564095443571411,2869,11,0.8884502877862838,1
1025,6,0,10,2.156186328829028,3566,11,0.9431945538974952,1
931,6,0,10,2.291471954063079,3005,11,0.9431945538974952,1
966,6,0,10,1.7344134972169882,2577,11,0.9431945538974952,1
908,6,0,10,2.6018330943059005,3135,11,0.9431945538974952,1
867,6,0,10,2.008963736662561,3208,11,0.8884502877862838,1
874,6,0,10,1.4678212357263594,2707,11,0.8884502877862838,1
1025,6,0,10,2.2835139761081344,3353,11,0.8884502877862838,1
958,6,0,10,2.780887598292144,3265,11,0.9431945538974952,1
922,6,0,10,1.7184975413071,2869,11,0.9431945538974952,1
989,6,0,10,0.962489635587406,2753,11,0.8884502877862838,1
892,6,0,10,1.7503294531268765,3022,11,0.9431945538974952,1
1270,6,0,10,2.363093755657576,3197,11,0.8884502877862838,1
789,6,0,10,2.0129427256400336,3090,11,0.9431945538974952,1
1183,6,0,10,1.6468757397126026,2605,11,0.8884502877862838,1
869,6,0,10,0.8112880544434671,2374,11,0.9431945538974952,1
1013,6,0,10,1.92938395711312,2714,11,0.8884502877862838,1
1187,6,0,10,2.673454895900398,3422,11,0.9431945538974952,1
1132,6,0,10,1.9094890122257595,3432,11,0.9431945538974952,1
1065,6,0,10,2.291471954063079,2966,11,0.8884502877862838,1
1053,6,0,10,2.0845645272345306,3212,11,0.9431945538974952,1
1065,6,0,10,1.432010334929111,3081,11,0.8884502877862838,1
819,6,0,10,0.3298303881693462,2157,11,0.9431945538974952,1
693,6,0,10,1.3763044892445015,2600,11,0.8884502877862838,1
1043,6,0,10,2.5023583698690985,3252,11,0.9431945538974952,1
805,6,0,10,1.0579853710467355,2321,11,0.8884502877862838,1
1130,6,0,10,1.678707651532379,3017,11,0.9431945538974952,1
1300,6,0,10,1.8577621555186223,2843,11,0.8884502877862838,1
971,6,0,10,2.1641443067839723,3364,11,0.9431945538974952,1
860,6,0,10,0.8431199662632437,2172,11,0.8884502877862838,1
1118,6,0,10,1.7025815853972115,3010,11,0.8884502877862838,1
1003,6,0,10,2.315345887927911,3166,11,0.9431945538974952,1
978,6,0,10,1.244997852987923,3106,11,0.8884502877862838,1
1094,6,0,10,1.7940983318790693,2923,11,0.9431945538974952,1
1402,6,0,10,2.4506315131619614,3106,11,0.9431945538974952,1
1186,6,0,10,2.0010057587076173,3134,11,0.9431945538974952,1
1184,6,0,10,1.3007036986725322,2751,11,0.9431945538974952,1
917,6,0,10,1.9691738468878408,2569,11,0.9431945538974952,1
1159,6,0,10,1.284787742762644,3061,11,0.8884502877862838,1
1023,6,0,10,1.2410188640104511,2998,11,0.9431945538974952,1
692,6,0,10,0.4611370244259246,2387,11,0.9431945538974952,1
1025,6,0,10,1.658812706645019,2732,11,0.8884502877862838,1
840,6,0,10,0.1507758841831028,2060,11,0.9431945538974952,1
1054,6,0,10,1.6031068609604098,2907,11,0.8884502877862838,1
1036,6,0,10,2.7609926534047835,3190,11,0.9431945538974952,1
1137,6,0,10,2.040795648482338,3312,11,0.8884502877862838,1
947,6,0,10,1.0898172828665122,2536,11,0.9431945538974952,1
941,6,0,10,1.471800224703831,2649,11,0.8884502877862838,1
799,6,0,10,1.722476530284572,3071,11,0.8884502877862838,1
980,6,0,10,1.6468757397126026,2680,11,0.9431945538974952,1
717,6,0,10,1.3603885333346133,2586,11,0.9431945538974952,1
1066,6,0,10,1.451905279816471,2776,11,0.8884502877862838,1
977,6,0,10,1.0579853710467355,2685,11,0.9431945538974952,1
792,6,0,10,1.9532578909779523,2694,11,0.9431945538974952,1
1076,6,0,10,2.7172237746525907,3491,11,0.8884502877862838,1
875,6,0,10,1.014216492294543,2596,11,0.8884502877862838,1
1040,6,0,10,1.0500273930917916,2888,11,0.8884502877862838,1
1135,6,0,10,1.837867210631262,3018,11,0.8884502877862838,1
1537,6,0,10,2.58193814941854,3281,11,0.8884502877862838,1
892,6,0,10,1.3404935884472529,2422,11,0.9431945538974952,1
1276,6,0,10,2.191997229626277,3150,11,0.8884502877862838,1
1159,6,0,10,1.244997852987923,2891,11,0.8884502877862838,1
908,6,0,10,1.774203386991709,2642,11,0.8884502877862838,1
1220,6,0,10,2.6416229840806214,3133,11,0.9431945538974952,1
1111,6,0,10,1.6428967507351306,3095,11,0.8884502877862838,1
795,6,0,10,0.4969479252231732,2143,11,0.9431945538974952,1
657,6,0,10,0.8510779442181878,2179,11,0.8884502877862838,1
1047,6,0,10,2.0686485713246423,3307,11,0.8884502877862838,1
1028,6,0,10,2.355135777702632,3241,11,0.8884502877862838,1
972,6,0,10,1.7463504641494043,2890,11,0.9431945538974952,1
877,6,0,10,0.7078343410291932,2798,11,0.8884502877862838,1
1130,6,0,10,1.1017542497989286,2530,11,0.9431945538974952,1
901,6,0,10,0.7834351316011626,2578,11,0.9431945538974952,1
1022,6,0,10,1.658812706645019,3000,11,0.8884502877862838,1
1033,6,0,10,2.0646695823471704,3379,11,0.8884502877862838,1
1166,6,0,10,2.2278081304235253,3327,11,0.9431945538974952,1
1206,6,0,10,1.8696991224510389,2760,11,0.9431945538974952,1
1164,6,0,10,2.1163964390543075,3399,11,0.9431945538974952,1
815,6,0,10,0.9425946907000456,2455,11,0.8884502877862838,1
817,6,0,10,2.37105173361252,2887,11,0.8884502877862838,1
901,6,0,10,0.7356872638714977,2324,11,0.9431945538974952,1
837,6,0,10,1.3126406656049483,2756,11,0.9431945538974952,1
869,6,0,10,1.993047780752673,2639,11,0.9431945538974952,1
763,6,0,10,1.3404935884472529,3016,11,0.8884502877862838,1
1112,6,0,10,1.0500273930917916,2933,11,0.9431945538974952,1
1126,6,0,10,2.191997229626277,2775,11,0.9431945538974952,1
1149,6,0,10,3.4732316803722845,3492,11,0.8884502877862838,1
1011,6,0,10,1.4001784231093342,3320,11,0.9431945538974952,1
901,6,0,10,1.5911698940279937,2786,11,0.9431945538974952,1
892,6,0,10,1.9651948579103689,2925,11,0.8884502877862838,1
1045,6,0,10,2.478484436004266,3387,11,0.8884502877862838,1
830,6,0,10,1.8100142877889576,3273,11,0.9431945538974952,1
994,6,0,10,1.6031068609604098,2470,11,0.9431945538974952,1
738,6,0,10,1.022174470249487,2490,11,0.9431945538974952,1
1118,6,0,10,1.3842624671994457,2659,11,0.9431945538974952,1
1101,6,0,10,2.2357661083784697,3050,11,0.8884502877862838,1
1071,6,0,10,1.658812706645019,2856,11,0.8884502877862838,1
707,6,0,10,0.5805066937500868,2234,11,0.8884502877862838,1
1009,6,0,10,1.4359893239065826,2758,11,0.8884502877862838,1
1300,6,0,10,2.780887598292144,3187,11,0.9431945538974952,1
1028,6,0,10,1.3763044892445015,3133,11,0.8884502877862838,1
912,6,0,10,1.2131659411681466,2824,11,0.9431945538974952,1
1038,6,0,10,1.4240523569741663,2844,11,0.8884502877862838,1
1314,6,0,10,2.10048048314442,3230,11,0.9431945538974952,1
940,6,0,10,2.6018330943059005,3263,11,0.8884502877862838,1
965,6,0,10,3.4095678567327314,3287,11,0.9431945538974952,1
1009,6,0,10,2.0805855382570586,3129,11,0.8884502877862838,1
1049,6,0,10,1.288766731740116,2691,11,0.8884502877862838,1
956,6,0,10,1.7622664200592928,2802,11,0.9431945538974952,1
856,6,0,10,1.5752539381181052,3100,11,0.9431945538974952,1
1262,6,0,10,2.6217280391932607,3567,11,0.9431945538974952,1
1169,6,0,10,2.355135777702632,3220,11,0.9431945538974952,1
1192,6,0,10,2.0726275603021147,3180,11,0.8884502877862838,1
1148,6,0,10,2.2636190312207742,3064,11,0.9431945538974952,1
1082,6,0,10,2.291471954063079,3326,11,0.9431945538974952,1
1109,6,0,10,1.0778803159340962,3088,11,0.9431945538974952,1
943,6,0,10,1.5354640483433846,3025,11,0.9431945538974952,1
1133,6,0,10,1.471800224703831,2849,11,0.8884502877862838,1
1004,6,0,10,1.825930243698846,2697,11,0.9431945538974952,1
689,6,0,10,1.3205986435598926,3052,11,0.8884502877862838,1
1104,6,0,10,0.4929689362457012,2346,11,0.9431945538974952,1
1059,6,0,10,2.2636190312207742,3474,11,0.8884502877862838,1
1135,6,0,10,2.136291383941668,3067,11,0.9431945538974952,1
762,6,0,10,0.0123626638932521,2201,11,0.9431945538974952,1
992,6,0,10,1.7582874310818206,2978,11,0.8884502877862838,1
1021,6,0,10,1.8418461996087343,2826,11,0.8884502877862838,1
1278,6,0,10,2.036816659504866,3151,11,0.9431945538974952,1
790,6,0,10,0.7675191756912743,2342,11,0.8884502877862838,1
928,6,0,10,1.133586161618705,2639,11,0.9431945538974952,1
900,6,0,10,2.37105173361252,3076,11,0.8884502877862838,1
1002,6,0,10,2.0646695823471704,2934,11,0.9431945538974952,1
934,6,0,10,1.1972499852582583,2910,11,0.9431945538974952,1
963,6,0,10,2.474505447026794,2854,11,0.9431945538974952,1
1108,6,0,10,2.8883203006838896,3395,11,0.9431945538974952,1
1166,6,0,10,1.081859304911568,2922,11,0.9431945538974952,1
1075,6,0,10,2.2636190312207742,2935,11,0.9431945538974952,1
1096,6,0,10,1.0261534592269592,2712,11,0.9431945538974952,1
963,6,0,10,1.7503294531268765,3124,11,0.9431945538974952,1
1194,6,0,10,1.825930243698846,3528,11,0.8884502877862838,1
1218,6,0,10,2.1203754280317795,3432,11,0.9431945538974952,1
969,6,0,10,1.559337982208217,3056,11,0.9431945538974952,1
1064,6,0,10,1.829909232676318,2879,11,0.9431945538974952,1
971,6,0,10,1.9572368799554245,2709,11,0.9431945538974952,1
1179,6,0,10,1.7622664200592928,2795,11,0.8884502877862838,1
1052,6,0,10,1.9731528358653128,2716,11,0.8884502877862838,1
1063,6,0,10,0.5049059031781175,2497,11,0.8884502877862838,1
1034,6,0,10,2.188018240648805,2858,11,0.8884502877862838,1
1122,6,0,10,1.503632136523608,3043,11,0.9431945538974952,1
1164,6,0,10,1.6986025964197395,2707,11,0.8884502877862838,1
810,6,0,10,1.2211239191230907,2425,11,0.8884502877862838,1
1239,6,0,10,2.0606905933696984,3181,11,0.9431945538974952,1
764,6,0,10,0.6879393961418329,2614,11,0.9431945538974952,1
1066,6,0,10,3.230513352746488,3114,11,0.9431945538974952,1
974,6,0,10,1.2251029081005629,2497,11,0.8884502877862838,1
984,6,0,10,1.8418461996087343,3067,11,0.9431945538974952,1
958,6,0,10,1.1614390844610096,2955,11,0.8884502877862838,1
1018,6,0,10,2.339219821792744,2982,11,0.9431945538974952,1
1079,6,0,10,1.121649194686289,2897,11,0.8884502877862838,1
1101,6,0,10,2.784866587269616,3315,11,0.8884502877862838,1
863,6,0,10,1.344472577424725,2655,11,0.9431945538974952,1
975,6,0,10,1.5633169711856891,2814,11,0.9431945538974952,1
762,6,0,10,1.0181954812720149,2871,11,0.9431945538974952,1
891,6,0,10,1.7184975413071,2778,11,0.8884502877862838,1
964,6,0,10,1.5474010152758009,2977,11,0.9431945538974952,1
899,6,0,10,1.7184975413071,2807,11,0.8884502877862838,1
1106,6,0,10,2.1840392516713325,3146,11,0.9431945538974952,1
815,6,0,10,2.335240832815272,2977,11,0.9431945538974952,1
1126,6,0,10,1.3285566215148368,2715,11,0.8884502877862838,1
833,6,0,10,1.0898172828665122,2585,11,0.9431945538974952,1
738,6,0,10,0.3258513991918741,2500,11,0.9431945538974952,1
1025,6,0,10,1.9532578909779523,3128,11,0.9431945538974952,1
882,6,0,10,2.108438461099363,3191,11,0.9431945538974952,1
871,6,0,10,1.555358993230745,3161,11,0.8884502877862838,1
907,6,0,10,1.8100142877889576,3107,11,0.9431945538974952,1
1158,6,0,10,2.4028836454322966,3171,11,0.9431945538974952,1
1178,6,0,10,2.2795349871306625,3489,11,0.9431945538974952,1
654,6,0,10,1.1176702057088168,3049,11,0.9431945538974952,1
929,6,0,10,2.406862634409769,2973,11,0.8884502877862838,1
957,6,0,10,1.0420694151368477,2512,11,0.9431945538974952,1
906,6,0,10,2.510316347824043,3382,11,0.9431945538974952,1
1047,6,0,10,1.993047780752673,3275,11,0.9431945538974952,1
720,6,0,10,0.9863635694522384,2317,11,0.9431945538974952,1
1142,6,0,10,2.104459472121891,3557,11,0.8884502877862838,1
806,6,0,10,1.7423714751719324,2877,11,0.9431945538974952,1
978,6,0,10,0.5645907378401985,2927,11,0.8884502877862838,1
1067,6,0,10,1.0977752608214564,2700,11,0.8884502877862838,1
882,6,0,10,1.6707496735774352,2698,11,0.8884502877862838,1
966,6,0,10,2.2238291414460534,2804,11,0.8884502877862838,1
870,6,0,10,1.1693970624159538,2842,11,0.8884502877862838,1
930,6,0,10,0.962489635587406,2697,11,0.9431945538974952,1
1085,6,0,10,2.315345887927911,3407,11,0.9431945538974952,1
1098,6,0,10,1.7901193429015974,2891,11,0.9431945538974952,1
907,6,0,10,2.172102284738916,2843,11,0.8884502877862838,1
885,6,0,10,2.092522505189475,2851,11,0.9431945538974952,1
872,6,0,10,1.5354640483433846,3150,11,0.8884502877862838,1
953,6,0,10,1.2768297648076998,2798,11,0.9431945538974952,1
915,6,0,10,1.8617411444960947,2797,11,0.8884502877862838,1
900,6,0,10,1.2052079632132024,2631,11,0.8884502877862838,1
1160,6,0,10,1.4678212357263594,2468,11,0.8884502877862838,1
1170,6,0,10,1.925404968135648,2964,11,0.8884502877862838,1
908,6,0,10,2.2397450973559416,2723,11,0.9431945538974952,1
1103,6,0,10,2.036816659504866,3309,11,0.8884502877862838,1
1066,6,0,10,2.2357661083784697,3314,11,0.9431945538974952,1
904,6,0,10,1.3046826876500044,2539,11,0.9431945538974952,1
1001,6,0,10,1.825930243698846,2744,11,0.8884502877862838,1
1072,6,0,10,2.669475906922925,3079,11,0.9431945538974952,1
1017,6,0,10,1.3723255002670296,2823,11,0.8884502877862838,1
1076,6,0,10,1.8458251885862065,3290,11,0.9431945538974952,1
1237,6,0,10,2.311366898950439,2927,11,0.8884502877862838,1
1065,6,0,10,2.0010057587076173,3347,11,0.8884502877862838,1
989,6,0,10,2.036816659504866,3433,11,0.8884502877862838,1
672,6,0,10,0.3497253330567065,2467,11,0.9431945538974952,1
914,6,0,10,2.2397450973559416,2895,11,0.9431945538974952,1
898,6,0,10,1.893573056315872,2729,11,0.9431945538974952,1
1038,6,0,10,2.577959160441068,2726,11,0.8884502877862838,1
955,6,0,10,0.9346367127451014,2454,11,0.8884502877862838,1
998,6,0,10,2.1999552075812208,2873,11,0.8884502877862838,1
949,6,0,10,1.3126406656049483,2831,11,0.8884502877862838,1
990,6,0,10,2.1283334059867234,3027,11,0.8884502877862838,1
1144,6,0,10,1.6031068609604098,3316,11,0.9431945538974952,1
917,6,0,10,1.7980773208565417,2972,11,0.9431945538974952,1
754,6,0,10,1.7582874310818206,3005,11,0.8884502877862838,1
916,6,0,10,0.6242755725022796,1988,11,0.8884502877862838,1
833,6,0,10,1.404157412086806,2641,11,0.9431945538974952,1
827,6,0,10,0.3576833110116507,2521,11,0.9431945538974952,1
829,6,0,10,1.2489768419653953,2990,11,0.8884502877862838,1
1229,6,0,10,2.0129427256400336,3304,11,0.8884502877862838,1
988,6,0,10,1.3166196545824205,2927,11,0.8884502877862838,1
1075,6,0,10,1.5115901144785522,2955,11,0.8884502877862838,1
1062,6,0,10,1.7105395633521558,3089,11,0.9431945538974952,1
917,6,0,10,2.6217280391932607,3283,11,0.8884502877862838,1
1181,6,0,10,2.3949256674773527,2818,11,0.8884502877862838,1
1140,6,0,10,2.4625684800943777,3160,11,0.9431945538974952,1
890,6,0,10,1.6986025964197395,2940,11,0.9431945538974952,1
1028,6,0,10,1.9691738468878408,2934,11,0.8884502877862838,1
997,6,0,10,0.6720234402319445,2767,11,0.8884502877862838,1
1354,6,0,10,2.3034089209954947,3123,11,0.8884502877862838,1
941,6,0,10,0.7396662528489698,2282,11,0.8884502877862838,1
1180,6,0,10,1.5235270814109685,2798,11,0.8884502877862838,1
870,6,0,10,1.1136912167313446,2131,11,0.9431945538974952,1
1043,6,0,10,1.495674158568664,2606,11,0.9431945538974952,1
722,6,0,10,1.8458251885862065,3101,11,0.8884502877862838,1
923,6,0,10,1.1693970624159538,3080,11,0.8884502877862838,1
945,6,0,10,1.9691738468878408,2888,11,0.8884502877862838,1
1051,6,0,10,1.432010334929111,2876,11,0.9431945538974952,1
1075,6,0,10,1.5195480924334963,2594,11,0.8884502877862838,1
1229,6,0,10,2.096501494166947,3225,11,0.8884502877862838,1
1101,6,0,10,2.2795349871306625,3009,11,0.8884502877862838,1
844,6,0,10,1.6707496735774352,3269,11,0.9431945538974952,1
1055,6,0,10,2.104459472121891,2896,11,0.8884502877862838,1
851,6,0,10,1.3922204451543898,2909,11,0.8884502877862838,1
1192,6,0,10,1.2688717868527557,2561,11,0.8884502877862838,1
964,6,0,10,1.443947301861527,2810,11,0.9431945538974952,1
1062,6,0,10,1.109712227753873,2591,11,0.9431945538974952,1
1028,6,0,10,1.5633169711856891,3277,11,0.8884502877862838,1
1013,6,0,10,1.4240523569741663,3005,11,0.8884502877862838,1
796,6,0,10,1.6826866405098513,3072,11,0.9431945538974952,1
949,6,0,10,1.8060352988114856,3119,11,0.9431945538974952,1
367,2,0,10,0.5495261758519822,797,11,0.8884502877862838,1
217,5,0,10,0.9872149633739103,544,11,0.9431945538974952,1
446,2,0,10,0.5853370766492308,723,12,0.9431945538974952,1
313,5,0,10,0.537589208919566,656,11,0.9431945538974952,1
293,2,0,10,0.485862352212429,780,12,0.9431945538974952,1
330,2,0,10,0.859887316094804,678,11,0.9431945538974952,1
313,2,0,10,0.8439713601849157,705,12,0.9431945538974952,1
357,2,0,10,0.8479503491623878,587,12,0.8884502877862838,1
348,5,0,10,0.4580094293701244,674,12,0.8884502877862838,1
338,5,0,10,0.5137152750547335,734,11,0.8884502877862838,1
225,5,0,10,0.5654421317618704,695,11,0.8884502877862838,1
334,5,0,10,0.6052320215365912,660,11,0.8884502877862838,1
331,2,0,10,0.9394670956442456,717,12,0.8884502877862838,1
387,2,0,10,0.5455471868745101,805,12,0.9431945538974952,1
350,5,0,10,0.7882655145003066,603,12,0.9431945538974952,1
366,2,0,10,0.3625136939107947,783,11,0.9431945538974952,1
244,5,0,10,0.8519293381398598,692,12,0.8884502877862838,1
315,2,0,10,0.4062825726629875,721,12,0.8884502877862838,1
234,2,0,10,0.8280554042750273,562,12,0.8884502877862838,1
354,5,0,10,0.5455471868745101,787,11,0.9431945538974952,1
432,2,0,10,0.6927697790409768,710,11,0.8884502877862838,1
280,5,0,10,0.8320343932524994,647,12,0.8884502877862838,1
325,5,0,10,0.9076351838244688,609,11,0.9431945538974952,1
276,2,0,10,0.6052320215365912,656,11,0.9431945538974952,1
375,5,0,10,0.6291059554014237,766,12,0.9431945538974952,1
321,2,0,10,0.6649168561986724,775,12,0.9431945538974952,1
357,2,0,10,0.6251269664239516,714,11,0.9431945538974952,1
495,5,0,10,0.4261775175503479,823,12,0.8884502877862838,1
380,5,0,10,0.7047067459733931,739,12,0.8884502877862838,1
460,5,0,10,0.4938203301673731,796,12,0.8884502877862838,1
333,2,0,10,0.4619884183475966,772,11,0.9431945538974952,1
388,2,0,10,0.8320343932524994,725,12,0.8884502877862838,1
299,2,0,10,0.863866305072276,716,12,0.8884502877862838,1
334,5,0,10,0.7803075365453624,594,11,0.8884502877862838,1
323,2,0,10,0.752454613703058,611,12,0.9431945538974952,1
442,2,0,10,0.6728748341536165,729,12,0.8884502877862838,1
352,5,0,10,0.3426187490234343,784,11,0.9431945538974952,1
443,2,0,10,0.4779043742574848,784,11,0.8884502877862838,1
256,5,0,10,0.8559083271173319,652,11,0.8884502877862838,1
208,5,0,10,0.4659674073250686,719,11,0.8884502877862838,1
356,5,0,10,0.6370639333563678,649,11,0.9431945538974952,1
354,5,0,10,0.6728748341536165,617,11,0.8884502877862838,1
343,5,0,10,0.6410429223338399,657,11,0.8884502877862838,1
287,5,0,10,0.6171689884690075,704,12,0.8884502877862838,1
434,2,0,10,0.7166437129058093,780,11,0.9431945538974952,1
359,2,0,10,0.6967487680184489,642,11,0.9431945538974952,1
373,2,0,10,0.3346607710684902,790,11,0.8884502877862838,1
224,2,0,10,1.0349628311035752,559,11,0.9431945538974952,1
336,2,0,10,0.6688958451761444,616,11,0.8884502877862838,1
344,5,0,10,0.7643915806354742,692,12,0.9431945538974952,1
476,2,0,10,0.5336102199420939,769,11,0.8884502877862838,1
400,2,0,10,0.5535051648294542,650,12,0.9431945538974952,1
427,5,0,10,0.4381144844827641,688,12,0.9431945538974952,1
353,5,0,10,0.6211479774464795,569,11,0.9431945538974952,1
328,5,0,10,0.4301565065278199,719,12,0.8884502877862838,1
226,2,0,10,0.9474250735991896,723,12,0.9431945538974952,1
301,5,0,10,1.023025864171159,627,11,0.9431945538974952,1
398,2,0,10,1.078731709855768,620,12,0.9431945538974952,1
306,5,0,10,0.5813580876717588,751,11,0.8884502877862838,1
212,2,0,10,0.6768538231310886,634,12,0.9431945538974952,1
414,2,0,10,0.3028288592487136,788,11,0.9431945538974952,1
446,5,0,10,0.3028288592487136,801,11,0.9431945538974952,1
258,5,0,10,0.8956982168920526,568,11,0.8884502877862838,1
454,5,0,10,0.597274043581647,701,12,0.9431945538974952,1
250,2,0,10,0.8559083271173319,730,11,0.8884502877862838,1
291,5,0,10,0.7246016908607534,692,11,0.8884502877862838,1
386,2,0,10,0.863866305072276,717,12,0.8884502877862838,1
180,5,0,10,0.8956982168920526,602,12,0.9431945538974952,1
296,5,0,10,0.7842865255228345,659,12,0.8884502877862838,1
365,5,0,10,0.6887907900635047,633,12,0.9431945538974952,1
336,2,0,10,0.6092110105140632,764,12,0.9431945538974952,1
398,2,0,10,0.6649168561986724,799,11,0.9431945538974952,1
335,2,0,10,0.6211479774464795,688,12,0.9431945538974952,1
346,5,0,10,0.5893160656267029,802,12,0.8884502877862838,1
448,5,0,10,0.3545557159558505,794,11,0.9431945538974952,1
335,2,0,10,0.649000900288784,577,11,0.8884502877862838,1
357,5,0,10,0.5176942640322055,658,12,0.8884502877862838,1
367,2,0,10,0.6251269664239516,788,11,0.9431945538974952,1
264,5,0,10,0.7604125916580021,635,11,0.8884502877862838,1
265,5,0,10,0.9593620405316058,653,12,0.9431945538974952,1
419,5,0,10,0.541568197897038,806,12,0.9431945538974952,1
323,2,0,10,0.5176942640322055,795,12,0.8884502877862838,1
342,2,0,10,0.8320343932524994,650,11,0.9431945538974952,1
277,2,0,10,0.8797822609821643,630,12,0.8884502877862838,1
223,5,0,10,0.6450219113113119,632,12,0.8884502877862838,1
453,2,0,10,0.593295054604175,811,11,0.9431945538974952,1
324,2,0,10,0.7723495585904183,711,12,0.8884502877862838,1
419,5,0,10,0.4102615616404595,754,12,0.8884502877862838,1
364,5,0,10,0.434135495505292,593,11,0.9431945538974952,1
276,5,0,10,0.7444966357481138,645,12,0.8884502877862838,1
342,5,0,10,0.5017783081223173,677,11,0.9431945538974952,1
279,5,0,10,0.9553830515541336,662,12,0.8884502877862838,1
485,5,0,10,0.6330849443788957,754,12,0.9431945538974952,1
453,5,0,10,0.5256522419871498,683,11,0.9431945538974952,1
260,5,0,10,1.007109908261271,512,11,0.8884502877862838,1
387,2,0,10,0.7444966357481138,702,11,0.8884502877862838,1
322,2,0,10,0.7604125916580021,784,12,0.8884502877862838,1
310,5,0,10,0.3028288592487136,875,11,0.8884502877862838,1
227,2,0,10,1.2140173350898185,550,12,0.8884502877862838,1
433,5,0,10,0.6330849443788957,657,12,0.9431945538974952,1
385,5,0,10,0.8041814704101949,660,12,0.9431945538974952,1
354,2,0,10,0.5495261758519822,648,11,0.8884502877862838,1
383,5,0,10,0.7444966357481138,727,11,0.8884502877862838,1
295,5,0,10,0.6967487680184489,659,12,0.8884502877862838,1
335,2,0,10,0.6927697790409768,637,12,0.8884502877862838,1
400,5,0,10,0.3664926828882667,773,11,0.9431945538974952,1
301,5,0,10,0.8797822609821643,630,11,0.9431945538974952,1
446,2,0,10,0.7564336026805301,754,11,0.8884502877862838,1
223,5,0,10,0.9593620405316058,557,12,0.9431945538974952,1
302,2,0,10,0.597274043581647,772,11,0.8884502877862838,1
367,2,0,10,0.963341029509078,603,11,0.9431945538974952,1
373,5,0,10,0.8797822609821643,653,12,0.8884502877862838,1
304,2,0,10,0.6808328121085606,740,11,0.8884502877862838,1
352,5,0,10,0.4182195395954037,789,11,0.8884502877862838,1
340,5,0,10,0.6848118010860327,726,12,0.9431945538974952,1
460,2,0,10,0.4659674073250686,795,11,0.8884502877862838,1
399,5,0,10,0.6649168561986724,634,11,0.8884502877862838,1
448,2,0,10,0.4938203301673731,693,12,0.9431945538974952,1
157,2,0,10,0.975277996441494,616,11,0.9431945538974952,1
328,2,0,10,0.8320343932524994,570,12,0.9431945538974952,1
294,5,0,10,0.7007277569959209,549,11,0.9431945538974952,1
466,5,0,10,0.4062825726629875,780,12,0.8884502877862838,1
303,2,0,10,0.6410429223338399,654,12,0.9431945538974952,1
308,5,0,10,0.5893160656267029,775,12,0.8884502877862838,1
393,5,0,10,0.382408638798155,740,11,0.8884502877862838,1
344,2,0,10,0.7882655145003066,606,12,0.8884502877862838,1
504,2,0,10,0.2351860466316883,746,12,0.9431945538974952,1
300,5,0,10,0.541568197897038,742,12,0.9431945538974952,1
341,2,0,10,0.5853370766492308,813,11,0.8884502877862838,1
333,2,0,10,0.8121394483651391,587,12,0.8884502877862838,1
299,5,0,10,0.6927697790409768,683,12,0.8884502877862838,1
510,5,0,10,0.5097362860772614,811,12,0.9431945538974952,1
238,5,0,10,1.0588367649684076,583,12,0.8884502877862838,1
414,2,0,10,0.8797822609821643,640,12,0.9431945538974952,1
408,5,0,10,0.8758032720046922,624,11,0.9431945538974952,1
411,5,0,10,0.6092110105140632,665,12,0.9431945538974952,1
337,5,0,10,0.4221985285728758,806,11,0.8884502877862838,1
298,2,0,10,0.8360133822299715,526,11,0.9431945538974952,1
374,5,0,10,0.593295054604175,741,12,0.9431945538974952,1
390,5,0,10,1.0667947429233515,635,12,0.8884502877862838,1
270,5,0,10,0.8439713601849157,623,12,0.9431945538974952,1
338,2,0,10,0.5455471868745101,696,12,0.8884502877862838,1
468,2,0,10,0.2192700907218,812,12,0.8884502877862838,1
383,5,0,10,0.6251269664239516,678,11,0.8884502877862838,1
354,5,0,10,0.5734001097168147,670,12,0.8884502877862838,1
291,5,0,10,0.8200974263200832,624,11,0.9431945538974952,1
422,5,0,10,0.6330849443788957,639,12,0.9431945538974952,1
266,2,0,10,0.8041814704101949,674,12,0.9431945538974952,1
404,5,0,10,0.6370639333563678,725,12,0.8884502877862838,1
373,5,0,10,0.6768538231310886,731,12,0.9431945538974952,1
417,5,0,10,0.5216732530096777,751,11,0.9431945538974952,1
326,2,0,10,0.5893160656267029,641,12,0.8884502877862838,1
563,5,0,10,0.6052320215365912,739,11,0.8884502877862838,1
348,5,0,10,0.6370639333563678,767,12,0.9431945538974952,1
255,2,0,10,0.8240764152975553,631,12,0.9431945538974952,1
311,5,0,10,0.3147658261811298,681,12,0.8884502877862838,1
428,5,0,10,0.4898413411899011,668,12,0.9431945538974952,1
387,5,0,10,0.4540304403926524,675,12,0.9431945538974952,1
253,2,0,10,0.9394670956442456,589,11,0.9431945538974952,1
365,2,0,10,0.7126647239283372,538,12,0.9431945538974952,1
385,5,0,10,0.7246016908607534,727,11,0.9431945538974952,1
329,2,0,10,0.7763285475678904,653,12,0.8884502877862838,1
406,5,0,10,0.8320343932524994,688,12,0.8884502877862838,1
314,2,0,10,0.9514040625766615,540,12,0.9431945538974952,1
333,2,0,10,0.8718242830272201,581,12,0.8884502877862838,1
370,5,0,10,0.919572150756885,551,11,0.9431945538974952,1
337,5,0,10,0.6131899994915354,666,11,0.9431945538974952,1
246,2,0,10,1.0031309192837985,508,11,0.9431945538974952,1
464,5,0,10,0.5455471868745101,743,11,0.8884502877862838,1
303,5,0,10,0.6052320215365912,692,12,0.8884502877862838,1
288,5,0,10,0.5535051648294542,749,11,0.9431945538974952,1
361,2,0,10,0.7086857349508652,773,11,0.8884502877862838,1
545,5,0,10,0.5734001097168147,850,11,0.8884502877862838,1
499,2,0,10,0.3545557159558505,793,11,0.8884502877862838,1
337,2,0,10,0.7405176467706417,620,12,0.9431945538974952,1
309,2,0,10,0.9514040625766615,649,12,0.8884502877862838,1
367,5,0,10,0.7803075365453624,679,11,0.8884502877862838,1
302,5,0,10,0.7564336026805301,614,12,0.9431945538974952,1
365,2,0,10,0.863866305072276,634,11,0.9431945538974952,1
308,2,0,10,0.9076351838244688,693,12,0.9431945538974952,1
289,2,0,10,1.074752720878296,656,11,0.8884502877862838,1
344,5,0,10,0.541568197897038,645,12,0.9431945538974952,1
349,5,0,10,0.7365386577931696,588,11,0.8884502877862838,1
275,2,0,10,0.6211479774464795,647,11,0.9431945538974952,1
393,2,0,10,0.5176942640322055,734,11,0.9431945538974952,1
345,5,0,10,0.6848118010860327,679,11,0.8884502877862838,1
351,2,0,10,0.5853370766492308,797,12,0.8884502877862838,1
543,2,0,10,0.652979889266256,826,11,0.9431945538974952,1
337,2,0,10,0.3704716718657388,773,12,0.8884502877862838,1
381,5,0,10,0.1715222229921351,860,11,0.9431945538974952,1
258,5,0,10,1.0389418200810472,564,12,0.9431945538974952,1
417,5,0,10,0.5256522419871498,779,11,0.8884502877862838,1
333,5,0,10,0.8280554042750273,639,12,0.9431945538974952,1
515,5,0,10,0.4301565065278199,853,12,0.9431945538974952,1
356,2,0,10,0.6012530325591191,784,11,0.8884502877862838,1
280,5,0,10,0.7285806798382255,800,11,0.8884502877862838,1
310,2,0,10,0.9036561948469968,640,12,0.9431945538974952,1
339,2,0,10,0.5176942640322055,692,12,0.9431945538974952,1
359,2,0,10,0.597274043581647,630,11,0.8884502877862838,1
313,2,0,10,0.8002024814327229,583,11,0.9431945538974952,1
399,5,0,10,0.6967487680184489,716,11,0.8884502877862838,1
253,5,0,10,0.7882655145003066,489,12,0.8884502877862838,1
227,2,0,10,0.9593620405316058,558,11,0.8884502877862838,1
379,2,0,10,0.8837612499596363,630,11,0.9431945538974952,1
363,2,0,10,0.5495261758519822,741,12,0.8884502877862838,1
331,2,0,10,0.7564336026805301,785,12,0.8884502877862838,1
310,5,0,10,0.4659674073250686,757,11,0.8884502877862838,1
380,5,0,10,0.863866305072276,723,12,0.9431945538974952,1
370,5,0,10,0.597274043581647,741,12,0.8884502877862838,1
375,2,0,10,0.5336102199420939,743,12,0.8884502877862838,1
453,2,0,10,0.3943456057305713,733,12,0.8884502877862838,1
431,5,0,10,0.5137152750547335,772,11,0.9431945538974952,1
286,5,0,10,0.808160459387667,604,12,0.9431945538974952,1
480,2,0,10,0.4659674073250686,690,11,0.9431945538974952,1
265,5,0,10,0.7643915806354742,639,12,0.8884502877862838,1
385,2,0,10,0.5614631427843984,760,11,0.9431945538974952,1
329,2,0,10,0.7086857349508652,684,11,0.8884502877862838,1
303,5,0,10,0.8718242830272201,626,11,0.8884502877862838,1
386,2,0,10,0.5893160656267029,745,11,0.8884502877862838,1
302,2,0,10,1.0150678862162148,573,11,0.8884502877862838,1
358,5,0,10,0.3426187490234343,784,12,0.9431945538974952,1
353,5,0,10,0.5614631427843984,735,11,0.8884502877862838,1
308,2,0,10,0.6450219113113119,723,12,0.8884502877862838,1
364,5,0,10,0.8360133822299715,674,11,0.8884502877862838,1
383,2,0,10,0.5176942640322055,665,12,0.8884502877862838,1
372,5,0,10,0.6291059554014237,729,12,0.9431945538974952,1
313,5,0,10,0.2351860466316883,776,11,0.9431945538974952,1
387,5,0,10,0.5455471868745101,725,12,0.8884502877862838,1
269,2,0,10,0.6609378672212003,693,12,0.9431945538974952,1
419,2,0,10,0.434135495505292,760,12,0.9431945538974952,1
384,2,0,10,0.8161184373426111,759,12,0.8884502877862838,1
424,5,0,10,0.6131899994915354,712,12,0.8884502877862838,1
352,5,0,10,0.378429649820683,749,11,0.8884502877862838,1
382,2,0,10,0.6450219113113119,727,11,0.8884502877862838,1
383,2,0,10,0.8956982168920526,629,11,0.9431945538974952,1
268,5,0,10,0.8837612499596363,617,11,0.9431945538974952,1
356,5,0,10,0.7126647239283372,660,12,0.9431945538974952,1
340,2,0,10,0.1874381789020234,785,11,0.9431945538974952,1
272,2,0,10,0.9076351838244688,675,11,0.8884502877862838,1
327,5,0,10,0.8678452940497481,586,11,0.9431945538974952,1
335,5,0,10,0.7803075365453624,657,12,0.8884502877862838,1
230,2,0,10,0.6768538231310886,671,11,0.9431945538974952,1
291,5,0,10,0.7325596688156976,590,11,0.8884502877862838,1
305,2,0,10,0.6967487680184489,624,12,0.8884502877862838,1
365,5,0,10,0.9076351838244688,648,12,0.9431945538974952,1
275,5,0,10,0.541568197897038,686,11,0.9431945538974952,1
322,5,0,10,0.7325596688156976,765,11,0.9431945538974952,1
228,5,0,10,0.9593620405316058,597,12,0.9431945538974952,1
339,5,0,10,0.8758032720046922,712,12,0.9431945538974952,1
393,2,0,10,0.5694211207393426,666,11,0.8884502877862838,1
319,5,0,10,0.8678452940497481,684,12,0.9431945538974952,1
369,5,0,10,0.7683705696129463,766,11,0.8884502877862838,1
337,5,0,10,0.8519293381398598,661,12,0.9431945538974952,1
297,2,0,10,1.0349628311035752,694,11,0.8884502877862838,1
361,5,0,10,0.4619884183475966,769,11,0.8884502877862838,1
290,5,0,10,0.7604125916580021,673,11,0.8884502877862838,1
322,5,0,10,0.7643915806354742,653,12,0.8884502877862838,1
361,5,0,10,0.8041814704101949,633,12,0.9431945538974952,1
314,2,0,10,0.652979889266256,673,11,0.8884502877862838,1
307,2,0,10,0.6370639333563678,673,11,0.8884502877862838,1
281,5,0,10,0.6887907900635047,687,12,0.9431945538974952,1
455,2,0,10,0.3943456057305713,779,11,0.9431945538974952,1
302,5,0,10,0.6808328121085606,760,12,0.9431945538974952,1
397,2,0,10,0.597274043581647,755,12,0.8884502877862838,1
370,2,0,10,0.593295054604175,805,11,0.8884502877862838,1
432,2,0,10,0.6808328121085606,691,11,0.9431945538974952,1
308,2,0,10,0.5296312309646218,572,11,0.9431945538974952,1
289,2,0,10,0.9991519303063264,577,11,0.9431945538974952,1
334,2,0,10,0.96732001848655,582,12,0.8884502877862838,1
422,2,0,10,0.5296312309646218,794,12,0.8884502877862838,1
332,5,0,10,0.7086857349508652,675,11,0.8884502877862838,1
305,2,0,10,0.4977993191448452,677,11,0.9431945538974952,1
393,2,0,10,0.6649168561986724,746,12,0.9431945538974952,1
417,5,0,10,0.4938203301673731,701,11,0.8884502877862838,1
311,5,0,10,0.9394670956442456,662,12,0.8884502877862838,1
340,2,0,10,0.8200974263200832,589,12,0.9431945538974952,1
334,5,0,10,0.7047067459733931,653,11,0.8884502877862838,1
518,2,0,10,0.3943456057305713,841,11,0.8884502877862838,1
387,2,0,10,0.4182195395954037,685,12,0.9431945538974952,1
471,5,0,10,0.6251269664239516,670,12,0.9431945538974952,1
424,5,0,10,0.4818833632349569,692,12,0.9431945538974952,1
321,2,0,10,0.8678452940497481,660,12,0.9431945538974952,1
303,2,0,10,0.863866305072276,513,11,0.8884502877862838,1
463,2,0,10,0.3943456057305713,881,11,0.8884502877862838,1
365,2,0,10,0.8877402389371084,713,12,0.9431945538974952,1
275,2,0,10,0.5216732530096777,635,12,0.9431945538974952,1
350,5,0,10,1.078731709855768,586,12,0.8884502877862838,1
324,2,0,10,0.6410429223338399,657,11,0.9431945538974952,1
481,5,0,10,0.6012530325591191,695,11,0.9431945538974952,1
321,2,0,10,0.537589208919566,646,11,0.9431945538974952,1
262,2,0,10,0.8280554042750273,597,12,0.9431945538974952,1
385,2,0,10,0.7604125916580021,655,11,0.8884502877862838,1
350,2,0,10,0.6688958451761444,826,12,0.9431945538974952,1
231,5,0,10,0.8280554042750273,611,12,0.8884502877862838,1
345,2,0,10,0.167543234014663,759,12,0.8884502877862838,1
308,5,0,10,0.593295054604175,594,12,0.9431945538974952,1
367,2,0,10,0.6092110105140632,732,12,0.8884502877862838,1
492,2,0,10,0.4381144844827641,712,12,0.9431945538974952,1
478,2,0,10,0.3625136939107947,692,11,0.9431945538974952,1
507,5,0,10,0.537589208919566,814,12,0.8884502877862838,1
317,2,0,10,0.9911939523513824,530,12,0.9431945538974952,1
288,5,0,10,0.8837612499596363,735,11,0.9431945538974952,1
348,5,0,10,0.5336102199420939,632,11,0.8884502877862838,1
369,5,0,10,0.7444966357481138,703,11,0.8884502877862838,1
343,2,0,10,0.8797822609821643,634,11,0.8884502877862838,1
246,2,0,10,1.046899798035991,576,12,0.9431945538974952,1
397,5,0,10,0.6967487680184489,673,12,0.9431945538974952,1
250,2,0,10,0.5614631427843984,659,12,0.8884502877862838,1
335,2,0,10,0.9474250735991896,596,12,0.9431945538974952,1
250,2,0,10,0.9553830515541336,569,11,0.9431945538974952,1
487,2,0,10,0.5773790986942867,721,12,0.9431945538974952,1
371,2,0,10,0.6609378672212003,740,11,0.8884502877862838,1
432,2,0,10,0.4898413411899011,805,11,0.8884502877862838,1
282,2,0,10,0.6728748341536165,737,11,0.8884502877862838,1
324,2,0,10,0.6171689884690075,723,12,0.8884502877862838,1
288,2,0,10,0.9434460846217176,710,12,0.9431945538974952,1
356,5,0,10,0.6728748341536165,664,11,0.8884502877862838,1
320,5,0,10,0.9474250735991896,593,11,0.9431945538974952,1
513,5,0,10,0.5773790986942867,767,11,0.9431945538974952,1
338,2,0,10,0.9315091176893012,760,11,0.9431945538974952,1
406,5,0,10,0.7405176467706417,787,12,0.8884502877862838,1
227,5,0,10,0.5813580876717588,715,12,0.8884502877862838,1
372,5,0,10,0.4779043742574848,753,12,0.8884502877862838,1
386,2,0,10,0.752454613703058,641,11,0.8884502877862838,1
338,5,0,10,0.7643915806354742,621,11,0.9431945538974952,1
301,5,0,10,0.8877402389371084,542,11,0.9431945538974952,1
330,5,0,10,0.2670179584514649,766,11,0.9431945538974952,1
246,5,0,10,0.915593161779413,601,12,0.9431945538974952,1
373,5,0,10,0.919572150756885,551,12,0.9431945538974952,1
339,5,0,10,0.6887907900635047,731,11,0.9431945538974952,1
294,2,0,10,0.9275301287118292,695,11,0.8884502877862838,1
415,2,0,10,0.593295054604175,774,12,0.8884502877862838,1
272,5,0,10,0.8758032720046922,742,11,0.8884502877862838,1
336,5,0,10,1.0031309192837985,684,11,0.9431945538974952,1
313,5,0,10,0.8399923712074435,598,11,0.9431945538974952,1
242,2,0,10,0.6410429223338399,716,12,0.9431945538974952,1
340,5,0,10,0.6211479774464795,674,11,0.8884502877862838,1
325,5,0,10,0.6251269664239516,719,11,0.9431945538974952,1
303,5,0,10,0.8121394483651391,640,12,0.8884502877862838,1
355,5,0,10,0.6171689884690075,724,12,0.9431945538974952,1
369,2,0,10,0.5813580876717588,684,12,0.9431945538974952,1
344,5,0,10,0.7564336026805301,654,12,0.9431945538974952,1
304,5,0,10,0.4818833632349569,703,12,0.9431945538974952,1
406,2,0,10,0.6291059554014237,633,11,0.8884502877862838,1
414,2,0,10,0.4818833632349569,727,12,0.8884502877862838,1
406,5,0,10,0.4659674073250686,584,12,0.8884502877862838,1
451,2,0,10,0.6609378672212003,718,12,0.8884502877862838,1
400,5,0,10,0.4659674073250686,845,11,0.9431945538974952,1
305,5,0,10,0.6171689884690075,695,11,0.8884502877862838,1
343,5,0,10,0.4381144844827641,773,11,0.8884502877862838,1
247,5,0,10,0.7285806798382255,688,12,0.9431945538974952,1
390,5,0,10,0.2908918923162973,773,11,0.9431945538974952,1
341,2,0,10,0.6291059554014237,684,11,0.9431945538974952,1
428,6,6,10,0.434135495505292,607,11,0.8884502877862838,1
412,6,6,10,0.2511020025415766,636,11,0.8884502877862838,1
342,2,6,10,0.6649168561986724,524,11,0.8884502877862838,1
407,6,6,10,0.7166437129058093,635,11,0.9431945538974952,1
378,2,6,10,0.5853370766492308,550,11,0.8884502877862838,1
382,6,6,10,0.0203206418481963,688,11,0.9431945538974952,1
275,2,6,10,0.6450219113113119,512,11,0.8884502877862838,1
407,6,6,10,0.2272280686767442,649,11,0.8884502877862838,1
345,2,6,10,0.3863876277756271,584,11,0.9431945538974952,1
297,2,6,10,0.4142405506179316,588,11,0.8884502877862838,1
231,2,6,10,0.5535051648294542,558,11,0.8884502877862838,1
301,6,6,10,0.0720474985553333,756,11,0.8884502877862838,1
271,6,6,10,0.7643915806354742,562,11,0.8884502877862838,1
327,6,6,10,0.2908918923162973,676,11,0.8884502877862838,1
412,2,6,10,0.6410429223338399,568,11,0.8884502877862838,1
413,2,6,10,0.4301565065278199,578,11,0.9431945538974952,1
207,6,6,10,0.7086857349508652,581,11,0.8884502877862838,1
407,2,6,10,0.167543234014663,624,11,0.9431945538974952,1
373,2,6,10,0.2192700907218,585,11,0.9431945538974952,1
273,6,6,10,0.4301565065278199,581,11,0.9431945538974952,1
344,2,6,10,0.2113121127668558,610,11,0.8884502877862838,1
364,2,6,10,0.326702793113546,602,11,0.8884502877862838,1
386,6,6,10,0.1038794103751098,683,11,0.9431945538974952,1
334,6,6,10,0.0791540825886055,633,11,0.9431945538974952,1
545,6,6,10,0.2272280686767442,675,11,0.9431945538974952,1
414,6,6,10,0.6927697790409768,584,11,0.8884502877862838,1
323,2,6,10,0.7803075365453624,535,11,0.8884502877862838,1
408,6,6,10,0.0640895206003891,732,11,0.8884502877862838,1
352,6,6,10,0.0163416528707242,703,11,0.8884502877862838,1
366,2,6,10,0.6052320215365912,606,11,0.9431945538974952,1
334,6,6,10,0.4023035836855154,564,11,0.8884502877862838,1
302,2,6,10,0.7803075365453624,498,11,0.9431945538974952,1
260,6,6,10,0.5137152750547335,589,11,0.9431945538974952,1
274,6,6,10,0.7325596688156976,525,11,0.9431945538974952,1
330,6,6,10,0.4221985285728758,621,11,0.8884502877862838,1
417,6,6,10,0.3505767269783785,630,11,0.9431945538974952,1
461,2,6,10,0.6291059554014237,637,11,0.9431945538974952,1
406,6,6,10,0.3704716718657388,613,11,0.9431945538974952,1
340,2,6,10,0.9275301287118292,533,11,0.9431945538974952,1
483,2,6,10,0.1746498180479352,717,11,0.8884502877862838,1
422,2,6,10,0.2351860466316883,658,11,0.9431945538974952,1
444,2,6,10,0.0871120605435496,649,11,0.8884502877862838,1
183,6,6,10,0.9832359743964384,490,11,0.8884502877862838,1
320,2,6,10,0.2192700907218,620,11,0.9431945538974952,1
404,6,6,10,0.5256522419871498,655,11,0.8884502877862838,1
242,6,6,10,0.7285806798382255,539,11,0.9431945538974952,1
449,6,6,10,0.6052320215365912,568,11,0.9431945538974952,1
449,2,6,10,0.6609378672212003,546,11,0.8884502877862838,1
465,6,6,10,0.0632381266787172,774,11,0.9431945538974952,1
211,6,6,10,0.6330849443788957,511,11,0.9431945538974952,1
379,2,6,10,0.7365386577931696,541,11,0.8884502877862838,1
242,2,6,10,0.7444966357481138,636,11,0.8884502877862838,1
320,6,6,10,0.4500514514151803,593,11,0.9431945538974952,1
367,2,6,10,0.5256522419871498,564,11,0.8884502877862838,1
205,6,6,10,1.1503535114502654,443,11,0.8884502877862838,1
475,2,6,10,0.0274272258814685,677,11,0.9431945538974952,1
339,2,6,10,0.4818833632349569,636,11,0.9431945538974952,1
317,2,6,10,0.6927697790409768,541,11,0.9431945538974952,1
425,6,6,10,0.5495261758519822,555,11,0.9431945538974952,1
370,6,6,10,0.0035532920166361,635,11,0.9431945538974952,1
352,2,6,10,0.2272280686767442,641,11,0.8884502877862838,1
186,6,6,10,0.8797822609821643,553,11,0.8884502877862838,1
323,6,6,10,0.8320343932524994,555,11,0.8884502877862838,1
315,6,6,10,0.5614631427843984,614,11,0.8884502877862838,1
405,2,6,10,0.3744506608432109,658,11,0.8884502877862838,1
383,2,6,10,0.1038794103751098,642,11,0.8884502877862838,1
280,2,6,10,0.0640895206003891,635,11,0.8884502877862838,1
383,2,6,10,0.4142405506179316,601,11,0.9431945538974952,1
386,2,6,10,0.3426187490234343,611,11,0.8884502877862838,1
368,6,6,10,0.7564336026805301,540,11,0.9431945538974952,1
380,2,6,10,0.5734001097168147,553,11,0.8884502877862838,1
275,6,6,10,0.7325596688156976,534,11,0.9431945538974952,1
338,6,6,10,1.0548577759909357,537,11,0.8884502877862838,1
317,6,6,10,0.9116141728019408,549,11,0.9431945538974952,1
381,6,6,10,0.5097362860772614,622,11,0.8884502877862838,1
343,6,6,10,0.3346607710684902,654,11,0.9431945538974952,1
324,6,6,10,0.4699463963025407,508,11,0.9431945538974952,1
274,6,6,10,0.3107868372036577,651,11,0.9431945538974952,1
425,6,6,10,0.3426187490234343,601,11,0.9431945538974952,1
362,6,6,10,0.537589208919566,611,11,0.9431945538974952,1
244,6,6,10,0.9951729413288544,513,11,0.9431945538974952,1
302,2,6,10,0.6211479774464795,586,11,0.9431945538974952,1
253,2,6,10,0.5893160656267029,622,11,0.9431945538974952,1
484,6,6,10,0.3346607710684902,680,11,0.9431945538974952,1
363,2,6,10,0.3187448151586018,632,11,0.9431945538974952,1
314,2,6,10,0.0441945757130287,604,11,0.9431945538974952,1
370,2,6,10,0.5017783081223173,569,11,0.8884502877862838,1
276,6,6,10,0.3744506608432109,603,11,0.9431945538974952,1
342,2,6,10,0.3505767269783785,597,11,0.8884502877862838,1
286,6,6,10,0.6211479774464795,556,11,0.8884502877862838,1
346,6,6,10,0.6171689884690075,561,11,0.9431945538974952,1
262,2,6,10,0.6808328121085606,512,11,0.9431945538974952,1
381,6,6,10,0.6728748341536165,606,11,0.8884502877862838,1
327,6,6,10,0.2431440245866324,589,11,0.9431945538974952,1
349,2,6,10,0.8360133822299715,503,11,0.9431945538974952,1
255,2,6,10,0.7246016908607534,585,11,0.9431945538974952,1
377,2,6,10,0.3426187490234343,570,11,0.8884502877862838,1
392,6,6,10,0.8439713601849157,577,11,0.8884502877862838,1
317,6,6,10,0.3744506608432109,646,11,0.9431945538974952,1
348,2,6,10,0.6609378672212003,583,11,0.9431945538974952,1
330,2,6,10,1.1145426106530167,550,11,0.9431945538974952,1
325,6,6,10,0.2948708812937694,636,11,0.9431945538974952,1
438,6,6,10,0.0950700384984938,702,11,0.9431945538974952,1
450,2,6,10,0.378429649820683,690,11,0.8884502877862838,1
279,6,6,10,0.5097362860772614,614,11,0.8884502877862838,1
273,2,6,10,0.4142405506179316,594,11,0.9431945538974952,1
392,2,6,10,0.3983245947080434,677,11,0.9431945538974952,1
391,2,6,10,0.5017783081223173,561,11,0.9431945538974952,1
435,2,6,10,0.1396903111723585,640,11,0.8884502877862838,1
384,2,6,10,0.537589208919566,585,11,0.8884502877862838,1
352,2,6,10,0.1396903111723585,602,11,0.9431945538974952,1
343,6,6,10,0.3306817820910181,583,11,0.9431945538974952,1
352,6,6,10,0.4659674073250686,626,11,0.8884502877862838,1
380,6,6,10,0.5495261758519822,557,11,0.8884502877862838,1
313,2,6,10,0.6450219113113119,610,11,0.8884502877862838,1
346,6,6,10,0.541568197897038,647,11,0.8884502877862838,1
447,6,6,10,0.0592591377012451,685,11,0.9431945538974952,1
368,2,6,10,0.5495261758519822,547,11,0.9431945538974952,1
413,2,6,10,0.5176942640322055,600,11,0.9431945538974952,1
386,2,6,10,0.326702793113546,614,11,0.8884502877862838,1
359,6,6,10,0.2073331237893838,647,11,0.8884502877862838,1
368,6,6,10,0.3585347049333226,605,11,0.9431945538974952,1
423,6,6,10,0.0433431817913568,651,11,0.8884502877862838,1
271,6,6,10,0.4699463963025407,571,11,0.9431945538974952,1
376,6,6,10,0.8718242830272201,565,11,0.8884502877862838,1
371,6,6,10,0.4221985285728758,610,11,0.9431945538974952,1
277,6,6,10,0.593295054604175,540,11,0.9431945538974952,1
492,2,6,10,0.6450219113113119,597,11,0.9431945538974952,1
453,6,6,10,0.4102615616404595,651,11,0.8884502877862838,1
442,6,6,10,0.3744506608432109,606,11,0.9431945538974952,1
328,6,6,10,0.6171689884690075,600,11,0.9431945538974952,1
411,2,6,10,0.4619884183475966,604,11,0.8884502877862838,1
359,6,6,10,0.4500514514151803,561,11,0.9431945538974952,1
385,6,6,10,0.1953961568569676,609,11,0.9431945538974952,1
352,2,6,10,0.4619884183475966,642,11,0.9431945538974952,1
311,6,6,10,0.3386397600459622,624,11,0.9431945538974952,1
416,6,6,10,0.4381144844827641,570,11,0.8884502877862838,1
375,6,6,10,0.6370639333563678,564,11,0.9431945538974952,1
214,6,6,10,0.5574841538069263,592,11,0.8884502877862838,1
328,2,6,10,0.2272280686767442,613,11,0.8884502877862838,1
411,2,6,10,0.4142405506179316,587,11,0.9431945538974952,1
197,2,6,10,0.9911939523513824,509,11,0.9431945538974952,1
407,2,6,10,0.3744506608432109,686,11,0.9431945538974952,1
371,6,6,10,0.1755012119696072,606,11,0.9431945538974952,1
370,6,6,10,0.2869129033388253,611,11,0.9431945538974952,1
308,2,6,10,0.4739253852800127,515,11,0.8884502877862838,1
397,2,6,10,0.3983245947080434,624,11,0.9431945538974952,1
249,2,6,10,0.863866305072276,527,11,0.8884502877862838,1
323,6,6,10,0.5813580876717588,592,11,0.8884502877862838,1
332,6,6,10,0.6808328121085606,595,11,0.9431945538974952,1
428,2,6,10,0.056131542645445,613,11,0.9431945538974952,1
305,2,6,10,0.8678452940497481,542,11,0.9431945538974952,1
438,2,6,10,0.6887907900635047,561,11,0.8884502877862838,1
332,2,6,10,0.7405176467706417,596,11,0.9431945538974952,1
344,2,6,10,0.4739253852800127,568,11,0.9431945538974952,1
387,6,6,10,0.8200974263200832,560,11,0.8884502877862838,1
256,6,6,10,0.6052320215365912,563,11,0.8884502877862838,1
456,6,6,10,0.2391650356091604,620,11,0.8884502877862838,1
395,6,6,10,0.3983245947080434,593,11,0.9431945538974952,1
340,2,6,10,0.5296312309646218,556,11,0.9431945538974952,1
241,6,6,10,0.6330849443788957,512,11,0.9431945538974952,1
401,6,6,10,0.6848118010860327,611,11,0.8884502877862838,1
326,6,6,10,0.4420934734602362,662,11,0.9431945538974952,1
401,2,6,10,0.3426187490234343,592,11,0.9431945538974952,1
379,2,6,10,0.6370639333563678,550,11,0.8884502877862838,1
288,2,6,10,0.2073331237893838,626,11,0.9431945538974952,1
257,6,6,10,0.9235511397343572,547,11,0.9431945538974952,1
322,6,6,10,0.5057572970997893,577,11,0.9431945538974952,1
421,6,6,10,0.1396903111723585,620,11,0.9431945538974952,1
468,2,6,10,0.4938203301673731,699,11,0.9431945538974952,1
263,2,6,10,0.2272280686767442,592,11,0.8884502877862838,1
347,6,6,10,0.4938203301673731,579,11,0.9431945538974952,1
368,2,6,10,0.3943456057305713,590,11,0.9431945538974952,1
305,2,6,10,0.6012530325591191,535,11,0.9431945538974952,1
228,2,6,10,0.6609378672212003,589,11,0.8884502877862838,1
436,6,6,10,0.0879634544652216,659,11,0.9431945538974952,1
396,6,6,10,0.3187448151586018,619,11,0.8884502877862838,1
440,2,6,10,0.3505767269783785,653,11,0.9431945538974952,1
437,6,6,10,0.0640895206003891,644,11,0.8884502877862838,1
275,6,6,10,0.652979889266256,545,11,0.9431945538974952,1
382,6,6,10,0.3227238041360739,600,11,0.9431945538974952,1
276,2,6,10,0.4420934734602362,553,11,0.9431945538974952,1
385,6,6,10,0.1755012119696072,658,11,0.9431945538974952,1
430,6,6,10,0.3227238041360739,626,11,0.9431945538974952,1
284,6,6,10,0.5256522419871498,591,11,0.9431945538974952,1
440,2,6,10,0.0481735646905008,665,11,0.9431945538974952,1
383,2,6,10,0.4659674073250686,622,11,0.8884502877862838,1
451,6,6,10,0.3227238041360739,670,11,0.9431945538974952,1
392,6,6,10,0.6370639333563678,636,11,0.8884502877862838,1
345,6,6,10,0.1436693001498306,643,11,0.8884502877862838,1
469,2,6,10,0.0720474985553333,677,11,0.8884502877862838,1
350,2,6,10,0.1755012119696072,602,11,0.9431945538974952,1
427,6,6,10,0.9474250735991896,515,11,0.9431945538974952,1
386,6,6,10,0.3625136939107947,613,11,0.8884502877862838,1
407,6,6,10,0.3346607710684902,610,11,0.8884502877862838,1
316,2,6,10,0.6211479774464795,621,11,0.9431945538974952,1
336,2,6,10,0.3744506608432109,626,11,0.9431945538974952,1
486,6,6,10,0.111837388330054,630,11,0.8884502877862838,1
432,2,6,10,0.4062825726629875,690,11,0.9431945538974952,1
270,2,6,10,0.6927697790409768,502,11,0.8884502877862838,1
340,6,6,10,0.3943456057305713,600,11,0.8884502877862838,1
306,6,6,10,0.5773790986942867,518,11,0.8884502877862838,1
429,6,6,10,0.0879634544652216,597,11,0.8884502877862838,1
417,6,6,10,0.0282786198031404,680,11,0.8884502877862838,1
389,2,6,10,0.3306817820910181,643,11,0.8884502877862838,1
341,2,6,10,0.7643915806354742,532,11,0.8884502877862838,1
268,2,6,10,0.7206227018832814,541,11,0.9431945538974952,1
280,6,6,10,0.3028288592487136,647,11,0.9431945538974952,1
439,6,6,10,0.0919424434426936,674,11,0.8884502877862838,1
378,2,6,10,0.2988498702712415,545,11,0.9431945538974952,1
296,6,6,10,0.5654421317618704,581,11,0.8884502877862838,1
315,2,6,10,0.485862352212429,596,11,0.8884502877862838,1
417,6,6,10,0.3545557159558505,629,11,0.9431945538974952,1
288,6,6,10,0.8439713601849157,525,11,0.9431945538974952,1
327,6,6,10,0.0203206418481963,628,11,0.8884502877862838,1
307,2,6,10,0.4420934734602362,600,11,0.9431945538974952,1
401,6,6,10,0.2033541348119117,689,11,0.8884502877862838,1
348,6,6,10,0.3107868372036577,596,11,0.9431945538974952,1
420,2,6,10,0.4619884183475966,560,11,0.8884502877862838,1
211,2,6,10,0.6291059554014237,567,11,0.9431945538974952,1
330,6,6,10,0.7246016908607534,592,11,0.8884502877862838,1
527,2,6,10,0.5654421317618704,584,11,0.8884502877862838,1
396,6,6,10,0.3028288592487136,568,11,0.9431945538974952,1
232,2,6,10,1.0389418200810472,494,11,0.9431945538974952,1
405,6,6,10,0.4540304403926524,599,11,0.8884502877862838,1
257,6,6,10,0.5694211207393426,587,11,0.9431945538974952,1
343,6,6,10,0.5535051648294542,527,11,0.8884502877862838,1
334,6,6,10,0.6569588782437281,603,11,0.8884502877862838,1
343,6,6,10,0.3306817820910181,618,11,0.8884502877862838,1
252,6,6,10,0.6887907900635047,562,11,0.8884502877862838,1
370,2,6,10,0.378429649820683,604,11,0.8884502877862838,1
318,6,6,10,0.6569588782437281,591,11,0.8884502877862838,1
260,6,6,10,0.7007277569959209,533,11,0.9431945538974952,1
241,6,6,10,0.752454613703058,519,11,0.9431945538974952,1
374,6,6,10,0.2511020025415766,618,11,0.8884502877862838,1
423,2,6,10,0.2351860466316883,735,11,0.8884502877862838,1
309,6,6,10,0.8320343932524994,539,11,0.8884502877862838,1
441,6,6,10,0.434135495505292,603,11,0.9431945538974952,1
341,6,6,10,0.5017783081223173,641,11,0.8884502877862838,1
318,6,6,10,0.7962234924552508,600,11,0.8884502877862838,1
479,6,6,10,0.1556062670822468,570,11,0.9431945538974952,1
375,6,6,10,0.6450219113113119,497,11,0.8884502877862838,1
420,2,6,10,0.2351860466316883,685,11,0.9431945538974952,1
386,6,6,10,0.5574841538069263,580,11,0.8884502877862838,1
362,6,6,10,0.1874381789020234,607,11,0.8884502877862838,1
340,6,6,10,0.1953961568569676,642,11,0.9431945538974952,1
278,2,6,10,0.3983245947080434,588,11,0.9431945538974952,1
395,2,6,10,0.1953961568569676,617,11,0.8884502877862838,1
519,6,6,10,0.1715222229921351,680,11,0.9431945538974952,1
393,6,6,10,0.2630389694739928,543,11,0.9431945538974952,1
330,2,6,10,0.4062825726629875,610,11,0.8884502877862838,1
323,6,6,10,0.7086857349508652,554,11,0.8884502877862838,1
446,6,6,10,0.2312070576542162,672,11,0.9431945538974952,1
316,6,6,10,0.3227238041360739,662,11,0.9431945538974952,1
381,2,6,10,0.2152911017443279,608,11,0.8884502877862838,1
374,2,6,10,0.915593161779413,517,11,0.9431945538974952,1
417,6,6,10,0.537589208919566,542,11,0.9431945538974952,1
362,6,6,10,0.3537043220341786,749,11,0.9431945538974952,1
405,2,6,10,0.0640895206003891,672,11,0.9431945538974952,1
459,6,6,10,0.2033541348119117,661,11,0.9431945538974952,1
395,2,6,10,0.4062825726629875,606,11,0.9431945538974952,1
346,6,6,10,0.0154902589490523,645,11,0.9431945538974952,1
356,2,6,10,0.1953961568569676,612,11,0.8884502877862838,1
380,6,6,10,0.4301565065278199,602,11,0.8884502877862838,1
387,6,6,10,0.4261775175503479,693,11,0.8884502877862838,1
332,2,6,10,0.7206227018832814,585,11,0.8884502877862838,1
335,6,6,10,0.6768538231310886,603,11,0.8884502877862838,1
317,6,6,10,1.0150678862162148,532,11,0.8884502877862838,1
319,2,6,10,0.652979889266256,523,11,0.8884502877862838,1
309,6,6,10,0.2431440245866324,584,11,0.8884502877862838,1
231,6,6,10,0.7166437129058093,570,11,0.8884502877862838,1
412,2,6,10,0.7842865255228345,552,11,0.9431945538974952,1
387,6,6,10,0.4977993191448452,605,11,0.8884502877862838,1
383,2,6,10,0.1237743552624702,736,11,0.8884502877862838,1
313,2,6,10,0.3585347049333226,595,11,0.9431945538974952,1
386,2,6,10,0.2272280686767442,644,11,0.9431945538974952,1
311,6,6,10,0.6330849443788957,620,11,0.9431945538974952,1
419,6,6,10,0.4261775175503479,612,11,0.8884502877862838,1
435,6,6,10,0.1277533442399423,608,11,0.8884502877862838,1
282,6,6,10,0.2232490796992721,599,11,0.9431945538974952,1
320,2,6,10,0.7564336026805301,507,11,0.9431945538974952,1
336,2,6,10,0.975277996441494,556,11,0.8884502877862838,1
297,2,6,10,0.7763285475678904,459,11,0.9431945538974952,1
324,6,6,10,0.6728748341536165,553,11,0.8884502877862838,1
290,2,6,10,0.4142405506179316,603,11,0.8884502877862838,1
451,6,6,10,0.4659674073250686,606,11,0.8884502877862838,1
364,6,6,10,0.2113121127668558,700,11,0.8884502877862838,1
484,6,6,10,0.4571580354484525,748,11,0.9431945538974952,1
427,6,6,10,0.0521525536679729,664,11,0.8884502877862838,1
332,2,6,10,0.378429649820683,605,11,0.8884502877862838,1
378,6,6,10,0.3028288592487136,573,11,0.8884502877862838,1
430,6,6,10,0.382408638798155,645,11,0.9431945538974952,1
375,2,6,10,0.1914171678794955,583,11,0.9431945538974952,1
329,2,6,10,0.4221985285728758,577,11,0.9431945538974952,1
364,2,6,10,0.6728748341536165,632,11,0.8884502877862838,1
345,6,6,10,0.4779043742574848,524,11,0.8884502877862838,1
285,6,6,10,0.593295054604175,553,11,0.9431945538974952,1
390,6,6,10,0.7126647239283372,520,11,0.9431945538974952,1
328,2,6,10,0.752454613703058,523,11,0.9431945538974952,1
326,6,6,10,0.2471230135641045,634,11,0.8884502877862838,1
323,2,6,10,0.2312070576542162,637,11,0.8884502877862838,1
311,6,6,10,0.7365386577931696,530,11,0.8884502877862838,1
351,6,6,10,0.3625136939107947,640,11,0.9431945538974952,1
301,2,6,10,0.7126647239283372,582,11,0.8884502877862838,1
291,2,6,10,0.863866305072276,562,11,0.8884502877862838,1
331,6,6,10,0.6131899994915354,599,11,0.9431945538974952,1
394,6,6,10,0.2351860466316883,629,11,0.8884502877862838,1
266,6,6,10,0.5654421317618704,506,11,0.8884502877862838,1
497,6,6,10,0.0919424434426936,687,11,0.8884502877862838,1
347,6,6,10,0.382408638798155,621,11,0.9431945538974952,1
340,2,6,10,0.4619884183475966,485,11,0.8884502877862838,1
320,2,6,10,0.2232490796992721,613,11,0.9431945538974952,1
425,6,6,10,0.6887907900635047,595,11,0.8884502877862838,1
383,6,6,10,0.4500514514151803,626,11,0.9431945538974952,1
512,2,6,10,0.3585347049333226,656,11,0.8884502877862838,1
432,2,6,10,0.5336102199420939,668,11,0.8884502877862838,1
328,6,6,10,0.6410429223338399,571,11,0.9431945538974952,1
326,2,6,10,0.4301565065278199,626,11,0.8884502877862838,1
365,2,6,10,0.3664926828882667,625,11,0.8884502877862838,1
350,2,6,10,0.5614631427843984,581,11,0.9431945538974952,1
378,2,6,10,0.3943456057305713,605,11,0.8884502877862838,1
390,6,6,10,0.541568197897038,596,11,0.8884502877862838,1
299,6,6,10,0.752454613703058,574,11,0.8884502877862838,1
320,2,6,10,0.2113121127668558,616,11,0.8884502877862838,1
325,6,6,10,1.0866896878107122,510,11,0.8884502877862838,1
340,6,6,10,0.3227238041360739,658,11,0.9431945538974952,1
399,2,6,10,0.5694211207393426,584,11,0.8884502877862838,1
334,2,6,10,0.2948708812937694,615,11,0.9431945538974952,1
374,2,6,10,0.5256522419871498,546,11,0.9431945538974952,1
336,6,6,10,0.8320343932524994,572,11,0.9431945538974952,1
360,6,6,10,0.3187448151586018,617,11,0.9431945538974952,1
220,6,6,10,0.6211479774464795,495,11,0.9431945538974952,1
342,2,6,10,0.6052320215365912,563,11,0.8884502877862838,1
265,2,6,10,0.7484756247255858,502,11,0.9431945538974952,1
335,2,6,10,0.6410429223338399,559,11,0.8884502877862838,1
367,6,6,10,0.5773790986942867,555,11,0.9431945538974952,1
455,6,6,10,0.0513011597463009,607,11,0.9431945538974952,1
346,6,6,10,0.8360133822299715,529,11,0.9431945538974952,1
370,2,6,10,0.3664926828882667,565,11,0.8884502877862838,1
430,2,6,10,0.2908918923162973,601,11,0.9431945538974952,1
395,2,6,10,0.274975936406409,652,11,0.8884502877862838,1
309,2,6,10,0.6887907900635047,599,11,0.9431945538974952,1
369,6,6,10,0.2431440245866324,661,11,0.8884502877862838,1
347,2,6,10,0.8956982168920526,508,11,0.9431945538974952,1
421,6,6,10,0.4142405506179316,641,11,0.8884502877862838,1
310,2,6,10,0.056131542645445,633,11,0.8884502877862838,1
361,6,6,10,0.4898413411899011,591,11,0.9431945538974952,1
413,6,6,10,0.2550809915190487,643,11,0.8884502877862838,1
398,6,6,10,0.5216732530096777,602,11,0.8884502877862838,1
397,6,6,10,0.5336102199420939,634,11,0.9431945538974952,1
322,2,6,10,0.7246016908607534,522,11,0.9431945538974952,1
262,6,6,10,0.4739253852800127,562,11,0.9431945538974952,1
405,2,6,10,0.5017783081223173,586,11,0.8884502877862838,1
757,6,6,10,0.162712851115519,1608,11,0.9431945538974952,0
708,6,6,10,0.6322335504572237,1535,11,0.8884502877862838,0
673,6,6,10,0.270145553507265,1789,11,0.8884502877862838,0
784,6,6,10,0.5924436606825031,1966,11,0.8884502877862838,0
515,2,6,10,0.3178934212369299,1322,11,0.8884502877862838,0
612,2,6,10,0.2391650356091604,1581,11,0.9431945538974952,0
570,2,6,10,0.6728748341536165,1164,11,0.8884502877862838,0
698,2,6,10,0.1945447629352956,1866,11,0.9431945538974952,0
589,6,6,10,0.1706708290704632,1521,11,0.9431945538974952,0
846,6,6,10,0.2542295975973768,1468,11,0.8884502877862838,0
678,2,6,10,0.4182195395954037,1474,11,0.9431945538974952,0
793,2,6,10,0.6163175945473355,1781,11,0.9431945538974952,0
788,6,6,10,0.7197713079616094,2213,11,0.8884502877862838,0
586,2,6,10,0.3616622999891227,1741,11,0.8884502877862838,0
652,6,6,10,0.0760264875328053,1327,11,0.8884502877862838,0
509,2,6,10,0.1158163773075261,1495,11,0.9431945538974952,0
586,2,6,10,0.3338093771468182,1911,11,0.9431945538974952,0
725,2,6,10,0.4094101677187876,1298,11,0.9431945538974952,0
750,6,6,10,0.6521284953445842,1951,11,0.8884502877862838,0
653,6,6,10,0.4213471346512039,1687,11,0.8884502877862838,0
629,6,6,10,0.429305112606148,1548,11,0.9431945538974952,0
727,6,6,10,0.7476242308039139,2060,11,0.9431945538974952,0
780,2,6,10,0.6004016386374472,1998,11,0.9431945538974952,0
694,6,6,10,0.7356872638714977,1968,11,0.8884502877862838,0
893,2,6,10,0.3576833110116507,1929,11,0.9431945538974952,0
819,2,6,10,0.6362125394346959,2153,11,0.8884502877862838,0
804,2,6,10,0.1476482891273027,1617,11,0.8884502877862838,0
756,2,6,10,0.5208218590880057,1826,11,0.8884502877862838,0
554,6,6,10,0.0004256969608359,1641,11,0.9431945538974952,0
644,2,6,10,0.4133891566962597,1565,11,0.9431945538974952,0
801,6,6,10,1.2251029081005629,2231,11,0.8884502877862838,0
622,6,6,10,0.4580094293701244,1354,11,0.9431945538974952,0
736,6,6,10,0.3815572448764831,1611,11,0.9431945538974952,0
587,2,6,10,0.3895152228314272,1626,11,0.9431945538974952,0
664,6,6,10,0.2940194873720975,1509,11,0.9431945538974952,0
778,2,6,10,0.1277533442399423,1560,11,0.9431945538974952,0
669,2,6,10,0.0004256969608359,1756,11,0.8884502877862838,0
673,2,6,10,0.5009269142006454,1908,11,0.8884502877862838,0
639,2,6,10,0.3895152228314272,2011,11,0.9431945538974952,0
819,2,6,10,0.2184186968001281,1713,11,0.9431945538974952,0
542,6,6,10,0.1396903111723585,1365,11,0.8884502877862838,0
716,2,6,10,0.4094101677187876,1769,11,0.8884502877862838,0
756,6,6,10,0.4094101677187876,1701,11,0.8884502877862838,0
862,6,6,10,0.5287798370429498,1765,11,0.8884502877862838,0
753,6,6,10,0.4054311787413155,1704,11,0.9431945538974952,0
715,6,6,10,0.2940194873720975,1716,11,0.8884502877862838,0
653,6,6,10,0.7118133300066652,1569,11,0.9431945538974952,0
699,6,6,10,0.640191528412168,1797,11,0.9431945538974952,0
781,6,6,10,0.7953720985335788,1705,11,0.8884502877862838,0
638,2,6,10,0.004404685938308,1454,11,0.9431945538974952,0
703,2,6,10,0.0362365977580846,1554,11,0.8884502877862838,0
647,6,6,10,0.1905657739578236,1389,11,0.9431945538974952,0
702,6,6,10,0.8510779442181878,2023,11,0.8884502877862838,0
666,2,6,10,0.1396903111723585,1543,11,0.8884502877862838,0
654,2,6,10,0.321872410214402,1860,11,0.9431945538974952,0
651,6,6,10,0.1348599282732145,1559,11,0.8884502877862838,0
832,2,6,10,0.0521525536679729,1757,11,0.8884502877862838,0
509,2,6,10,0.5574841538069263,1394,11,0.8884502877862838,0
798,6,6,10,0.7038553520517211,1874,11,0.8884502877862838,0
940,6,6,10,1.5195480924334963,2372,11,0.9431945538974952,0
776,2,6,10,0.0353852038364127,1670,11,0.9431945538974952,0
712,2,6,10,0.378429649820683,1477,11,0.8884502877862838,0
700,6,6,10,0.2343346527100163,1257,11,0.8884502877862838,0
909,2,6,10,0.5924436606825031,2204,11,0.8884502877862838,0
662,2,6,10,0.6004016386374472,1844,11,0.9431945538974952,0
738,6,6,10,1.1574600954835377,2208,11,0.8884502877862838,0
654,2,6,10,0.6043806276149193,1823,11,0.9431945538974952,0
650,2,6,10,0.3974732007863714,1359,11,0.9431945538974952,0
591,6,6,10,0.3863876277756271,1164,11,0.8884502877862838,0
629,6,6,10,0.162712851115519,1538,11,0.8884502877862838,0
824,2,6,10,0.7436452418264419,2163,11,0.9431945538974952,0
737,2,6,10,0.4094101677187876,1593,11,0.9431945538974952,0
743,6,6,10,0.1985237519127677,1592,11,0.8884502877862838,0
757,2,6,10,0.3068078482261857,1318,11,0.9431945538974952,0
567,6,6,10,0.2272280686767442,1435,11,0.8884502877862838,0
674,6,6,10,0.3298303881693462,1693,11,0.9431945538974952,0
814,2,6,10,0.9147417678577412,2340,11,0.9431945538974952,0
731,6,6,10,0.6004016386374472,1707,11,0.8884502877862838,0
729,6,6,10,0.3576833110116507,1607,11,0.9431945538974952,0
644,2,6,10,0.1595852560597189,1471,11,0.8884502877862838,0
686,2,6,10,0.6083596165923914,1627,11,0.8884502877862838,0
677,2,6,10,0.0083836749157801,1544,11,0.9431945538974952,0
838,2,6,10,0.0751750936111334,2107,11,0.9431945538974952,0
714,6,6,10,0.3696202779440669,1611,11,0.8884502877862838,0
673,2,6,10,0.64417051738964,1776,11,0.8884502877862838,0
737,6,6,10,0.1308809392957424,1550,11,0.9431945538974952,0
573,6,6,10,0.274975936406409,1491,11,0.8884502877862838,0
658,2,6,10,0.162712851115519,1683,11,0.9431945538974952,0
655,6,6,10,0.0990490274759658,1558,11,0.8884502877862838,0
660,6,6,10,0.1078583993525819,1541,11,0.8884502877862838,0
603,6,6,10,0.0592591377012451,1509,11,0.8884502877862838,0
825,2,6,10,0.4372630905610921,1766,11,0.8884502877862838,0
722,6,6,10,0.5725487157951427,2028,11,0.8884502877862838,0
710,6,6,10,0.3616622999891227,1643,11,0.9431945538974952,0
755,6,6,10,0.1865867849803515,1234,11,0.8884502877862838,0
750,2,6,10,0.5685697268176706,1877,11,0.8884502877862838,0
707,6,6,10,0.10700700543091,1521,11,0.8884502877862838,0
623,6,6,10,0.5725487157951427,1718,11,0.8884502877862838,0
806,2,6,10,0.2741245424847371,1957,11,0.9431945538974952,0
511,6,6,10,0.0083836749157801,1571,11,0.9431945538974952,0
662,6,6,10,0.1706708290704632,1670,11,0.9431945538974952,0
766,2,6,10,0.8749518780830203,2221,11,0.8884502877862838,0
628,6,6,10,0.4420934734602362,1306,11,0.8884502877862838,0
607,2,6,10,0.3744506608432109,1565,11,0.8884502877862838,0
691,2,6,10,0.6839604071643608,1639,11,0.8884502877862838,0
691,6,6,10,0.6720234402319445,1719,11,0.9431945538974952,0
590,2,6,10,0.4611370244259246,1658,11,0.8884502877862838,0
611,6,6,10,0.4054311787413155,1303,11,0.8884502877862838,0
680,6,6,10,0.3537043220341786,1768,11,0.8884502877862838,0
665,2,6,10,0.3656412889665948,1602,11,0.9431945538974952,0
785,6,6,10,0.2621875755523209,1791,11,0.9431945538974952,0
820,2,6,10,0.9306577237676292,2161,11,0.8884502877862838,0
751,2,6,10,0.326702793113546,1376,11,0.9431945538974952,0
758,2,6,10,0.4253261236286759,1674,11,0.8884502877862838,0
749,6,6,10,0.3855362338539552,1760,11,0.9431945538974952,0
687,6,6,10,0.1317323332174144,1805,11,0.8884502877862838,0
685,6,6,10,1.1455231285511214,2172,11,0.8884502877862838,0
770,6,6,10,0.8311829993308275,1759,11,0.9431945538974952,0
714,6,6,10,0.4531790464709804,1736,11,0.9431945538974952,0
773,2,6,10,0.4173681456737318,1577,11,0.8884502877862838,0
609,6,6,10,0.0839844654877495,1388,11,0.8884502877862838,0
688,6,6,10,0.803330076488523,1593,11,0.8884502877862838,0
624,6,6,10,0.4651160134033967,1691,11,0.9431945538974952,0
695,2,6,10,0.7118133300066652,1925,11,0.8884502877862838,0
726,2,6,10,0.5964226496599752,1613,11,0.9431945538974952,0
715,6,6,10,0.4213471346512039,1913,11,0.8884502877862838,0
561,2,6,10,0.1348599282732145,1659,11,0.9431945538974952,0
651,6,6,10,0.8988258119478527,1895,11,0.9431945538974952,0
847,2,6,10,0.4133891566962597,1705,11,0.8884502877862838,0
663,2,6,10,0.803330076488523,1697,11,0.8884502877862838,0
612,2,6,10,0.1158163773075261,1594,11,0.8884502877862838,0
721,6,6,10,0.6848118010860327,1358,11,0.9431945538974952,0
677,6,6,10,0.8988258119478527,2314,11,0.8884502877862838,0
646,6,6,10,0.0711961046336613,1628,11,0.9431945538974952,0
615,2,6,10,0.4452210685160363,1776,11,0.9431945538974952,0
668,2,6,10,0.6242755725022796,2021,11,0.8884502877862838,0
721,6,6,10,0.5844856827275589,1986,11,0.9431945538974952,0
705,2,6,10,0.588464671705031,1637,11,0.9431945538974952,0
671,2,6,10,0.0751750936111334,1896,11,0.9431945538974952,0
790,2,6,10,0.5009269142006454,1790,11,0.9431945538974952,0
801,6,6,10,1.0062585143395988,2135,11,0.8884502877862838,0
824,2,6,10,0.6680444512544724,1786,11,0.8884502877862838,0
820,2,6,10,0.2223976857776001,1643,11,0.8884502877862838,0
793,2,6,10,0.0720474985553333,1535,11,0.8884502877862838,0
699,6,6,10,0.162712851115519,1670,11,0.9431945538974952,0
757,2,6,10,0.2343346527100163,1812,11,0.8884502877862838,0
811,6,6,10,0.4213471346512039,1541,11,0.9431945538974952,0
734,2,6,10,0.5725487157951427,1816,11,0.9431945538974952,0
672,6,6,10,0.0481735646905008,1576,11,0.8884502877862838,0
871,2,6,10,0.5486747819303103,1808,11,0.9431945538974952,0
630,6,6,10,0.2223976857776001,1273,11,0.8884502877862838,0
626,6,6,10,0.2908918923162973,1454,11,0.9431945538974952,0
668,2,6,10,0.1953961568569676,1220,11,0.8884502877862838,0
578,6,6,10,0.1914171678794955,1235,11,0.9431945538974952,0
731,2,6,10,0.1706708290704632,1805,11,0.9431945538974952,0
759,2,6,10,0.9187207568352131,1970,11,0.9431945538974952,0
640,2,6,10,0.1197953662849981,1412,11,0.9431945538974952,0
650,6,6,10,0.3019774653270416,1545,11,0.8884502877862838,0
779,6,6,10,0.0680685095778612,1491,11,0.9431945538974952,0
629,6,6,10,0.2025027408902398,1790,11,0.8884502877862838,0
690,6,6,10,0.6163175945473355,1865,11,0.8884502877862838,0
689,6,6,10,0.7197713079616094,2209,11,0.8884502877862838,0
609,2,6,10,0.640191528412168,1796,11,0.9431945538974952,0
642,6,6,10,0.6291059554014237,1089,11,0.8884502877862838,0
637,2,6,10,0.0879634544652216,1461,11,0.9431945538974952,0
688,6,6,10,0.6799814181868887,1947,11,0.8884502877862838,0
653,2,6,10,0.6123386055698634,1690,11,0.9431945538974952,0
887,2,6,10,0.3139144322594578,1847,11,0.9431945538974952,0
829,2,6,10,1.18133402934837,2100,11,0.8884502877862838,0
752,6,6,10,0.6163175945473355,2268,11,0.9431945538974952,0
720,2,6,10,0.373599266921539,1631,11,0.8884502877862838,0
742,2,6,10,0.111837388330054,1358,11,0.9431945538974952,0
667,2,6,10,0.0481735646905008,1475,11,0.9431945538974952,0
893,2,6,10,1.2529558309428672,2428,11,0.8884502877862838,0
720,6,6,10,0.1874381789020234,1705,11,0.9431945538974952,0
779,2,6,10,0.8908678339929086,1985,11,0.9431945538974952,0
636,2,6,10,0.1953961568569676,1484,11,0.9431945538974952,0
768,6,6,10,0.1189439723633262,1836,11,0.9431945538974952,0
680,6,6,10,0.3338093771468182,1727,11,0.8884502877862838,0
788,6,6,10,0.6600864732995283,2167,11,0.8884502877862838,0
855,6,6,10,0.7476242308039139,1964,11,0.9431945538974952,0
534,6,6,10,0.1229229613407983,1678,11,0.9431945538974952,0
673,2,6,10,0.1396903111723585,1499,11,0.9431945538974952,0
656,6,6,10,0.8789308670604924,1595,11,0.8884502877862838,0
479,2,6,10,0.5893160656267029,1447,11,0.9431945538974952,0
782,6,6,10,1.292745720717588,2234,11,0.8884502877862838,0
707,6,6,10,0.1388389172506866,1536,11,0.9431945538974952,0
767,6,6,10,0.1507758841831028,1581,11,0.9431945538974952,0
696,2,6,10,0.2820825204396813,1596,11,0.9431945538974952,0
895,6,6,10,0.5566327598852544,2165,11,0.9431945538974952,0
589,6,6,10,0.9872149633739103,889,11,0.8884502877862838,0
823,2,6,10,0.540716803975366,2040,11,0.9431945538974952,0
737,6,6,10,0.2073331237893838,1860,11,0.8884502877862838,0
693,2,6,10,0.4460724624377082,1208,11,0.8884502877862838,0
684,6,6,10,0.1476482891273027,1515,11,0.9431945538974952,0
812,2,6,10,0.0521525536679729,1702,11,0.9431945538974952,0
643,2,6,10,0.4094101677187876,1465,11,0.9431945538974952,0
696,2,6,10,0.1666918400929911,1763,11,0.9431945538974952,0
532,2,6,10,0.266166564529793,1551,11,0.9431945538974952,0
778,6,6,10,0.9505526686549896,2120,11,0.9431945538974952,0
663,2,6,10,0.2550809915190487,1278,11,0.8884502877862838,0
819,6,6,10,0.5486747819303103,1936,11,0.8884502877862838,0
623,2,6,10,0.1865867849803515,1709,11,0.9431945538974952,0
713,2,6,10,0.4452210685160363,1784,11,0.9431945538974952,0
519,6,6,10,0.5455471868745101,1092,11,0.9431945538974952,0
649,2,6,10,0.8510779442181878,1849,11,0.8884502877862838,0
751,6,6,10,0.0242996308256684,1510,11,0.8884502877862838,0
659,2,6,10,0.2820825204396813,1644,11,0.8884502877862838,0
605,2,6,10,0.0711961046336613,1613,11,0.9431945538974952,0
755,2,6,10,0.158733862138047,1490,11,0.8884502877862838,0
744,2,6,10,0.2462716196424326,1596,11,0.8884502877862838,0
754,6,6,10,0.8749518780830203,1996,11,0.9431945538974952,0
646,6,6,10,0.8112880544434671,1778,11,0.9431945538974952,0
898,2,6,10,0.7356872638714977,2120,11,0.9431945538974952,0
766,6,6,10,0.1388389172506866,2000,11,0.9431945538974952,0
689,2,6,10,0.2741245424847371,1474,11,0.9431945538974952,0
586,6,6,10,0.2940194873720975,1404,11,0.8884502877862838,0
641,2,6,10,0.7803075365453624,1284,11,0.8884502877862838,0
697,2,6,10,0.6282545614797517,1838,11,0.8884502877862838,0
720,2,6,10,0.0203206418481963,1393,11,0.9431945538974952,0
655,2,6,10,0.3815572448764831,1589,11,0.8884502877862838,0
759,6,6,10,0.3457463440792345,1609,11,0.9431945538974952,0
676,2,6,10,0.3258513991918741,1626,11,0.9431945538974952,0
859,2,6,10,0.7237502969390814,2148,11,0.9431945538974952,0
733,6,6,10,0.5964226496599752,1806,11,0.9431945538974952,0
793,2,6,10,0.3386397600459622,1940,11,0.8884502877862838,0
570,2,6,10,0.1914171678794955,1653,11,0.8884502877862838,0
570,2,6,10,0.1308809392957424,1678,11,0.8884502877862838,0
658,6,6,10,0.5964226496599752,1871,11,0.8884502877862838,0
633,6,6,10,0.0521525536679729,1125,11,0.9431945538974952,0
768,6,6,10,0.5725487157951427,2126,11,0.8884502877862838,0
639,6,6,10,0.0314062148589406,1140,11,0.9431945538974952,0
722,6,6,10,0.6410429223338399,1225,11,0.8884502877862838,0
693,6,6,10,1.193270996280786,2293,11,0.8884502877862838,0
732,2,6,10,1.0380904261593753,2048,11,0.8884502877862838,0
594,2,6,10,0.3465977380009064,1342,11,0.8884502877862838,0
636,6,6,10,0.1516272781047747,1526,11,0.9431945538974952,0
636,2,6,10,0.6760024292094166,2047,11,0.8884502877862838,0
678,2,6,10,0.0362365977580846,1266,11,0.9431945538974952,0
809,6,6,10,0.6561074843220562,2003,11,0.9431945538974952,0
720,2,6,10,0.7197713079616094,1814,11,0.8884502877862838,0
769,6,6,10,0.6720234402319445,1831,11,0.9431945538974952,0
517,2,6,10,0.1428179062281586,1513,11,0.9431945538974952,0
636,2,6,10,0.4372630905610921,1736,11,0.9431945538974952,0
603,6,6,10,0.5168428701105336,1772,11,0.9431945538974952,0
648,6,6,10,0.6919183851193049,1908,11,0.8884502877862838,0
727,6,6,10,0.4054311787413155,1626,11,0.9431945538974952,0
730,2,6,10,0.3258513991918741,1642,11,0.8884502877862838,0
773,2,6,10,0.3974732007863714,1651,11,0.8884502877862838,0
794,6,6,10,0.055280148723773,1602,11,0.8884502877862838,0
593,6,6,10,0.5017783081223173,1205,11,0.8884502877862838,0
610,6,6,10,0.0473221707688289,1412,11,0.9431945538974952,0
617,6,6,10,0.9903425584297104,2069,11,0.8884502877862838,0
794,2,6,10,0.6600864732995283,1808,11,0.9431945538974952,0
753,2,6,10,0.4094101677187876,1493,11,0.8884502877862838,0
794,6,6,10,0.2582085865748488,1825,11,0.8884502877862838,0
563,6,6,10,0.4261775175503479,1349,11,0.9431945538974952,0
749,2,6,10,0.5526537709077823,1784,11,0.9431945538974952,0
703,6,6,10,0.9903425584297104,2051,11,0.9431945538974952,0
774,2,6,10,1.1057332387764005,1951,11,0.8884502877862838,0
632,6,6,10,0.0481735646905008,1675,11,0.8884502877862838,0
674,2,6,10,0.4372630905610921,1937,11,0.9431945538974952,0
699,6,6,10,0.1746498180479352,1211,11,0.9431945538974952,0
655,2,6,10,0.1905657739578236,1620,11,0.9431945538974952,0
723,6,6,10,0.3974732007863714,1605,11,0.8884502877862838,0
691,6,6,10,0.3934942118088994,1586,11,0.9431945538974952,0
661,2,6,10,0.4730739913583408,1961,11,0.8884502877862838,0
555,6,6,10,0.1874381789020234,1376,11,0.9431945538974952,0
730,6,6,10,0.0163416528707242,1626,11,0.8884502877862838,0
654,6,6,10,0.6043806276149193,1428,11,0.9431945538974952,0
695,6,6,10,0.373599266921539,1592,11,0.8884502877862838,0
650,6,6,10,0.377578255899011,1670,11,0.8884502877862838,0
721,6,6,10,0.4133891566962597,1381,11,0.9431945538974952,0
671,6,6,10,0.0473221707688289,1410,11,0.8884502877862838,0
682,2,6,10,0.0473221707688289,1818,11,0.9431945538974952,0
718,6,6,10,0.3258513991918741,1627,11,0.9431945538974952,0
690,2,6,10,0.2820825204396813,1655,11,0.8884502877862838,0
780,6,6,10,0.3497253330567065,1865,11,0.9431945538974952,0
679,6,6,10,0.1229229613407983,1848,11,0.8884502877862838,0
714,2,6,10,0.6123386055698634,1863,11,0.8884502877862838,0
637,6,6,10,0.1308809392957424,1835,11,0.8884502877862838,0
689,6,6,10,0.0004256969608359,1650,11,0.9431945538974952,0
706,6,6,10,0.0115112699715802,1523,11,0.8884502877862838,0
743,6,6,10,0.1786288070254073,1612,11,0.9431945538974952,0
596,6,6,10,0.1985237519127677,1458,11,0.9431945538974952,0
782,2,6,10,0.6919183851193049,1792,11,0.9431945538974952,0
741,6,6,10,0.0154902589490523,1465,11,0.9431945538974952,0
713,2,6,10,0.0362365977580846,1429,11,0.8884502877862838,0
863,2,6,10,0.6242755725022796,1899,11,0.8884502877862838,0
797,2,6,10,0.4611370244259246,1699,11,0.9431945538974952,0
820,2,6,10,0.5049059031781175,1990,11,0.9431945538974952,0
774,6,6,10,0.2542295975973768,1480,11,0.8884502877862838,0
552,6,6,10,0.2431440245866324,1287,11,0.9431945538974952,0
720,2,6,10,0.5526537709077823,1719,11,0.9431945538974952,0
716,2,6,10,0.5924436606825031,1887,11,0.9431945538974952,0
623,2,6,10,0.0441945757130287,1451,11,0.8884502877862838,0
818,6,6,10,0.640191528412168,1989,11,0.9431945538974952,0
587,2,6,10,0.0513011597463009,1367,11,0.9431945538974952,0
746,6,6,10,0.803330076488523,1549,11,0.9431945538974952,0
696,6,6,10,0.6163175945473355,1829,11,0.8884502877862838,0
737,6,6,10,0.695897374096777,1799,11,0.9431945538974952,0
706,6,6,10,0.3258513991918741,1523,11,0.8884502877862838,0
590,2,6,10,0.5486747819303103,1664,11,0.9431945538974952,0
658,6,6,10,0.0362365977580846,1444,11,0.8884502877862838,0
750,6,6,10,0.4253261236286759,1694,11,0.8884502877862838,0
629,6,6,10,0.0402155867355567,1679,11,0.8884502877862838,0
811,6,6,10,1.1057332387764005,2078,11,0.9431945538974952,0
777,6,6,10,0.3497253330567065,1920,11,0.8884502877862838,0
678,6,6,10,0.5446957929528382,1613,11,0.8884502877862838,0
718,6,6,10,0.2025027408902398,1540,11,0.8884502877862838,0
577,6,6,10,0.0402155867355567,957,11,0.8884502877862838,0
795,2,6,10,0.5287798370429498,1736,11,0.9431945538974952,0
632,2,6,10,0.3704716718657388,1697,11,0.9431945538974952,0
685,6,6,10,0.377578255899011,1585,11,0.8884502877862838,0
612,2,6,10,0.2590599804965208,1560,11,0.8884502877862838,0
680,2,6,10,0.2582085865748488,1433,11,0.8884502877862838,0
757,2,6,10,0.2621875755523209,1464,11,0.8884502877862838,0
755,2,6,10,0.1030280164534379,1799,11,0.9431945538974952,0
761,2,6,10,0.2383136416874884,1912,11,0.8884502877862838,0
713,6,6,10,0.7157923189841373,2166,11,0.8884502877862838,0
750,6,6,10,0.0314062148589406,1495,11,0.8884502877862838,0
726,2,6,10,0.3099354432819858,1646,11,0.8884502877862838,0
675,6,6,10,0.1507758841831028,1702,11,0.8884502877862838,0
839,2,6,10,1.0102375033170707,1888,11,0.8884502877862838,0
665,6,6,10,0.3656412889665948,1807,11,0.8884502877862838,0
767,2,6,10,0.7197713079616094,1490,11,0.9431945538974952,0
774,2,6,10,0.5964226496599752,2081,11,0.9431945538974952,0
745,6,6,10,0.2542295975973768,1711,11,0.9431945538974952,0
743,2,6,10,0.2860615094171533,1528,11,0.9431945538974952,0
766,6,6,10,0.4133891566962597,1644,11,0.8884502877862838,0
620,6,6,10,0.5327588260204219,1807,11,0.8884502877862838,0
649,6,6,10,0.0203206418481963,1441,11,0.9431945538974952,0
710,2,6,10,0.321872410214402,1779,11,0.9431945538974952,0
666,2,6,10,0.2303556637325443,1383,11,0.9431945538974952,0
779,6,6,10,0.7595611977363301,2044,11,0.9431945538974952,0
758,2,6,10,0.2184186968001281,1944,11,0.8884502877862838,0
728,2,6,10,0.4611370244259246,1928,11,0.9431945538974952,0
683,6,6,10,0.3664926828882667,1429,11,0.9431945538974952,0
620,6,6,10,0.1516272781047747,1911,11,0.9431945538974952,0
642,2,6,10,0.0115112699715802,1633,11,0.8884502877862838,0
605,6,6,10,0.0004256969608359,1684,11,0.9431945538974952,0
835,2,6,10,0.3178934212369299,1849,11,0.8884502877862838,0
752,6,6,10,0.1715222229921351,1389,11,0.8884502877862838,0
743,6,6,10,0.3417673551017623,1793,11,0.8884502877862838,0
696,6,6,10,0.1706708290704632,1820,11,0.8884502877862838,0
641,2,6,10,0.2312070576542162,1592,11,0.8884502877862838,0
820,2,6,10,0.4651160134033967,1562,11,0.8884502877862838,0
677,2,6,10,0.1945447629352956,1783,11,0.9431945538974952,0
687,6,6,10,0.1547548731605749,1512,11,0.9431945538974952,0
709,2,6,10,0.4452210685160363,1693,11,0.9431945538974952,0
709,6,6,10,0.6083596165923914,2085,11,0.8884502877862838,0
722,2,6,10,0.2781035314622092,1799,11,0.9431945538974952,0
712,2,6,10,0.536737814997894,1746,11,0.8884502877862838,0
619,6,6,10,0.0322576087806125,1446,11,0.9431945538974952,0
1013,6,6,10,0.7436452418264419,2313,11,0.8884502877862838,0
777,6,6,10,0.4969479252231732,2153,11,0.9431945538974952,0
1001,6,6,10,0.4173681456737318,2129,11,0.8884502877862838,0
860,6,6,10,0.6561074843220562,2109,11,0.9431945538974952,0
1335,6,6,10,0.7277292859165536,2178,11,0.9431945538974952,0
1321,6,6,10,0.9903425584297104,2397,11,0.8884502877862838,0
957,6,6,10,0.9983005363846544,2099,11,0.9431945538974952,0
1199,6,6,10,0.699876363074249,2371,11,0.8884502877862838,0
780,6,6,10,0.2979984763495695,1576,11,0.9431945538974952,0
970,6,6,10,0.0760264875328053,1776,11,0.9431945538974952,0
1069,6,6,10,0.1467968952056307,1613,11,0.8884502877862838,0
1217,6,6,10,0.6600864732995283,2207,11,0.8884502877862838,0
663,6,6,10,0.0711961046336613,1306,11,0.8884502877862838,0
815,6,6,10,0.1556062670822468,1349,11,0.8884502877862838,0
1065,6,6,10,0.540716803975366,2144,11,0.8884502877862838,0
969,6,6,10,0.4094101677187876,1876,11,0.8884502877862838,0
1153,6,6,10,0.5964226496599752,1964,11,0.9431945538974952,0
696,6,6,10,0.5924436606825031,2046,11,0.8884502877862838,0
999,6,6,10,0.1786288070254073,1726,11,0.9431945538974952,0
933,6,6,10,0.0711961046336613,1875,11,0.9431945538974952,0
1005,6,6,10,0.2940194873720975,1959,11,0.8884502877862838,0
1326,6,6,10,0.5208218590880057,2084,11,0.8884502877862838,0
684,6,6,10,0.2741245424847371,1798,11,0.8884502877862838,0
1023,6,6,10,0.966468624564878,1888,11,0.8884502877862838,0
938,6,6,10,0.6640654622770004,2089,11,0.9431945538974952,0
1149,6,6,10,1.3404935884472529,2473,11,0.9431945538974952,0
1086,6,6,10,1.1693970624159538,2559,11,0.8884502877862838,0
777,6,6,10,0.3059564543045137,1644,11,0.8884502877862838,0
880,6,6,10,0.4690950023808687,1979,11,0.9431945538974952,0
1124,6,6,10,0.9266787347901572,2112,11,0.8884502877862838,0
1007,6,6,10,0.7874141205786347,2222,11,0.8884502877862838,0
1146,6,6,10,0.540716803975366,1876,11,0.8884502877862838,0
947,6,6,10,0.7476242308039139,1994,11,0.8884502877862838,0
929,6,6,10,0.4850109582907571,1467,11,0.8884502877862838,0
1008,6,6,10,0.97044761354235,2737,11,0.8884502877862838,0
1220,6,6,10,0.7197713079616094,2322,11,0.8884502877862838,0
814,6,6,10,0.0720474985553333,1355,11,0.9431945538974952,0
947,6,6,10,0.751603219781386,2436,11,0.9431945538974952,0
722,6,6,10,0.0672171156561892,1460,11,0.9431945538974952,0
892,6,6,10,0.7078343410291932,1957,11,0.9431945538974952,0
992,6,6,10,0.6322335504572237,2221,11,0.9431945538974952,0
979,6,6,10,0.64417051738964,1778,11,0.8884502877862838,0
1035,6,6,10,0.7635401867138022,2015,11,0.9431945538974952,0
980,6,6,10,0.7476242308039139,2097,11,0.9431945538974952,0
1315,6,6,10,1.2648927978752835,2747,11,0.9431945538974952,0
962,6,6,10,0.751603219781386,1673,11,0.9431945538974952,0
1060,6,6,10,0.0831330715660775,1555,11,0.9431945538974952,0
1137,6,6,10,0.6521284953445842,2591,11,0.9431945538974952,0
758,6,6,10,0.2383136416874884,1830,11,0.8884502877862838,0
870,6,6,10,0.910762778880269,1942,11,0.8884502877862838,0
898,6,6,10,1.0619643600242077,2218,11,0.8884502877862838,0
898,6,6,10,0.7317082748940257,2133,11,0.8884502877862838,0
1087,6,6,10,0.4690950023808687,1836,11,0.9431945538974952,0
1099,6,6,10,0.6879393961418329,1510,11,0.9431945538974952,0
927,6,6,10,0.2383136416874884,1266,11,0.8884502877862838,0
1026,6,6,10,0.5606117488627265,2184,11,0.9431945538974952,0
931,6,6,10,0.429305112606148,1633,11,0.8884502877862838,0
899,6,6,10,0.5128638811330616,1871,11,0.9431945538974952,0
830,6,6,10,0.4770529803358129,1954,11,0.8884502877862838,0
794,6,6,10,0.4770529803358129,2227,11,0.9431945538974952,0
1056,6,6,10,0.5924436606825031,1900,11,0.8884502877862838,0
864,6,6,10,0.4850109582907571,1665,11,0.9431945538974952,0
1059,6,6,10,1.109712227753873,2060,11,0.9431945538974952,0
998,6,6,10,0.64417051738964,2100,11,0.8884502877862838,0
892,6,6,10,1.0898172828665122,2492,11,0.8884502877862838,0
1085,6,6,10,0.6640654622770004,2240,11,0.8884502877862838,0
1093,6,6,10,0.3576833110116507,2135,11,0.8884502877862838,0
1234,6,6,10,1.0778803159340962,2487,11,0.9431945538974952,0
829,6,6,10,0.7356872638714977,2420,11,0.9431945538974952,0
916,6,6,10,0.588464671705031,1914,11,0.9431945538974952,0
877,6,6,10,0.3576833110116507,2245,11,0.9431945538974952,0
922,6,6,10,0.5566327598852544,1749,11,0.8884502877862838,0
885,6,6,10,1.0261534592269592,2104,11,0.8884502877862838,0
881,6,6,10,0.1945447629352956,2016,11,0.8884502877862838,0
953,6,6,10,0.6083596165923914,2064,11,0.8884502877862838,0
882,6,6,10,0.3656412889665948,1744,11,0.9431945538974952,0
1085,6,6,10,0.4810319693132849,1864,11,0.8884502877862838,0
861,6,6,10,0.6521284953445842,1932,11,0.9431945538974952,0
855,6,6,10,0.0353852038364127,1822,11,0.8884502877862838,0
852,6,6,10,0.214439707822656,1866,11,0.8884502877862838,0
871,6,6,10,0.4094101677187876,1079,11,0.8884502877862838,0
820,6,6,10,0.3417673551017623,1927,11,0.8884502877862838,0
1016,6,6,10,0.8152670434209391,2104,11,0.9431945538974952,0
1154,6,6,10,0.695897374096777,2444,11,0.9431945538974952,0
1224,6,6,10,0.9306577237676292,1934,11,0.8884502877862838,0
808,6,6,10,0.2073331237893838,1439,11,0.8884502877862838,0
1100,6,6,10,0.9266787347901572,2394,11,0.9431945538974952,0
721,6,6,10,0.1149649833858541,1414,11,0.8884502877862838,0
1090,6,6,10,0.3974732007863714,1993,11,0.9431945538974952,0
1009,6,6,10,0.4730739913583408,2046,11,0.8884502877862838,0
1006,6,6,10,0.4173681456737318,1947,11,0.9431945538974952,0
1187,6,6,10,0.7794561426236906,2428,11,0.9431945538974952,0
685,6,6,10,0.8431199662632437,1913,11,0.9431945538974952,0
1098,6,6,10,0.9903425584297104,2011,11,0.8884502877862838,0
998,6,6,10,0.2621875755523209,2070,11,0.8884502877862838,0
840,6,6,10,0.7237502969390814,1535,11,0.8884502877862838,0
606,6,6,10,0.5765277047726147,1998,11,0.9431945538974952,0
886,6,6,10,0.3059564543045137,1472,11,0.9431945538974952,0
1187,6,6,10,0.536737814997894,2156,11,0.9431945538974952,0
697,6,6,10,0.0791540825886055,1428,11,0.8884502877862838,0
769,6,6,10,0.6521284953445842,2104,11,0.8884502877862838,0
951,6,6,10,0.377578255899011,1717,11,0.9431945538974952,0
1096,6,6,10,0.6640654622770004,2351,11,0.8884502877862838,0
1101,6,6,10,0.4571580354484525,2148,11,0.8884502877862838,0
1103,6,6,10,0.2900404983946254,1888,11,0.9431945538974952,0
835,6,6,10,0.8749518780830203,2229,11,0.9431945538974952,0
988,6,6,10,0.7396662528489698,2319,11,0.9431945538974952,0
870,6,6,10,0.6760024292094166,2206,11,0.8884502877862838,0
779,6,6,10,0.4531790464709804,1547,11,0.9431945538974952,0
900,6,6,10,0.382408638798155,1241,11,0.9431945538974952,0
1280,6,6,10,1.1296071726412331,2026,11,0.9431945538974952,0
979,6,6,10,0.6242755725022796,1981,11,0.9431945538974952,0
936,6,6,10,0.1308809392957424,1836,11,0.8884502877862838,0
1285,6,6,10,0.8669939001280762,2100,11,0.9431945538974952,0
916,6,6,10,0.6083596165923914,2366,11,0.8884502877862838,0
972,6,6,10,1.2091869521906744,2518,11,0.8884502877862838,0
818,6,6,10,0.6481495063671121,1688,11,0.9431945538974952,0
1135,6,6,10,0.9147417678577412,2393,11,0.8884502877862838,0
906,6,6,10,0.0393641928138847,1979,11,0.9431945538974952,0
1277,6,6,10,0.429305112606148,2428,11,0.9431945538974952,0
1188,6,6,10,0.6043806276149193,2198,11,0.9431945538974952,0
1030,6,6,10,0.7277292859165536,2319,11,0.8884502877862838,0
875,6,6,10,0.2104607188451839,2086,11,0.8884502877862838,0
1200,6,6,10,0.9187207568352131,2589,11,0.8884502877862838,0
901,6,6,10,0.4452210685160363,1791,11,0.8884502877862838,0
967,6,6,10,0.6043806276149193,2069,11,0.9431945538974952,0
1091,6,6,10,0.4054311787413155,1830,11,0.9431945538974952,0
1026,6,6,10,0.1786288070254073,1988,11,0.8884502877862838,0
992,6,6,10,0.373599266921539,1523,11,0.9431945538974952,0
991,6,6,10,0.5327588260204219,1826,11,0.8884502877862838,0
1133,6,6,10,0.5009269142006454,2288,11,0.9431945538974952,0
655,6,6,10,0.4054311787413155,1806,11,0.8884502877862838,0
1103,6,6,10,0.8431199662632437,2265,11,0.8884502877862838,0
1148,6,6,10,0.3537043220341786,1560,11,0.8884502877862838,0
995,6,6,10,0.2104607188451839,1801,11,0.9431945538974952,0
743,6,6,10,0.4173681456737318,1875,11,0.8884502877862838,0
622,6,6,10,0.536737814997894,1889,11,0.8884502877862838,0
928,6,6,10,0.7476242308039139,2053,11,0.8884502877862838,0
1026,6,6,10,0.6202965835248075,2094,11,0.9431945538974952,0
1057,6,6,10,0.8550569331956599,2035,11,0.9431945538974952,0
950,6,6,10,0.7635401867138022,2059,11,0.8884502877862838,0
1055,6,6,10,0.7874141205786347,2578,11,0.9431945538974952,0
710,6,6,10,0.3815572448764831,1831,11,0.8884502877862838,0
1054,6,6,10,0.64417051738964,1786,11,0.8884502877862838,0
868,6,6,10,0.6640654622770004,1616,11,0.8884502877862838,0
874,6,6,10,0.1547548731605749,1619,11,0.9431945538974952,0
991,6,6,10,0.7476242308039139,1700,11,0.8884502877862838,0
1170,6,6,10,0.4492000574935084,2297,11,0.9431945538974952,0
1148,6,6,10,0.8669939001280762,2648,11,0.8884502877862838,0
1048,6,6,10,0.7237502969390814,1700,11,0.8884502877862838,0
873,6,6,10,0.4889899472682291,1995,11,0.9431945538974952,0
737,6,6,10,0.2064817298677118,1784,11,0.8884502877862838,0
809,6,6,10,0.6799814181868887,1949,11,0.8884502877862838,0
874,6,6,10,0.0919424434426936,1887,11,0.9431945538974952,0
991,6,6,10,0.6282545614797517,1672,11,0.9431945538974952,0
906,6,6,10,0.3377883661242903,1845,11,0.9431945538974952,0
752,6,6,10,0.1277533442399423,1374,11,0.9431945538974952,0
1088,6,6,10,0.7038553520517211,2179,11,0.8884502877862838,0
878,6,6,10,0.2502506086199046,1946,11,0.8884502877862838,0
1207,6,6,10,0.7714981646687463,2569,11,0.8884502877862838,0
1074,6,6,10,0.2860615094171533,1660,11,0.9431945538974952,0
1054,6,6,10,0.8908678339929086,2072,11,0.8884502877862838,0
693,6,6,10,0.6163175945473355,1906,11,0.8884502877862838,0
976,6,6,10,0.9067837899027968,2010,11,0.9431945538974952,0
974,6,6,10,0.9863635694522384,2355,11,0.8884502877862838,0
850,6,6,10,0.7317082748940257,1856,11,0.8884502877862838,0
765,6,6,10,0.699876363074249,2287,11,0.9431945538974952,0
963,6,6,10,0.5049059031781175,1766,11,0.8884502877862838,0
1113,6,6,10,0.6242755725022796,2238,11,0.9431945538974952,0
1043,6,6,10,0.9346367127451014,2145,11,0.8884502877862838,0
1067,6,6,10,0.7675191756912743,2483,11,0.9431945538974952,0
826,6,6,10,0.4492000574935084,2305,11,0.9431945538974952,0
994,6,6,10,0.540716803975366,2133,11,0.9431945538974952,0
943,6,6,10,0.7197713079616094,1900,11,0.9431945538974952,0
1060,6,6,10,0.2741245424847371,1955,11,0.9431945538974952,0
670,6,6,10,0.1905657739578236,1358,11,0.9431945538974952,0
956,6,6,10,0.2582085865748488,1955,11,0.9431945538974952,0
697,6,6,10,0.2820825204396813,1830,11,0.8884502877862838,0
568,6,6,10,0.4014521897638435,1605,11,0.8884502877862838,0
993,6,6,10,0.2263766747550722,1667,11,0.8884502877862838,0
769,6,6,10,0.2422926306649605,1638,11,0.9431945538974952,0
1015,6,6,10,0.3616622999891227,2055,11,0.8884502877862838,0
1380,6,6,10,0.6680444512544724,2305,11,0.8884502877862838,0
739,6,6,10,0.3934942118088994,1689,11,0.9431945538974952,0
1055,6,6,10,0.5725487157951427,1768,11,0.9431945538974952,0
760,6,6,10,0.6202965835248075,1951,11,0.8884502877862838,0
1001,6,6,10,0.8948468229703807,2554,11,0.9431945538974952,0
939,6,6,10,0.5128638811330616,2305,11,0.9431945538974952,0
939,6,6,10,0.8749518780830203,2635,11,0.8884502877862838,0
566,6,6,10,0.803330076488523,2056,11,0.9431945538974952,0
1048,6,6,10,0.4810319693132849,1937,11,0.9431945538974952,0
1113,6,6,10,0.6799814181868887,2066,11,0.8884502877862838,0
744,6,6,10,0.4133891566962597,1764,11,0.9431945538974952,0
946,6,6,10,0.5805066937500868,1747,11,0.8884502877862838,0
1095,6,6,10,0.7038553520517211,2418,11,0.9431945538974952,0
852,6,6,10,0.4213471346512039,1740,11,0.9431945538974952,0
1048,6,6,10,1.451905279816471,2849,11,0.9431945538974952,0
972,6,6,10,0.6123386055698634,2210,11,0.8884502877862838,0
835,6,6,10,0.1826077960028794,1884,11,0.9431945538974952,0
1078,6,6,10,0.9147417678577412,2178,11,0.9431945538974952,0
937,6,6,10,0.3059564543045137,1914,11,0.8884502877862838,0
998,6,6,10,0.4889899472682291,1855,11,0.8884502877862838,0
861,6,6,10,0.5805066937500868,1968,11,0.8884502877862838,0
1035,6,6,10,0.3895152228314272,1820,11,0.8884502877862838,0
1097,6,6,10,0.588464671705031,1902,11,0.9431945538974952,0
873,6,6,10,0.2033541348119117,1342,11,0.8884502877862838,0
854,6,6,10,0.4730739913583408,2064,11,0.9431945538974952,0
1115,6,6,10,0.1388389172506866,1580,11,0.8884502877862838,0
854,6,6,10,0.5088848921555895,1743,11,0.9431945538974952,0
919,6,6,10,0.0393641928138847,1261,11,0.9431945538974952,0
788,6,6,10,0.4969479252231732,2052,11,0.8884502877862838,0
948,6,6,10,0.2462716196424326,1609,11,0.9431945538974952,0
794,6,6,10,0.9226997458126852,2160,11,0.8884502877862838,0
1189,6,6,10,0.2582085865748488,1993,11,0.9431945538974952,0
920,6,6,10,0.158733862138047,1932,11,0.8884502877862838,0
843,6,6,10,0.4929689362457012,1874,11,0.9431945538974952,0
1168,6,6,10,0.640191528412168,2082,11,0.8884502877862838,0
916,6,6,10,1.121649194686289,2626,11,0.9431945538974952,0
746,6,6,10,0.1706708290704632,1391,11,0.8884502877862838,0
660,6,6,10,0.0433431817913568,1783,11,0.9431945538974952,0
979,6,6,10,0.7834351316011626,2195,11,0.9431945538974952,0
1134,6,6,10,0.6242755725022796,2230,11,0.8884502877862838,0
1145,6,6,10,0.588464671705031,2015,11,0.9431945538974952,0
1203,6,6,10,0.910762778880269,2131,11,0.9431945538974952,0
1085,6,6,10,0.9983005363846544,2093,11,0.8884502877862838,0
1052,6,6,10,0.9465736796775176,2196,11,0.9431945538974952,0
520,6,6,10,0.4690950023808687,1618,11,0.9431945538974952,0
919,6,6,10,0.2104607188451839,1850,11,0.9431945538974952,0
1112,6,6,10,0.4531790464709804,2066,11,0.9431945538974952,0
1098,6,6,10,1.0102375033170707,2111,11,0.9431945538974952,0
1192,6,6,10,1.1017542497989286,1962,11,0.8884502877862838,0
1200,6,6,10,0.6561074843220562,2302,11,0.9431945538974952,0
782,6,6,10,0.2820825204396813,1558,11,0.9431945538974952,0
754,6,6,10,0.158733862138047,1395,11,0.8884502877862838,0
939,6,6,10,0.4929689362457012,1672,11,0.8884502877862838,0
849,6,6,10,0.6123386055698634,1585,11,0.8884502877862838,0
1020,6,6,10,0.6760024292094166,2295,11,0.8884502877862838,0
795,6,6,10,0.7118133300066652,1898,11,0.9431945538974952,0
653,6,6,10,0.0910910495210217,1671,11,0.8884502877862838,0
845,6,6,10,0.9505526686549896,1969,11,0.9431945538974952,0
882,6,6,10,1.073901326956624,1865,11,0.9431945538974952,0
1094,6,6,10,0.8749518780830203,2306,11,0.9431945538974952,0
1077,6,6,10,0.8908678339929086,2335,11,0.8884502877862838,0
1051,6,6,10,0.695897374096777,2116,11,0.8884502877862838,0
762,6,6,10,0.863014911150604,2453,11,0.8884502877862838,0
811,6,6,10,0.0950700384984938,1272,11,0.9431945538974952,0
630,6,6,10,0.7555822087588581,2105,11,0.9431945538974952,0
949,6,6,10,0.1308809392957424,1695,11,0.9431945538974952,0
833,6,6,10,0.1030280164534379,1587,11,0.9431945538974952,0
1042,6,6,10,0.4571580354484525,1976,11,0.9431945538974952,0
781,6,6,10,0.751603219781386,2106,11,0.8884502877862838,0
617,6,6,10,0.0441945757130287,1538,11,0.9431945538974952,0
1009,6,6,10,0.6202965835248075,2410,11,0.8884502877862838,0
1062,6,6,10,0.64417051738964,2272,11,0.8884502877862838,0
603,6,6,10,0.1706708290704632,1926,11,0.8884502877862838,0
905,6,6,10,0.6561074843220562,1965,11,0.9431945538974952,0
937,6,6,10,0.7277292859165536,2018,11,0.9431945538974952,0
834,6,6,10,0.0115112699715802,1471,11,0.8884502877862838,0
1174,6,6,10,0.4889899472682291,2181,11,0.9431945538974952,0
986,6,6,10,0.7157923189841373,1961,11,0.8884502877862838,0
994,6,6,10,1.185313018325842,2357,11,0.9431945538974952,0
971,6,6,10,0.1269019503182704,2175,11,0.8884502877862838,0
790,6,6,10,0.7754771536462185,2526,11,0.8884502877862838,0
742,6,6,10,0.4372630905610921,1631,11,0.9431945538974952,0
987,6,6,10,0.6202965835248075,1701,11,0.9431945538974952,0
795,6,6,10,1.014216492294543,2332,11,0.8884502877862838,0
1141,6,6,10,0.6123386055698634,1890,11,0.9431945538974952,0
669,6,6,10,0.1388389172506866,1620,11,0.8884502877862838,0
966,6,6,10,0.6242755725022796,1592,11,0.9431945538974952,0
885,6,6,10,0.4889899472682291,1887,11,0.8884502877862838,0
743,6,6,10,0.4571580354484525,2098,11,0.9431945538974952,0
922,6,6,10,0.7237502969390814,1965,11,0.8884502877862838,0
883,6,6,10,0.7675191756912743,1731,11,0.8884502877862838,0
807,6,6,10,0.1706708290704632,1845,11,0.9431945538974952,0
1091,6,6,10,0.7118133300066652,2261,11,0.9431945538974952,0
916,6,6,10,0.6640654622770004,2241,11,0.9431945538974952,0
927,6,6,10,0.6879393961418329,2172,11,0.8884502877862838,0
1016,6,6,10,0.5327588260204219,1962,11,0.9431945538974952,0
887,6,6,10,0.4253261236286759,1959,11,0.9431945538974952,0
867,6,6,10,0.0720474985553333,1453,11,0.9431945538974952,0
1056,6,6,10,1.0420694151368477,2416,11,0.8884502877862838,0
823,6,6,10,0.2979984763495695,1934,11,0.9431945538974952,0
1071,6,6,10,0.6282545614797517,2601,11,0.9431945538974952,0
1299,6,6,10,1.0420694151368477,2455,11,0.8884502877862838,0
778,6,6,10,0.540716803975366,1730,11,0.8884502877862838,0
754,6,6,10,0.6362125394346959,1961,11,0.8884502877862838,0
852,6,6,10,0.373599266921539,1950,11,0.8884502877862838,0
946,6,6,10,0.7436452418264419,2577,11,0.9431945538974952,0
1472,6,6,10,0.97044761354235,2230,11,0.8884502877862838,0
828,6,6,10,0.3417673551017623,1780,11,0.8884502877862838,0
1061,6,6,10,0.2860615094171533,2277,11,0.9431945538974952,0
1327,6,6,10,1.1455231285511214,2594,11,0.8884502877862838,0
1020,6,6,10,0.9943215474071824,2329,11,0.8884502877862838,0
767,6,6,10,0.377578255899011,1997,11,0.9431945538974952,0
1147,6,6,10,0.5287798370429498,1976,11,0.9431945538974952,0
921,6,6,10,0.9306577237676292,1999,11,0.9431945538974952,0
826,6,6,10,0.3377883661242903,1803,11,0.9431945538974952,0
920,6,6,10,0.2820825204396813,1774,11,0.9431945538974952,0
1030,6,6,10,0.2184186968001281,1869,11,0.9431945538974952,0
736,6,6,10,0.64417051738964,2284,11,0.9431945538974952,0
1041,6,6,10,0.6362125394346959,1910,11,0.8884502877862838,0
920,6,6,10,0.9306577237676292,2469,11,0.9431945538974952,0
1078,6,6,10,0.7237502969390814,2276,11,0.9431945538974952,0
893,6,6,10,0.5526537709077823,2265,11,0.8884502877862838,0
904,6,6,10,0.3377883661242903,1183,11,0.8884502877862838,0
1098,6,6,10,0.536737814997894,1817,11,0.8884502877862838,0
917,6,6,10,0.695897374096777,2206,11,0.9431945538974952,0
943,6,6,10,0.5088848921555895,1366,11,0.8884502877862838,0
892,6,6,10,0.588464671705031,1862,11,0.8884502877862838,0
657,6,6,10,0.0234482369039964,1282,11,0.9431945538974952,0
786,6,6,10,0.5248008480654778,1745,11,0.8884502877862838,0
906,6,6,10,0.1914171678794955,1407,11,0.8884502877862838,0
1276,6,6,10,0.859035922173132,2319,11,0.9431945538974952,0
982,6,6,10,0.6043806276149193,2069,11,0.8884502877862838,0
782,6,6,10,0.2940194873720975,1587,11,0.9431945538974952,0
1148,6,6,10,1.3245776325373646,2644,11,0.8884502877862838,0
897,6,6,10,0.7078343410291932,2416,11,0.8884502877862838,0
1064,6,6,10,0.4770529803358129,2223,11,0.9431945538974952,0
940,6,6,10,0.1197953662849981,1527,11,0.8884502877862838,0
933,6,6,10,0.5486747819303103,1876,11,0.9431945538974952,0
903,6,6,10,0.6760024292094166,1500,11,0.9431945538974952,0
1058,6,6,10,0.6242755725022796,2314,11,0.8884502877862838,0
800,6,6,10,0.3099354432819858,1641,11,0.8884502877862838,0
824,6,6,10,0.3855362338539552,1712,11,0.9431945538974952,0
853,6,6,10,0.0004256969608359,1347,11,0.8884502877862838,0
1099,6,6,10,0.5566327598852544,2037,11,0.8884502877862838,0
1121,6,6,10,0.5168428701105336,2290,11,0.8884502877862838,0
912,6,6,10,0.8908678339929086,2162,11,0.8884502877862838,0
850,6,6,10,0.4213471346512039,1995,11,0.8884502877862838,0
1199,6,6,10,0.4173681456737318,2369,11,0.9431945538974952,0
812,6,6,10,0.0680685095778612,1030,11,0.8884502877862838,0
975,6,6,10,0.8232250213758834,2060,11,0.9431945538974952,0
917,6,6,10,0.2621875755523209,1972,11,0.9431945538974952,0
865,6,6,10,0.4094101677187876,2238,11,0.8884502877862838,0
953,6,6,10,0.4571580354484525,2111,11,0.9431945538974952,0
843,6,6,10,0.1786288070254073,1563,11,0.8884502877862838,0
984,6,6,10,0.2621875755523209,1856,11,0.8884502877862838,0
982,6,6,10,0.7476242308039139,2321,11,0.9431945538974952,0
967,6,6,10,0.7237502969390814,2128,11,0.8884502877862838,0
952,6,6,10,0.7675191756912743,1867,11,0.8884502877862838,0
844,6,6,10,0.1348599282732145,1437,11,0.9431945538974952,0
886,6,6,10,0.4850109582907571,1614,11,0.8884502877862838,0
888,6,6,10,0.7237502969390814,2026,11,0.8884502877862838,0
1113,6,6,10,0.8311829993308275,2156,11,0.9431945538974952,0
774,6,6,10,0.1666918400929911,1652,11,0.8884502877862838,0
1067,6,6,10,1.109712227753873,2595,11,0.9431945538974952,0
1011,6,6,10,0.5168428701105336,1615,11,0.9431945538974952,0
1193,6,6,10,0.7277292859165536,2190,11,0.9431945538974952,0
908,6,6,10,0.1755012119696072,1236,11,0.8884502877862838,0
1267,6,6,10,0.8192460323984113,1883,11,0.9431945538974952,0
859,6,6,10,0.4850109582907571,1749,11,0.9431945538974952,0
1099,6,6,10,0.4571580354484525,2045,11,0.9431945538974952,0
835,6,0,10,0.3585347049333226,1463,11,0.9431945538974952,0
793,2,0,10,0.485862352212429,1585,11,0.8884502877862838,0
947,6,0,10,0.4500514514151803,1548,11,0.9431945538974952,0
625,6,0,10,0.5296312309646218,1577,11,0.8884502877862838,0
700,2,0,10,0.915593161779413,1378,11,0.9431945538974952,0
568,2,0,10,1.0389418200810472,1043,11,0.8884502877862838,0
862,6,0,10,0.3306817820910181,1635,11,0.8884502877862838,0
768,2,0,10,0.808160459387667,1303,11,0.9431945538974952,0
834,6,0,10,0.752454613703058,1415,11,0.8884502877862838,0
714,2,0,10,0.541568197897038,1680,11,0.9431945538974952,0
1011,6,0,10,0.5535051648294542,1585,11,0.8884502877862838,0
778,6,0,10,0.6688958451761444,1349,11,0.8884502877862838,0
796,6,0,10,0.7206227018832814,1385,11,0.8884502877862838,0
739,2,0,10,0.6251269664239516,1631,11,0.8884502877862838,0
771,6,0,10,0.649000900288784,1672,11,0.8884502877862838,0
494,2,0,10,1.0866896878107122,1086,11,0.9431945538974952,0
550,2,0,10,0.485862352212429,1532,11,0.8884502877862838,0
719,6,0,10,0.6131899994915354,1263,11,0.9431945538974952,0
668,2,0,10,1.0349628311035752,1300,11,0.8884502877862838,0
724,2,0,10,0.5893160656267029,1406,11,0.8884502877862838,0
682,2,0,10,0.6808328121085606,1317,11,0.9431945538974952,0
833,2,0,10,0.382408638798155,1672,11,0.9431945538974952,0
810,2,0,10,0.6410429223338399,1483,11,0.8884502877862838,0
472,6,0,10,1.046899798035991,1306,11,0.9431945538974952,0
529,2,0,10,1.1662694673601537,1231,11,0.9431945538974952,0
689,6,0,10,0.6967487680184489,1578,11,0.9431945538974952,0
779,2,0,10,0.8519293381398598,1325,11,0.8884502877862838,0
672,6,0,10,0.6927697790409768,1505,11,0.9431945538974952,0
895,2,0,10,0.3107868372036577,1824,11,0.9431945538974952,0
616,6,0,10,0.808160459387667,1388,11,0.9431945538974952,0
922,6,0,10,0.4301565065278199,1572,11,0.9431945538974952,0
525,2,0,10,0.7325596688156976,1281,11,0.9431945538974952,0
747,2,0,10,0.4301565065278199,1406,11,0.9431945538974952,0
746,2,0,10,0.9036561948469968,1309,11,0.8884502877862838,0
791,6,0,10,0.5097362860772614,1658,11,0.8884502877862838,0
835,2,0,10,0.7604125916580021,1562,11,0.8884502877862838,0
772,6,0,10,0.378429649820683,1471,11,0.9431945538974952,0
579,6,0,10,1.2697231807744276,1053,11,0.8884502877862838,0
946,2,0,10,0.4779043742574848,1602,11,0.8884502877862838,0
770,2,0,10,0.6131899994915354,1467,11,0.8884502877862838,0
527,2,0,10,0.7763285475678904,1438,11,0.8884502877862838,0
882,6,0,10,0.6092110105140632,1420,11,0.8884502877862838,0
690,6,0,10,0.5654421317618704,1422,11,0.8884502877862838,0
610,2,0,10,0.979256985418966,1229,11,0.9431945538974952,0
770,6,0,10,0.5694211207393426,1186,11,0.9431945538974952,0
724,2,0,10,0.7126647239283372,1451,11,0.9431945538974952,0
572,2,0,10,0.808160459387667,1399,11,0.8884502877862838,0
729,6,0,10,0.7405176467706417,1330,11,0.8884502877862838,0
707,6,0,10,0.7086857349508652,1287,11,0.8884502877862838,0
646,6,0,10,1.1105636216755446,1030,11,0.9431945538974952,0
762,2,0,10,0.6370639333563678,1411,11,0.9431945538974952,0
783,6,0,10,1.1185215996304887,1132,11,0.8884502877862838,0
779,2,0,10,0.7126647239283372,1542,11,0.8884502877862838,0
783,6,0,10,0.963341029509078,1324,11,0.9431945538974952,0
583,2,0,10,0.7564336026805301,1338,11,0.8884502877862838,0
716,6,0,10,0.6967487680184489,1420,11,0.9431945538974952,0
1055,2,0,10,0.6131899994915354,1413,11,0.9431945538974952,0
835,6,0,10,0.4221985285728758,1560,11,0.9431945538974952,0
905,6,0,10,0.3028288592487136,1765,11,0.8884502877862838,0
732,2,0,10,0.5893160656267029,1336,11,0.8884502877862838,0
473,2,0,10,0.9434460846217176,1194,11,0.9431945538974952,0
742,2,0,10,0.8559083271173319,1245,11,0.9431945538974952,0
771,6,0,10,1.0031309192837985,1145,11,0.8884502877862838,0
894,2,0,10,0.4699463963025407,1609,11,0.8884502877862838,0
726,6,0,10,0.4420934734602362,1694,11,0.8884502877862838,0
725,2,0,10,0.8121394483651391,1516,11,0.9431945538974952,0
879,6,0,10,0.485862352212429,1634,11,0.8884502877862838,0
623,2,0,10,0.7405176467706417,1424,11,0.8884502877862838,0
933,2,0,10,0.6649168561986724,1547,11,0.8884502877862838,0
722,2,0,10,0.5495261758519822,1409,11,0.8884502877862838,0
706,6,0,10,0.979256985418966,1294,11,0.9431945538974952,0
657,2,0,10,1.019046875193687,1259,11,0.9431945538974952,0
502,6,0,10,0.6768538231310886,1475,11,0.8884502877862838,0
859,6,0,10,0.6887907900635047,1469,11,0.8884502877862838,0
544,2,0,10,1.0110888972387428,1328,11,0.8884502877862838,0
636,6,0,10,0.7962234924552508,1326,11,0.8884502877862838,0
793,6,0,10,0.7604125916580021,1383,11,0.8884502877862838,0
660,6,0,10,0.7882655145003066,1471,11,0.8884502877862838,0
833,2,0,10,0.7086857349508652,1563,11,0.9431945538974952,0
936,2,0,10,0.6569588782437281,1473,11,0.8884502877862838,0
932,2,0,10,0.6370639333563678,1326,11,0.9431945538974952,0
691,6,0,10,0.8877402389371084,1295,11,0.9431945538974952,0
731,2,0,10,0.652979889266256,1492,11,0.9431945538974952,0
878,2,0,10,0.752454613703058,1335,11,0.9431945538974952,0
728,6,0,10,0.6768538231310886,1336,11,0.9431945538974952,0
811,2,0,10,0.6410429223338399,1467,11,0.9431945538974952,0
676,2,0,10,0.4062825726629875,1533,11,0.8884502877862838,0
714,6,0,10,0.6808328121085606,1514,11,0.9431945538974952,0
863,2,0,10,0.6967487680184489,1375,11,0.8884502877862838,0
945,6,0,10,0.6330849443788957,1596,11,0.8884502877862838,0
667,6,0,10,0.652979889266256,1547,11,0.9431945538974952,0
937,2,0,10,0.4142405506179316,1510,11,0.8884502877862838,0
769,6,0,10,0.6768538231310886,1362,11,0.8884502877862838,0
794,6,0,10,0.5853370766492308,1525,11,0.8884502877862838,0
936,6,0,10,0.6569588782437281,1376,11,0.9431945538974952,0
815,6,0,10,0.7126647239283372,1379,11,0.8884502877862838,0
586,6,0,10,0.752454613703058,1171,11,0.8884502877862838,0
890,6,0,10,0.7126647239283372,1475,11,0.8884502877862838,0
678,2,0,10,0.7126647239283372,1442,11,0.8884502877862838,0
820,2,0,10,0.8280554042750273,1310,11,0.9431945538974952,0
642,6,0,10,1.078731709855768,1080,11,0.8884502877862838,0
859,6,0,10,0.6848118010860327,1597,11,0.9431945538974952,0
661,6,0,10,0.5694211207393426,1465,11,0.8884502877862838,0
900,6,0,10,0.3426187490234343,1567,11,0.8884502877862838,0
821,2,0,10,0.4062825726629875,1795,11,0.8884502877862838,0
799,6,0,10,0.7484756247255858,1458,11,0.9431945538974952,0
629,2,0,10,0.6171689884690075,1401,11,0.8884502877862838,0
595,2,0,10,0.6569588782437281,1402,11,0.9431945538974952,0
502,2,0,10,0.649000900288784,1551,11,0.8884502877862838,0
716,2,0,10,0.4381144844827641,1551,11,0.8884502877862838,0
659,6,0,10,0.7325596688156976,1548,11,0.8884502877862838,0
679,2,0,10,0.6012530325591191,1509,11,0.9431945538974952,0
526,2,0,10,0.5813580876717588,1469,11,0.8884502877862838,0
788,6,0,10,0.8240764152975553,1329,11,0.9431945538974952,0
641,2,0,10,0.9116141728019408,1388,11,0.9431945538974952,0
779,2,0,10,0.7007277569959209,1525,11,0.8884502877862838,0
979,2,0,10,0.6609378672212003,1388,11,0.9431945538974952,0
784,2,0,10,0.6609378672212003,1580,11,0.9431945538974952,0
756,2,0,10,0.4301565065278199,1558,11,0.8884502877862838,0
661,2,0,10,0.5734001097168147,1546,11,0.8884502877862838,0
818,2,0,10,0.863866305072276,1280,11,0.8884502877862838,0
863,6,0,10,0.5574841538069263,1589,11,0.8884502877862838,0
586,6,0,10,0.9076351838244688,1205,11,0.9431945538974952,0
802,6,0,10,0.7803075365453624,1359,11,0.8884502877862838,0
797,2,0,10,0.7803075365453624,1304,11,0.9431945538974952,0
701,6,0,10,0.5654421317618704,1601,11,0.8884502877862838,0
664,6,0,10,1.1622904783826815,1231,11,0.9431945538974952,0
609,2,0,10,0.649000900288784,1516,11,0.9431945538974952,0
783,6,0,10,0.6291059554014237,1490,11,0.9431945538974952,0
798,2,0,10,0.485862352212429,1404,11,0.9431945538974952,0
1055,6,0,10,0.3545557159558505,1779,11,0.9431945538974952,0
795,2,0,10,0.3107868372036577,1606,11,0.8884502877862838,0
568,2,0,10,0.8439713601849157,1470,11,0.8884502877862838,0
710,2,0,10,0.6251269664239516,1398,11,0.8884502877862838,0
842,6,0,10,0.5097362860772614,1671,11,0.8884502877862838,0
582,6,0,10,0.378429649820683,1508,11,0.8884502877862838,0
559,2,0,10,0.9872149633739103,1091,11,0.9431945538974952,0
724,6,0,10,0.6927697790409768,1428,11,0.9431945538974952,0
633,6,0,10,0.6450219113113119,1490,11,0.9431945538974952,0
690,2,0,10,0.6728748341536165,1486,11,0.9431945538974952,0
685,2,0,10,0.6649168561986724,1333,11,0.9431945538974952,0
817,2,0,10,0.6330849443788957,1361,11,0.8884502877862838,0
890,6,0,10,0.6370639333563678,1373,11,0.8884502877862838,0
560,6,0,10,0.7882655145003066,1161,11,0.8884502877862838,0
713,2,0,10,0.6808328121085606,1469,11,0.9431945538974952,0
740,6,0,10,0.7604125916580021,1461,11,0.9431945538974952,0
808,2,0,10,0.7882655145003066,1542,11,0.8884502877862838,0
590,6,0,10,0.7047067459733931,1396,11,0.9431945538974952,0
830,6,0,10,0.5773790986942867,1586,11,0.8884502877862838,0
640,2,0,10,0.7763285475678904,1429,11,0.9431945538974952,0
847,2,0,10,0.4779043742574848,1655,11,0.8884502877862838,0
1052,6,0,10,0.4779043742574848,1640,11,0.9431945538974952,0
894,2,0,10,0.5535051648294542,1535,11,0.8884502877862838,0
838,6,0,10,0.7882655145003066,1369,11,0.8884502877862838,0
612,6,0,10,0.7405176467706417,1345,11,0.8884502877862838,0
467,6,0,10,1.241870257932123,1167,11,0.9431945538974952,0
587,2,0,10,0.7047067459733931,1445,11,0.9431945538974952,0
853,2,0,10,0.5773790986942867,1542,11,0.9431945538974952,0
666,2,0,10,0.859887316094804,1469,11,0.8884502877862838,0
460,6,0,10,0.7683705696129463,1408,11,0.8884502877862838,0
737,2,0,10,1.0866896878107122,1425,11,0.9431945538974952,0
889,2,0,10,0.5256522419871498,1529,11,0.8884502877862838,0
793,2,0,10,0.7484756247255858,1428,11,0.8884502877862838,0
762,6,0,10,0.919572150756885,1202,11,0.8884502877862838,0
637,2,0,10,0.752454613703058,1356,11,0.8884502877862838,0
893,2,0,10,0.4540304403926524,1645,11,0.8884502877862838,0
610,6,0,10,0.7007277569959209,1418,11,0.8884502877862838,0
884,6,0,10,0.7564336026805301,1553,11,0.9431945538974952,0
668,2,0,10,0.7842865255228345,1428,11,0.8884502877862838,0
661,6,0,10,0.9036561948469968,1452,11,0.8884502877862838,0
870,2,0,10,0.5535051648294542,1650,11,0.8884502877862838,0
697,6,0,10,0.6569588782437281,1508,11,0.9431945538974952,0
689,6,0,10,0.7882655145003066,1302,11,0.9431945538974952,0
609,6,0,10,0.8280554042750273,1426,11,0.8884502877862838,0
512,2,0,10,0.7365386577931696,1361,11,0.9431945538974952,0
614,6,0,10,0.8439713601849157,1615,11,0.8884502877862838,0
820,2,0,10,0.6808328121085606,1577,11,0.8884502877862838,0
667,6,0,10,0.7405176467706417,1631,11,0.8884502877862838,0
871,6,0,10,0.808160459387667,1355,11,0.8884502877862838,0
1079,2,0,10,0.1277533442399423,2013,11,0.9431945538974952,0
999,6,0,10,0.5017783081223173,1574,11,0.9431945538974952,0
770,2,0,10,0.5495261758519822,1403,11,0.9431945538974952,0
727,2,0,10,0.5176942640322055,1592,11,0.8884502877862838,0
844,6,0,10,0.6569588782437281,1405,11,0.8884502877862838,0
552,6,0,10,0.593295054604175,1580,11,0.9431945538974952,0
937,6,0,10,0.5256522419871498,1502,11,0.9431945538974952,0
696,2,0,10,0.4699463963025407,1604,11,0.8884502877862838,0
521,2,0,10,0.7842865255228345,1539,11,0.9431945538974952,0
761,6,0,10,0.752454613703058,1251,11,0.8884502877862838,0
860,2,0,10,0.6092110105140632,1678,11,0.8884502877862838,0
677,6,0,10,0.7444966357481138,1342,11,0.9431945538974952,0
607,6,0,10,0.649000900288784,1518,11,0.9431945538974952,0
800,2,0,10,0.6251269664239516,1585,11,0.8884502877862838,0
670,2,0,10,0.4898413411899011,1538,11,0.8884502877862838,0
799,6,0,10,0.8519293381398598,1466,11,0.8884502877862838,0
1113,2,0,10,0.2869129033388253,1795,11,0.8884502877862838,0
964,6,0,10,0.6450219113113119,1736,11,0.9431945538974952,0
758,2,0,10,0.7086857349508652,1398,11,0.8884502877862838,0
885,6,0,10,0.537589208919566,1488,11,0.8884502877862838,0
789,2,0,10,0.4938203301673731,1543,11,0.9431945538974952,0
633,6,0,10,0.7842865255228345,1354,11,0.9431945538974952,0
862,2,0,10,0.378429649820683,1407,11,0.9431945538974952,0
601,2,0,10,0.752454613703058,1353,11,0.9431945538974952,0
731,6,0,10,0.3664926828882667,1750,11,0.8884502877862838,0
626,2,0,10,0.4818833632349569,1496,11,0.9431945538974952,0
837,2,0,10,0.5176942640322055,1587,11,0.8884502877862838,0
791,6,0,10,0.7166437129058093,1373,11,0.9431945538974952,0
850,2,0,10,0.4381144844827641,1528,11,0.9431945538974952,0
866,6,0,10,0.2351860466316883,1804,11,0.8884502877862838,0
715,2,0,10,0.9872149633739103,1270,11,0.8884502877862838,0
576,2,0,10,0.5893160656267029,1429,11,0.8884502877862838,0
865,2,0,10,0.8121394483651391,1458,11,0.8884502877862838,0
871,2,0,10,0.7962234924552508,1541,11,0.8884502877862838,0
843,6,0,10,0.434135495505292,1558,11,0.8884502877862838,0
663,6,0,10,0.7047067459733931,1217,11,0.9431945538974952,0
801,6,0,10,0.5455471868745101,1404,11,0.8884502877862838,0
414,6,0,10,0.7683705696129463,1455,11,0.9431945538974952,0
586,2,0,10,0.8559083271173319,1356,11,0.9431945538974952,0
650,6,0,10,0.8439713601849157,1227,11,0.8884502877862838,0
805,6,0,10,0.7365386577931696,1470,11,0.9431945538974952,0
740,6,0,10,0.3744506608432109,1638,11,0.9431945538974952,0
796,2,0,10,0.7086857349508652,1553,11,0.9431945538974952,0
596,2,0,10,0.8121394483651391,1496,11,0.8884502877862838,0
761,6,0,10,1.2299332909997067,1028,11,0.8884502877862838,0
775,6,0,10,0.649000900288784,1445,11,0.9431945538974952,0
889,2,0,10,0.6649168561986724,1384,11,0.9431945538974952,0
880,6,0,10,0.5773790986942867,1414,11,0.9431945538974952,0
954,2,0,10,0.7962234924552508,1436,11,0.9431945538974952,0
765,2,0,10,0.975277996441494,1213,11,0.9431945538974952,0
841,6,0,10,0.7166437129058093,1503,11,0.8884502877862838,0
880,2,0,10,0.752454613703058,1472,11,0.9431945538974952,0
775,2,0,10,0.7007277569959209,1587,11,0.9431945538974952,0
773,6,0,10,0.8678452940497481,1214,11,0.8884502877862838,0
494,2,0,10,0.9951729413288544,1244,11,0.8884502877862838,0
704,6,0,10,0.7325596688156976,1421,11,0.9431945538974952,0
792,6,0,10,0.4261775175503479,1497,11,0.8884502877862838,0
981,6,0,10,0.4818833632349569,1616,11,0.9431945538974952,0
730,2,0,10,0.7803075365453624,1407,11,0.8884502877862838,0
892,2,0,10,0.3187448151586018,1511,11,0.9431945538974952,0
739,2,0,10,0.6887907900635047,1336,11,0.8884502877862838,0
737,6,0,10,0.537589208919566,1421,11,0.8884502877862838,0
604,6,0,10,0.6569588782437281,1216,11,0.8884502877862838,0
268,6,0,10,1.074752720878296,931,11,0.8884502877862838,0
764,6,0,10,0.7604125916580021,1550,11,0.8884502877862838,0
764,2,0,10,0.6649168561986724,1566,11,0.9431945538974952,0
999,2,0,10,0.5694211207393426,1624,11,0.9431945538974952,0
768,2,0,10,1.078731709855768,1269,11,0.8884502877862838,0
741,6,0,10,0.649000900288784,1513,11,0.8884502877862838,0
785,2,0,10,0.3863876277756271,1587,11,0.9431945538974952,0
570,2,0,10,0.8121394483651391,1283,11,0.9431945538974952,0
909,6,0,10,0.378429649820683,1711,11,0.8884502877862838,0
937,6,0,10,0.6330849443788957,1467,11,0.8884502877862838,0
678,6,0,10,0.6251269664239516,1322,11,0.8884502877862838,0
874,6,0,10,0.5336102199420939,1645,11,0.8884502877862838,0
437,2,0,10,0.8758032720046922,1319,11,0.8884502877862838,0
820,2,0,10,0.5216732530096777,1535,11,0.9431945538974952,0
692,6,0,10,0.8240764152975553,1241,11,0.9431945538974952,0
573,2,0,10,0.652979889266256,1456,11,0.8884502877862838,0
1008,6,0,10,0.4540304403926524,1511,11,0.8884502877862838,0
898,2,0,10,0.6848118010860327,1613,11,0.9431945538974952,0
678,6,0,10,0.7285806798382255,1390,11,0.8884502877862838,0
713,2,0,10,0.7643915806354742,1489,11,0.9431945538974952,0
856,2,0,10,0.5216732530096777,1546,11,0.8884502877862838,0
776,2,0,10,0.808160459387667,1393,11,0.8884502877862838,0
624,6,0,10,0.4739253852800127,1649,11,0.8884502877862838,0
594,2,0,10,0.8240764152975553,1339,11,0.8884502877862838,0
844,6,0,10,0.4699463963025407,1744,11,0.8884502877862838,0
891,6,0,10,0.541568197897038,1508,11,0.9431945538974952,0
780,6,0,10,0.7007277569959209,1210,11,0.9431945538974952,0
646,6,0,10,0.9872149633739103,1366,11,0.9431945538974952,0
928,6,0,10,0.3465977380009064,1583,11,0.8884502877862838,0
858,2,0,10,0.7882655145003066,1522,11,0.8884502877862838,0
790,2,0,10,0.5455471868745101,1478,11,0.9431945538974952,0
647,6,0,10,0.8240764152975553,1243,11,0.9431945538974952,0
740,2,0,10,0.7285806798382255,1513,11,0.9431945538974952,0
768,2,0,10,0.4182195395954037,1702,11,0.8884502877862838,0
943,6,0,10,0.5773790986942867,1704,11,0.9431945538974952,0
667,2,0,10,0.5853370766492308,1503,11,0.9431945538974952,0
604,6,0,10,0.7803075365453624,1433,11,0.8884502877862838,0
824,2,0,10,0.4023035836855154,1411,11,0.9431945538974952,0
833,2,0,10,0.4938203301673731,1546,11,0.9431945538974952,0
782,6,0,10,0.4182195395954037,1301,11,0.9431945538974952,0
637,6,0,10,0.915593161779413,1052,11,0.9431945538974952,0
634,6,0,10,0.863866305072276,1322,11,0.8884502877862838,0
1022,6,0,10,0.6171689884690075,1542,11,0.9431945538974952,0
813,6,0,10,0.7246016908607534,1267,11,0.9431945538974952,0
807,6,0,10,0.9553830515541336,1264,11,0.8884502877862838,0
777,2,0,10,0.7484756247255858,1383,11,0.8884502877862838,0
699,2,0,10,0.5057572970997893,1624,11,0.8884502877862838,0
530,2,0,10,0.859887316094804,1371,11,0.8884502877862838,0
826,2,0,10,0.6728748341536165,1506,11,0.9431945538974952,0
885,2,0,10,0.5654421317618704,1767,11,0.9431945538974952,0
645,2,0,10,0.7444966357481138,1487,11,0.8884502877862838,0
579,6,0,10,0.5535051648294542,1463,11,0.9431945538974952,0
840,2,0,10,0.9593620405316058,1281,11,0.8884502877862838,0
891,6,0,10,0.4102615616404595,1724,11,0.9431945538974952,0
909,6,0,10,0.5813580876717588,1536,11,0.9431945538974952,0
665,6,0,10,0.7047067459733931,1333,11,0.9431945538974952,0
662,6,0,10,0.7007277569959209,1461,11,0.9431945538974952,0
776,2,0,10,0.5574841538069263,1366,11,0.9431945538974952,0
833,6,0,10,0.7086857349508652,1407,11,0.9431945538974952,0
855,2,0,10,0.6052320215365912,1403,11,0.8884502877862838,0
838,6,0,10,0.5097362860772614,1587,11,0.8884502877862838,0
726,6,0,10,0.5893160656267029,1474,11,0.8884502877862838,0
957,6,0,10,0.5176942640322055,1683,11,0.9431945538974952,0
892,2,0,10,0.649000900288784,1450,11,0.9431945538974952,0
686,6,0,10,0.8280554042750273,1390,11,0.9431945538974952,0
882,6,0,10,0.2152911017443279,1495,11,0.9431945538974952,0
814,2,0,10,1.0031309192837985,1340,11,0.9431945538974952,0
547,6,0,10,0.5893160656267029,1463,11,0.8884502877862838,0
848,6,0,10,0.7723495585904183,1405,11,0.8884502877862838,0
837,2,0,10,0.593295054604175,1386,11,0.8884502877862838,0
832,2,0,10,0.7803075365453624,1539,11,0.9431945538974952,0
769,2,0,10,0.6808328121085606,1565,11,0.8884502877862838,0
784,2,0,10,0.9116141728019408,1332,11,0.9431945538974952,0
515,6,0,10,0.8479503491623878,1270,11,0.8884502877862838,0
438,2,0,10,0.915593161779413,1178,11,0.9431945538974952,0
624,6,0,10,0.7206227018832814,1313,11,0.9431945538974952,0
897,2,0,10,0.6728748341536165,1510,11,0.8884502877862838,0
485,2,0,10,0.808160459387667,1377,11,0.9431945538974952,0
928,2,0,10,0.1038794103751098,1740,11,0.9431945538974952,0
739,2,0,10,0.6171689884690075,1511,11,0.9431945538974952,0
1121,2,0,10,0.6012530325591191,1641,11,0.9431945538974952,0
937,2,0,10,0.5057572970997893,1511,11,0.9431945538974952,0
800,2,0,10,0.8758032720046922,1362,11,0.8884502877862838,0
1008,2,0,10,0.270996947428937,1616,11,0.9431945538974952,0
655,2,0,10,0.6211479774464795,1551,11,0.8884502877862838,0
799,6,0,10,0.6211479774464795,1500,11,0.8884502877862838,0
712,2,0,10,0.6251269664239516,1299,11,0.9431945538974952,0
875,2,0,10,0.652979889266256,1209,11,0.8884502877862838,0
673,2,0,10,0.9076351838244688,1332,11,0.8884502877862838,0
785,2,0,10,0.4420934734602362,1678,11,0.9431945538974952,0
573,6,0,10,1.0548577759909357,1367,11,0.9431945538974952,0
926,6,0,10,0.6291059554014237,1485,11,0.8884502877862838,0
579,6,0,10,0.975277996441494,1386,11,0.9431945538974952,0
544,2,0,10,0.971299007464022,1379,11,0.9431945538974952,0
921,6,0,10,0.4221985285728758,1901,11,0.8884502877862838,0
1014,6,0,10,0.3664926828882667,1616,11,0.9431945538974952,0
405,6,0,10,1.070773731900824,1169,11,0.9431945538974952,0
920,6,0,10,0.537589208919566,1517,11,0.8884502877862838,0
624,6,0,10,0.7604125916580021,1507,11,0.8884502877862838,0
691,2,0,10,0.7763285475678904,1458,11,0.8884502877862838,0
524,6,0,10,0.7962234924552508,1395,11,0.9431945538974952,0
701,2,0,10,0.4023035836855154,1416,11,0.9431945538974952,0
957,6,0,10,0.4420934734602362,1513,11,0.8884502877862838,0
811,2,0,10,0.7604125916580021,1609,11,0.9431945538974952,0
921,6,0,10,0.2192700907218,1731,11,0.8884502877862838,0
905,6,0,10,0.5057572970997893,1753,11,0.8884502877862838,0
744,6,0,10,0.6131899994915354,1609,11,0.9431945538974952,0
572,6,0,10,0.8002024814327229,1375,11,0.9431945538974952,0
757,2,0,10,0.4420934734602362,1502,11,0.8884502877862838,0
820,2,0,10,0.3346607710684902,1851,11,0.9431945538974952,0
845,6,0,10,0.7007277569959209,1376,11,0.8884502877862838,0
973,6,0,11,0.8240764152975553,1716,11,1.804272708628173,0
1680,2,0,11,0.3616622999891227,2196,11,0.9431945538974952,0
1638,2,0,11,0.4492000574935084,2410,11,1.804272708628173,0
1717,5,0,11,0.4969479252231732,2427,11,1.804272708628173,0
1463,5,0,4,0.1874381789020234,1715,11,0.8884502877862838,0
1607,5,0,4,0.0322576087806125,2294,11,1.804272708628173,0
1354,6,0,4,0.1396903111723585,1840,11,1.804272708628173,0
1310,5,0,11,0.9425946907000456,2429,11,0.8884502877862838,0
1776,6,0,11,0.6282545614797517,2670,11,0.8884502877862838,0
1447,2,0,4,0.2502506086199046,2351,11,0.9431945538974952,0
1674,5,0,11,0.1428179062281586,2171,11,1.804272708628173,0
1074,6,0,4,0.214439707822656,1991,11,0.9431945538974952,0
1879,2,0,11,0.0194692479265244,2356,11,0.8884502877862838,0
1587,5,0,11,0.859035922173132,2450,11,0.9431945538974952,0
1218,2,0,4,0.4094101677187876,2232,11,0.8884502877862838,0
1424,6,0,11,0.0314062148589406,2081,11,0.9431945538974952,0
1023,2,0,4,0.214439707822656,1904,11,0.8884502877862838,0
1599,2,0,4,0.64417051738964,2228,11,0.9431945538974952,0
1890,2,0,4,0.8391409772857716,2268,11,1.804272708628173,0
1269,5,0,4,0.1436693001498306,2017,11,1.804272708628173,0
1775,6,0,11,0.3576833110116507,2271,11,0.8884502877862838,0
1486,6,0,4,0.4460724624377082,2153,11,1.804272708628173,0
1273,6,0,11,0.5535051648294542,1794,11,0.8884502877862838,0
1415,6,0,4,0.4531790464709804,2273,11,0.8884502877862838,0
1639,6,0,11,0.0362365977580846,2031,11,0.9431945538974952,0
1139,6,0,4,0.3227238041360739,1653,11,0.9431945538974952,0
1660,2,0,4,0.3974732007863714,1946,11,0.9431945538974952,0
1221,5,0,11,0.0083836749157801,2028,11,0.8884502877862838,0
1553,5,0,4,1.022174470249487,2640,11,1.804272708628173,0
1451,5,0,4,0.0242996308256684,1977,11,1.804272708628173,0
1496,2,0,11,0.2471230135641045,1933,11,1.804272708628173,0
1744,6,0,4,0.9903425584297104,2548,11,0.9431945538974952,0
1413,6,0,4,0.5964226496599752,2164,11,1.804272708628173,0
1632,6,0,4,0.2988498702712415,1937,11,0.9431945538974952,0
1770,2,0,11,0.6202965835248075,2239,11,1.804272708628173,0
1698,5,0,11,0.9465736796775176,2309,11,1.804272708628173,0
1197,6,0,4,0.2351860466316883,1710,11,0.8884502877862838,0
1495,5,0,11,0.3934942118088994,1704,11,1.804272708628173,0
1455,5,0,4,0.0393641928138847,1770,11,1.804272708628173,0
1825,2,0,11,0.5805066937500868,2315,11,0.8884502877862838,0
1836,6,0,11,0.2979984763495695,2333,11,0.9431945538974952,0
1577,6,0,4,0.2223976857776001,2246,11,0.8884502877862838,0
1752,5,0,4,0.5446957929528382,2565,11,0.9431945538974952,0
1167,5,0,11,0.2184186968001281,2133,11,0.8884502877862838,0
1534,6,0,4,0.4889899472682291,2243,11,0.9431945538974952,0
1364,5,0,11,0.2781035314622092,2220,11,0.9431945538974952,0
1349,6,0,4,0.2232490796992721,1930,11,0.8884502877862838,0
1368,2,0,4,0.2391650356091604,2078,11,0.9431945538974952,0
1670,5,0,11,0.8112880544434671,2328,11,1.804272708628173,0
1803,5,0,11,0.6521284953445842,2263,11,0.8884502877862838,0
1542,5,0,11,0.3576833110116507,2153,11,0.8884502877862838,0
1730,6,0,11,0.3815572448764831,2042,11,0.9431945538974952,0
1322,5,0,11,0.4213471346512039,2164,11,0.8884502877862838,0
1241,2,0,4,0.4023035836855154,1866,11,1.804272708628173,0
1676,2,0,11,0.4094101677187876,2532,11,0.8884502877862838,0
1439,5,0,11,0.5088848921555895,2105,11,1.804272708628173,0
1375,6,0,4,0.3338093771468182,2170,11,0.9431945538974952,0
1857,5,0,11,0.4730739913583408,2509,11,0.9431945538974952,0
1547,5,0,11,0.2621875755523209,2080,11,0.9431945538974952,0
1449,2,0,11,0.751603219781386,2366,11,0.9431945538974952,0
1410,2,0,11,0.6202965835248075,2681,11,1.804272708628173,0
1465,6,0,11,0.1317323332174144,1969,11,1.804272708628173,0
1595,6,0,11,0.5128638811330616,2308,11,0.9431945538974952,0
1401,2,0,4,0.2621875755523209,1852,11,0.8884502877862838,0
1800,5,0,11,1.022174470249487,2655,11,1.804272708628173,0
1337,2,0,4,1.2259543020222348,2007,11,1.804272708628173,0
1589,6,0,4,0.0720474985553333,1872,11,0.9431945538974952,0
1538,2,0,4,0.2462716196424326,2159,11,0.8884502877862838,0
1333,5,0,4,0.2542295975973768,2113,11,0.8884502877862838,0
1771,6,0,11,0.0115112699715802,2065,11,1.804272708628173,0
1391,6,0,11,0.2829339143613532,1706,11,0.8884502877862838,0
1879,2,0,4,0.3903666167530992,2139,11,0.9431945538974952,0
1670,5,0,11,0.1865867849803515,2321,11,0.9431945538974952,0
1594,6,0,11,0.2502506086199046,2189,11,0.9431945538974952,0
1353,5,0,4,0.6919183851193049,2234,11,0.8884502877862838,0
1620,6,0,11,0.64417051738964,2317,11,0.9431945538974952,0
1431,2,0,4,0.1428179062281586,2249,11,1.804272708628173,0
1194,2,0,4,0.3497253330567065,2327,11,0.8884502877862838,0
1531,5,0,11,0.0322576087806125,1885,11,0.9431945538974952,0
1494,5,0,11,0.2979984763495695,2238,11,1.804272708628173,0
1225,2,0,11,0.0473221707688289,2012,11,0.8884502877862838,0
1645,5,0,4,0.1078583993525819,2227,11,1.804272708628173,0
1620,2,0,11,0.540716803975366,2300,11,0.8884502877862838,0
1480,2,0,4,0.1507758841831028,2259,11,0.9431945538974952,0
1421,5,0,4,0.0950700384984938,2131,11,0.8884502877862838,0
1317,6,0,4,0.2383136416874884,2174,11,0.9431945538974952,0
1458,5,0,4,0.5168428701105336,2231,11,1.804272708628173,0
1662,6,0,11,0.3019774653270416,2285,11,1.804272708628173,0
1259,2,0,11,0.0990490274759658,2244,11,0.9431945538974952,0
1724,2,0,11,0.4332841015836201,2157,11,0.8884502877862838,0
753,2,0,4,0.4938203301673731,1902,11,1.804272708628173,0
1501,5,0,4,0.1556062670822468,2075,11,0.9431945538974952,0
1584,2,0,11,0.4332841015836201,2216,11,0.8884502877862838,0
1261,6,0,11,0.0959214324201657,2151,11,0.8884502877862838,0
1700,6,0,4,0.7237502969390814,2351,11,1.804272708628173,0
1660,6,0,4,0.5685697268176706,1908,11,0.9431945538974952,0
1558,2,0,4,0.6919183851193049,2498,11,0.8884502877862838,0
1673,5,0,4,0.7794561426236906,2567,11,0.9431945538974952,0
1638,5,0,11,0.8470989552407158,2470,11,0.8884502877862838,0
1523,6,0,4,0.2781035314622092,2068,11,1.804272708628173,0
1814,5,0,4,0.2462716196424326,2121,11,0.9431945538974952,0
1486,2,0,4,0.0481735646905008,1969,11,1.804272708628173,0
1576,5,0,4,0.7277292859165536,2321,11,0.9431945538974952,0
1537,6,0,4,0.4492000574935084,2551,11,0.9431945538974952,0
1816,6,0,11,0.5844856827275589,2504,11,0.9431945538974952,0
1694,6,0,11,0.5685697268176706,2519,11,0.8884502877862838,0
1593,2,0,11,0.2948708812937694,1751,11,1.804272708628173,0
1758,2,0,4,0.1794802009470793,2243,11,1.804272708628173,0
979,5,0,4,0.1189439723633262,1844,11,0.8884502877862838,0
1293,5,0,11,0.1308809392957424,1662,11,0.9431945538974952,0
1756,2,0,11,0.751603219781386,2337,11,0.8884502877862838,0
1049,5,0,4,0.0592591377012451,1741,11,1.804272708628173,0
1757,6,0,11,0.4929689362457012,2385,11,0.8884502877862838,0
1804,5,0,4,0.378429649820683,1832,11,1.804272708628173,0
1270,6,0,11,0.1993751458344396,1503,11,0.8884502877862838,0
1745,6,0,4,0.6600864732995283,2317,11,0.8884502877862838,0
1704,6,0,11,1.0579853710467355,2491,11,1.804272708628173,0
1653,5,0,4,0.6760024292094166,2335,11,0.9431945538974952,0
1785,2,0,4,0.6481495063671121,2279,11,0.9431945538974952,0
1820,2,0,11,0.1547548731605749,2280,11,1.804272708628173,0
1600,2,0,4,0.0441945757130287,1907,11,0.8884502877862838,0
1662,2,0,11,0.0592591377012451,2139,11,0.8884502877862838,0
1154,2,0,11,0.1666918400929911,1812,11,0.8884502877862838,0
1844,2,0,11,0.6202965835248075,2474,11,0.8884502877862838,0
1826,5,0,4,0.0274272258814685,2002,11,1.804272708628173,0
1820,2,0,11,0.4571580354484525,2291,11,0.9431945538974952,0
1766,6,0,4,0.3696202779440669,2119,11,0.8884502877862838,0
1754,5,0,11,0.695897374096777,2284,11,0.9431945538974952,0
1820,5,0,11,0.6521284953445842,2449,11,0.8884502877862838,0
1224,5,0,11,0.3815572448764831,2011,11,0.9431945538974952,0
1266,6,0,11,0.4023035836855154,1892,11,1.804272708628173,0
1373,2,0,4,0.8232250213758834,2062,11,1.804272708628173,0
1468,6,0,11,0.2462716196424326,2273,11,0.9431945538974952,0
1553,2,0,4,0.0751750936111334,2063,11,1.804272708628173,0
1357,2,0,11,0.3099354432819858,2139,11,0.9431945538974952,0
1880,6,0,4,0.3616622999891227,2300,11,1.804272708628173,0
1238,2,0,4,0.1755012119696072,1956,11,0.9431945538974952,0
1707,6,0,11,0.7237502969390814,2174,11,1.804272708628173,0
1569,5,0,4,0.3656412889665948,2315,11,1.804272708628173,0
1408,2,0,4,0.4452210685160363,2222,11,1.804272708628173,0
1534,5,0,11,0.3068078482261857,1803,11,0.8884502877862838,0
1503,6,0,4,0.588464671705031,2296,11,0.9431945538974952,0
1689,6,0,4,0.6680444512544724,2357,11,0.8884502877862838,0
1334,6,0,4,0.373599266921539,2425,11,0.9431945538974952,0
1539,5,0,4,0.4492000574935084,2460,11,0.9431945538974952,0
1229,5,0,11,0.3537043220341786,2116,11,1.804272708628173,0
1271,5,0,4,0.7396662528489698,2089,11,0.9431945538974952,0
1491,2,0,11,0.1158163773075261,1621,11,1.804272708628173,0
1479,6,0,4,0.9028048009253248,2109,11,1.804272708628173,0
1668,2,0,11,0.0393641928138847,2273,11,0.8884502877862838,0
1745,5,0,4,0.3019774653270416,2511,11,1.804272708628173,0
988,5,0,4,0.3028288592487136,1743,11,1.804272708628173,0
1629,6,0,4,0.3696202779440669,2412,11,0.9431945538974952,0
1107,2,0,4,0.0513011597463009,1914,11,0.8884502877862838,0
1563,6,0,11,0.1308809392957424,2132,11,0.8884502877862838,0
1567,2,0,11,1.288766731740116,2418,11,0.9431945538974952,0
1637,2,0,4,0.0393641928138847,2090,11,1.804272708628173,0
1714,6,0,4,1.0062585143395988,2616,11,0.9431945538974952,0
1565,6,0,4,0.5765277047726147,2188,11,0.8884502877862838,0
1610,6,0,11,0.4054311787413155,2141,11,0.9431945538974952,0
1604,5,0,11,0.0791540825886055,2177,11,1.804272708628173,0
1667,5,0,11,0.5248008480654778,2515,11,0.9431945538974952,0
1783,2,0,11,0.3417673551017623,2062,11,0.8884502877862838,0
955,2,0,4,0.1388389172506866,2138,11,0.8884502877862838,0
1327,2,0,4,0.64417051738964,2198,11,0.8884502877862838,0
1672,6,0,11,0.2422926306649605,2105,11,1.804272708628173,0
1100,5,0,11,0.2630389694739928,2009,11,0.9431945538974952,0
1470,2,0,11,0.3895152228314272,2227,11,0.9431945538974952,0
1294,6,0,11,0.2462716196424326,2110,11,1.804272708628173,0
1716,2,0,4,0.3656412889665948,2226,11,1.804272708628173,0
1371,2,0,4,0.5137152750547335,1810,11,0.9431945538974952,0
1605,6,0,11,0.270145553507265,1863,11,0.8884502877862838,0
1520,2,0,4,0.7993510875110509,2265,11,0.8884502877862838,0
1740,6,0,11,0.2025027408902398,2008,11,0.8884502877862838,0
1171,5,0,4,0.3934942118088994,2019,11,0.8884502877862838,0
1860,5,0,4,0.536737814997894,2468,11,0.9431945538974952,0
1814,5,0,11,1.149502117528593,2092,11,0.9431945538974952,0
1495,2,0,4,0.1786288070254073,1932,11,1.804272708628173,0
1833,5,0,11,0.4571580354484525,2420,11,0.8884502877862838,0
1771,5,0,11,0.6163175945473355,2286,11,1.804272708628173,0
1511,5,0,11,0.0999004213976378,2058,11,1.804272708628173,0
1778,6,0,11,0.3656412889665948,2202,11,0.8884502877862838,0
1673,6,0,11,0.7436452418264419,2426,11,0.9431945538974952,0
1199,6,0,4,0.4023035836855154,1485,11,1.804272708628173,0
1488,2,0,11,0.0592591377012451,2109,11,0.8884502877862838,0
1674,5,0,11,0.7913931095561068,2415,11,0.8884502877862838,0
1861,2,0,4,0.1905657739578236,2133,11,0.9431945538974952,0
1513,2,0,11,0.5446957929528382,2201,11,0.9431945538974952,0
991,5,0,4,0.4889899472682291,2241,11,1.804272708628173,0
1014,2,0,11,0.0640895206003891,2087,11,0.8884502877862838,0
1506,5,0,11,0.5168428701105336,2178,11,0.9431945538974952,0
1878,2,0,11,0.3576833110116507,2308,11,0.9431945538974952,0
1363,6,0,11,0.2184186968001281,2346,11,0.8884502877862838,0
1450,5,0,11,0.5009269142006454,2432,11,0.8884502877862838,0
1511,5,0,11,0.4014521897638435,2338,11,0.9431945538974952,0
1528,2,0,4,0.2860615094171533,2155,11,0.9431945538974952,0
1813,6,0,11,0.3855362338539552,2386,11,0.8884502877862838,0
1081,6,0,4,0.2073331237893838,1898,11,0.8884502877862838,0
1821,5,0,4,0.4253261236286759,2079,11,0.9431945538974952,0
1768,5,0,11,0.0473221707688289,2318,11,1.804272708628173,0
1464,2,0,4,0.6561074843220562,2353,11,0.9431945538974952,0
1863,5,0,4,0.2781035314622092,2112,11,0.9431945538974952,0
1653,2,0,11,0.0154902589490523,1979,11,0.9431945538974952,0
1413,6,0,11,0.0831330715660775,2047,11,0.9431945538974952,0
1508,5,0,11,0.1348599282732145,1618,11,0.8884502877862838,0
1693,5,0,4,0.5009269142006454,1978,11,0.8884502877862838,0
1844,2,0,4,0.0720474985553333,2199,11,0.9431945538974952,0
1785,5,0,11,0.3019774653270416,2018,11,1.804272708628173,0
1741,2,0,11,0.3178934212369299,2205,11,0.8884502877862838,0
1322,5,0,11,0.2184186968001281,2063,11,0.9431945538974952,0
1753,5,0,4,0.8470989552407158,2542,11,0.9431945538974952,0
1539,5,0,11,0.4690950023808687,2268,11,1.804272708628173,0
1737,6,0,11,0.1109859944083821,1905,11,1.804272708628173,0
1602,5,0,4,0.0075322809941081,2148,11,1.804272708628173,0
1605,2,0,4,0.3178934212369299,1995,11,0.8884502877862838,0
1470,2,0,11,0.1595852560597189,1823,11,0.9431945538974952,0
1579,2,0,4,0.8311829993308275,1858,11,1.804272708628173,0
1116,2,0,11,0.163564245037191,1949,11,0.8884502877862838,0
1281,5,0,11,0.0521525536679729,1905,11,0.9431945538974952,0
1414,6,0,11,0.5049059031781175,2112,11,1.804272708628173,0
1620,6,0,11,0.1507758841831028,2057,11,0.9431945538974952,0
1293,6,0,4,0.2979984763495695,2263,11,1.804272708628173,0
1774,6,0,4,0.4571580354484525,2298,11,1.804272708628173,0
1751,2,0,4,0.0672171156561892,2318,11,0.9431945538974952,0
1709,5,0,4,0.1109859944083821,2096,11,0.8884502877862838,0
1464,2,0,11,0.10700700543091,2264,11,0.8884502877862838,0
1450,2,0,4,0.4690950023808687,2145,11,1.804272708628173,0
1345,5,0,4,0.2025027408902398,1872,11,0.8884502877862838,0
1662,5,0,4,0.4611370244259246,2771,11,0.8884502877862838,0
1294,6,0,4,0.5176942640322055,2040,11,0.9431945538974952,0
1528,2,0,11,0.1914171678794955,1843,11,0.8884502877862838,0
1787,2,0,4,0.6481495063671121,2359,11,0.8884502877862838,0
1482,6,0,4,0.0282786198031404,2281,11,0.8884502877862838,0
1884,5,0,4,0.4730739913583408,2414,11,0.8884502877862838,0
1461,2,0,4,0.4094101677187876,2599,11,0.9431945538974952,0
1389,5,0,11,0.1269019503182704,2149,11,0.9431945538974952,0
1394,5,0,4,0.7078343410291932,2244,11,0.8884502877862838,0
1708,2,0,4,0.3497253330567065,2153,11,0.8884502877862838,0
1103,6,0,11,0.1746498180479352,2086,11,0.9431945538974952,0
1443,2,0,11,0.4810319693132849,2124,11,0.8884502877862838,0
1432,6,0,11,0.4261775175503479,2043,11,0.8884502877862838,0
1873,2,0,4,0.3576833110116507,2235,11,1.804272708628173,0
1689,6,0,11,0.2948708812937694,1936,11,1.804272708628173,0
1485,2,0,4,0.270996947428937,1964,11,0.9431945538974952,0
1685,6,0,11,0.5327588260204219,2183,11,0.9431945538974952,0
1811,2,0,4,0.2820825204396813,2417,11,1.804272708628173,0
1788,5,0,11,0.5128638811330616,2356,11,0.8884502877862838,0
626,2,0,11,0.2979984763495695,2097,11,0.8884502877862838,0
1818,2,0,11,0.9386157017225736,2521,11,0.8884502877862838,0
1467,5,0,4,0.1189439723633262,1918,11,0.9431945538974952,0
1351,6,0,11,0.7436452418264419,2207,11,0.8884502877862838,0
1522,6,0,4,0.9784055914972942,2513,11,0.9431945538974952,0
1663,5,0,4,0.0791540825886055,1935,11,1.804272708628173,0
1440,2,0,4,0.0115112699715802,2267,11,0.8884502877862838,0
1825,6,0,11,0.3863876277756271,2183,11,1.804272708628173,0
1245,6,0,11,0.5256522419871498,1574,11,0.9431945538974952,0
1536,6,0,11,0.0990490274759658,1957,11,1.804272708628173,0
1670,2,0,4,0.5208218590880057,2243,11,1.804272708628173,0
1804,6,0,4,0.4094101677187876,2441,11,0.9431945538974952,0
1670,6,0,4,0.3616622999891227,2302,11,0.8884502877862838,0
1403,2,0,11,0.4412420795385642,2243,11,0.8884502877862838,0
1667,5,0,4,0.9545316576324616,2229,11,0.9431945538974952,0
1797,5,0,11,0.4014521897638435,2828,11,0.9431945538974952,0
739,2,0,11,0.3306817820910181,1819,11,0.8884502877862838,0
1841,2,0,4,0.4969479252231732,2257,11,0.9431945538974952,0
1603,5,0,11,0.5049059031781175,2234,11,0.8884502877862838,0
1489,5,0,4,0.0990490274759658,2333,11,0.8884502877862838,0
1627,2,0,4,0.2025027408902398,2357,11,0.8884502877862838,0
1297,2,0,11,0.0680685095778612,2046,11,0.8884502877862838,0
1238,5,0,4,0.7874141205786347,2304,11,0.8884502877862838,0
1159,2,0,4,0.4332841015836201,2044,11,1.804272708628173,0
1650,2,0,11,0.3934942118088994,2109,11,0.8884502877862838,0
1272,5,0,4,0.0163416528707242,1864,11,0.8884502877862838,0
1580,6,0,4,0.3934942118088994,2149,11,1.804272708628173,0
1063,5,0,11,0.055280148723773,2089,11,0.9431945538974952,0
1629,5,0,11,0.2860615094171533,2211,11,0.9431945538974952,0
1805,5,0,11,0.0353852038364127,2296,11,1.804272708628173,0
1232,6,0,11,0.0800054765102774,1838,11,1.804272708628173,0
1576,6,0,4,0.3903666167530992,2053,11,0.9431945538974952,0
1591,5,0,4,0.6202965835248075,2469,11,0.8884502877862838,0
1377,6,0,4,0.1865867849803515,2173,11,1.804272708628173,0
1379,5,0,11,0.7317082748940257,2102,11,0.8884502877862838,0
1401,2,0,11,0.6919183851193049,2317,11,0.9431945538974952,0
1381,6,0,11,0.1149649833858541,1875,11,0.9431945538974952,0
1746,2,0,11,1.1534811065060655,2420,11,0.9431945538974952,0
1388,5,0,4,0.8041814704101949,1575,11,0.8884502877862838,0
1403,6,0,11,0.2025027408902398,1895,11,1.804272708628173,0
1417,5,0,11,0.6004016386374472,2145,11,0.9431945538974952,0
1669,5,0,11,0.2502506086199046,2034,11,0.9431945538974952,0
1353,2,0,4,0.0711961046336613,1823,11,0.8884502877862838,0
1543,5,0,4,0.2781035314622092,2436,11,0.8884502877862838,0
1614,5,0,11,0.1985237519127677,2381,11,0.8884502877862838,0
1854,2,0,11,0.6004016386374472,2385,11,0.9431945538974952,0
1556,6,0,11,0.1030280164534379,2242,11,0.9431945538974952,0
1638,5,0,11,0.2582085865748488,2245,11,0.8884502877862838,0
1229,6,0,11,0.0711961046336613,1548,11,0.9431945538974952,0
1793,2,0,4,0.1786288070254073,2393,11,0.9431945538974952,0
1645,6,0,4,0.3537043220341786,2158,11,0.8884502877862838,0
1789,5,0,4,0.162712851115519,2443,11,1.804272708628173,0
1712,2,0,4,0.2462716196424326,2068,11,1.804272708628173,0
1398,5,0,11,0.0711961046336613,2160,11,1.804272708628173,0
1563,5,0,11,0.4173681456737318,2070,11,1.804272708628173,0
1760,6,0,11,0.807309065465995,2596,11,0.8884502877862838,0
786,6,6,10,0.2223976857776001,1792,11,0.9431945538974952,1
651,6,6,10,0.5296312309646218,1550,11,0.9431945538974952,1
746,2,6,10,0.1229229613407983,1820,11,0.9431945538974952,1
624,6,6,10,0.5893160656267029,1597,11,0.8884502877862838,1
778,2,6,10,0.2152911017443279,1754,11,0.8884502877862838,1
653,6,6,10,0.060110531622917,1646,11,0.8884502877862838,1
787,6,6,10,0.056131542645445,1598,11,0.8884502877862838,1
832,6,6,10,0.158733862138047,1731,11,0.8884502877862838,1
674,6,6,10,0.2670179584514649,1745,11,0.8884502877862838,1
698,2,6,10,0.1158163773075261,1775,11,0.9431945538974952,1
718,2,6,10,0.1595852560597189,1667,11,0.8884502877862838,1
689,6,6,10,0.1158163773075261,1618,11,0.9431945538974952,1
739,2,6,10,0.1786288070254073,1834,11,0.9431945538974952,1
699,2,6,10,0.0234482369039964,1697,11,0.9431945538974952,1
797,2,6,10,0.0234482369039964,1658,11,0.9431945538974952,1
737,6,6,10,0.0919424434426936,1768,11,0.8884502877862838,1
620,6,6,10,0.1237743552624702,1610,11,0.9431945538974952,1
872,6,6,10,0.2670179584514649,1756,11,0.9431945538974952,1
794,2,6,10,0.0203206418481963,1676,11,0.8884502877862838,1
672,2,6,10,0.2988498702712415,1597,11,0.9431945538974952,1
754,2,6,10,0.0720474985553333,1765,11,0.8884502877862838,1
746,2,6,10,0.0919424434426936,1659,11,0.9431945538974952,1
691,6,6,10,0.0513011597463009,1786,11,0.8884502877862838,1
760,2,6,10,0.0640895206003891,1772,11,0.8884502877862838,1
643,2,6,10,0.1794802009470793,1686,11,0.8884502877862838,1
553,6,6,10,0.3227238041360739,1701,11,0.8884502877862838,1
652,6,6,10,0.0362365977580846,1585,11,0.9431945538974952,1
519,2,6,10,0.2073331237893838,1663,11,0.8884502877862838,1
682,6,6,10,0.1715222229921351,1607,11,0.8884502877862838,1
756,6,6,10,0.1277533442399423,1753,11,0.8884502877862838,1
719,2,6,10,0.0075322809941081,1688,11,0.8884502877862838,1
668,6,6,10,0.1189439723633262,1766,11,0.9431945538974952,1
646,6,6,10,0.0521525536679729,1583,11,0.9431945538974952,1
599,6,6,10,0.2979984763495695,1775,11,0.9431945538974952,1
742,2,6,10,0.0115112699715802,1674,11,0.8884502877862838,1
641,6,6,10,0.4500514514151803,1644,11,0.8884502877862838,1
606,2,6,10,0.1834591899245513,1720,11,0.9431945538974952,1
412,2,6,10,0.7365386577931696,1422,11,0.8884502877862838,1
615,6,6,10,0.1158163773075261,1689,11,0.9431945538974952,1
697,2,6,10,0.0839844654877495,1606,11,0.9431945538974952,1
800,2,6,10,0.3338093771468182,1751,11,0.9431945538974952,1
720,6,6,10,0.1985237519127677,1822,11,0.9431945538974952,1
648,2,6,10,0.0441945757130287,1635,11,0.8884502877862838,1
908,2,6,10,0.4332841015836201,1782,11,0.8884502877862838,1
863,2,6,10,0.0433431817913568,1893,11,0.8884502877862838,1
781,2,6,10,0.2263766747550722,1810,11,0.9431945538974952,1
820,2,6,10,0.3059564543045137,1876,11,0.8884502877862838,1
813,6,6,10,0.2033541348119117,1654,11,0.9431945538974952,1
824,6,6,10,0.4253261236286759,1828,11,0.8884502877862838,1
725,2,6,10,0.2152911017443279,1746,11,0.8884502877862838,1
664,6,6,10,0.1317323332174144,1661,11,0.9431945538974952,1
722,2,6,10,0.1865867849803515,1775,11,0.9431945538974952,1
637,2,6,10,0.0800054765102774,1738,11,0.8884502877862838,1
734,6,6,10,0.1985237519127677,1819,11,0.9431945538974952,1
548,6,6,10,0.4540304403926524,1682,11,0.8884502877862838,1
631,2,6,10,0.5017783081223173,1503,11,0.9431945538974952,1
707,6,6,10,0.1786288070254073,1679,11,0.8884502877862838,1
697,6,6,10,0.2025027408902398,1727,11,0.9431945538974952,1
861,2,6,10,0.004404685938308,1599,11,0.8884502877862838,1
703,6,6,10,0.0680685095778612,1629,11,0.9431945538974952,1
711,2,6,10,0.3187448151586018,1694,11,0.8884502877862838,1
864,6,6,10,0.0831330715660775,1658,11,0.9431945538974952,1
738,6,6,10,0.2431440245866324,1686,11,0.8884502877862838,1
616,6,6,10,0.1476482891273027,1581,11,0.9431945538974952,1
679,2,6,10,0.2988498702712415,1685,11,0.9431945538974952,1
774,6,6,10,0.0115112699715802,1583,11,0.9431945538974952,1
726,6,6,10,0.1953961568569676,1600,11,0.8884502877862838,1
672,6,6,10,0.2351860466316883,1614,11,0.9431945538974952,1
780,2,6,10,0.1914171678794955,1599,11,0.9431945538974952,1
746,2,6,10,0.1237743552624702,1719,11,0.9431945538974952,1
744,6,6,10,0.056131542645445,1781,11,0.8884502877862838,1
680,6,6,10,0.111837388330054,1648,11,0.9431945538974952,1
628,6,6,10,0.2948708812937694,1604,11,0.8884502877862838,1
725,2,6,10,0.1746498180479352,1710,11,0.9431945538974952,1
713,6,6,10,0.0314062148589406,1756,11,0.9431945538974952,1
714,6,6,10,0.1953961568569676,1695,11,0.9431945538974952,1
690,2,6,10,0.4460724624377082,1739,11,0.8884502877862838,1
702,2,6,10,0.2232490796992721,1663,11,0.9431945538974952,1
679,2,6,10,0.1038794103751098,1594,11,0.8884502877862838,1
682,2,6,10,0.0990490274759658,1632,11,0.8884502877862838,1
816,2,6,10,0.2948708812937694,1729,11,0.9431945538974952,1
767,2,6,10,0.0680685095778612,1811,11,0.8884502877862838,1
635,2,6,10,0.0959214324201657,1706,11,0.9431945538974952,1
712,6,6,10,0.1914171678794955,1783,11,0.9431945538974952,1
884,6,6,10,0.4332841015836201,1798,11,0.8884502877862838,1
758,6,6,10,0.1953961568569676,1640,11,0.9431945538974952,1
885,2,6,10,0.2064817298677118,1742,11,0.8884502877862838,1
698,2,6,10,0.1436693001498306,1689,11,0.9431945538974952,1
732,6,6,10,0.0831330715660775,1604,11,0.9431945538974952,1
534,6,6,10,0.4659674073250686,1515,11,0.9431945538974952,1
663,2,6,10,0.2232490796992721,1672,11,0.8884502877862838,1
762,6,6,10,0.0592591377012451,1717,11,0.9431945538974952,1
779,2,6,10,0.2223976857776001,1733,11,0.8884502877862838,1
749,6,6,10,0.0711961046336613,1747,11,0.9431945538974952,1
686,6,6,10,0.2908918923162973,1612,11,0.9431945538974952,1
664,6,6,10,0.5256522419871498,1646,11,0.9431945538974952,1
721,2,6,10,0.2113121127668558,1629,11,0.8884502877862838,1
700,2,6,10,0.4054311787413155,1732,11,0.8884502877862838,1
590,2,6,10,0.5057572970997893,1580,11,0.8884502877862838,1
699,2,6,10,0.3227238041360739,1627,11,0.8884502877862838,1
566,2,6,10,0.0791540825886055,1712,11,0.9431945538974952,1
690,6,6,10,0.1874381789020234,1673,11,0.8884502877862838,1
834,2,6,10,0.5606117488627265,1831,11,0.8884502877862838,1
807,6,6,10,0.1348599282732145,1772,11,0.9431945538974952,1
657,6,6,10,0.4580094293701244,1540,11,0.9431945538974952,1
784,2,6,10,0.5287798370429498,1824,11,0.9431945538974952,1
709,6,6,10,0.0999004213976378,1689,11,0.9431945538974952,1
723,2,6,10,0.2471230135641045,1635,11,0.9431945538974952,1
659,6,6,10,0.2940194873720975,1726,11,0.8884502877862838,1
705,6,6,10,0.3983245947080434,1655,11,0.9431945538974952,1
838,2,6,10,0.060110531622917,1611,11,0.9431945538974952,1
810,2,6,10,0.0393641928138847,1705,11,0.9431945538974952,1
665,6,6,10,0.2272280686767442,1710,11,0.8884502877862838,1
705,6,6,10,0.2025027408902398,1762,11,0.8884502877862838,1
712,6,6,10,0.2590599804965208,1701,11,0.9431945538974952,1
750,6,6,10,0.0441945757130287,1734,11,0.9431945538974952,1
717,2,6,10,0.1269019503182704,1728,11,0.9431945538974952,1
648,6,6,10,0.2113121127668558,1695,11,0.8884502877862838,1
627,2,6,10,0.0879634544652216,1635,11,0.9431945538974952,1
729,2,6,10,0.1914171678794955,1806,11,0.8884502877862838,1
453,2,6,10,0.434135495505292,1556,11,0.9431945538974952,1
568,6,6,10,0.3187448151586018,1588,11,0.9431945538974952,1
784,2,6,10,0.0203206418481963,1671,11,0.8884502877862838,1
754,2,6,10,0.2303556637325443,1682,11,0.8884502877862838,1
750,6,6,10,0.1237743552624702,1761,11,0.8884502877862838,1
750,6,6,10,0.1556062670822468,1733,11,0.9431945538974952,1
635,6,6,10,0.3338093771468182,1743,11,0.9431945538974952,1
787,6,6,10,0.0632381266787172,1741,11,0.9431945538974952,1
673,2,6,10,0.3386397600459622,1788,11,0.8884502877862838,1
728,2,6,10,0.0353852038364127,1741,11,0.8884502877862838,1
707,6,6,10,0.0481735646905008,1631,11,0.9431945538974952,1
638,2,6,10,0.266166564529793,1730,11,0.8884502877862838,1
564,2,6,10,0.2025027408902398,1664,11,0.9431945538974952,1
725,6,6,10,0.0640895206003891,1649,11,0.9431945538974952,1
785,6,6,10,0.0035532920166361,1729,11,0.9431945538974952,1
722,6,6,10,0.0402155867355567,1723,11,0.8884502877862838,1
754,6,6,10,0.1945447629352956,1705,11,0.9431945538974952,1
760,2,6,10,0.2025027408902398,1760,11,0.9431945538974952,1
509,6,6,10,0.2789549253838811,1532,11,0.9431945538974952,1
529,2,6,10,0.2272280686767442,1596,11,0.8884502877862838,1
847,6,6,10,0.1428179062281586,1738,11,0.8884502877862838,1
685,2,6,10,0.3426187490234343,1671,11,0.9431945538974952,1
559,2,6,10,0.7007277569959209,1580,11,0.9431945538974952,1
674,6,6,10,0.0203206418481963,1665,11,0.8884502877862838,1
598,2,6,10,0.2312070576542162,1630,11,0.9431945538974952,1
774,6,6,10,0.1158163773075261,1720,11,0.8884502877862838,1
603,6,6,10,0.3346607710684902,1655,11,0.8884502877862838,1
813,2,6,10,0.4094101677187876,1755,11,0.8884502877862838,1
751,2,6,10,0.2502506086199046,1777,11,0.9431945538974952,1
661,6,6,10,0.0672171156561892,1672,11,0.8884502877862838,1
730,6,6,10,0.1507758841831028,1816,11,0.9431945538974952,1
776,2,6,10,0.1030280164534379,1698,11,0.8884502877862838,1
516,2,6,10,0.1396903111723585,1666,11,0.8884502877862838,1
704,6,6,10,0.2670179584514649,1688,11,0.8884502877862838,1
693,6,6,10,0.5176942640322055,1525,11,0.9431945538974952,1
732,2,6,10,0.2462716196424326,1818,11,0.9431945538974952,1
685,2,6,10,0.0402155867355567,1668,11,0.9431945538974952,1
653,2,6,10,0.3585347049333226,1644,11,0.9431945538974952,1
724,6,6,10,0.3426187490234343,1662,11,0.8884502877862838,1
658,6,6,10,0.2391650356091604,1631,11,0.9431945538974952,1
698,2,6,10,0.3187448151586018,1620,11,0.9431945538974952,1
616,6,6,10,0.2113121127668558,1719,11,0.9431945538974952,1
807,2,6,10,0.1507758841831028,1729,11,0.8884502877862838,1
684,2,6,10,0.1905657739578236,1801,11,0.8884502877862838,1
768,2,6,10,0.5606117488627265,1834,11,0.9431945538974952,1
773,2,6,10,0.2940194873720975,1781,11,0.8884502877862838,1
686,6,6,10,0.2113121127668558,1713,11,0.8884502877862838,1
689,6,6,10,0.0203206418481963,1646,11,0.8884502877862838,1
809,6,6,10,0.2223976857776001,1763,11,0.8884502877862838,1
733,6,6,10,0.2820825204396813,1654,11,0.8884502877862838,1
697,6,6,10,0.0234482369039964,1724,11,0.9431945538974952,1
697,2,6,10,0.2073331237893838,1641,11,0.9431945538974952,1
738,2,6,10,0.0720474985553333,1719,11,0.8884502877862838,1
749,2,6,10,0.2741245424847371,1793,11,0.8884502877862838,1
865,2,6,10,0.4850109582907571,1832,11,0.8884502877862838,1
622,2,6,10,0.0242996308256684,1667,11,0.9431945538974952,1
748,6,6,10,0.2542295975973768,1658,11,0.8884502877862838,1
638,6,6,10,0.3028288592487136,1588,11,0.9431945538974952,1
731,2,6,10,0.1308809392957424,1764,11,0.9431945538974952,1
716,2,6,10,0.3028288592487136,1670,11,0.9431945538974952,1
640,6,6,10,0.163564245037191,1590,11,0.8884502877862838,1
790,2,6,10,0.0791540825886055,1794,11,0.8884502877862838,1
690,6,6,10,0.0075322809941081,1669,11,0.9431945538974952,1
796,6,6,10,0.0314062148589406,1656,11,0.8884502877862838,1
655,6,6,10,0.4023035836855154,1596,11,0.9431945538974952,1
530,2,6,10,0.1556062670822468,1723,11,0.8884502877862838,1
781,2,6,10,0.158733862138047,1679,11,0.9431945538974952,1
759,6,6,10,0.162712851115519,1781,11,0.9431945538974952,1
613,6,6,10,0.1826077960028794,1761,11,0.8884502877862838,1
620,2,6,10,0.3585347049333226,1596,11,0.9431945538974952,1
702,2,6,10,0.2511020025415766,1716,11,0.9431945538974952,1
682,6,6,10,0.060110531622917,1728,11,0.8884502877862838,1
790,6,6,10,0.3576833110116507,1782,11,0.8884502877862838,1
767,2,6,10,0.0640895206003891,1649,11,0.8884502877862838,1
617,6,6,10,0.1985237519127677,1741,11,0.8884502877862838,1
577,6,6,10,0.541568197897038,1586,11,0.9431945538974952,1
696,6,6,10,0.3187448151586018,1681,11,0.8884502877862838,1
517,6,6,10,0.0959214324201657,1542,11,0.9431945538974952,1
729,2,6,10,0.1595852560597189,1688,11,0.8884502877862838,1
808,6,6,10,0.5088848921555895,1776,11,0.8884502877862838,1
600,6,6,10,0.1595852560597189,1598,11,0.8884502877862838,1
690,6,6,10,0.1467968952056307,1732,11,0.9431945538974952,1
753,6,6,10,0.2422926306649605,1756,11,0.9431945538974952,1
670,6,6,10,0.0004256969608359,1763,11,0.8884502877862838,1
663,6,6,10,0.5694211207393426,1637,11,0.9431945538974952,1
680,2,6,10,0.1595852560597189,1732,11,0.9431945538974952,1
730,6,6,10,0.0720474985553333,1673,11,0.9431945538974952,1
654,6,6,10,0.0879634544652216,1733,11,0.8884502877862838,1
738,6,6,10,0.4142405506179316,1575,11,0.9431945538974952,1
867,2,6,10,0.4850109582907571,1846,11,0.9431945538974952,1
607,6,6,10,0.1715222229921351,1657,11,0.9431945538974952,1
702,6,6,10,0.1476482891273027,1581,11,0.9431945538974952,1
758,6,6,10,0.1109859944083821,1769,11,0.8884502877862838,1
738,2,6,10,0.0910910495210217,1658,11,0.8884502877862838,1
667,6,6,10,0.4699463963025407,1668,11,0.9431945538974952,1
608,6,6,10,0.4699463963025407,1644,11,0.8884502877862838,1
789,6,6,10,0.1109859944083821,1777,11,0.9431945538974952,1
777,6,6,10,0.4452210685160363,1718,11,0.8884502877862838,1
586,6,6,10,0.378429649820683,1538,11,0.8884502877862838,1
612,6,6,10,0.1149649833858541,1749,11,0.8884502877862838,1
598,2,6,10,0.3625136939107947,1620,11,0.9431945538974952,1
792,2,6,10,0.0632381266787172,1790,11,0.8884502877862838,1
741,6,6,10,0.158733862138047,1715,11,0.9431945538974952,1
758,6,6,10,0.214439707822656,1693,11,0.9431945538974952,1
708,2,6,10,0.0123626638932521,1723,11,0.8884502877862838,1
669,6,6,10,0.0274272258814685,1678,11,0.9431945538974952,1
683,6,6,10,0.0004256969608359,1653,11,0.8884502877862838,1
757,2,6,10,0.1078583993525819,1757,11,0.9431945538974952,1
902,2,6,10,0.4651160134033967,1841,11,0.8884502877862838,1
747,6,6,10,0.2033541348119117,1660,11,0.8884502877862838,1
644,2,6,10,0.1755012119696072,1681,11,0.9431945538974952,1
858,2,6,10,0.1189439723633262,1770,11,0.8884502877862838,1
569,6,6,10,0.4460724624377082,1568,11,0.9431945538974952,1
696,6,6,10,0.1317323332174144,1667,11,0.9431945538974952,1
884,6,6,10,0.3656412889665948,1763,11,0.9431945538974952,1
652,6,6,10,0.326702793113546,1667,11,0.9431945538974952,1
753,2,6,10,0.1556062670822468,1706,11,0.8884502877862838,1
710,2,6,10,0.1308809392957424,1639,11,0.9431945538974952,1
658,6,6,10,0.5455471868745101,1658,11,0.8884502877862838,1
683,2,6,10,0.7246016908607534,1486,11,0.8884502877862838,1
676,2,6,10,0.0194692479265244,1735,11,0.8884502877862838,1
672,2,6,10,0.163564245037191,1701,11,0.9431945538974952,1
713,6,6,10,0.0640895206003891,1732,11,0.8884502877862838,1
784,6,6,10,0.1914171678794955,1703,11,0.8884502877862838,1
749,6,6,10,0.0720474985553333,1743,11,0.8884502877862838,1
663,2,6,10,0.3306817820910181,1680,11,0.8884502877862838,1
679,2,6,10,0.060110531622917,1634,11,0.8884502877862838,1
641,2,6,10,0.1476482891273027,1641,11,0.8884502877862838,1
674,6,6,10,0.1595852560597189,1598,11,0.9431945538974952,1
735,2,6,10,0.0362365977580846,1715,11,0.8884502877862838,1
532,2,6,10,0.1476482891273027,1535,11,0.8884502877862838,1
610,2,6,10,0.4779043742574848,1630,11,0.9431945538974952,1
681,2,6,10,0.111837388330054,1671,11,0.8884502877862838,1
627,2,6,10,0.0433431817913568,1804,11,0.9431945538974952,1
686,2,6,10,0.0999004213976378,1664,11,0.9431945538974952,1
663,6,6,10,0.0720474985553333,1651,11,0.9431945538974952,1
622,6,6,10,0.1755012119696072,1634,11,0.8884502877862838,1
612,6,6,10,0.0640895206003891,1570,11,0.8884502877862838,1
736,6,6,10,0.2312070576542162,1641,11,0.9431945538974952,1
668,2,6,10,0.111837388330054,1775,11,0.8884502877862838,1
693,2,6,10,0.1556062670822468,1699,11,0.9431945538974952,1
731,2,6,10,0.3704716718657388,1697,11,0.8884502877862838,1
771,6,6,10,0.2223976857776001,1659,11,0.8884502877862838,1
618,2,6,10,0.2948708812937694,1668,11,0.8884502877862838,1
704,6,6,10,0.1308809392957424,1759,11,0.8884502877862838,1
846,6,6,10,0.0115112699715802,1721,11,0.9431945538974952,1
658,2,6,10,0.060110531622917,1717,11,0.9431945538974952,1
590,6,6,10,0.1794802009470793,1520,11,0.9431945538974952,1
634,2,6,10,0.2312070576542162,1700,11,0.9431945538974952,1
735,2,6,10,0.1945447629352956,1724,11,0.8884502877862838,1
688,2,6,10,0.1030280164534379,1865,11,0.9431945538974952,1
575,6,6,10,0.0680685095778612,1752,11,0.9431945538974952,1
759,2,6,10,0.0592591377012451,1734,11,0.8884502877862838,1
634,2,6,10,0.1030280164534379,1726,11,0.9431945538974952,1
943,2,6,10,0.0592591377012451,1857,11,0.8884502877862838,1
725,2,6,10,0.2263766747550722,1811,11,0.9431945538974952,1
607,6,6,10,0.3227238041360739,1658,11,0.9431945538974952,1
601,2,6,10,0.3585347049333226,1437,11,0.9431945538974952,1
737,2,6,10,0.266166564529793,1743,11,0.9431945538974952,1
651,6,6,10,0.0871120605435496,1625,11,0.8884502877862838,1
690,6,6,10,0.6131899994915354,1617,11,0.9431945538974952,1
730,6,6,10,0.1109859944083821,1686,11,0.9431945538974952,1
729,6,6,10,0.3227238041360739,1709,11,0.8884502877862838,1
763,2,6,10,0.0871120605435496,1739,11,0.8884502877862838,1
648,2,6,10,0.0194692479265244,1655,11,0.9431945538974952,1
640,6,6,10,0.2312070576542162,1575,11,0.9431945538974952,1
675,2,6,10,0.4062825726629875,1649,11,0.8884502877862838,1
697,6,6,10,0.2630389694739928,1552,11,0.8884502877862838,1
683,6,6,10,0.3863876277756271,1593,11,0.8884502877862838,1
694,6,6,10,0.537589208919566,1706,11,0.8884502877862838,1
744,6,6,10,0.1746498180479352,1724,11,0.8884502877862838,1
708,2,6,10,0.5137152750547335,1636,11,0.9431945538974952,1
756,2,6,10,0.2900404983946254,1786,11,0.8884502877862838,1
716,2,6,10,0.3099354432819858,1846,11,0.9431945538974952,1
726,2,6,10,0.0871120605435496,1763,11,0.8884502877862838,1
607,2,6,10,0.2033541348119117,1702,11,0.9431945538974952,1
583,6,6,10,0.2511020025415766,1716,11,0.8884502877862838,1
644,2,6,10,0.056131542645445,1634,11,0.9431945538974952,1
797,2,6,10,0.0123626638932521,1615,11,0.9431945538974952,1
602,6,6,10,0.4977993191448452,1590,11,0.8884502877862838,1
765,6,6,10,0.2383136416874884,1794,11,0.8884502877862838,1
814,2,6,10,0.6680444512544724,1907,11,0.8884502877862838,1
804,6,6,10,0.0194692479265244,1752,11,0.9431945538974952,1
654,6,6,10,0.3545557159558505,1562,11,0.9431945538974952,1
838,6,6,10,0.1786288070254073,1760,11,0.8884502877862838,1
882,2,6,10,0.3934942118088994,1825,11,0.8884502877862838,1
518,6,6,10,0.8758032720046922,1504,11,0.9431945538974952,1
774,2,6,10,0.1874381789020234,1648,11,0.9431945538974952,1
775,6,6,10,0.0751750936111334,1735,11,0.9431945538974952,1
722,2,6,10,0.0680685095778612,1610,11,0.8884502877862838,1
697,2,6,10,0.2223976857776001,1763,11,0.9431945538974952,1
537,6,6,10,0.2988498702712415,1653,11,0.8884502877862838,1
539,2,6,10,0.1277533442399423,1669,11,0.8884502877862838,1
669,2,6,10,0.0720474985553333,1634,11,0.8884502877862838,1
751,2,6,10,0.3147658261811298,1672,11,0.9431945538974952,1
695,6,6,10,0.2988498702712415,1678,11,0.9431945538974952,1
738,6,6,10,0.1826077960028794,1680,11,0.9431945538974952,1
838,2,6,10,0.3815572448764831,1898,11,0.8884502877862838,1
672,6,6,10,0.3625136939107947,1696,11,0.8884502877862838,1
586,6,6,10,0.0362365977580846,1693,11,0.8884502877862838,1
716,6,6,10,0.1945447629352956,1775,11,0.8884502877862838,1
573,2,6,10,0.0163416528707242,1699,11,0.8884502877862838,1
721,6,6,10,0.2590599804965208,1729,11,0.9431945538974952,1
692,6,6,10,0.4332841015836201,1736,11,0.9431945538974952,1
850,2,6,10,0.1547548731605749,1784,11,0.9431945538974952,1
747,6,6,10,0.4659674073250686,1616,11,0.9431945538974952,1
771,2,6,10,0.0393641928138847,1844,11,0.8884502877862838,1
650,2,6,10,0.3187448151586018,1677,11,0.9431945538974952,1
624,2,6,10,0.1715222229921351,1579,11,0.9431945538974952,1
826,6,6,10,0.1794802009470793,1694,11,0.9431945538974952,1
760,2,6,10,0.4651160134033967,1883,11,0.8884502877862838,1
692,2,6,10,0.2192700907218,1597,11,0.8884502877862838,1
701,6,6,10,0.5256522419871498,1573,11,0.9431945538974952,1
619,2,6,10,0.3664926828882667,1671,11,0.9431945538974952,1
607,6,6,10,0.0919424434426936,1750,11,0.9431945538974952,1
848,2,6,10,0.1556062670822468,1901,11,0.8884502877862838,1
685,2,6,10,0.1388389172506866,1771,11,0.9431945538974952,1
778,6,6,10,0.111837388330054,1719,11,0.9431945538974952,1
787,6,6,10,0.0592591377012451,1705,11,0.8884502877862838,1
563,6,6,10,0.1078583993525819,1634,11,0.8884502877862838,1
700,6,6,10,0.0999004213976378,1743,11,0.8884502877862838,1
601,6,6,10,0.2670179584514649,1660,11,0.9431945538974952,1
583,2,6,10,0.485862352212429,1560,11,0.9431945538974952,1
617,2,6,10,0.2073331237893838,1571,11,0.8884502877862838,1
564,6,6,10,0.4381144844827641,1578,11,0.9431945538974952,1
692,2,6,10,0.270145553507265,1748,11,0.8884502877862838,1
808,6,6,10,0.0314062148589406,1724,11,0.8884502877862838,1
829,6,6,10,0.2471230135641045,1718,11,0.8884502877862838,1
725,2,6,10,0.1865867849803515,1691,11,0.9431945538974952,1
521,6,6,10,0.0800054765102774,1730,11,0.9431945538974952,1
861,2,6,10,0.0242996308256684,1696,11,0.8884502877862838,1
834,6,6,10,0.1388389172506866,1757,11,0.8884502877862838,1
558,6,6,10,0.3744506608432109,1676,11,0.9431945538974952,1
425,6,0,3,1.5243784753326404,1110,12,0.9431945538974952,1
559,6,0,8,0.8479503491623878,1248,12,0.9431945538974952,1
445,6,0,3,0.96732001848655,1248,12,0.9431945538974952,1
430,6,0,8,1.3731768941887017,1115,12,0.9431945538974952,1
534,6,0,8,1.0031309192837985,1251,12,0.9431945538974952,1
435,6,0,3,1.1264795775854328,1125,12,0.9431945538974952,1
626,6,0,8,0.6688958451761444,1301,12,0.9431945538974952,1
520,6,0,8,0.7604125916580021,1291,12,0.9431945538974952,1
542,6,0,3,0.6131899994915354,1274,12,0.9431945538974952,1
305,6,0,3,1.6278321887469145,1043,12,0.9431945538974952,1
445,6,0,3,0.808160459387667,1142,12,0.9431945538974952,1
522,6,0,10,0.8320343932524994,1354,12,0.9431945538974952,1
438,6,0,8,1.1185215996304887,1080,12,0.9431945538974952,1
421,6,0,10,0.96732001848655,1154,12,0.9431945538974952,1
420,6,0,10,0.8479503491623878,1310,12,0.9431945538974952,1
452,6,0,3,0.8360133822299715,1241,12,0.9431945538974952,1
502,6,0,3,1.1185215996304887,1215,12,0.9431945538974952,1
479,6,0,3,1.0349628311035752,1222,12,0.9431945538974952,1
479,6,0,8,1.027004853148631,1157,12,0.9431945538974952,1
367,6,0,8,1.2458492469095952,1182,12,0.9431945538974952,1
510,6,0,8,0.8718242830272201,1306,12,0.9431945538974952,1
490,6,0,10,0.8877402389371084,1331,12,0.9431945538974952,1
419,6,0,10,1.3214500374815643,1136,12,0.9431945538974952,1
650,6,0,10,0.6609378672212003,1336,12,0.9431945538974952,1
459,6,0,3,0.8678452940497481,1208,12,0.9431945538974952,1
483,6,0,8,1.3254290264590365,1096,12,0.9431945538974952,1
443,6,0,10,0.9872149633739103,1214,12,0.9431945538974952,1
360,6,0,3,1.456735662715615,1030,12,0.9431945538974952,1
366,6,0,3,1.2697231807744276,1090,12,0.9431945538974952,1
522,6,0,8,1.1583114894052096,1078,12,0.9431945538974952,1
442,6,0,8,0.9275301287118292,1267,12,0.9431945538974952,1
519,6,0,10,1.0946476657656563,1149,12,0.9431945538974952,1
451,6,0,8,0.8240764152975553,1144,12,0.9431945538974952,1
471,6,0,8,1.233912279977179,1160,12,0.9431945538974952,1
431,6,0,8,1.0667947429233515,1305,12,0.9431945538974952,1
490,6,0,3,1.078731709855768,1233,12,0.9431945538974952,1
511,6,0,10,1.1543325004277374,1200,12,0.9431945538974952,1
549,6,0,10,0.8559083271173319,1195,12,0.9431945538974952,1
495,6,0,8,0.8837612499596363,1195,12,0.9431945538974952,1
573,6,0,8,0.9116141728019408,1304,12,0.9431945538974952,1
478,6,0,8,1.0866896878107122,1249,12,0.9431945538974952,1
361,6,0,10,1.1423955334953213,1098,12,0.9431945538974952,1
551,6,0,3,0.9514040625766615,1309,12,0.9431945538974952,1
539,6,0,10,1.1702484563376256,1217,12,0.9431945538974952,1
493,6,0,3,0.9235511397343572,1297,12,0.9431945538974952,1
495,6,0,3,1.1026056437206004,1176,12,0.9431945538974952,1
497,6,0,8,0.8479503491623878,1334,12,0.9431945538974952,1
420,6,0,3,1.3174710485040924,1186,12,0.9431945538974952,1
534,6,0,10,1.0150678862162148,1421,12,0.9431945538974952,1
613,6,0,3,0.6251269664239516,1381,12,0.9431945538974952,1
401,6,0,3,1.2657441917969554,1073,12,0.9431945538974952,1
526,6,0,10,0.7723495585904183,1283,12,0.9431945538974952,1
495,6,0,10,1.0031309192837985,1216,12,0.9431945538974952,1
507,6,0,3,0.8280554042750273,1254,12,0.9431945538974952,1
439,6,0,8,1.2776811587293715,1069,12,0.9431945538974952,1
441,6,0,8,0.9076351838244688,1195,12,0.9431945538974952,1
496,6,0,8,0.8996772058695247,1211,12,0.9431945538974952,1
644,6,0,10,0.9275301287118292,1276,12,0.9431945538974952,1
464,6,0,10,1.182185423270042,1209,12,0.9431945538974952,1
549,6,0,3,1.090668676788184,1119,12,0.9431945538974952,1
414,6,0,10,1.1105636216755446,1252,12,0.9431945538974952,1
458,6,0,8,1.2577862138420113,1160,12,0.9431945538974952,1
493,6,0,8,0.6450219113113119,1310,12,0.9431945538974952,1
539,6,0,8,1.405008806008478,1246,12,0.9431945538974952,1
483,6,0,8,1.405008806008478,1084,12,0.9431945538974952,1
497,6,0,3,1.1981013791799302,1111,12,0.9431945538974952,1
537,6,0,3,0.863866305072276,1304,12,0.9431945538974952,1
528,6,0,8,0.9235511397343572,1154,12,0.9431945538974952,1
489,6,0,10,0.7246016908607534,1306,12,0.9431945538974952,1
454,6,0,10,0.7962234924552508,1260,12,0.9431945538974952,1
567,6,0,10,0.919572150756885,1235,12,0.9431945538974952,1
370,6,0,8,1.3612399272562852,1189,12,0.9431945538974952,1
399,6,0,10,1.1105636216755446,1142,12,0.9431945538974952,1
480,6,0,8,1.090668676788184,1223,12,0.9431945538974952,1
413,6,0,3,1.1702484563376256,1173,12,0.9431945538974952,1
312,6,0,3,1.353281949301341,1146,12,0.9431945538974952,1
423,6,0,8,1.241870257932123,1170,12,0.9431945538974952,1
423,6,0,10,0.9911939523513824,1204,12,0.9431945538974952,1
471,6,0,8,1.3174710485040924,1145,12,0.9431945538974952,1
497,6,0,8,1.030983842126103,1238,12,0.9431945538974952,1
332,6,0,10,1.2299332909997067,1077,12,0.9431945538974952,1
520,6,0,3,0.6569588782437281,1324,12,0.9431945538974952,1
462,6,0,10,1.349302960323869,1172,12,0.9431945538974952,1
453,6,0,3,0.9872149633739103,1153,12,0.9431945538974952,1
458,6,0,10,0.8041814704101949,1268,12,0.9431945538974952,1
416,6,0,3,1.1145426106530167,1114,12,0.9431945538974952,1
385,6,0,8,0.808160459387667,1120,12,0.9431945538974952,1
493,6,0,10,0.9036561948469968,1217,12,0.9431945538974952,1
488,6,0,8,1.007109908261271,1144,12,0.9431945538974952,1
476,6,0,10,1.2259543020222348,1081,12,0.9431945538974952,1
424,6,0,10,1.134437555540377,1176,12,0.9431945538974952,1
536,6,0,8,0.8200974263200832,1246,12,0.9431945538974952,1
607,6,0,10,0.9514040625766615,1229,12,0.9431945538974952,1
588,6,0,8,0.752454613703058,1257,12,0.9431945538974952,1
377,6,0,3,1.2140173350898185,1078,12,0.9431945538974952,1
319,6,0,3,1.0548577759909357,1095,12,0.9431945538974952,1
473,6,0,10,0.8161184373426111,1316,12,0.9431945538974952,1
376,6,0,3,1.2697231807744276,1203,12,0.9431945538974952,1
571,6,0,10,0.8041814704101949,1310,12,0.9431945538974952,1
454,6,0,3,1.1782064342925698,1318,12,0.9431945538974952,1
457,6,0,3,0.9275301287118292,1089,12,0.9431945538974952,1
552,6,0,8,1.1423955334953213,1190,12,0.9431945538974952,1
563,6,0,3,0.9593620405316058,1268,12,0.9431945538974952,1
538,6,0,10,0.9911939523513824,1272,12,0.9431945538974952,1
485,6,0,3,1.237891268954651,1048,12,0.9431945538974952,1
477,6,0,10,1.0031309192837985,1122,12,0.9431945538974952,1
508,6,0,8,1.046899798035991,1188,12,0.9431945538974952,1
430,6,0,3,1.1782064342925698,1207,12,0.9431945538974952,1
452,6,0,10,1.297576103616732,1084,12,0.9431945538974952,1
474,6,0,3,1.0866896878107122,1195,12,0.9431945538974952,1
439,6,0,10,1.030983842126103,1156,12,0.9431945538974952,1
469,6,0,10,1.019046875193687,1122,12,0.9431945538974952,1
320,6,0,3,1.3333870044139808,1078,12,0.9431945538974952,1
421,6,0,3,0.9394670956442456,1226,12,0.9431945538974952,1
387,6,0,10,1.070773731900824,1120,12,0.9431945538974952,1
426,6,0,10,1.3333870044139808,1142,12,0.9431945538974952,1
469,6,0,3,0.9991519303063264,1146,12,0.9431945538974952,1
350,6,0,8,1.3612399272562852,1015,12,0.9431945538974952,1
480,6,0,10,0.8877402389371084,1198,12,0.9431945538974952,1
467,6,0,3,0.979256985418966,1185,12,0.9431945538974952,1
508,6,0,8,0.9593620405316058,1273,12,0.9431945538974952,1
293,6,0,10,1.090668676788184,1124,12,0.9431945538974952,1
456,6,0,10,0.7086857349508652,1301,12,0.9431945538974952,1
464,6,0,8,1.1941223902024585,1114,12,0.9431945538974952,1
459,6,0,3,1.0946476657656563,1217,12,0.9431945538974952,1
431,6,0,8,0.859887316094804,1162,12,0.9431945538974952,1
473,6,0,10,0.9354881066667734,1196,12,0.9431945538974952,1
251,6,0,3,1.5243784753326404,1051,12,0.9431945538974952,1
404,6,0,10,0.9514040625766615,1246,12,0.9431945538974952,1
536,6,0,8,0.9315091176893012,1156,12,0.9431945538974952,1
366,6,0,8,1.1742274453150978,1167,12,0.9431945538974952,1
523,6,0,3,1.007109908261271,1186,12,0.9431945538974952,1
489,6,0,10,1.019046875193687,1221,12,0.9431945538974952,1
464,6,0,10,1.412966783963422,1039,12,0.9431945538974952,1
462,6,0,3,1.1941223902024585,1111,12,0.9431945538974952,1
431,6,0,8,0.8718242830272201,1292,12,0.9431945538974952,1
471,6,0,8,1.134437555540377,1129,12,0.9431945538974952,1
480,6,0,3,1.1583114894052096,1136,12,0.9431945538974952,1
403,6,0,8,1.182185423270042,1254,12,0.9431945538974952,1
396,6,0,3,1.3254290264590365,1040,12,0.9431945538974952,1
329,6,0,3,1.3612399272562852,1256,12,0.9431945538974952,1
480,6,0,10,1.0946476657656563,1038,12,0.9431945538974952,1
401,6,0,3,1.1423955334953213,1111,12,0.9431945538974952,1
487,6,0,3,0.7285806798382255,1374,12,0.9431945538974952,1
426,6,0,10,1.090668676788184,1097,12,0.9431945538974952,1
477,6,0,8,1.2458492469095952,1166,12,0.9431945538974952,1
464,6,0,10,1.130458566562905,1223,12,0.9431945538974952,1
576,6,0,10,0.7683705696129463,1252,12,0.9431945538974952,1
399,6,0,10,1.3294080154365089,1087,12,0.9431945538974952,1
352,6,0,8,1.2179963240672906,1189,12,0.9431945538974952,1
465,6,0,8,1.1463745224727933,1104,12,0.9431945538974952,1
451,6,0,10,1.078731709855768,1105,12,0.9431945538974952,1
493,6,0,3,1.233912279977179,1200,12,0.9431945538974952,1
507,6,0,8,1.182185423270042,1170,12,0.9431945538974952,1
502,6,0,8,1.2179963240672906,1169,12,0.9431945538974952,1
545,6,0,3,0.7405176467706417,1317,12,0.9431945538974952,1
473,6,0,3,1.1384165445178491,1214,12,0.9431945538974952,1
394,6,0,8,1.1583114894052096,1238,12,0.9431945538974952,1
441,6,0,8,0.8002024814327229,1209,12,0.9431945538974952,1
432,6,0,10,1.2776811587293715,1046,12,0.9431945538974952,1
433,6,0,10,1.078731709855768,1234,12,0.9431945538974952,1
469,6,0,8,0.485862352212429,1254,12,0.9431945538974952,1
473,6,0,8,0.808160459387667,1282,12,0.9431945538974952,1
591,6,0,10,0.6808328121085606,1253,12,0.9431945538974952,1
504,6,0,3,1.1503535114502654,1188,12,0.9431945538974952,1
381,6,0,3,0.8320343932524994,1261,12,0.9431945538974952,1
429,6,0,3,1.0548577759909357,1123,12,0.9431945538974952,1
322,6,0,10,1.2737021697518995,1121,12,0.9431945538974952,1
376,6,0,3,1.3214500374815643,1132,12,0.9431945538974952,1
489,6,0,10,1.1463745224727933,1190,12,0.9431945538974952,1
536,6,0,3,0.9235511397343572,1302,12,0.9431945538974952,1
424,6,0,10,1.3294080154365089,1149,12,0.9431945538974952,1
500,6,0,3,0.9832359743964384,1164,12,0.9431945538974952,1
382,6,0,3,1.0150678862162148,1171,12,0.9431945538974952,1
423,6,0,8,1.0588367649684076,1198,12,0.9431945538974952,1
383,6,0,10,1.3811348721436456,1149,12,0.9431945538974952,1
545,6,0,10,0.6768538231310886,1330,12,0.9431945538974952,1
537,6,0,10,0.8399923712074435,1169,12,0.9431945538974952,1
518,6,0,10,0.9394670956442456,1282,12,0.9431945538974952,1
480,6,0,10,1.090668676788184,1252,12,0.9431945538974952,1
529,6,0,3,0.7763285475678904,1236,12,0.9431945538974952,1
627,6,0,10,0.6211479774464795,1306,12,0.9431945538974952,1
428,6,0,10,1.070773731900824,1084,12,0.9431945538974952,1
503,6,0,10,1.186164412247514,1201,12,0.9431945538974952,1
393,6,0,8,1.070773731900824,1105,12,0.9431945538974952,1
391,6,0,10,1.134437555540377,1292,12,0.9431945538974952,1
463,6,0,10,1.1782064342925698,1152,12,0.9431945538974952,1
551,6,0,3,0.9076351838244688,1170,12,0.9431945538974952,1
441,6,0,8,1.030983842126103,1216,12,0.9431945538974952,1
341,6,0,3,1.4209247619183665,1083,12,0.9431945538974952,1
490,6,0,8,1.2617652028194837,1143,12,0.9431945538974952,1
485,6,0,8,1.2219753130447626,1162,12,0.9431945538974952,1
580,6,0,8,0.8161184373426111,1386,12,0.9431945538974952,1
406,6,0,8,1.070773731900824,1181,12,0.9431945538974952,1
627,6,0,8,0.6927697790409768,1348,12,0.9431945538974952,1
423,6,0,10,1.1145426106530167,1264,12,0.9431945538974952,1
356,6,0,3,1.023025864171159,1125,12,0.9431945538974952,1
405,6,0,8,0.9474250735991896,1134,12,0.9431945538974952,1
514,6,0,10,0.9911939523513824,1199,12,0.9431945538974952,1
380,6,0,3,1.1941223902024585,1049,12,0.9431945538974952,1
421,6,0,10,0.975277996441494,1311,12,0.9431945538974952,1
516,6,0,8,1.08271069883324,1073,12,0.9431945538974952,1
530,6,0,10,1.027004853148631,1146,12,0.9431945538974952,1
463,6,0,8,1.0150678862162148,1209,12,0.9431945538974952,1
448,6,0,10,0.6211479774464795,1343,12,0.9431945538974952,1
364,6,0,3,1.1702484563376256,1135,12,0.9431945538974952,1
402,6,0,8,1.1463745224727933,1192,12,0.9431945538974952,1
584,6,0,10,0.6609378672212003,1325,12,0.9431945538974952,1
474,6,0,10,1.0150678862162148,1278,12,0.9431945538974952,1
361,6,0,8,1.2020803681574024,1090,12,0.9431945538974952,1
479,6,0,10,1.030983842126103,1145,12,0.9431945538974952,1
428,6,0,10,1.1026056437206004,1204,12,0.9431945538974952,1
376,6,0,8,1.134437555540377,1201,12,0.9431945538974952,1
472,6,0,8,1.0548577759909357,1147,12,0.9431945538974952,1
559,6,0,10,0.9394670956442456,1265,12,0.9431945538974952,1
447,6,0,10,0.7643915806354742,1268,12,0.9431945538974952,1
358,6,0,10,1.1941223902024585,1124,12,0.9431945538974952,1
485,6,0,3,1.074752720878296,1207,12,0.9431945538974952,1
480,6,0,3,0.8837612499596363,1143,12,0.9431945538974952,1
557,6,0,8,0.5455471868745101,1357,12,0.9431945538974952,1
354,6,0,3,1.281660147706844,1163,12,0.9431945538974952,1
445,6,0,3,1.2100383461123465,1136,12,0.9431945538974952,1
460,6,0,3,0.7882655145003066,1296,12,0.9431945538974952,1
497,6,0,3,1.0031309192837985,1093,12,0.9431945538974952,1
364,6,0,10,1.2140173350898185,1164,12,0.9431945538974952,1
428,6,0,10,0.863866305072276,1318,12,0.9431945538974952,1
571,6,0,10,1.0150678862162148,1205,12,0.9431945538974952,1
449,6,0,10,1.301555092594204,970,12,0.9431945538974952,1
384,6,0,3,1.3771558831661737,1104,12,0.9431945538974952,1
465,6,0,3,1.2498282358870672,1154,12,0.9431945538974952,1
512,6,0,3,1.2498282358870672,1299,12,0.9431945538974952,1
393,6,0,8,0.9832359743964384,1113,12,0.9431945538974952,1
416,6,0,3,0.9036561948469968,1199,12,0.9431945538974952,1
554,6,0,10,0.8837612499596363,1373,12,0.9431945538974952,1
467,6,0,3,0.9394670956442456,1272,12,0.9431945538974952,1
376,6,0,10,1.345323971346397,1118,12,0.9431945538974952,1
520,6,0,10,1.007109908261271,1206,12,0.9431945538974952,1
442,6,0,8,1.1264795775854328,1179,12,0.9431945538974952,1
332,6,0,8,1.1662694673601537,1098,12,0.9431945538974952,1
482,6,0,8,1.0031309192837985,1158,12,0.9431945538974952,1
392,6,0,3,1.1662694673601537,1110,12,0.9431945538974952,1
506,6,0,10,1.0031309192837985,1286,12,0.9431945538974952,1
419,6,0,3,1.078731709855768,1164,12,0.9431945538974952,1
578,6,0,10,0.7922445034777786,1249,12,0.9431945538974952,1
355,6,0,10,1.5482524091974728,1105,12,0.9431945538974952,1
400,6,0,10,0.9394670956442456,1234,12,0.9431945538974952,1
603,6,0,10,0.6211479774464795,1354,12,0.9431945538974952,1
553,6,0,3,0.9235511397343572,1171,12,0.9431945538974952,1
448,6,0,8,1.2060593571348743,1116,12,0.9431945538974952,1
465,6,0,10,1.0628157539458798,1279,12,0.9431945538974952,1
521,6,0,8,0.975277996441494,1216,12,0.9431945538974952,1
525,6,0,8,1.2259543020222348,1170,12,0.9431945538974952,1
423,6,0,10,1.0031309192837985,1103,12,0.9431945538974952,1
370,6,0,3,1.5721263430623051,1184,12,0.9431945538974952,1
581,6,0,10,0.9553830515541336,1218,12,0.9431945538974952,1
432,6,0,3,1.2299332909997067,1198,12,0.9431945538974952,1
438,6,0,8,1.2776811587293715,1169,12,0.9431945538974952,1
478,6,0,10,1.078731709855768,1145,12,0.9431945538974952,1
450,6,0,3,1.078731709855768,1140,12,0.9431945538974952,1
447,6,0,3,1.4209247619183665,1011,12,0.9431945538974952,1
371,6,0,10,1.2776811587293715,1102,12,0.9431945538974952,1
369,6,0,8,1.2577862138420113,1136,12,0.9431945538974952,1
507,6,0,10,0.9394670956442456,1239,12,0.9431945538974952,1
478,6,0,3,1.2140173350898185,1140,12,0.9431945538974952,1
479,6,0,8,1.349302960323869,1144,12,0.9431945538974952,1
431,6,0,8,0.96732001848655,1161,12,0.9431945538974952,1
399,6,0,8,1.3294080154365089,1045,12,0.9431945538974952,1
508,6,0,3,0.979256985418966,1244,12,0.9431945538974952,1
478,6,0,10,1.0946476657656563,1228,12,0.9431945538974952,1
414,6,0,10,0.9354881066667734,1219,12,0.9431945538974952,1
385,6,0,3,1.0150678862162148,1189,12,0.9431945538974952,1
354,6,0,10,0.979256985418966,1222,12,0.9431945538974952,1
524,6,0,10,1.1185215996304887,1091,12,0.9431945538974952,1
442,6,0,3,0.9553830515541336,1252,12,0.9431945538974952,1
470,6,0,10,1.1622904783826815,1288,12,0.9431945538974952,1
472,6,0,10,1.0389418200810472,1154,12,0.9431945538974952,1
430,6,0,8,1.341344982368925,1088,12,0.9431945538974952,1
489,6,0,8,0.8479503491623878,1278,12,0.9431945538974952,1
477,6,0,10,1.1941223902024585,1044,12,0.9431945538974952,1
538,6,0,3,0.8758032720046922,1205,12,0.9431945538974952,1
433,6,0,10,0.8758032720046922,1230,12,0.9431945538974952,1
482,6,0,8,1.0150678862162148,1190,12,0.9431945538974952,1
437,6,0,10,1.0588367649684076,1100,12,0.9431945538974952,1
409,6,0,10,1.3612399272562852,1186,12,0.9431945538974952,1
531,6,0,3,0.7484756247255858,1256,12,0.9431945538974952,1
441,6,0,10,1.237891268954651,1111,12,0.9431945538974952,1
405,6,0,10,1.50448353044528,946,12,0.9431945538974952,1
495,6,0,8,0.7405176467706417,1279,12,0.9431945538974952,1
523,6,0,8,1.1423955334953213,1124,12,0.9431945538974952,1
277,6,0,8,1.186164412247514,1083,12,0.9431945538974952,1
395,6,0,3,1.1702484563376256,1176,12,0.9431945538974952,1
368,6,0,10,1.2020803681574024,1195,12,0.9431945538974952,1
542,6,0,10,1.186164412247514,1151,12,0.9431945538974952,1
537,6,0,3,1.1145426106530167,1232,12,0.9431945538974952,1
493,6,0,8,1.0667947429233515,1185,12,0.9431945538974952,1
348,6,0,10,1.078731709855768,1142,12,0.9431945538974952,1
488,6,0,8,1.1264795775854328,1135,12,0.9431945538974952,1
375,6,0,3,1.078731709855768,1245,12,0.9431945538974952,1
522,6,0,3,0.8956982168920526,1215,12,0.9431945538974952,1
459,6,0,10,1.2697231807744276,1182,12,0.9431945538974952,1
396,6,0,10,1.0588367649684076,1156,12,0.9431945538974952,1
597,6,0,10,1.027004853148631,1251,12,0.9431945538974952,1
495,6,0,3,1.078731709855768,1218,12,0.9431945538974952,1
449,6,0,8,1.2657441917969554,1104,12,0.9431945538974952,1
289,6,0,8,1.560189376129889,1033,12,0.9431945538974952,1
505,6,0,10,1.1583114894052096,1176,12,0.9431945538974952,1
416,6,0,8,0.9394670956442456,1158,12,0.9431945538974952,1
367,6,0,8,1.3612399272562852,1197,12,0.9431945538974952,1
517,6,0,8,1.1662694673601537,1249,12,0.9431945538974952,1
429,6,0,10,0.979256985418966,1131,12,0.9431945538974952,1
426,6,0,3,1.182185423270042,1237,12,0.9431945538974952,1
389,6,0,3,1.007109908261271,1169,12,0.9431945538974952,1
546,6,0,8,1.281660147706844,1059,12,0.9431945538974952,1
340,6,0,10,1.1264795775854328,1168,12,0.9431945538974952,1
459,6,0,3,1.2498282358870672,1147,12,0.9431945538974952,1
418,6,0,3,0.9872149633739103,1186,12,0.9431945538974952,1
438,6,0,8,1.4288827398733106,1166,12,0.9431945538974952,1
526,6,0,10,1.1463745224727933,1220,12,0.9431945538974952,1
432,6,0,8,0.8280554042750273,1173,12,0.9431945538974952,1
449,6,0,10,1.1742274453150978,1185,12,0.9431945538974952,1
507,6,0,8,1.030983842126103,1156,12,0.9431945538974952,1
528,6,0,10,1.1503535114502654,1193,12,0.9431945538974952,1
239,6,0,8,1.2697231807744276,1003,12,0.9431945538974952,1
490,6,0,8,1.090668676788184,1222,12,0.9431945538974952,1
518,6,0,8,1.1622904783826815,1188,12,0.9431945538974952,1
504,6,0,10,1.0588367649684076,1153,12,0.9431945538974952,1
548,6,0,8,1.0548577759909357,1289,12,0.9431945538974952,1
462,6,0,8,0.9394670956442456,1338,12,0.9431945538974952,1
448,6,0,3,0.9354881066667734,1166,12,0.9431945538974952,1
401,6,0,10,1.1264795775854328,1142,12,0.9431945538974952,1
441,6,0,8,1.1702484563376256,1171,12,0.9431945538974952,1
495,6,0,8,0.6927697790409768,1281,12,0.9431945538974952,1
555,6,0,10,0.8837612499596363,1327,12,0.9431945538974952,1
412,6,0,10,1.3851138611211178,1042,12,0.9431945538974952,1
352,6,0,3,1.08271069883324,1084,12,0.9431945538974952,1
430,6,0,8,1.007109908261271,1112,12,0.9431945538974952,1
394,6,0,3,1.1662694673601537,1156,12,0.9431945538974952,1
425,6,0,8,1.1543325004277374,1121,12,0.9431945538974952,1
387,6,0,8,0.8917192279145806,1157,12,0.9431945538974952,1
450,6,0,8,1.0031309192837985,1168,12,0.9431945538974952,1
434,6,0,8,1.2259543020222348,1238,12,0.9431945538974952,1
538,6,0,10,0.9832359743964384,1220,12,0.9431945538974952,1
483,6,0,3,0.5017783081223173,1382,12,0.9431945538974952,1
548,6,0,8,0.9354881066667734,1255,12,0.9431945538974952,1
492,6,0,3,0.8917192279145806,1316,12,0.9431945538974952,1
379,6,0,3,1.3652189162337574,1078,12,0.9431945538974952,1
425,6,0,8,1.1185215996304887,1177,12,0.9431945538974952,1
529,6,0,8,1.1145426106530167,1212,12,0.9431945538974952,1
453,6,0,8,1.1702484563376256,1149,12,0.9431945538974952,1
402,6,0,10,1.2020803681574024,1124,12,0.9431945538974952,1
464,6,0,10,0.9394670956442456,1327,12,0.9431945538974952,1
482,6,0,10,1.023025864171159,1232,12,0.9431945538974952,1
433,6,0,8,0.8519293381398598,1291,12,0.9431945538974952,1
1091,5,6,5,0.1547548731605749,2046,11,0.9431945538974952,0
1223,5,6,5,0.3377883661242903,2133,8,0.9431945538974952,0
1286,5,6,5,0.9505526686549896,2454,11,1.804272708628173,0
932,6,6,5,0.6322335504572237,2397,11,0.8884502877862838,0
1097,2,6,5,0.5049059031781175,2089,11,0.8884502877862838,0
1129,6,6,5,0.5964226496599752,2568,11,0.9431945538974952,0
1019,2,6,5,0.807309065465995,2137,6,0.8884502877862838,0
975,2,6,5,0.2502506086199046,2174,6,0.8884502877862838,0
1245,2,6,5,0.9226997458126852,2357,6,0.9431945538974952,0
908,5,6,5,0.3696202779440669,1752,6,0.8884502877862838,0
824,5,6,5,0.0871120605435496,1894,8,1.804272708628173,0
1150,6,6,5,1.173376051393426,2431,11,1.804272708628173,0
1008,2,6,5,0.0075322809941081,2085,8,0.9431945538974952,0
1033,5,6,5,0.5805066937500868,2398,11,1.804272708628173,0
932,6,6,5,0.1467968952056307,2031,8,0.9431945538974952,0
775,2,6,5,0.326702793113546,1730,6,0.8884502877862838,0
1145,5,6,5,1.0460484041143194,2600,6,0.9431945538974952,0
1030,5,6,5,0.6919183851193049,2398,6,0.8884502877862838,0
1064,6,6,5,0.5645907378401985,2416,11,0.9431945538974952,0
1166,2,6,5,0.7675191756912743,2340,6,1.804272708628173,0
1152,2,6,5,0.3616622999891227,2322,8,0.9431945538974952,0
833,5,6,5,0.5606117488627265,2093,8,1.804272708628173,0
1039,2,6,5,0.7118133300066652,2374,11,1.804272708628173,0
1159,2,6,5,0.7595611977363301,2919,8,1.804272708628173,0
1156,6,6,5,0.373599266921539,2435,6,0.9431945538974952,0
1047,6,6,5,0.111837388330054,2508,8,0.9431945538974952,0
1150,5,6,5,0.4929689362457012,2124,8,0.9431945538974952,0
1101,2,6,5,0.8351619883082996,2339,11,0.8884502877862838,0
1327,6,6,5,0.9386157017225736,2464,6,1.804272708628173,0
1003,2,6,5,0.5685697268176706,2403,11,0.8884502877862838,0
1008,6,6,5,0.4173681456737318,2106,8,1.804272708628173,0
1067,5,6,5,0.6680444512544724,2437,11,0.9431945538974952,0
985,2,6,5,0.3068078482261857,1945,11,0.8884502877862838,0
979,6,6,5,0.373599266921539,2210,8,0.8884502877862838,0
1110,5,6,5,0.4810319693132849,2402,6,0.8884502877862838,0
1157,6,6,5,0.0083836749157801,2070,8,0.9431945538974952,0
1096,5,6,5,0.3497253330567065,2396,11,1.804272708628173,0
1075,6,6,5,1.0977752608214564,2471,6,0.9431945538974952,0
996,5,6,5,0.4770529803358129,2077,6,0.9431945538974952,0
997,5,6,5,0.0879634544652216,2128,11,0.8884502877862838,0
995,5,6,5,0.0760264875328053,1827,8,1.804272708628173,0
725,5,6,5,0.5654421317618704,1786,6,1.804272708628173,0
686,5,6,5,1.0420694151368477,2196,8,0.9431945538974952,0
875,5,6,5,0.3338093771468182,1749,8,0.8884502877862838,0
877,2,6,5,0.1237743552624702,2210,11,0.9431945538974952,0
802,5,6,5,0.4611370244259246,2193,6,0.9431945538974952,0
1103,2,6,5,0.2383136416874884,2255,8,1.804272708628173,0
1099,5,6,5,0.1467968952056307,2168,8,0.9431945538974952,0
947,5,6,5,0.2820825204396813,1994,11,1.804272708628173,0
1010,6,6,5,0.3426187490234343,2030,8,0.9431945538974952,0
1106,2,6,5,0.1826077960028794,2121,8,1.804272708628173,0
1017,6,6,5,0.10700700543091,2423,11,0.8884502877862838,0
946,5,6,5,0.2422926306649605,2023,6,1.804272708628173,0
1135,6,6,5,0.6799814181868887,2334,11,0.9431945538974952,0
1125,5,6,5,1.073901326956624,2436,8,1.804272708628173,0
826,2,6,5,0.3227238041360739,1824,6,0.9431945538974952,0
1016,6,6,5,0.3059564543045137,2140,11,0.9431945538974952,0
966,2,6,5,1.2171449301456188,2499,6,0.9431945538974952,0
1013,5,6,5,0.3545557159558505,1782,11,1.804272708628173,0
1057,5,6,5,0.0035532920166361,2052,8,1.804272708628173,0
1141,6,6,5,0.8789308670604924,2525,6,1.804272708628173,0
1053,5,6,5,0.7953720985335788,2300,8,0.8884502877862838,0
1146,2,6,5,0.7038553520517211,2655,6,0.8884502877862838,0
1012,5,6,5,0.2113121127668558,2204,6,1.804272708628173,0
999,6,6,5,0.2303556637325443,2108,6,0.9431945538974952,0
1153,5,6,5,0.4810319693132849,2635,11,1.804272708628173,0
989,6,6,5,0.1953961568569676,2123,8,0.8884502877862838,0
1093,5,6,5,0.3656412889665948,2236,8,1.804272708628173,0
941,5,6,5,0.1905657739578236,1933,6,0.9431945538974952,0
1143,2,6,5,0.0791540825886055,1952,8,0.8884502877862838,0
1099,6,6,5,0.326702793113546,1911,8,0.9431945538974952,0
1114,6,6,5,0.321872410214402,1960,6,1.804272708628173,0
1286,2,6,5,0.4094101677187876,2485,8,0.9431945538974952,0
1189,6,6,5,1.2091869521906744,2461,8,0.9431945538974952,0
1115,6,6,5,0.4611370244259246,2500,11,1.804272708628173,0
1091,6,6,5,0.2104607188451839,2015,8,0.9431945538974952,0
1294,2,6,5,0.6879393961418329,2283,8,0.8884502877862838,0
980,5,6,5,0.4412420795385642,2189,11,1.804272708628173,0
1202,2,6,5,0.4929689362457012,2034,8,0.9431945538974952,0
1228,2,6,5,0.7476242308039139,2224,11,0.8884502877862838,0
1029,2,6,5,0.0711961046336613,2313,11,1.804272708628173,0
903,2,6,5,0.0760264875328053,2012,11,0.8884502877862838,0
1114,2,6,5,0.8510779442181878,2314,8,1.804272708628173,0
1140,6,6,5,0.7874141205786347,2369,6,0.9431945538974952,0
991,5,6,5,0.0163416528707242,2015,11,0.9431945538974952,0
838,5,6,5,0.5535051648294542,1829,11,1.804272708628173,0
1118,5,6,5,0.2192700907218,2159,8,0.8884502877862838,0
1072,6,6,5,0.5088848921555895,2415,11,1.804272708628173,0
934,5,6,5,0.3147658261811298,1938,6,0.9431945538974952,0
955,2,6,5,0.2303556637325443,1907,8,0.8884502877862838,0
734,6,6,5,0.485862352212429,1843,11,0.8884502877862838,0
1284,5,6,5,1.0579853710467355,2627,8,1.804272708628173,0
1111,2,6,5,0.3099354432819858,2420,8,0.9431945538974952,0
1081,6,6,5,0.4253261236286759,2087,6,1.804272708628173,0
1062,6,6,5,0.0800054765102774,1750,6,1.804272708628173,0
1007,6,6,5,0.4690950023808687,2307,6,1.804272708628173,0
996,2,6,5,0.0393641928138847,2069,6,0.9431945538974952,0
1055,6,6,5,0.1706708290704632,2026,8,0.8884502877862838,0
1155,5,6,5,0.4054311787413155,2230,11,0.9431945538974952,0
1022,6,6,5,0.2064817298677118,1925,11,0.9431945538974952,0
1035,5,6,5,0.2502506086199046,2323,8,1.804272708628173,0
1002,5,6,5,0.4014521897638435,2106,6,0.8884502877862838,0
1033,2,6,5,0.3417673551017623,2069,8,1.804272708628173,0
1076,2,6,5,0.9425946907000456,2477,6,0.8884502877862838,0
1218,6,6,5,1.3245776325373646,2814,6,0.9431945538974952,0
803,6,6,5,0.3585347049333226,1603,11,0.8884502877862838,0
981,6,6,5,0.6569588782437281,1904,8,0.9431945538974952,0
993,6,6,5,0.5287798370429498,2079,6,0.8884502877862838,0
1366,2,6,5,1.1654180734384818,2611,8,1.804272708628173,0
1093,2,6,5,1.0261534592269592,2589,6,1.804272708628173,0
947,5,6,5,0.2033541348119117,1825,11,0.9431945538974952,0
877,5,6,5,0.3298303881693462,2170,11,1.804272708628173,0
1037,6,6,5,0.0513011597463009,2142,8,0.9431945538974952,0
1186,6,6,5,0.5088848921555895,2169,6,1.804272708628173,0
911,5,6,5,0.3974732007863714,2371,8,0.9431945538974952,0
1017,2,6,5,0.4253261236286759,2285,6,0.8884502877862838,0
1008,6,6,5,0.6123386055698634,2637,11,1.804272708628173,0
1372,5,6,5,1.0500273930917916,2603,6,1.804272708628173,0
1125,5,6,5,0.6083596165923914,2334,6,1.804272708628173,0
1266,2,6,5,1.244997852987923,2395,11,1.804272708628173,0
968,5,6,5,0.9187207568352131,2486,8,0.8884502877862838,0
1092,5,6,5,0.3028288592487136,2027,11,0.8884502877862838,0
1000,2,6,5,0.0711961046336613,2189,11,0.8884502877862838,0
1082,5,6,5,0.6919183851193049,2408,8,1.804272708628173,0
1068,2,6,5,0.0154902589490523,2039,8,1.804272708628173,0
817,6,6,5,0.0075322809941081,1937,6,1.804272708628173,0
913,5,6,5,0.0004256969608359,2119,6,0.9431945538974952,0
1148,2,6,5,1.0380904261593753,2278,8,1.804272708628173,0
1115,2,6,5,0.2312070576542162,2211,6,0.9431945538974952,0
1161,5,6,5,0.9863635694522384,2583,11,1.804272708628173,0
1029,5,6,5,0.3696202779440669,2422,8,0.9431945538974952,0
1147,2,6,5,0.5685697268176706,2196,11,1.804272708628173,0
1120,2,6,5,0.588464671705031,2667,6,0.9431945538974952,0
716,6,6,5,0.7922445034777786,1397,6,0.8884502877862838,0
1035,5,6,5,0.5765277047726147,2491,8,1.804272708628173,0
1114,2,6,5,0.0314062148589406,1978,8,1.804272708628173,0
996,6,6,5,0.6720234402319445,2167,11,1.804272708628173,0
1077,2,6,5,0.9425946907000456,2226,8,1.804272708628173,0
1209,5,6,5,0.4133891566962597,2408,6,0.9431945538974952,0
946,6,6,5,0.4452210685160363,2164,8,0.8884502877862838,0
1052,2,6,5,0.7476242308039139,2105,11,0.8884502877862838,0
1266,6,6,5,0.6600864732995283,2603,6,1.804272708628173,0
1050,2,6,5,0.1826077960028794,1863,8,0.8884502877862838,0
968,6,6,5,0.2781035314622092,1874,11,0.9431945538974952,0
1079,2,6,5,0.6163175945473355,2547,6,0.9431945538974952,0
1006,5,6,5,0.2383136416874884,2237,8,0.9431945538974952,0
1060,6,6,5,0.3417673551017623,1932,8,0.8884502877862838,0
957,2,6,5,0.1826077960028794,1967,8,1.804272708628173,0
1078,5,6,5,0.7635401867138022,2269,11,1.804272708628173,0
1108,6,6,5,0.1476482891273027,2070,11,0.8884502877862838,0
1064,5,6,5,0.1109859944083821,2005,11,0.9431945538974952,0
1408,5,6,5,0.9465736796775176,2743,8,0.9431945538974952,0
1131,6,6,5,0.0322576087806125,2126,8,0.9431945538974952,0
1084,6,6,5,0.7118133300066652,2158,8,0.8884502877862838,0
956,2,6,5,0.2422926306649605,2227,11,0.9431945538974952,0
999,5,6,5,0.0950700384984938,2196,8,1.804272708628173,0
1199,2,6,5,0.3178934212369299,2126,6,0.8884502877862838,0
923,2,6,5,0.4014521897638435,2297,6,0.8884502877862838,0
960,6,6,5,0.5137152750547335,2016,11,1.804272708628173,0
911,5,6,5,0.1985237519127677,2352,11,0.9431945538974952,0
1195,5,6,5,0.3187448151586018,2057,6,0.9431945538974952,0
1106,6,6,5,0.1308809392957424,1954,11,1.804272708628173,0
1151,5,6,5,0.8948468229703807,2342,6,1.804272708628173,0
1132,6,6,5,0.2511020025415766,1961,11,0.9431945538974952,0
981,2,6,5,0.4332841015836201,2008,6,0.9431945538974952,0
744,5,6,5,0.6927697790409768,1924,8,0.8884502877862838,0
1000,2,6,5,0.0990490274759658,2068,11,0.8884502877862838,0
1104,6,6,5,0.055280148723773,2107,8,0.8884502877862838,0
914,6,6,5,0.1476482891273027,2195,8,0.9431945538974952,0
1017,2,6,5,0.5009269142006454,1894,8,0.9431945538974952,0
770,2,6,5,0.2630389694739928,1914,8,1.804272708628173,0
865,5,6,5,0.3187448151586018,1852,8,0.8884502877862838,0
1069,5,6,5,0.7794561426236906,2342,11,1.804272708628173,0
1125,6,6,5,0.7038553520517211,2296,6,0.9431945538974952,0
921,2,6,5,0.7038553520517211,2272,11,1.804272708628173,0
1190,2,6,5,0.8232250213758834,2442,8,0.8884502877862838,0
1084,6,6,5,0.6640654622770004,2407,8,0.9431945538974952,0
914,5,6,5,0.270145553507265,2112,6,0.9431945538974952,0
1073,6,6,5,0.3417673551017623,1984,6,1.804272708628173,0
908,6,6,5,0.4301565065278199,1806,8,1.804272708628173,0
1195,2,6,5,0.7555822087588581,2152,6,0.8884502877862838,0
1139,2,6,5,0.7993510875110509,2717,11,0.8884502877862838,0
1050,6,6,5,0.0919424434426936,1797,8,0.9431945538974952,0
972,5,6,5,0.1038794103751098,1948,8,0.9431945538974952,0
1050,6,6,5,0.2462716196424326,2028,8,1.804272708628173,0
1053,2,6,5,0.1428179062281586,2436,8,0.9431945538974952,0
980,5,6,5,0.7953720985335788,2519,8,1.804272708628173,0
1065,2,6,5,0.5009269142006454,2043,11,0.9431945538974952,0
1064,6,6,5,0.2542295975973768,2504,6,0.9431945538974952,0
1132,6,6,5,0.4810319693132849,2368,11,0.9431945538974952,0
929,2,6,5,0.5088848921555895,2173,6,1.804272708628173,0
1100,5,6,5,0.167543234014663,1928,11,0.9431945538974952,0
1201,2,6,5,1.0301324482044312,2505,6,0.9431945538974952,0
1068,2,6,5,0.6362125394346959,2261,6,0.8884502877862838,0
875,6,6,5,0.0115112699715802,1962,8,0.8884502877862838,0
1084,5,6,5,0.3934942118088994,2600,8,0.9431945538974952,0
971,2,6,5,0.3934942118088994,1842,11,0.9431945538974952,0
970,6,6,5,0.6879393961418329,2384,8,0.9431945538974952,0
1102,5,6,5,0.0950700384984938,2177,6,0.8884502877862838,0
1144,2,6,5,0.3934942118088994,2032,8,1.804272708628173,0
1093,6,6,5,0.3815572448764831,2069,11,0.9431945538974952,0
1069,2,6,5,0.4014521897638435,2449,8,0.8884502877862838,0
1014,6,6,5,0.0282786198031404,2053,6,0.8884502877862838,0
1048,6,6,5,0.214439707822656,1984,11,0.8884502877862838,0
1113,2,6,5,0.6202965835248075,2489,6,0.8884502877862838,0
948,5,6,5,0.2900404983946254,2201,6,0.8884502877862838,0
1384,5,6,5,0.6202965835248075,2404,6,0.9431945538974952,0
1123,5,6,5,0.1388389172506866,2298,8,1.804272708628173,0
1207,2,6,5,0.3457463440792345,2254,11,0.8884502877862838,0
969,6,6,5,0.5248008480654778,2314,6,0.9431945538974952,0
1021,6,6,5,0.0362365977580846,2140,11,0.8884502877862838,0
1138,6,6,5,0.7157923189841373,2711,8,1.804272708628173,0
1197,6,6,5,1.081859304911568,2513,8,0.8884502877862838,0
930,6,6,5,0.4460724624377082,1723,6,1.804272708628173,0
1221,5,6,5,0.3895152228314272,2311,11,1.804272708628173,0
1027,5,6,5,0.2025027408902398,2072,8,0.9431945538974952,0
1046,2,6,5,0.3258513991918741,1974,11,0.8884502877862838,0
1203,5,6,5,0.0680685095778612,2088,6,0.9431945538974952,0
1189,2,6,5,0.4094101677187876,2656,6,1.804272708628173,0
1239,2,6,5,0.8311829993308275,2612,6,1.804272708628173,0
807,6,6,5,0.4779043742574848,1754,8,0.8884502877862838,0
1052,5,6,5,0.6521284953445842,2519,8,0.9431945538974952,0
1005,2,6,5,0.593295054604175,1974,11,0.9431945538974952,0
1170,6,6,5,1.022174470249487,2370,6,0.9431945538974952,0
1113,6,6,5,0.1428179062281586,2184,11,0.9431945538974952,0
1250,5,6,5,0.8868888450154365,2344,11,0.8884502877862838,0
1033,5,6,5,0.0640895206003891,2202,11,0.8884502877862838,0
1027,6,6,5,0.5606117488627265,1970,6,0.8884502877862838,0
1172,5,6,5,0.0592591377012451,2237,8,0.9431945538974952,0
901,5,6,5,0.4690950023808687,2231,11,1.804272708628173,0
1035,5,6,5,0.3139144322594578,1998,8,1.804272708628173,0
962,2,6,5,0.1078583993525819,1844,11,0.8884502877862838,0
994,2,6,5,0.0672171156561892,2261,11,1.804272708628173,0
853,6,6,5,0.373599266921539,2143,11,1.804272708628173,0
1156,5,6,5,0.0362365977580846,1871,8,0.8884502877862838,0
935,2,6,5,0.1149649833858541,2055,8,0.8884502877862838,0
1088,6,6,5,0.4332841015836201,2304,11,0.9431945538974952,0
1266,5,6,5,0.6481495063671121,2205,8,0.9431945538974952,0
973,2,6,5,0.2979984763495695,2137,8,1.804272708628173,0
1127,6,6,5,0.4133891566962597,2348,6,0.9431945538974952,0
935,6,6,5,0.3696202779440669,2101,8,0.8884502877862838,0
975,6,6,5,0.5645907378401985,2334,11,0.8884502877862838,0
1024,6,6,5,0.3974732007863714,2188,6,0.9431945538974952,0
859,2,6,5,0.6092110105140632,1755,8,0.9431945538974952,0
1134,5,6,5,0.8152670434209391,2506,8,0.9431945538974952,0
850,5,6,5,0.8002024814327229,1736,11,0.8884502877862838,0
995,6,6,5,0.0959214324201657,2091,6,0.8884502877862838,0
1065,2,6,5,0.7913931095561068,2315,8,1.804272708628173,0
1036,2,6,5,0.8152670434209391,2631,8,0.9431945538974952,0
1037,5,6,5,0.2582085865748488,1972,6,1.804272708628173,0
844,2,6,5,0.2033541348119117,1932,11,0.8884502877862838,0
1084,6,6,5,0.3298303881693462,2306,6,1.804272708628173,0
1412,2,6,5,1.149502117528593,2925,11,1.804272708628173,0
863,5,6,5,0.1158163773075261,1771,8,0.9431945538974952,0
909,2,6,5,0.3306817820910181,1675,6,1.804272708628173,0
1181,2,6,5,0.751603219781386,2380,8,0.8884502877862838,0
1103,2,6,5,0.266166564529793,2134,8,0.8884502877862838,0
990,2,6,5,0.0035532920166361,2201,6,1.804272708628173,0
965,5,6,5,0.1985237519127677,1929,6,1.804272708628173,0
1283,2,6,5,0.0353852038364127,2281,11,0.8884502877862838,0
1041,5,6,5,0.162712851115519,1872,6,1.804272708628173,0
977,5,6,5,0.060110531622917,1960,6,0.9431945538974952,0
1017,6,6,5,0.3656412889665948,2186,11,1.804272708628173,0
1024,2,6,5,0.0831330715660775,2391,8,0.8884502877862838,0
978,6,6,5,0.0999004213976378,1760,6,0.9431945538974952,0
1224,5,6,5,1.2052079632132024,2818,6,0.9431945538974952,0
1025,2,6,5,0.2948708812937694,2017,8,1.804272708628173,0
1148,5,6,5,0.4611370244259246,2639,6,1.804272708628173,0
1131,6,6,5,0.4492000574935084,2094,6,1.804272708628173,0
1084,2,6,5,0.4770529803358129,2341,8,0.9431945538974952,0
1029,5,6,5,0.4611370244259246,2308,6,0.8884502877862838,0
956,5,6,5,0.1556062670822468,1906,8,0.9431945538974952,0
1005,6,6,5,0.0879634544652216,2237,11,0.9431945538974952,0
1059,2,6,5,0.6123386055698634,2507,8,0.9431945538974952,0
975,6,6,5,0.5765277047726147,2418,6,1.804272708628173,0
944,5,6,5,0.7157923189841373,2349,8,0.9431945538974952,0
1165,2,6,5,0.1189439723633262,1941,11,0.8884502877862838,0
821,5,6,5,0.4412420795385642,2360,11,0.9431945538974952,0
1073,5,6,5,0.5964226496599752,2359,8,0.9431945538974952,0
1083,2,6,5,0.0075322809941081,2115,8,1.804272708628173,0
1159,5,6,5,0.5606117488627265,2142,11,0.9431945538974952,0
885,6,6,5,0.5009269142006454,2083,6,0.8884502877862838,0
929,2,6,5,0.2582085865748488,1996,11,0.8884502877862838,0
1162,5,6,5,0.2908918923162973,2044,11,0.9431945538974952,0
1070,6,6,5,0.321872410214402,2090,8,0.8884502877862838,0
877,2,6,5,0.2502506086199046,1840,6,1.804272708628173,0
1370,2,6,5,0.7555822087588581,2337,8,0.8884502877862838,0
1187,5,6,5,0.6760024292094166,2571,6,0.9431945538974952,0
1196,6,6,5,0.7317082748940257,2350,11,0.9431945538974952,0
818,6,6,5,0.6092110105140632,1823,6,0.9431945538974952,0
846,5,6,5,0.3934942118088994,2044,11,0.8884502877862838,0
1292,5,6,5,0.5128638811330616,2360,8,1.804272708628173,0
1243,2,6,5,0.859035922173132,2248,6,1.804272708628173,0
1196,5,6,5,0.2820825204396813,2364,6,0.9431945538974952,0
998,5,6,5,0.6362125394346959,2523,6,0.9431945538974952,0
895,6,6,5,0.6322335504572237,2314,6,0.8884502877862838,0
971,5,6,5,0.0751750936111334,2269,6,0.9431945538974952,0
1108,5,6,5,0.2263766747550722,2261,8,0.8884502877862838,0
1031,5,6,5,0.0760264875328053,2108,8,0.8884502877862838,0
940,2,6,5,0.0910910495210217,2322,11,1.804272708628173,0
1100,6,6,5,0.8112880544434671,2485,6,0.9431945538974952,0
833,2,6,5,0.3815572448764831,2042,8,1.804272708628173,0
1151,2,6,5,0.97044761354235,2605,6,1.804272708628173,0
1347,6,6,5,1.0301324482044312,2437,11,1.804272708628173,0
1078,5,6,5,0.3306817820910181,1931,11,0.8884502877862838,0
1196,2,6,5,0.214439707822656,2092,8,1.804272708628173,0
1008,5,6,5,0.4810319693132849,2204,8,1.804272708628173,0
966,6,6,5,0.6202965835248075,2272,8,0.8884502877862838,0
1155,5,6,5,0.9187207568352131,2677,6,0.8884502877862838,0
1174,6,6,5,0.4452210685160363,2222,6,1.804272708628173,0
1034,2,6,5,0.4889899472682291,2316,8,0.8884502877862838,0
1338,6,6,5,1.0898172828665122,2701,11,0.9431945538974952,0
906,5,6,5,0.0592591377012451,1907,11,0.9431945538974952,0
1010,6,6,5,0.5765277047726147,2766,6,0.9431945538974952,0
1037,2,6,5,0.2781035314622092,2495,11,0.8884502877862838,0
1104,6,6,5,0.8192460323984113,2666,8,1.804272708628173,0
1140,2,6,5,0.3815572448764831,2506,6,0.9431945538974952,0
1101,5,6,5,0.9147417678577412,1972,11,0.8884502877862838,0
945,2,6,5,0.1945447629352956,2334,6,1.804272708628173,0
1328,5,6,5,0.64417051738964,2318,11,0.9431945538974952,0
1091,2,6,5,0.2073331237893838,1803,8,0.9431945538974952,0
1140,6,6,5,0.1786288070254073,2190,11,0.8884502877862838,0
1090,5,6,5,0.3895152228314272,2590,8,0.9431945538974952,0
1078,2,6,5,0.0035532920166361,1987,8,0.8884502877862838,0
1084,6,6,5,0.4094101677187876,2374,6,1.804272708628173,0
1224,2,6,5,0.373599266921539,2233,11,0.8884502877862838,0
1262,6,6,5,0.0075322809941081,1950,6,1.804272708628173,0
1269,2,6,5,0.9147417678577412,2761,6,1.804272708628173,0
1211,2,6,5,0.3457463440792345,2123,6,0.8884502877862838,0
946,6,6,5,0.0402155867355567,2224,11,1.804272708628173,0
1108,6,6,5,0.378429649820683,1921,11,0.9431945538974952,0
1131,6,6,5,0.5168428701105336,2460,11,0.8884502877862838,0
1047,5,6,5,0.6799814181868887,2352,6,1.804272708628173,0
1202,6,6,5,0.3107868372036577,2002,11,0.9431945538974952,0
1051,2,6,5,0.4770529803358129,2231,8,0.9431945538974952,0
942,5,6,5,0.5725487157951427,2451,8,1.804272708628173,0
790,2,6,5,0.0791540825886055,1995,6,1.804272708628173,0
873,5,6,5,0.1953961568569676,2101,6,0.8884502877862838,0
1140,5,6,5,0.8868888450154365,2306,8,0.8884502877862838,0
1059,2,6,5,0.8112880544434671,2335,8,1.804272708628173,0
898,6,6,5,0.1317323332174144,2096,8,1.804272708628173,0
1090,6,6,5,0.7118133300066652,2440,8,1.804272708628173,0
1236,6,6,5,0.5964226496599752,1946,8,0.9431945538974952,0
1052,5,6,5,0.0353852038364127,2014,6,0.8884502877862838,0
1071,6,6,5,0.373599266921539,2357,6,0.8884502877862838,0
1211,5,6,5,0.4969479252231732,1928,8,0.9431945538974952,0
863,5,6,5,0.214439707822656,2284,8,0.9431945538974952,0
1068,2,6,5,0.4253261236286759,2160,11,0.9431945538974952,0
860,5,6,5,0.2303556637325443,1960,11,0.9431945538974952,0
881,2,6,5,0.2940194873720975,2059,8,0.9431945538974952,0
1257,2,6,5,0.6202965835248075,2464,11,0.8884502877862838,0
1150,6,6,5,0.5765277047726147,2375,8,0.9431945538974952,0
909,5,6,5,0.0035532920166361,2274,6,0.8884502877862838,0
754,2,6,11,0.5685697268176706,1195,11,0.9431945538974952,1
624,2,6,11,0.2542295975973768,1157,11,0.8884502877862838,1
852,2,6,5,0.6600864732995283,1343,11,0.8884502877862838,1
702,2,6,5,0.1357113221948865,1039,11,0.9431945538974952,1
790,2,6,5,0.0393641928138847,1109,11,0.9431945538974952,1
667,2,6,5,0.2343346527100163,1206,11,0.9431945538974952,1
681,2,6,11,0.0521525536679729,1033,11,0.8884502877862838,1
609,2,6,5,0.2263766747550722,1050,11,0.8884502877862838,1
690,2,6,5,0.4054311787413155,1078,11,0.9431945538974952,1
655,2,6,11,0.1715222229921351,996,11,0.8884502877862838,1
582,2,6,5,0.214439707822656,1013,11,0.9431945538974952,1
835,2,6,5,0.3099354432819858,1324,11,0.9431945538974952,1
717,2,6,11,0.1158163773075261,1069,11,0.8884502877862838,1
585,2,6,5,0.0751750936111334,903,11,0.8884502877862838,1
694,2,6,11,0.1388389172506866,1109,11,0.9431945538974952,1
800,2,6,11,0.3139144322594578,1137,11,0.8884502877862838,1
683,2,6,11,0.0353852038364127,1064,11,0.8884502877862838,1
846,2,6,5,0.2422926306649605,1088,11,0.9431945538974952,1
659,2,6,11,0.0234482369039964,902,11,0.9431945538974952,1
625,2,6,5,0.0282786198031404,1089,11,0.9431945538974952,1
724,2,6,11,0.0441945757130287,1096,11,0.8884502877862838,1
871,2,6,11,0.3338093771468182,1089,11,0.9431945538974952,1
730,2,6,11,0.3187448151586018,1003,11,0.9431945538974952,1
662,2,6,5,0.1149649833858541,1072,11,0.8884502877862838,1
692,2,6,5,0.056131542645445,1034,11,0.9431945538974952,1
703,2,6,5,0.5176942640322055,953,11,0.8884502877862838,1
770,2,6,11,0.4651160134033967,1144,11,0.8884502877862838,1
667,2,6,11,0.3338093771468182,1264,11,0.9431945538974952,1
698,2,6,5,0.3338093771468182,1281,11,0.8884502877862838,1
598,2,6,5,0.0123626638932521,1009,11,0.8884502877862838,1
678,2,6,5,0.1865867849803515,976,11,0.8884502877862838,1
885,2,6,11,0.5844856827275589,1327,11,0.8884502877862838,1
611,2,6,11,0.1914171678794955,867,11,0.8884502877862838,1
716,2,6,5,0.0473221707688289,1102,11,0.9431945538974952,1
737,2,6,11,0.0791540825886055,1175,11,0.9431945538974952,1
713,2,6,5,0.3815572448764831,1149,11,0.8884502877862838,1
588,2,6,5,0.1834591899245513,988,11,0.8884502877862838,1
681,2,6,11,0.0760264875328053,996,11,0.8884502877862838,1
665,2,6,5,0.060110531622917,1012,11,0.8884502877862838,1
604,2,6,11,0.158733862138047,815,11,0.8884502877862838,1
742,2,6,11,0.2820825204396813,1257,11,0.8884502877862838,1
693,2,6,11,0.266166564529793,1013,11,0.8884502877862838,1
682,2,6,11,0.0959214324201657,996,11,0.8884502877862838,1
564,2,6,11,0.1038794103751098,1006,11,0.8884502877862838,1
843,2,6,11,0.2781035314622092,1285,11,0.8884502877862838,1
608,2,6,5,0.3576833110116507,1224,11,0.8884502877862838,1
702,2,6,5,0.0322576087806125,1160,11,0.8884502877862838,1
722,2,6,11,0.3417673551017623,1223,11,0.9431945538974952,1
646,2,6,11,0.0314062148589406,1217,11,0.9431945538974952,1
690,2,6,5,0.0672171156561892,1122,11,0.8884502877862838,1
808,2,6,5,0.1746498180479352,1165,11,0.9431945538974952,1
692,2,6,11,0.0194692479265244,1100,11,0.8884502877862838,1
719,2,6,11,0.0871120605435496,1073,11,0.8884502877862838,1
715,2,6,11,0.0839844654877495,979,11,0.8884502877862838,1
737,2,6,5,0.4173681456737318,1218,11,0.9431945538974952,1
858,2,6,11,0.3457463440792345,1113,11,0.8884502877862838,1
766,2,6,11,0.3457463440792345,1196,11,0.8884502877862838,1
862,2,6,5,0.2621875755523209,1325,11,0.8884502877862838,1
574,2,6,11,0.1269019503182704,1180,11,0.8884502877862838,1
557,2,6,11,0.004404685938308,990,11,0.8884502877862838,1
715,2,6,11,0.3457463440792345,1101,11,0.8884502877862838,1
753,2,6,5,0.0751750936111334,1055,11,0.8884502877862838,1
714,2,6,5,0.1388389172506866,999,11,0.8884502877862838,1
673,2,6,5,0.2542295975973768,1152,11,0.8884502877862838,1
764,2,6,11,0.1905657739578236,1091,11,0.8884502877862838,1
756,2,6,5,0.1507758841831028,976,11,0.8884502877862838,1
788,2,6,11,0.3656412889665948,1331,11,0.8884502877862838,1
522,2,6,11,0.0839844654877495,934,11,0.8884502877862838,1
674,2,6,5,0.0314062148589406,1019,11,0.8884502877862838,1
766,2,6,5,0.2670179584514649,1009,11,0.9431945538974952,1
757,2,6,11,0.2900404983946254,1107,11,0.8884502877862838,1
739,2,6,5,0.3059564543045137,1322,11,0.8884502877862838,1
521,2,6,5,0.1715222229921351,926,11,0.8884502877862838,1
753,2,6,5,0.2263766747550722,1275,11,0.9431945538974952,1
575,2,6,11,0.0083836749157801,1111,11,0.9431945538974952,1
762,2,6,5,0.3895152228314272,1184,11,0.9431945538974952,1
728,2,6,5,0.0123626638932521,1237,11,0.8884502877862838,1
643,2,6,5,0.3139144322594578,1090,11,0.9431945538974952,1
648,2,6,5,0.056131542645445,1089,11,0.9431945538974952,1
688,2,6,11,0.0672171156561892,1101,11,0.8884502877862838,1
643,2,6,11,0.1357113221948865,979,11,0.8884502877862838,1
562,2,6,11,0.0314062148589406,991,11,0.9431945538974952,1
643,2,6,11,0.055280148723773,1117,11,0.9431945538974952,1
849,2,6,5,0.0513011597463009,1065,11,0.8884502877862838,1
719,2,6,11,0.0839844654877495,1148,11,0.8884502877862838,1
812,2,6,11,0.5566327598852544,1252,11,0.8884502877862838,1
657,2,6,11,0.0115112699715802,982,11,0.8884502877862838,1
735,2,6,11,0.1388389172506866,1198,11,0.9431945538974952,1
721,2,6,5,0.0513011597463009,963,11,0.9431945538974952,1
778,2,6,11,0.4054311787413155,1136,11,0.9431945538974952,1
523,2,6,11,0.3625136939107947,883,11,0.9431945538974952,1
735,2,6,5,0.3815572448764831,1208,11,0.9431945538974952,1
592,2,6,5,0.1786288070254073,1228,11,0.8884502877862838,1
790,2,6,5,0.1348599282732145,1096,11,0.8884502877862838,1
812,2,6,5,0.0402155867355567,978,11,0.9431945538974952,1
599,2,6,5,0.0919424434426936,910,11,0.9431945538974952,1
612,2,6,11,0.0632381266787172,984,11,0.9431945538974952,1
746,2,6,5,0.5924436606825031,1100,11,0.9431945538974952,1
703,2,6,5,0.321872410214402,1200,11,0.8884502877862838,1
675,2,6,11,0.1197953662849981,1037,11,0.8884502877862838,1
575,2,6,5,0.0234482369039964,934,11,0.8884502877862838,1
773,2,6,11,0.2104607188451839,1192,11,0.9431945538974952,1
752,2,6,11,0.1905657739578236,1226,11,0.8884502877862838,1
631,2,6,5,0.1229229613407983,900,11,0.8884502877862838,1
733,2,6,11,0.3704716718657388,767,11,0.9431945538974952,1
633,2,6,5,0.0751750936111334,914,11,0.9431945538974952,1
735,2,6,11,0.3576833110116507,1218,11,0.8884502877862838,1
702,2,6,11,0.1706708290704632,1054,11,0.9431945538974952,1
745,2,6,5,0.0314062148589406,922,11,0.9431945538974952,1
794,2,6,11,0.3099354432819858,1166,11,0.9431945538974952,1
676,2,6,5,0.2343346527100163,1183,11,0.9431945538974952,1
643,2,6,5,0.0433431817913568,1062,11,0.9431945538974952,1
864,2,6,11,0.3576833110116507,1298,11,0.8884502877862838,1
655,2,6,11,0.0274272258814685,1013,11,0.9431945538974952,1
623,2,6,5,0.2582085865748488,984,11,0.9431945538974952,1
855,2,6,5,0.3139144322594578,1165,11,0.9431945538974952,1
566,2,6,5,0.214439707822656,1105,11,0.9431945538974952,1
707,2,6,5,0.5526537709077823,1223,11,0.8884502877862838,1
757,2,6,5,0.3019774653270416,1236,11,0.8884502877862838,1
576,2,6,11,0.0473221707688289,1117,11,0.9431945538974952,1
708,2,6,5,0.158733862138047,1125,11,0.9431945538974952,1
549,2,6,5,0.0274272258814685,1076,11,0.8884502877862838,1
873,2,6,5,0.3139144322594578,1290,11,0.9431945538974952,1
717,2,6,11,0.1428179062281586,1155,11,0.9431945538974952,1
726,2,6,11,0.0632381266787172,1158,11,0.9431945538974952,1
682,2,6,5,0.0720474985553333,1015,11,0.9431945538974952,1
652,2,6,5,0.1396903111723585,882,11,0.8884502877862838,1
770,2,6,11,0.429305112606148,1166,11,0.9431945538974952,1
695,2,6,11,0.1269019503182704,955,11,0.8884502877862838,1
744,2,6,11,0.2860615094171533,1069,11,0.9431945538974952,1
748,2,6,11,0.1666918400929911,1150,11,0.8884502877862838,1
654,2,6,11,0.4054311787413155,1263,11,0.9431945538974952,1
634,2,6,11,0.0203206418481963,1105,11,0.9431945538974952,1
626,2,6,11,0.0194692479265244,1074,11,0.8884502877862838,1
584,2,6,5,0.167543234014663,986,11,0.8884502877862838,1
813,2,6,11,0.1030280164534379,1138,11,0.9431945538974952,1
611,2,6,5,0.0521525536679729,1036,11,0.9431945538974952,1
657,2,6,5,0.0959214324201657,974,11,0.8884502877862838,1
736,2,6,11,0.0950700384984938,1118,11,0.9431945538974952,1
731,2,6,11,0.3139144322594578,1133,11,0.9431945538974952,1
749,2,6,5,0.4770529803358129,1192,11,0.8884502877862838,1
692,2,6,11,0.0751750936111334,1093,11,0.8884502877862838,1
646,2,6,11,0.1746498180479352,1136,11,0.8884502877862838,1
659,2,6,5,0.1595852560597189,957,11,0.9431945538974952,1
806,2,6,5,0.1706708290704632,1182,11,0.9431945538974952,1
663,2,6,5,0.2223976857776001,1271,11,0.8884502877862838,1
603,2,6,11,0.2263766747550722,1179,11,0.9431945538974952,1
780,2,6,5,0.1826077960028794,983,11,0.9431945538974952,1
759,2,6,11,0.3696202779440669,1194,11,0.8884502877862838,1
740,2,6,11,0.0083836749157801,1168,11,0.8884502877862838,1
653,2,6,11,0.5446957929528382,1350,11,0.9431945538974952,1
832,2,6,5,0.266166564529793,1236,11,0.8884502877862838,1
640,2,6,5,0.1237743552624702,1225,11,0.8884502877862838,1
756,2,6,11,0.0163416528707242,948,11,0.9431945538974952,1
650,2,6,11,0.158733862138047,1228,11,0.9431945538974952,1
914,2,6,11,0.3934942118088994,1101,11,0.9431945538974952,1
744,2,6,5,0.1109859944083821,1011,11,0.8884502877862838,1
587,2,6,11,0.1985237519127677,983,11,0.9431945538974952,1
737,2,6,11,0.0919424434426936,1035,11,0.9431945538974952,1
810,2,6,5,0.2979984763495695,1180,11,0.8884502877862838,1
669,2,6,5,0.4332841015836201,1130,11,0.9431945538974952,1
650,2,6,5,0.2184186968001281,994,11,0.8884502877862838,1
704,2,6,5,0.0282786198031404,1109,11,0.8884502877862838,1
710,2,6,11,0.3019774653270416,1211,11,0.9431945538974952,1
772,2,6,5,0.2860615094171533,1175,11,0.8884502877862838,1
697,2,6,11,0.1507758841831028,1048,11,0.8884502877862838,1
728,2,6,5,0.1547548731605749,1104,11,0.8884502877862838,1
798,2,6,11,0.2025027408902398,1194,11,0.9431945538974952,1
730,2,6,11,0.2940194873720975,1339,11,0.9431945538974952,1
675,2,6,5,0.214439707822656,1023,11,0.8884502877862838,1
869,2,6,11,0.3019774653270416,1061,11,0.9431945538974952,1
647,2,6,11,0.004404685938308,1113,11,0.8884502877862838,1
651,2,6,11,0.0831330715660775,1045,11,0.9431945538974952,1
743,2,6,11,0.4054311787413155,1235,11,0.9431945538974952,1
667,2,6,5,0.0274272258814685,1089,11,0.9431945538974952,1
717,2,6,11,0.2462716196424326,1192,11,0.9431945538974952,1
722,2,6,5,0.1348599282732145,1092,11,0.9431945538974952,1
821,2,6,5,0.3377883661242903,1159,11,0.8884502877862838,1
842,2,6,5,0.4133891566962597,1310,11,0.8884502877862838,1
586,2,6,5,0.1746498180479352,1079,11,0.8884502877862838,1
734,2,6,5,0.1149649833858541,1146,11,0.8884502877862838,1
717,2,6,11,0.1834591899245513,1062,11,0.8884502877862838,1
621,2,6,11,0.0990490274759658,976,11,0.9431945538974952,1
747,2,6,11,0.2630389694739928,855,11,0.8884502877862838,1
678,2,6,11,0.1945447629352956,1078,11,0.9431945538974952,1
649,2,6,5,0.2263766747550722,990,11,0.9431945538974952,1
750,2,6,5,0.3059564543045137,981,11,0.9431945538974952,1
815,2,6,5,0.214439707822656,1098,11,0.9431945538974952,1
756,2,6,5,0.2152911017443279,985,11,0.8884502877862838,1
802,2,6,11,0.1507758841831028,1156,11,0.9431945538974952,1
748,2,6,11,0.4850109582907571,1153,11,0.9431945538974952,1
642,2,6,5,0.2113121127668558,959,11,0.9431945538974952,1
743,2,6,5,0.3934942118088994,1181,11,0.9431945538974952,1
871,2,6,11,0.5327588260204219,1254,11,0.9431945538974952,1
826,2,6,5,0.4531790464709804,1141,11,0.9431945538974952,1
727,2,6,11,0.3656412889665948,1216,11,0.8884502877862838,1
831,2,6,5,0.4770529803358129,1300,11,0.9431945538974952,1
832,2,6,11,0.4372630905610921,1312,11,0.9431945538974952,1
848,2,6,11,0.2343346527100163,1353,11,0.8884502877862838,1
815,2,6,11,0.4929689362457012,1258,11,0.9431945538974952,1
658,2,6,5,0.1666918400929911,1123,11,0.8884502877862838,1
741,2,6,5,0.1467968952056307,1220,11,0.9431945538974952,1
741,2,6,11,0.1905657739578236,1116,11,0.8884502877862838,1
803,2,6,11,0.0791540825886055,1235,11,0.8884502877862838,1
815,2,6,5,0.3895152228314272,1231,11,0.9431945538974952,1
657,2,6,5,0.0314062148589406,1094,11,0.8884502877862838,1
680,2,6,11,0.0402155867355567,1007,11,0.9431945538974952,1
676,2,6,5,0.5765277047726147,1203,11,0.8884502877862838,1
600,2,6,11,0.1388389172506866,1020,11,0.8884502877862838,1
753,2,6,11,0.3139144322594578,1199,11,0.8884502877862838,1
734,2,6,5,0.2979984763495695,1108,11,0.9431945538974952,1
723,2,6,5,0.2542295975973768,1072,11,0.8884502877862838,1
736,2,6,11,0.0075322809941081,1045,11,0.9431945538974952,1
730,2,6,11,0.0362365977580846,1072,11,0.9431945538974952,1
732,2,6,11,0.4730739913583408,1257,11,0.8884502877862838,1
592,2,6,5,0.1826077960028794,961,11,0.8884502877862838,1
859,2,6,11,0.2542295975973768,1272,11,0.8884502877862838,1
846,2,6,5,0.2025027408902398,1190,11,0.9431945538974952,1
617,2,6,5,0.0919424434426936,1098,11,0.8884502877862838,1
716,2,6,11,0.0083836749157801,1176,11,0.9431945538974952,1
823,2,6,11,0.0234482369039964,969,11,0.8884502877862838,1
820,2,6,5,0.1865867849803515,1219,11,0.8884502877862838,1
774,2,6,11,0.5526537709077823,1229,11,0.9431945538974952,1
664,2,6,11,0.3298303881693462,1173,11,0.8884502877862838,1
693,2,6,5,0.2184186968001281,1203,11,0.8884502877862838,1
690,2,6,5,0.2025027408902398,1033,11,0.9431945538974952,1
743,2,6,5,0.5088848921555895,1180,11,0.9431945538974952,1
682,2,6,11,0.0990490274759658,1206,11,0.8884502877862838,1
668,2,6,5,0.2343346527100163,1026,11,0.9431945538974952,1
655,2,6,11,0.1865867849803515,1173,11,0.9431945538974952,1
791,2,6,11,0.0353852038364127,1053,11,0.8884502877862838,1
558,2,6,11,0.0680685095778612,1030,11,0.9431945538974952,1
759,2,6,5,0.1985237519127677,984,11,0.8884502877862838,1
751,2,6,5,0.0990490274759658,1210,11,0.8884502877862838,1
691,2,6,5,0.0035532920166361,1018,11,0.9431945538974952,1
909,2,6,11,0.3019774653270416,1253,11,0.8884502877862838,1
618,2,6,11,0.1357113221948865,994,11,0.8884502877862838,1
631,2,6,11,0.0831330715660775,1063,11,0.8884502877862838,1
707,2,6,11,0.0513011597463009,885,11,0.8884502877862838,1
658,2,6,5,0.0322576087806125,1013,11,0.8884502877862838,1
667,2,6,5,0.1993751458344396,821,11,0.8884502877862838,1
735,2,6,5,0.2860615094171533,1318,11,0.8884502877862838,1
778,2,6,5,0.2820825204396813,1217,11,0.9431945538974952,1
678,2,6,5,0.0083836749157801,1101,11,0.8884502877862838,1
647,2,6,5,0.1507758841831028,1103,11,0.8884502877862838,1
685,2,6,11,0.3338093771468182,1183,11,0.9431945538974952,1
679,2,6,11,0.0393641928138847,1023,11,0.8884502877862838,1
660,2,6,11,0.0521525536679729,979,11,0.9431945538974952,1
798,2,6,11,0.1945447629352956,1232,11,0.8884502877862838,1
615,2,6,5,0.0274272258814685,1052,11,0.9431945538974952,1
773,2,6,5,0.3099354432819858,1380,11,0.8884502877862838,1
683,2,6,5,0.4810319693132849,1251,11,0.8884502877862838,1
745,2,6,5,0.1507758841831028,1157,11,0.8884502877862838,1
634,2,6,5,0.0632381266787172,975,11,0.8884502877862838,1
656,2,6,11,0.2471230135641045,983,11,0.8884502877862838,1
690,2,6,11,0.0751750936111334,1147,11,0.9431945538974952,1
762,2,6,11,0.2064817298677118,1175,11,0.8884502877862838,1
574,2,6,5,0.0720474985553333,949,11,0.9431945538974952,1
662,2,6,5,0.0402155867355567,844,11,0.8884502877862838,1
684,2,6,5,0.0791540825886055,1126,11,0.9431945538974952,1
777,2,6,5,0.1436693001498306,1072,11,0.8884502877862838,1
811,2,6,11,0.6163175945473355,1392,11,0.8884502877862838,1
592,2,6,11,0.1786288070254073,1189,11,0.9431945538974952,1
829,2,6,11,0.5725487157951427,1406,11,0.8884502877862838,1
699,2,6,5,0.0592591377012451,978,11,0.8884502877862838,1
661,2,6,11,0.0481735646905008,1117,11,0.9431945538974952,1
625,2,6,5,0.0481735646905008,1021,11,0.8884502877862838,1
743,2,6,11,0.3457463440792345,1095,11,0.8884502877862838,1
664,2,6,11,0.004404685938308,1005,11,0.8884502877862838,1
597,2,6,11,0.2033541348119117,987,11,0.8884502877862838,1
596,2,6,11,0.1158163773075261,1014,11,0.9431945538974952,1
704,2,6,11,0.4133891566962597,1015,11,0.9431945538974952,1
676,2,6,11,0.3497253330567065,1188,11,0.9431945538974952,1
641,2,6,11,0.0314062148589406,1185,11,0.8884502877862838,1
686,2,6,11,0.2900404983946254,1095,11,0.9431945538974952,1
865,2,6,5,0.3417673551017623,1195,11,0.8884502877862838,1
670,2,6,5,0.0999004213976378,1072,11,0.9431945538974952,1
789,2,6,5,0.3019774653270416,1173,11,0.9431945538974952,1
645,2,6,5,0.0871120605435496,1129,11,0.8884502877862838,1
648,2,6,5,0.4094101677187876,1182,11,0.8884502877862838,1
666,2,6,11,0.0322576087806125,997,11,0.8884502877862838,1
588,2,6,5,0.056131542645445,1057,11,0.8884502877862838,1
518,2,6,5,0.0083836749157801,973,11,0.9431945538974952,1
665,2,6,5,0.0115112699715802,1106,11,0.8884502877862838,1
719,2,6,11,0.4372630905610921,1338,11,0.8884502877862838,1
675,2,6,5,0.1507758841831028,1145,11,0.8884502877862838,1
723,2,6,5,0.0242996308256684,1085,11,0.8884502877862838,1
722,2,6,11,0.1388389172506866,942,11,0.8884502877862838,1
638,2,6,5,0.0592591377012451,1080,11,0.8884502877862838,1
744,2,6,5,0.3139144322594578,1034,11,0.9431945538974952,1
624,2,6,11,0.1874381789020234,904,11,0.9431945538974952,1
672,2,6,11,0.0274272258814685,1131,11,0.9431945538974952,1
669,2,6,5,0.3696202779440669,1141,11,0.8884502877862838,1
851,2,6,5,0.3895152228314272,1172,11,0.8884502877862838,1
715,2,6,5,0.055280148723773,1002,11,0.9431945538974952,1
737,2,6,5,0.3298303881693462,1297,11,0.8884502877862838,1
719,2,6,5,0.055280148723773,1027,11,0.9431945538974952,1
664,2,6,11,0.1547548731605749,1201,11,0.8884502877862838,1
776,2,6,11,0.1436693001498306,976,11,0.9431945538974952,1
809,2,6,5,0.4531790464709804,1177,11,0.8884502877862838,1
705,2,6,5,0.163564245037191,939,11,0.9431945538974952,1
863,2,6,11,0.4094101677187876,1208,11,0.8884502877862838,1
823,2,6,5,0.3417673551017623,1151,11,0.9431945538974952,1
733,2,6,11,0.5645907378401985,1133,11,0.8884502877862838,1
698,2,6,11,0.2979984763495695,1299,11,0.8884502877862838,1
698,2,6,11,0.2184186968001281,918,11,0.9431945538974952,1
755,2,6,5,0.2422926306649605,1076,11,0.8884502877862838,1
650,2,6,11,0.0791540825886055,1123,11,0.8884502877862838,1
775,2,6,5,0.1706708290704632,1180,11,0.9431945538974952,1
744,2,6,5,0.2900404983946254,1030,11,0.9431945538974952,1
693,2,6,5,0.1229229613407983,1125,11,0.9431945538974952,1
646,2,6,11,0.0282786198031404,1121,11,0.8884502877862838,1
653,2,6,5,0.162712851115519,1138,11,0.9431945538974952,1
712,2,6,11,0.1715222229921351,1011,11,0.8884502877862838,1
637,2,6,5,0.1030280164534379,1049,11,0.9431945538974952,1
543,2,6,11,0.3576833110116507,1148,11,0.9431945538974952,1
682,2,6,5,0.1388389172506866,1101,11,0.9431945538974952,1
719,2,6,11,0.0680685095778612,1069,11,0.9431945538974952,1
813,2,6,5,0.1547548731605749,1117,11,0.8884502877862838,1
567,2,6,5,0.2073331237893838,892,11,0.9431945538974952,1
681,2,6,11,0.2741245424847371,1074,11,0.8884502877862838,1
671,2,6,5,0.1388389172506866,944,11,0.9431945538974952,1
596,2,6,5,0.2232490796992721,934,11,0.9431945538974952,1
657,2,6,11,0.1348599282732145,1020,11,0.8884502877862838,1
778,2,6,11,0.1109859944083821,1068,11,0.8884502877862838,1
706,2,6,5,0.0751750936111334,890,11,0.9431945538974952,1
675,2,6,11,0.0123626638932521,1171,11,0.9431945538974952,1
585,2,6,11,0.3497253330567065,1249,11,0.9431945538974952,1
634,2,6,5,0.0402155867355567,1103,11,0.8884502877862838,1
852,2,6,11,0.4531790464709804,1425,11,0.8884502877862838,1
699,2,6,5,0.4850109582907571,1260,11,0.9431945538974952,1
808,2,6,11,0.3338093771468182,1119,11,0.8884502877862838,1
805,2,6,11,0.2223976857776001,1172,11,0.9431945538974952,1
633,2,6,5,0.0680685095778612,1055,11,0.9431945538974952,1
732,2,6,11,0.0393641928138847,1035,11,0.8884502877862838,1
794,2,6,11,0.0083836749157801,1188,11,0.8884502877862838,1
700,2,6,5,0.3616622999891227,1255,11,0.8884502877862838,1
891,2,6,5,0.3934942118088994,1274,11,0.9431945538974952,1
683,2,6,11,0.214439707822656,1015,11,0.9431945538974952,1
666,2,6,11,0.0083836749157801,870,11,0.9431945538974952,1
559,2,6,11,0.1237743552624702,840,11,0.8884502877862838,1
860,2,6,11,0.1507758841831028,1224,11,0.9431945538974952,1
617,2,6,11,0.0640895206003891,1008,11,0.8884502877862838,1
677,2,6,5,0.2025027408902398,1167,11,0.9431945538974952,1
693,2,6,11,0.3377883661242903,1280,11,0.9431945538974952,1
640,2,6,11,0.1993751458344396,994,11,0.8884502877862838,1
679,2,6,11,0.3258513991918741,1259,11,0.9431945538974952,1
723,2,6,5,0.2940194873720975,1261,11,0.8884502877862838,1
648,2,6,11,0.2940194873720975,1215,11,0.8884502877862838,1
596,2,6,11,0.0919424434426936,1178,11,0.9431945538974952,1
876,2,6,11,0.3338093771468182,1285,11,0.8884502877862838,1
785,2,6,11,0.4094101677187876,1247,11,0.8884502877862838,1
607,2,6,5,0.0720474985553333,867,11,0.9431945538974952,1
1069,5,1,10,0.1348599282732145,2690,11,0.9431945538974952,0
1153,5,1,11,0.0481735646905008,2386,11,0.8884502877862838,0
1046,5,1,11,0.4977993191448452,2213,11,0.8884502877862838,0
1171,5,1,11,0.1826077960028794,2679,11,0.9431945538974952,0
1100,5,1,11,0.167543234014663,2373,11,0.8884502877862838,0
1019,5,1,7,0.1666918400929911,2580,11,0.9431945538974952,0
1352,5,1,10,0.5088848921555895,2511,11,0.8884502877862838,0
1074,5,1,11,0.3178934212369299,2475,11,0.9431945538974952,0
1250,5,1,7,0.055280148723773,2542,11,0.8884502877862838,0
1062,5,1,11,0.0314062148589406,2313,11,0.9431945538974952,0
1027,5,1,7,0.0760264875328053,2577,11,0.8884502877862838,0
1099,5,1,10,0.0473221707688289,2546,11,0.8884502877862838,0
1090,5,1,10,0.1317323332174144,2447,11,0.9431945538974952,0
973,5,1,10,0.4062825726629875,2132,11,0.8884502877862838,0
1101,5,1,10,0.163564245037191,2408,11,0.8884502877862838,0
1246,5,1,7,0.162712851115519,2617,11,0.8884502877862838,0
1107,5,1,11,0.1715222229921351,2471,11,0.9431945538974952,0
1275,5,1,10,0.060110531622917,2612,11,0.8884502877862838,0
1039,5,1,10,0.056131542645445,2381,11,0.8884502877862838,0
1265,5,1,10,0.2351860466316883,2333,11,0.8884502877862838,0
1061,5,1,11,0.4500514514151803,2221,11,0.9431945538974952,0
1092,5,1,7,0.4102615616404595,2468,11,0.9431945538974952,0
1207,5,1,11,0.2184186968001281,2719,11,0.8884502877862838,0
1114,5,1,10,0.056131542645445,2490,11,0.8884502877862838,0
824,5,1,11,0.6887907900635047,2336,11,0.9431945538974952,0
1000,5,1,11,0.1834591899245513,2317,11,0.9431945538974952,0
978,5,1,11,0.2988498702712415,2395,11,0.9431945538974952,0
1138,5,1,10,0.0441945757130287,2572,11,0.9431945538974952,0
1250,5,1,7,0.0640895206003891,2414,11,0.8884502877862838,0
1026,5,1,10,0.2988498702712415,2277,11,0.9431945538974952,0
938,5,1,11,0.1317323332174144,2417,11,0.8884502877862838,0
900,5,1,7,0.2232490796992721,2487,11,0.8884502877862838,0
1200,5,1,10,0.2511020025415766,2237,11,0.8884502877862838,0
1291,5,1,10,0.0163416528707242,2576,11,0.9431945538974952,0
1216,5,1,10,0.0353852038364127,2690,11,0.9431945538974952,0
1052,5,1,7,0.0999004213976378,2294,11,0.8884502877862838,0
901,5,1,10,0.5455471868745101,2168,11,0.9431945538974952,0
968,5,1,7,0.7484756247255858,2317,11,0.8884502877862838,0
1074,5,1,11,0.0720474985553333,2417,11,0.9431945538974952,0
1146,5,1,11,0.0234482369039964,2486,11,0.9431945538974952,0
1004,5,1,10,0.3346607710684902,2431,11,0.9431945538974952,0
1165,5,1,10,0.056131542645445,2643,11,0.9431945538974952,0
1118,5,1,11,0.2940194873720975,2503,11,0.9431945538974952,0
1213,5,1,11,0.0800054765102774,2502,11,0.8884502877862838,0
1067,5,1,7,0.4977993191448452,2307,11,0.8884502877862838,0
1379,5,1,10,0.1786288070254073,2576,11,0.8884502877862838,0
817,5,1,11,0.111837388330054,2263,11,0.9431945538974952,0
988,5,1,7,0.5495261758519822,2326,11,0.9431945538974952,0
1085,5,1,7,0.1953961568569676,2618,11,0.8884502877862838,0
966,5,1,7,0.0800054765102774,2379,11,0.8884502877862838,0
919,5,1,10,0.2511020025415766,2340,11,0.8884502877862838,0
1134,5,1,7,0.0791540825886055,2675,11,0.8884502877862838,0
1291,5,1,7,0.1507758841831028,2531,11,0.8884502877862838,0
1029,5,1,7,0.3227238041360739,2329,11,0.9431945538974952,0
1277,5,1,10,0.1595852560597189,2436,11,0.9431945538974952,0
1246,5,1,11,0.3377883661242903,2634,11,0.9431945538974952,0
934,5,1,11,0.1078583993525819,2408,11,0.9431945538974952,0
1298,5,1,10,0.1030280164534379,2544,11,0.9431945538974952,0
1051,5,1,7,0.0800054765102774,2322,11,0.8884502877862838,0
1206,5,1,10,0.0680685095778612,2386,11,0.8884502877862838,0
1076,5,1,10,0.2590599804965208,2451,11,0.9431945538974952,0
943,5,1,7,0.2033541348119117,2394,11,0.9431945538974952,0
1055,5,1,10,0.4062825726629875,2358,11,0.8884502877862838,0
1050,5,1,10,0.111837388330054,2312,11,0.9431945538974952,0
1039,5,1,7,0.485862352212429,2314,11,0.9431945538974952,0
1191,5,1,11,0.1197953662849981,2684,11,0.9431945538974952,0
953,5,1,7,0.0910910495210217,2274,11,0.9431945538974952,0
1077,5,1,10,0.3744506608432109,2360,11,0.8884502877862838,0
1161,5,1,11,0.1834591899245513,2435,11,0.8884502877862838,0
1090,5,1,7,0.1388389172506866,2589,11,0.9431945538974952,0
1213,5,1,7,0.266166564529793,2544,11,0.8884502877862838,0
1541,5,1,10,0.2263766747550722,2654,11,0.8884502877862838,0
982,5,1,7,0.8996772058695247,2019,11,0.8884502877862838,0
875,5,1,11,0.2630389694739928,2524,11,0.9431945538974952,0
1045,5,1,10,0.0083836749157801,2257,11,0.8884502877862838,0
1010,5,1,11,0.1755012119696072,2390,11,0.8884502877862838,0
1176,5,1,11,0.1953961568569676,2437,11,0.8884502877862838,0
1249,5,1,11,0.1746498180479352,2629,11,0.9431945538974952,0
906,5,1,7,0.2431440245866324,2270,11,0.8884502877862838,0
1090,5,1,11,0.2383136416874884,2423,11,0.8884502877862838,0
1131,5,1,10,0.3903666167530992,2396,11,0.8884502877862838,0
1077,5,1,7,0.162712851115519,2474,11,0.9431945538974952,0
1195,5,1,10,0.2860615094171533,2641,11,0.9431945538974952,0
1178,5,1,11,0.326702793113546,2432,11,0.9431945538974952,0
1086,5,1,7,0.0720474985553333,2419,11,0.8884502877862838,0
958,5,1,7,0.2630389694739928,2433,11,0.8884502877862838,0
968,5,1,7,0.270996947428937,2169,11,0.8884502877862838,0
1178,5,1,11,0.1905657739578236,2603,11,0.9431945538974952,0
1232,5,1,10,0.1507758841831028,2638,11,0.8884502877862838,0
1283,5,1,10,0.0632381266787172,2681,11,0.8884502877862838,0
959,5,1,11,0.0839844654877495,2339,11,0.9431945538974952,0
1079,5,1,7,0.3417673551017623,2668,11,0.9431945538974952,0
1268,5,1,10,0.2781035314622092,2660,11,0.9431945538974952,0
915,5,1,7,0.1516272781047747,2322,11,0.8884502877862838,0
1252,5,1,11,0.3974732007863714,2795,11,0.9431945538974952,0
1173,5,1,11,0.1715222229921351,2348,11,0.9431945538974952,0
1211,5,1,7,0.3059564543045137,2525,11,0.8884502877862838,0
1211,5,1,7,0.2223976857776001,2611,11,0.8884502877862838,0
1054,5,1,10,0.3346607710684902,2377,11,0.9431945538974952,0
1263,5,1,7,0.6879393961418329,2949,11,0.8884502877862838,0
1037,5,1,10,0.1436693001498306,2344,11,0.8884502877862838,0
1295,5,1,10,0.4699463963025407,2290,11,0.8884502877862838,0
981,5,1,10,0.1149649833858541,2295,11,0.9431945538974952,0
1075,5,1,10,0.6012530325591191,2492,11,0.9431945538974952,0
1376,5,1,11,0.2582085865748488,2625,11,0.9431945538974952,0
1180,5,1,11,0.055280148723773,2426,11,0.9431945538974952,0
1020,5,1,11,0.1189439723633262,2544,11,0.8884502877862838,0
967,5,1,11,0.0075322809941081,2432,11,0.8884502877862838,0
1091,5,1,7,0.5256522419871498,2255,11,0.8884502877862838,0
1196,5,1,11,0.0910910495210217,2452,11,0.8884502877862838,0
921,5,1,10,0.5256522419871498,2338,11,0.8884502877862838,0
1173,5,1,10,0.3983245947080434,2570,11,0.8884502877862838,0
1135,5,1,10,0.1038794103751098,2494,11,0.8884502877862838,0
1070,5,1,10,0.2223976857776001,2570,11,0.8884502877862838,0
1257,5,1,7,0.2621875755523209,2431,11,0.8884502877862838,0
1104,5,1,7,0.0314062148589406,2587,11,0.9431945538974952,0
1358,5,1,10,0.3537043220341786,2586,11,0.9431945538974952,0
1005,5,1,10,0.2869129033388253,2240,11,0.8884502877862838,0
1202,5,1,11,0.1547548731605749,2672,11,0.8884502877862838,0
1235,5,1,10,0.0393641928138847,2491,11,0.9431945538974952,0
1140,5,1,11,0.0711961046336613,2526,11,0.8884502877862838,0
1017,5,1,10,0.0441945757130287,2396,11,0.9431945538974952,0
1067,5,1,11,0.0521525536679729,2343,11,0.8884502877862838,0
969,5,1,11,0.3863876277756271,2251,11,0.8884502877862838,0
964,5,1,11,0.2431440245866324,2445,11,0.8884502877862838,0
1122,5,1,10,0.3377883661242903,2863,11,0.9431945538974952,0
1107,5,1,7,0.2025027408902398,2620,11,0.8884502877862838,0
1225,5,1,7,0.0402155867355567,2389,11,0.9431945538974952,0
976,5,1,7,0.326702793113546,2299,11,0.8884502877862838,0
1086,5,1,11,0.1189439723633262,2536,11,0.8884502877862838,0
1122,5,1,10,0.3943456057305713,2300,11,0.9431945538974952,0
1130,5,1,7,0.2113121127668558,2324,11,0.9431945538974952,0
1100,5,1,11,0.2900404983946254,2700,11,0.9431945538974952,0
1089,5,1,10,0.3306817820910181,2391,11,0.8884502877862838,0
1052,5,1,11,0.5097362860772614,2381,11,0.9431945538974952,0
1355,5,1,11,0.3497253330567065,2541,11,0.8884502877862838,0
1153,5,1,11,0.1985237519127677,2614,11,0.9431945538974952,0
1254,5,1,11,0.1158163773075261,2556,11,0.9431945538974952,0
1041,5,1,10,0.4699463963025407,2317,11,0.8884502877862838,0
1180,5,1,10,0.1348599282732145,2364,11,0.9431945538974952,0
1243,5,1,10,0.0672171156561892,2662,11,0.8884502877862838,0
1067,5,1,7,0.382408638798155,2369,11,0.9431945538974952,0
920,5,1,7,0.0839844654877495,2269,11,0.9431945538974952,0
1155,5,1,10,0.0194692479265244,2425,11,0.9431945538974952,0
1035,5,1,11,0.2263766747550722,2699,11,0.8884502877862838,0
1169,5,1,11,0.1874381789020234,2387,11,0.8884502877862838,0
1174,5,1,7,0.2948708812937694,2359,11,0.8884502877862838,0
1115,5,1,11,0.0234482369039964,2574,11,0.8884502877862838,0
870,5,1,10,0.3386397600459622,2252,11,0.8884502877862838,0
1278,5,1,11,0.1826077960028794,2536,11,0.9431945538974952,0
1024,5,1,11,0.1476482891273027,2336,11,0.8884502877862838,0
987,5,1,7,0.6052320215365912,2431,11,0.9431945538974952,0
1233,5,1,7,0.3386397600459622,2400,11,0.9431945538974952,0
1058,5,1,7,0.2025027408902398,2595,11,0.8884502877862838,0
1246,5,1,10,0.2303556637325443,2574,11,0.9431945538974952,0
1071,5,1,7,0.1197953662849981,2413,11,0.9431945538974952,0
1043,5,1,11,0.060110531622917,2382,11,0.8884502877862838,0
1111,5,1,7,0.0959214324201657,2347,11,0.9431945538974952,0
895,5,1,10,0.0919424434426936,2567,11,0.9431945538974952,0
1188,5,1,10,0.1357113221948865,2513,11,0.9431945538974952,0
1156,5,1,10,0.2025027408902398,2541,11,0.9431945538974952,0
1165,5,1,10,0.4540304403926524,2213,11,0.9431945538974952,0
1194,5,1,11,0.1348599282732145,2439,11,0.9431945538974952,0
1165,5,1,11,0.0242996308256684,2480,11,0.9431945538974952,0
1165,5,1,11,0.1786288070254073,2457,11,0.9431945538974952,0
896,5,1,7,0.3465977380009064,2002,11,0.8884502877862838,0
1184,5,1,11,0.004404685938308,2424,11,0.9431945538974952,0
1116,5,1,7,0.004404685938308,2372,11,0.9431945538974952,0
1224,5,1,11,0.3139144322594578,2519,11,0.9431945538974952,0
1190,5,1,11,0.0473221707688289,2501,11,0.9431945538974952,0
1232,5,1,11,0.3258513991918741,2814,11,0.9431945538974952,0
988,5,1,7,0.0839844654877495,2505,11,0.9431945538974952,0
1200,5,1,7,0.0950700384984938,2520,11,0.8884502877862838,0
959,5,1,11,0.0513011597463009,2476,11,0.8884502877862838,0
947,5,1,11,0.270996947428937,2275,11,0.9431945538974952,0
1105,5,1,11,0.2948708812937694,2439,11,0.9431945538974952,0
1001,5,1,11,0.1945447629352956,2536,11,0.9431945538974952,0
1067,5,1,7,0.1348599282732145,2203,11,0.9431945538974952,0
881,5,1,11,0.0680685095778612,2314,11,0.9431945538974952,0
995,5,1,11,0.2113121127668558,2264,11,0.9431945538974952,0
723,5,1,7,0.537589208919566,2382,11,0.9431945538974952,0
1024,5,1,10,0.0242996308256684,2542,11,0.8884502877862838,0
1168,5,1,7,0.0521525536679729,2736,11,0.9431945538974952,0
1390,5,1,10,0.158733862138047,2699,11,0.9431945538974952,0
945,5,1,7,0.1277533442399423,2399,11,0.8884502877862838,0
1060,5,1,11,0.2025027408902398,2517,11,0.8884502877862838,0
1189,5,1,7,0.0919424434426936,2551,11,0.9431945538974952,0
1047,5,1,10,0.2391650356091604,2371,11,0.8884502877862838,0
957,5,1,10,0.2351860466316883,2538,11,0.8884502877862838,0
992,5,1,10,0.0751750936111334,2341,11,0.9431945538974952,0
1246,5,1,11,0.0362365977580846,2608,11,0.9431945538974952,0
1208,5,1,7,0.0274272258814685,2440,11,0.9431945538974952,0
1021,5,1,10,0.167543234014663,2450,11,0.9431945538974952,0
1002,5,1,10,0.0680685095778612,2558,11,0.8884502877862838,0
1069,5,1,7,0.1476482891273027,2530,11,0.9431945538974952,0
1095,5,1,10,0.1715222229921351,2536,11,0.9431945538974952,0
965,5,1,10,0.0282786198031404,2519,11,0.9431945538974952,0
1118,5,1,11,0.1237743552624702,2528,11,0.9431945538974952,0
1070,5,1,7,0.0154902589490523,2480,11,0.9431945538974952,0
1009,5,1,10,0.2582085865748488,2735,11,0.8884502877862838,0
1272,5,1,7,0.0314062148589406,2424,11,0.9431945538974952,0
1086,5,1,11,0.4221985285728758,2140,11,0.8884502877862838,0
1016,5,1,7,0.4460724624377082,2419,11,0.9431945538974952,0
1000,5,1,7,0.2303556637325443,2467,11,0.8884502877862838,0
1363,5,1,7,0.3107868372036577,2317,11,0.8884502877862838,0
1226,5,1,7,0.1197953662849981,2296,11,0.8884502877862838,0
864,5,1,7,0.485862352212429,2393,11,0.8884502877862838,0
1285,5,1,7,0.321872410214402,2645,11,0.8884502877862838,0
1304,5,1,10,0.2502506086199046,2854,11,0.8884502877862838,0
1007,5,1,10,0.1914171678794955,2385,11,0.9431945538974952,0
1078,5,1,11,0.0521525536679729,2401,11,0.8884502877862838,0
1124,5,1,10,0.4102615616404595,2147,11,0.8884502877862838,0
1145,5,1,10,0.0154902589490523,2444,11,0.8884502877862838,0
852,5,1,7,0.2391650356091604,2310,11,0.9431945538974952,0
1165,5,1,7,0.2820825204396813,2720,11,0.9431945538974952,0
867,5,1,7,0.3465977380009064,2257,11,0.9431945538974952,0
1077,5,1,11,0.5017783081223173,2224,11,0.9431945538974952,0
885,5,1,11,0.5853370766492308,2133,11,0.8884502877862838,0
939,5,1,7,0.111837388330054,2440,11,0.9431945538974952,0
1085,5,1,11,0.382408638798155,2273,11,0.8884502877862838,0
1023,5,1,11,0.2590599804965208,2231,11,0.9431945538974952,0
886,5,1,7,0.2431440245866324,2329,11,0.9431945538974952,0
1163,5,1,10,0.2223976857776001,2512,11,0.8884502877862838,0
1068,5,1,11,0.2312070576542162,2373,11,0.8884502877862838,0
1120,5,1,7,0.4938203301673731,2136,11,0.8884502877862838,0
1204,5,1,11,0.2542295975973768,2606,11,0.9431945538974952,0
1267,5,1,11,0.1993751458344396,2488,11,0.8884502877862838,0
1067,5,1,11,0.0282786198031404,2426,11,0.9431945538974952,0
1110,5,1,10,0.1476482891273027,2579,11,0.8884502877862838,0
1004,5,1,7,0.6131899994915354,2162,11,0.8884502877862838,0
1194,5,1,7,0.0402155867355567,2344,11,0.9431945538974952,0
1083,5,1,7,0.1476482891273027,2416,11,0.8884502877862838,0
956,5,1,11,0.4779043742574848,2459,11,0.8884502877862838,0
1179,5,1,7,0.0521525536679729,2412,11,0.8884502877862838,0
1332,5,1,10,0.5805066937500868,2675,11,0.8884502877862838,0
920,5,1,7,0.1317323332174144,2373,11,0.8884502877862838,0
1058,5,1,7,0.0760264875328053,2454,11,0.9431945538974952,0
1225,5,1,7,0.1826077960028794,2576,11,0.8884502877862838,0
1067,5,1,10,0.3457463440792345,2672,11,0.9431945538974952,0
1069,5,1,7,0.3616622999891227,2526,11,0.8884502877862838,0
1175,5,1,11,0.3019774653270416,2464,11,0.9431945538974952,0
1109,5,1,7,0.0680685095778612,2409,11,0.9431945538974952,0
1160,5,1,10,0.378429649820683,2503,11,0.9431945538974952,0
976,5,1,11,0.3346607710684902,2030,11,0.9431945538974952,0
973,5,1,11,0.0959214324201657,2205,11,0.9431945538974952,0
956,5,1,10,0.5176942640322055,2378,11,0.8884502877862838,0
1198,5,1,11,0.1149649833858541,2611,11,0.9431945538974952,0
1165,5,1,7,0.0115112699715802,2467,11,0.8884502877862838,0
1091,5,1,10,0.0879634544652216,2225,11,0.8884502877862838,0
1019,5,1,10,0.1357113221948865,2413,11,0.9431945538974952,0
1332,5,1,7,0.1149649833858541,2694,11,0.8884502877862838,0
1038,5,1,10,0.3545557159558505,2206,11,0.8884502877862838,0
1143,5,1,10,0.1715222229921351,2339,11,0.8884502877862838,0
1268,5,1,10,0.3934942118088994,2641,11,0.9431945538974952,0
1099,5,1,7,0.1556062670822468,2544,11,0.9431945538974952,0
1128,5,1,10,0.3465977380009064,2364,11,0.8884502877862838,0
1023,5,1,11,0.0402155867355567,2343,11,0.9431945538974952,0
1105,5,1,10,0.1794802009470793,2268,11,0.9431945538974952,0
1024,5,1,7,0.2351860466316883,2337,11,0.9431945538974952,0
937,5,1,7,0.4818833632349569,2290,11,0.9431945538974952,0
1139,5,1,11,0.1237743552624702,2557,11,0.9431945538974952,0
1143,5,1,7,0.6362125394346959,2611,11,0.9431945538974952,0
1248,5,1,10,0.0163416528707242,2606,11,0.9431945538974952,0
1133,5,1,11,0.0800054765102774,2406,11,0.9431945538974952,0
1339,5,1,7,0.6004016386374472,2641,11,0.9431945538974952,0
1119,5,1,7,0.3338093771468182,2601,11,0.8884502877862838,0
1179,5,1,11,0.1666918400929911,2489,11,0.9431945538974952,0
1086,5,1,10,0.0393641928138847,2477,11,0.9431945538974952,0
1091,5,1,10,0.0274272258814685,2596,11,0.9431945538974952,0
995,5,1,11,0.652979889266256,2155,11,0.8884502877862838,0
1296,5,1,7,0.1507758841831028,2587,11,0.8884502877862838,0
1049,5,1,7,0.0322576087806125,2511,11,0.8884502877862838,0
1288,5,1,7,0.0393641928138847,2498,11,0.9431945538974952,0
1093,5,1,10,0.5176942640322055,2303,11,0.8884502877862838,0
1280,5,1,7,0.0720474985553333,2126,11,0.9431945538974952,0
987,5,1,10,0.0680685095778612,2274,11,0.9431945538974952,0
1137,5,1,10,0.3426187490234343,2492,11,0.8884502877862838,0
1205,5,1,10,0.3059564543045137,2810,11,0.9431945538974952,0
1177,5,1,10,0.2343346527100163,2402,11,0.9431945538974952,0
1218,5,1,10,0.0632381266787172,2626,11,0.8884502877862838,0
901,5,1,10,0.3903666167530992,2385,11,0.9431945538974952,0
1191,5,1,10,0.0004256969608359,2250,11,0.9431945538974952,0
1190,5,1,10,0.1189439723633262,2591,11,0.9431945538974952,0
1231,5,1,10,0.2184186968001281,2501,11,0.9431945538974952,0
894,5,1,7,0.4460724624377082,2198,11,0.8884502877862838,0
1064,5,1,10,0.0075322809941081,2410,11,0.9431945538974952,0
1116,5,1,11,0.2025027408902398,2397,11,0.9431945538974952,0
1258,5,1,10,0.3943456057305713,2391,11,0.9431945538974952,0
1123,5,1,10,0.1078583993525819,2374,11,0.9431945538974952,0
1189,5,1,7,0.056131542645445,2491,11,0.8884502877862838,0
1125,5,1,7,0.0035532920166361,2244,11,0.9431945538974952,0
1239,5,1,7,0.0513011597463009,2483,11,0.9431945538974952,0
1079,5,1,11,0.1794802009470793,2565,11,0.9431945538974952,0
856,5,1,11,0.2550809915190487,2084,11,0.8884502877862838,0
1045,5,1,7,0.0115112699715802,2132,11,0.8884502877862838,0
1083,5,1,7,0.0990490274759658,2542,11,0.9431945538974952,0
1069,5,1,7,0.270996947428937,2338,11,0.9431945538974952,0
835,5,1,11,0.5773790986942867,2255,11,0.8884502877862838,0
928,5,1,7,0.004404685938308,2333,11,0.8884502877862838,0
1126,5,1,7,0.1874381789020234,2458,11,0.8884502877862838,0
1241,5,1,11,0.266166564529793,2515,11,0.8884502877862838,0
1216,5,1,11,0.4540304403926524,2353,11,0.9431945538974952,0
1178,5,1,7,0.0194692479265244,2429,11,0.9431945538974952,0
1113,5,1,11,0.0640895206003891,2508,11,0.9431945538974952,0
1203,5,1,10,0.0800054765102774,2525,11,0.8884502877862838,0
1229,5,1,7,0.1834591899245513,2300,11,0.8884502877862838,0
1070,5,1,7,0.3147658261811298,2400,11,0.9431945538974952,0
1092,5,1,10,0.0123626638932521,2585,11,0.8884502877862838,0
977,5,1,10,0.2351860466316883,2339,11,0.9431945538974952,0
1341,5,1,7,0.2351860466316883,2310,11,0.9431945538974952,0
1280,5,1,10,0.3019774653270416,2609,11,0.9431945538974952,0
1120,5,1,11,0.0839844654877495,2362,11,0.8884502877862838,0
1198,5,1,11,0.1277533442399423,2445,11,0.8884502877862838,0
1118,5,1,7,0.1914171678794955,2205,11,0.8884502877862838,0
1123,5,1,11,0.4142405506179316,2448,11,0.8884502877862838,0
1051,5,1,7,0.5535051648294542,2095,11,0.9431945538974952,0
916,5,1,10,0.3943456057305713,2211,11,0.8884502877862838,0
1341,5,1,11,0.4213471346512039,2873,11,0.9431945538974952,0
1215,5,1,11,0.0919424434426936,2378,11,0.9431945538974952,0
1032,5,1,7,0.0999004213976378,2367,11,0.9431945538974952,0
874,5,1,10,0.0194692479265244,2358,11,0.8884502877862838,0
994,5,1,11,0.1755012119696072,2465,11,0.9431945538974952,0
1273,5,1,10,0.2940194873720975,2522,11,0.8884502877862838,0
985,5,1,7,0.0441945757130287,2576,11,0.8884502877862838,0
1203,5,1,11,0.0831330715660775,2694,11,0.9431945538974952,0
1050,5,1,10,0.162712851115519,2429,11,0.9431945538974952,0
1199,5,1,10,0.1516272781047747,2286,11,0.9431945538974952,0
1070,5,1,10,0.167543234014663,2353,11,0.8884502877862838,0
1152,5,1,10,0.3377883661242903,2410,11,0.8884502877862838,0
785,5,1,7,0.3744506608432109,2358,11,0.9431945538974952,0
1254,5,1,11,0.0800054765102774,2548,11,0.8884502877862838,0
1285,5,1,11,0.1547548731605749,2728,11,0.8884502877862838,0
1292,5,1,11,0.214439707822656,2625,11,0.9431945538974952,0
980,5,1,10,0.2789549253838811,2458,11,0.8884502877862838,0
1073,5,1,11,0.2511020025415766,2465,11,0.9431945538974952,0
955,5,1,11,0.0839844654877495,2390,11,0.9431945538974952,0
1135,5,1,7,0.0274272258814685,2472,11,0.8884502877862838,0
1130,5,1,10,0.0362365977580846,2295,11,0.9431945538974952,0
951,5,1,7,0.2391650356091604,2278,11,0.9431945538974952,0
1142,5,1,7,0.0959214324201657,2253,11,0.8884502877862838,0
1133,5,1,11,0.0154902589490523,2416,11,0.8884502877862838,0
1084,5,1,10,0.4142405506179316,2310,11,0.9431945538974952,0
1056,5,1,10,0.0640895206003891,2593,11,0.9431945538974952,0
988,5,1,7,0.3585347049333226,2317,11,0.9431945538974952,0
1077,5,1,7,0.1993751458344396,2211,11,0.8884502877862838,0
910,5,1,10,0.5773790986942867,2045,11,0.9431945538974952,0
929,5,1,7,0.4261775175503479,2198,11,0.8884502877862838,0
1109,5,1,7,0.2940194873720975,2522,11,0.9431945538974952,0
1163,5,1,7,0.0004256969608359,2521,11,0.8884502877862838,0
1172,5,1,11,0.0115112699715802,2378,11,0.9431945538974952,0
1191,5,1,7,0.0402155867355567,2320,11,0.9431945538974952,0
1066,5,1,7,0.0640895206003891,2499,11,0.8884502877862838,0
987,5,1,11,0.0362365977580846,2396,11,0.8884502877862838,0
1345,2,1,5,0.6251269664239516,2568,11,0.9431945538974952,1
1521,2,1,5,0.1666918400929911,2909,11,0.9431945538974952,1
1664,2,1,10,0.4969479252231732,2453,11,0.8884502877862838,1
1644,2,1,10,0.0473221707688289,2558,11,1.804272708628173,1
1458,6,1,10,0.3417673551017623,2912,11,0.9431945538974952,1
1673,2,1,5,0.4651160134033967,3174,11,1.804272708628173,1
1796,6,1,5,0.3019774653270416,3076,11,0.9431945538974952,1
1840,5,1,5,0.6362125394346959,3381,11,0.9431945538974952,1
1417,5,1,10,0.2025027408902398,2876,11,0.9431945538974952,1
1419,6,1,5,0.3298303881693462,2848,11,0.8884502877862838,1
1665,2,1,5,0.4412420795385642,3444,11,0.9431945538974952,1
1575,5,1,10,0.6163175945473355,2801,11,0.9431945538974952,1
1363,6,1,5,0.536737814997894,3294,11,0.9431945538974952,1
1457,2,1,5,0.1348599282732145,2863,11,0.9431945538974952,1
1868,5,1,5,0.5248008480654778,2835,11,1.804272708628173,1
1738,2,1,5,0.2263766747550722,2821,11,0.9431945538974952,1
1833,6,1,5,0.5606117488627265,2479,11,0.9431945538974952,1
1828,6,1,5,0.0959214324201657,2946,11,0.9431945538974952,1
1803,2,1,5,0.2025027408902398,2584,11,0.8884502877862838,1
1882,6,1,5,0.5526537709077823,3202,11,0.8884502877862838,1
1590,2,1,10,0.3099354432819858,3098,11,0.9431945538974952,1
1568,2,1,5,0.2462716196424326,2842,11,1.804272708628173,1
1723,6,1,5,0.966468624564878,2748,11,1.804272708628173,1
1810,6,1,5,0.3139144322594578,3037,11,1.804272708628173,1
1329,5,1,10,0.0640895206003891,2451,11,1.804272708628173,1
1670,2,1,5,0.7794561426236906,3207,11,1.804272708628173,1
1828,2,1,10,0.377578255899011,2789,11,0.8884502877862838,1
1677,5,1,5,0.6879393961418329,3292,11,1.804272708628173,1
1689,5,1,10,0.4133891566962597,2825,11,1.804272708628173,1
1729,6,1,10,0.4173681456737318,2925,11,0.9431945538974952,1
1626,5,1,10,0.9505526686549896,2798,11,0.8884502877862838,1
1688,5,1,10,0.2502506086199046,2605,11,1.804272708628173,1
1827,6,1,5,0.8829098560379645,3474,11,1.804272708628173,1
1803,2,1,5,0.060110531622917,3240,11,1.804272708628173,1
1758,6,1,5,0.373599266921539,3140,11,0.8884502877862838,1
1841,6,1,10,0.3178934212369299,2744,11,0.9431945538974952,1
1884,2,1,10,0.429305112606148,2826,11,0.8884502877862838,1
1716,2,1,5,0.4690950023808687,3122,11,0.8884502877862838,1
1520,5,1,5,0.0959214324201657,2648,11,0.9431945538974952,1
1497,2,1,5,0.0481735646905008,3005,11,0.8884502877862838,1
1364,6,1,5,0.5566327598852544,2796,11,0.9431945538974952,1
1554,5,1,10,0.0990490274759658,2922,11,1.804272708628173,1
1835,5,1,5,0.5128638811330616,2880,11,0.9431945538974952,1
1795,2,1,10,0.3298303881693462,3152,11,1.804272708628173,1
1802,2,1,10,0.1038794103751098,2758,11,0.9431945538974952,1
1602,6,1,10,0.4571580354484525,3360,11,0.9431945538974952,1
1709,2,1,10,0.5486747819303103,2676,11,0.8884502877862838,1
1609,6,1,5,0.321872410214402,2785,11,1.804272708628173,1
1631,2,1,5,0.5805066937500868,2942,11,0.8884502877862838,1
1862,2,1,5,0.3019774653270416,2741,11,1.804272708628173,1
1611,2,1,10,0.2900404983946254,2657,11,0.9431945538974952,1
1626,5,1,5,0.1149649833858541,2845,11,1.804272708628173,1
1655,5,1,10,0.2621875755523209,2695,11,0.9431945538974952,1
1705,6,1,5,0.0393641928138847,2949,11,1.804272708628173,1
1326,5,1,5,0.1826077960028794,2829,11,0.9431945538974952,1
1671,5,1,5,0.3298303881693462,2879,11,0.9431945538974952,1
1503,6,1,10,0.0274272258814685,2703,11,0.9431945538974952,1
1543,6,1,10,0.4850109582907571,2812,11,1.804272708628173,1
1785,6,1,10,0.7436452418264419,2983,11,1.804272708628173,1
1771,5,1,5,0.0433431817913568,2772,11,0.9431945538974952,1
1787,6,1,10,0.377578255899011,3082,11,0.8884502877862838,1
1680,2,1,10,0.0282786198031404,3001,11,0.8884502877862838,1
1036,5,1,10,0.6251269664239516,1514,11,1.804272708628173,1
1785,5,1,5,0.055280148723773,2646,11,1.804272708628173,1
1409,2,1,10,0.2471230135641045,2427,11,0.9431945538974952,1
1252,5,1,5,0.2025027408902398,2386,11,1.804272708628173,1
1648,6,1,5,0.0680685095778612,2976,11,0.8884502877862838,1
1674,6,1,5,1.2648927978752835,3563,11,0.9431945538974952,1
1558,6,1,10,0.382408638798155,2695,11,0.8884502877862838,1
1805,2,1,5,0.4492000574935084,3016,11,1.804272708628173,1
1737,2,1,5,0.1189439723633262,3080,11,0.9431945538974952,1
1653,6,1,10,0.3537043220341786,3037,11,0.8884502877862838,1
1584,6,1,5,0.1706708290704632,2878,11,1.804272708628173,1
1512,6,1,5,0.5287798370429498,2897,11,0.9431945538974952,1
1580,5,1,5,0.9823845804747664,3240,11,0.8884502877862838,1
1682,2,1,5,0.2621875755523209,2669,11,0.9431945538974952,1
1672,6,1,10,0.6123386055698634,3000,11,0.8884502877862838,1
1665,6,1,10,0.1237743552624702,2654,11,0.9431945538974952,1
1311,5,1,10,0.321872410214402,2723,11,0.8884502877862838,1
1535,5,1,10,0.1834591899245513,2736,11,1.804272708628173,1
1324,6,1,5,0.0672171156561892,2599,11,0.9431945538974952,1
1177,6,1,5,0.5296312309646218,1929,11,0.8884502877862838,1
1687,2,1,5,0.266166564529793,2933,11,0.8884502877862838,1
1589,2,1,10,0.1905657739578236,3009,11,1.804272708628173,1
1378,6,1,5,0.5566327598852544,3104,11,0.9431945538974952,1
1569,5,1,5,0.1158163773075261,2999,11,1.804272708628173,1
1675,5,1,5,0.4173681456737318,2908,11,0.9431945538974952,1
1759,2,1,10,0.4571580354484525,2631,11,0.9431945538974952,1
1741,2,1,5,0.4611370244259246,2972,11,0.8884502877862838,1
1738,6,1,10,0.2152911017443279,2606,11,0.9431945538974952,1
1438,5,1,5,0.0322576087806125,2612,11,0.9431945538974952,1
1549,6,1,10,0.2223976857776001,3175,11,1.804272708628173,1
1882,6,1,10,0.1109859944083821,2906,11,0.8884502877862838,1
1680,6,1,5,0.6720234402319445,3083,11,0.9431945538974952,1
1489,6,1,5,0.163564245037191,2759,11,1.804272708628173,1
1480,6,1,5,0.1348599282732145,3145,11,1.804272708628173,1
1437,6,1,10,0.3059564543045137,2500,11,0.9431945538974952,1
1704,6,1,10,0.588464671705031,3075,11,0.8884502877862838,1
1566,5,1,5,0.8112880544434671,3003,11,1.804272708628173,1
1618,6,1,10,0.751603219781386,3419,11,0.9431945538974952,1
1886,5,1,5,0.7555822087588581,3467,11,1.804272708628173,1
1724,2,1,10,0.7595611977363301,2998,11,1.804272708628173,1
1854,2,1,5,0.0433431817913568,2792,11,1.804272708628173,1
1624,5,1,5,0.3298303881693462,2771,11,0.9431945538974952,1
1861,2,1,10,0.8112880544434671,2888,11,1.804272708628173,1
1639,2,1,5,0.377578255899011,2968,11,0.9431945538974952,1
1445,5,1,10,0.3306817820910181,2250,11,0.9431945538974952,1
1638,6,1,10,0.64417051738964,3058,11,1.804272708628173,1
1419,6,1,5,0.1229229613407983,2895,11,0.9431945538974952,1
1802,5,1,10,0.1945447629352956,2970,11,1.804272708628173,1
1420,2,1,10,0.1556062670822468,2354,11,0.8884502877862838,1
1502,5,1,10,0.2343346527100163,3232,11,0.8884502877862838,1
1646,2,1,5,0.1158163773075261,2890,11,1.804272708628173,1
1615,6,1,10,0.3895152228314272,2844,11,0.8884502877862838,1
1715,5,1,10,0.1229229613407983,2722,11,0.8884502877862838,1
1547,5,1,5,0.6879393961418329,2978,11,1.804272708628173,1
1633,5,1,10,0.1030280164534379,2994,11,1.804272708628173,1
1376,5,1,10,0.3346607710684902,2476,11,1.804272708628173,1
1720,2,1,5,0.0751750936111334,2978,11,0.9431945538974952,1
1840,2,1,10,0.2064817298677118,2617,11,0.9431945538974952,1
1549,2,1,10,0.1149649833858541,2794,11,0.9431945538974952,1
1623,2,1,5,0.0521525536679729,2512,11,0.8884502877862838,1
1882,2,1,5,0.7277292859165536,2851,11,0.9431945538974952,1
1463,2,1,5,0.5137152750547335,2520,11,1.804272708628173,1
1583,6,1,10,0.1905657739578236,2690,11,0.8884502877862838,1
1299,6,1,5,0.6600864732995283,3026,11,0.9431945538974952,1
1459,2,1,10,0.2113121127668558,2420,11,0.8884502877862838,1
1655,2,1,5,0.1308809392957424,2836,11,0.9431945538974952,1
1525,2,1,10,0.2351860466316883,2858,11,0.9431945538974952,1
1309,2,1,5,0.2948708812937694,2649,11,1.804272708628173,1
1830,2,1,10,0.0680685095778612,2495,11,0.9431945538974952,1
1720,2,1,5,0.4332841015836201,3123,11,0.9431945538974952,1
1706,5,1,5,0.7754771536462185,2754,11,0.9431945538974952,1
1539,5,1,5,0.4133891566962597,2709,11,1.804272708628173,1
1474,5,1,10,0.6521284953445842,2849,11,0.9431945538974952,1
1295,6,1,10,0.1078583993525819,2764,11,0.9431945538974952,1
1494,2,1,10,0.0362365977580846,2633,11,0.8884502877862838,1
1521,5,1,5,0.10700700543091,3004,11,1.804272708628173,1
1476,2,1,5,0.2621875755523209,2606,11,0.9431945538974952,1
1883,6,1,5,0.4850109582907571,2832,11,1.804272708628173,1
1287,5,1,5,0.3497253330567065,2835,11,0.8884502877862838,1
1809,6,1,5,0.5685697268176706,3198,11,0.8884502877862838,1
1591,5,1,5,0.163564245037191,2490,11,1.804272708628173,1
1487,5,1,10,0.2263766747550722,2996,11,0.8884502877862838,1
1386,2,1,5,0.4938203301673731,2142,11,0.8884502877862838,1
1579,5,1,5,0.958510646609934,3490,11,1.804272708628173,1
1214,6,1,10,0.0154902589490523,2553,11,1.804272708628173,1
1571,5,1,10,0.270145553507265,3100,11,0.9431945538974952,1
1840,5,1,5,0.1547548731605749,2473,11,1.804272708628173,1
1663,6,1,10,0.0800054765102774,2993,11,0.8884502877862838,1
1709,2,1,5,0.3815572448764831,3482,11,1.804272708628173,1
1873,5,1,5,0.4889899472682291,2947,11,1.804272708628173,1
1849,6,1,10,0.6043806276149193,2986,11,0.8884502877862838,1
1308,6,1,10,0.0592591377012451,2249,11,1.804272708628173,1
1656,6,1,5,0.640191528412168,3421,11,1.804272708628173,1
1749,6,1,10,0.1277533442399423,2453,11,1.804272708628173,1
1854,6,1,10,0.377578255899011,3440,11,0.8884502877862838,1
1813,2,1,10,0.5765277047726147,2925,11,0.8884502877862838,1
1699,5,1,5,0.1476482891273027,2649,11,0.9431945538974952,1
1710,6,1,10,1.0022795253621266,3030,11,1.804272708628173,1
1562,5,1,10,0.4969479252231732,3040,11,0.9431945538974952,1
1377,5,1,10,0.2979984763495695,3059,11,1.804272708628173,1
1737,5,1,5,0.10700700543091,3236,11,0.9431945538974952,1
1457,2,1,5,0.1436693001498306,2450,11,0.8884502877862838,1
1865,5,1,10,0.2303556637325443,2719,11,0.9431945538974952,1
1707,6,1,10,0.4014521897638435,3085,11,0.8884502877862838,1
1873,5,1,10,0.1078583993525819,2584,11,0.8884502877862838,1
1693,6,1,10,0.5446957929528382,2979,11,1.804272708628173,1
1719,6,1,5,0.2860615094171533,2552,11,1.804272708628173,1
1697,2,1,5,0.1746498180479352,2495,11,0.8884502877862838,1
1450,6,1,10,0.8470989552407158,2996,11,0.9431945538974952,1
1198,2,1,10,0.1348599282732145,2641,11,0.9431945538974952,1
1487,2,1,10,0.5495261758519822,2301,11,0.8884502877862838,1
1492,5,1,5,0.2550809915190487,2355,11,0.9431945538974952,1
1642,2,1,5,0.7913931095561068,3117,11,0.8884502877862838,1
1614,6,1,5,0.588464671705031,3090,11,1.804272708628173,1
1397,6,1,10,0.4213471346512039,3373,11,0.9431945538974952,1
1650,6,1,5,0.5168428701105336,2831,11,1.804272708628173,1
1252,5,1,5,0.7078343410291932,3535,11,0.9431945538974952,1
1739,2,1,10,0.4651160134033967,3071,11,0.9431945538974952,1
1438,6,1,5,0.2152911017443279,2766,11,0.9431945538974952,1
1701,6,1,10,0.4452210685160363,3047,11,0.8884502877862838,1
1450,2,1,10,0.7595611977363301,3128,11,0.9431945538974952,1
1264,6,1,10,0.0592591377012451,2458,11,1.804272708628173,1
1475,2,1,5,0.2383136416874884,3187,11,1.804272708628173,1
1876,2,1,5,0.1786288070254073,2755,11,1.804272708628173,1
1519,6,1,10,0.2550809915190487,2578,11,0.8884502877862838,1
1690,2,1,5,0.2582085865748488,2967,11,0.9431945538974952,1
1674,6,1,10,0.4173681456737318,3210,11,1.804272708628173,1
1401,5,1,10,0.3934942118088994,3037,11,0.8884502877862838,1
1021,6,1,5,0.5495261758519822,2450,11,1.804272708628173,1
1085,6,1,5,0.0871120605435496,2860,11,1.804272708628173,1
1828,5,1,5,0.9346367127451014,2655,11,0.8884502877862838,1
1453,2,1,5,0.1985237519127677,2939,11,0.9431945538974952,1
1759,5,1,10,0.0513011597463009,3304,11,1.804272708628173,1
1727,2,1,5,0.4659674073250686,2924,11,0.8884502877862838,1
1756,2,1,10,0.6839604071643608,3044,11,1.804272708628173,1
1833,5,1,5,0.0521525536679729,2980,11,0.9431945538974952,1
1768,6,1,5,0.0839844654877495,2588,11,1.804272708628173,1
1439,6,1,5,0.0115112699715802,2905,11,0.9431945538974952,1
1720,2,1,10,0.1715222229921351,2515,11,1.804272708628173,1
1488,6,1,5,0.3426187490234343,2475,11,0.8884502877862838,1
1485,5,1,10,0.1436693001498306,2543,11,1.804272708628173,1
1669,6,1,10,0.3457463440792345,3037,11,0.8884502877862838,1
1431,5,1,5,0.4929689362457012,2779,11,0.9431945538974952,1
1474,6,1,5,0.5216732530096777,2407,11,0.9431945538974952,1
1726,5,1,5,0.2582085865748488,3053,11,0.9431945538974952,1
1317,6,1,5,0.1985237519127677,2881,11,1.804272708628173,1
1793,5,1,10,0.0274272258814685,2713,11,1.804272708628173,1
1514,2,1,10,0.163564245037191,2267,11,0.8884502877862838,1
1702,6,1,5,0.3537043220341786,3168,11,0.8884502877862838,1
1890,6,1,10,0.8789308670604924,2774,11,0.9431945538974952,1
1890,2,1,5,0.3576833110116507,3149,11,1.804272708628173,1
1525,5,1,5,0.3934942118088994,2680,11,0.8884502877862838,1
1169,5,1,5,0.2192700907218,2982,11,0.8884502877862838,1
1701,6,1,10,0.2820825204396813,3040,11,1.804272708628173,1
1762,6,1,5,0.2741245424847371,3009,11,0.8884502877862838,1
1672,2,1,5,0.5924436606825031,2665,11,0.9431945538974952,1
1825,6,1,5,0.2502506086199046,2689,11,0.8884502877862838,1
1577,5,1,5,0.3537043220341786,2409,11,1.804272708628173,1
1574,5,1,10,1.18133402934837,3426,11,1.804272708628173,1
1315,6,1,5,0.0672171156561892,2678,11,1.804272708628173,1
1602,2,1,10,0.1985237519127677,2562,11,0.8884502877862838,1
1605,6,1,10,0.5725487157951427,3268,11,0.9431945538974952,1
1433,5,1,5,0.0402155867355567,2719,11,1.804272708628173,1
1660,6,1,5,0.1189439723633262,3262,11,0.9431945538974952,1
1481,5,1,5,0.6919183851193049,3118,11,1.804272708628173,1
1414,2,1,10,0.5446957929528382,3264,11,1.804272708628173,1
1879,6,1,10,0.4412420795385642,2875,11,0.9431945538974952,1
1591,2,1,5,0.2979984763495695,3462,11,0.8884502877862838,1
1660,6,1,10,0.8112880544434671,3328,11,1.804272708628173,1
1472,5,1,5,0.3974732007863714,2772,11,0.8884502877862838,1
1434,6,1,5,0.1348599282732145,2598,11,0.8884502877862838,1
1499,5,1,5,0.4102615616404595,2362,11,0.9431945538974952,1
1711,5,1,10,0.7723495585904183,2681,11,0.9431945538974952,1
1689,5,1,10,0.0720474985553333,2667,11,1.804272708628173,1
1298,5,1,10,1.109712227753873,2873,11,1.804272708628173,1
1858,6,1,10,0.751603219781386,3129,11,0.9431945538974952,1
1693,2,1,10,0.5216732530096777,2908,11,0.8884502877862838,1
1536,5,1,5,0.5208218590880057,2836,11,0.8884502877862838,1
1870,6,1,5,0.8311829993308275,2927,11,0.8884502877862838,1
1649,5,1,5,0.8112880544434671,3187,11,0.8884502877862838,1
1425,6,1,5,0.2184186968001281,3011,11,0.8884502877862838,1
1483,2,1,5,0.1189439723633262,2732,11,0.8884502877862838,1
1731,2,1,5,0.2582085865748488,2803,11,1.804272708628173,1
1610,2,1,5,0.060110531622917,2689,11,0.8884502877862838,1
1461,5,1,10,0.5216732530096777,2037,11,0.9431945538974952,1
1765,6,1,10,0.377578255899011,2915,11,0.8884502877862838,1
1444,6,1,5,0.4531790464709804,2356,11,1.804272708628173,1
1710,5,1,5,0.0314062148589406,2663,11,0.9431945538974952,1
1807,6,1,10,0.1308809392957424,3183,11,1.804272708628173,1
1849,2,1,5,0.5685697268176706,3169,11,0.8884502877862838,1
1746,5,1,5,0.3537043220341786,2955,11,1.804272708628173,1
1016,5,1,10,0.0322576087806125,2338,11,0.9431945538974952,1
1649,2,1,5,0.0999004213976378,3037,11,1.804272708628173,1
918,6,1,5,0.1834591899245513,2505,11,0.9431945538974952,1
1783,5,1,5,0.0234482369039964,2970,11,1.804272708628173,1
1736,5,1,10,0.3178934212369299,2789,11,0.8884502877862838,1
1613,6,1,10,0.0433431817913568,3160,11,1.804272708628173,1
1435,2,1,5,0.7118133300066652,3123,11,0.9431945538974952,1
1650,2,1,5,0.1905657739578236,2867,11,1.804272708628173,1
1825,5,1,5,0.5924436606825031,3346,11,0.9431945538974952,1
1154,6,1,10,0.1467968952056307,2389,11,0.8884502877862838,1
1546,5,1,10,0.2462716196424326,2672,11,1.804272708628173,1
1807,5,1,10,1.555358993230745,3195,11,1.804272708628173,1
1449,5,1,5,0.2550809915190487,2636,11,0.8884502877862838,1
1613,6,1,5,0.1237743552624702,2417,11,1.804272708628173,1
1838,6,1,5,0.5964226496599752,3235,11,0.8884502877862838,1
1672,6,1,10,0.1834591899245513,2329,11,0.8884502877862838,1
1403,5,1,10,0.2542295975973768,2632,11,0.9431945538974952,1
1268,5,1,10,0.5216732530096777,2271,11,0.9431945538974952,1
1473,2,1,5,0.6163175945473355,2957,11,0.8884502877862838,1
1573,6,1,10,0.0711961046336613,2921,11,0.9431945538974952,1
1649,5,1,5,0.4889899472682291,2833,11,1.804272708628173,1
1707,6,1,5,0.1666918400929911,2928,11,1.804272708628173,1
1805,6,1,5,0.5248008480654778,3200,11,0.8884502877862838,1
1457,5,1,5,0.6043806276149193,2972,11,0.8884502877862838,1
1495,2,1,10,0.1109859944083821,2886,11,0.8884502877862838,1
1864,5,1,10,0.8272040103533554,3231,11,1.804272708628173,1
544,5,1,10,0.1109859944083821,849,6,0.9431945538974952,1
438,5,1,10,0.0999004213976378,802,6,0.9431945538974952,1
538,5,1,10,0.270996947428937,775,6,0.9431945538974952,1
577,5,1,5,0.2940194873720975,859,6,0.9431945538974952,1
609,5,1,10,0.0720474985553333,818,6,0.9431945538974952,1
623,6,1,5,0.0353852038364127,741,1,0.9431945538974952,1
842,6,1,5,0.7874141205786347,1097,1,0.9431945538974952,1
620,5,1,5,0.5009269142006454,841,6,0.9431945538974952,1
616,5,1,5,0.2820825204396813,794,6,0.9431945538974952,1
610,5,1,10,0.7157923189841373,849,6,0.9431945538974952,1
483,6,1,5,0.6680444512544724,863,6,0.9431945538974952,1
573,6,1,10,0.7277292859165536,871,1,0.9431945538974952,1
449,5,1,5,0.1834591899245513,760,1,0.9431945538974952,1
534,6,1,5,0.111837388330054,727,1,0.9431945538974952,1
544,6,1,5,0.1826077960028794,814,1,0.9431945538974952,1
655,6,1,10,0.4571580354484525,867,1,0.9431945538974952,1
623,5,1,10,0.0115112699715802,723,6,0.9431945538974952,1
609,5,1,10,0.0999004213976378,796,6,0.9431945538974952,1
567,5,1,10,0.3417673551017623,829,6,0.9431945538974952,1
584,6,1,5,0.1865867849803515,727,6,0.9431945538974952,1
534,6,1,10,0.699876363074249,658,6,0.9431945538974952,1
735,6,1,5,0.8510779442181878,1008,1,0.9431945538974952,1
600,5,1,5,0.3616622999891227,883,6,0.9431945538974952,1
684,5,1,10,0.5606117488627265,866,1,0.9431945538974952,1
640,6,1,10,0.1945447629352956,703,6,0.9431945538974952,1
595,5,1,10,0.4889899472682291,804,1,0.9431945538974952,1
654,6,1,5,0.2542295975973768,778,1,0.9431945538974952,1
489,6,1,10,0.4531790464709804,837,1,0.9431945538974952,1
460,5,1,10,0.1078583993525819,810,6,0.9431945538974952,1
663,6,1,5,0.9306577237676292,896,1,0.9431945538974952,1
662,6,1,5,0.6282545614797517,978,6,0.9431945538974952,1
584,5,1,5,0.5645907378401985,816,1,0.9431945538974952,1
468,6,1,10,0.1348599282732145,860,1,0.9431945538974952,1
681,5,1,5,0.4770529803358129,840,6,0.9431945538974952,1
597,5,1,5,0.0035532920166361,880,1,0.9431945538974952,1
597,6,1,10,0.0322576087806125,763,1,0.9431945538974952,1
644,5,1,5,0.6760024292094166,975,1,0.9431945538974952,1
520,6,1,5,0.1030280164534379,718,6,0.9431945538974952,1
540,5,1,10,0.2383136416874884,889,6,0.9431945538974952,1
632,6,1,5,0.3974732007863714,867,6,0.9431945538974952,1
535,6,1,10,0.2940194873720975,894,6,0.9431945538974952,1
556,5,1,5,0.3099354432819858,766,1,0.9431945538974952,1
562,5,1,10,0.1826077960028794,802,6,0.9431945538974952,1
529,5,1,10,0.2979984763495695,909,1,0.9431945538974952,1
694,6,1,10,0.3377883661242903,780,1,0.9431945538974952,1
635,6,1,10,0.3537043220341786,834,1,0.9431945538974952,1
637,6,1,5,0.6521284953445842,843,6,0.9431945538974952,1
509,6,1,5,0.4014521897638435,874,6,0.9431945538974952,1
490,5,1,10,0.214439707822656,740,6,0.9431945538974952,1
576,5,1,10,0.2303556637325443,833,6,0.9431945538974952,1
618,6,1,5,0.3616622999891227,701,6,0.9431945538974952,1
545,6,1,5,0.1189439723633262,846,1,0.9431945538974952,1
494,5,1,10,0.3457463440792345,818,6,0.9431945538974952,1
691,5,1,10,0.2582085865748488,904,6,0.9431945538974952,1
699,6,1,5,0.1308809392957424,941,1,0.9431945538974952,1
477,6,1,5,0.2422926306649605,849,1,0.9431945538974952,1
681,6,1,10,1.2052079632132024,1076,6,0.9431945538974952,1
761,6,1,10,0.5327588260204219,884,1,0.9431945538974952,1
603,5,1,5,0.2860615094171533,830,6,0.9431945538974952,1
696,6,1,5,0.9425946907000456,869,6,0.9431945538974952,1
582,5,1,10,0.6043806276149193,891,6,0.9431945538974952,1
657,5,1,5,0.2741245424847371,923,6,0.9431945538974952,1
741,6,1,10,0.7993510875110509,929,1,0.9431945538974952,1
509,5,1,5,0.377578255899011,895,1,0.9431945538974952,1
475,6,1,5,0.2272280686767442,775,1,0.9431945538974952,1
607,5,1,5,0.0910910495210217,722,6,0.9431945538974952,1
673,6,1,5,0.7038553520517211,860,6,0.9431945538974952,1
690,5,1,10,0.7714981646687463,880,1,0.9431945538974952,1
607,6,1,10,0.266166564529793,808,1,0.9431945538974952,1
583,5,1,5,0.0959214324201657,696,1,0.9431945538974952,1
521,6,1,10,0.382408638798155,747,1,0.9431945538974952,1
782,6,1,10,1.5195480924334963,1022,6,0.9431945538974952,1
649,6,1,5,0.8789308670604924,903,1,0.9431945538974952,1
546,6,1,10,0.056131542645445,803,1,0.9431945538974952,1
614,6,1,5,0.004404685938308,727,1,0.9431945538974952,1
642,5,1,5,0.6282545614797517,961,1,0.9431945538974952,1
444,5,1,5,0.0083836749157801,719,1,0.9431945538974952,1
666,6,1,5,0.4492000574935084,840,6,0.9431945538974952,1
479,6,1,10,0.2869129033388253,710,1,0.9431945538974952,1
613,6,1,10,0.1189439723633262,846,1,0.9431945538974952,1
554,5,1,5,0.4094101677187876,888,1,0.9431945538974952,1
648,6,1,5,0.10700700543091,832,1,0.9431945538974952,1
548,5,1,5,0.1507758841831028,870,1,0.9431945538974952,1
566,5,1,5,0.3386397600459622,819,6,0.9431945538974952,1
495,5,1,10,0.2979984763495695,650,6,0.9431945538974952,1
623,6,1,5,0.3338093771468182,853,1,0.9431945538974952,1
578,6,1,5,0.5964226496599752,859,6,0.9431945538974952,1
521,6,1,5,0.2152911017443279,650,6,0.9431945538974952,1
557,5,1,10,0.1945447629352956,736,1,0.9431945538974952,1
678,6,1,5,0.0592591377012451,690,6,0.9431945538974952,1
468,6,1,10,0.5526537709077823,913,6,0.9431945538974952,1
736,6,1,10,0.6123386055698634,1043,6,0.9431945538974952,1
635,5,1,5,0.6760024292094166,915,1,0.9431945538974952,1
580,6,1,10,0.7555822087588581,964,1,0.9431945538974952,1
493,5,1,5,0.3178934212369299,816,6,0.9431945538974952,1
579,5,1,10,0.2025027408902398,811,6,0.9431945538974952,1
598,6,1,5,0.5924436606825031,905,1,0.9431945538974952,1
688,6,1,10,0.7834351316011626,872,6,0.9431945538974952,1
720,6,1,5,0.0711961046336613,898,6,0.9431945538974952,1
565,6,1,10,0.214439707822656,871,1,0.9431945538974952,1
543,5,1,10,0.0035532920166361,800,1,0.9431945538974952,1
547,5,1,10,0.2860615094171533,932,1,0.9431945538974952,1
600,6,1,10,0.5168428701105336,865,6,0.9431945538974952,1
680,6,1,5,0.3855362338539552,989,6,0.9431945538974952,1
652,6,1,10,0.4929689362457012,796,1,0.9431945538974952,1
568,6,1,5,0.0910910495210217,696,6,0.9431945538974952,1
350,5,1,10,0.0154902589490523,792,1,0.9431945538974952,1
822,6,1,5,0.0672171156561892,846,6,0.9431945538974952,1
641,6,1,5,1.0062585143395988,929,1,0.9431945538974952,1
472,6,1,10,0.1357113221948865,707,6,0.9431945538974952,1
651,5,1,5,0.695897374096777,964,6,0.9431945538974952,1
497,6,1,10,0.1914171678794955,853,6,0.9431945538974952,1
569,5,1,10,0.373599266921539,830,1,0.9431945538974952,1
577,6,1,5,0.7396662528489698,981,1,0.9431945538974952,1
517,5,1,10,0.5924436606825031,879,1,0.9431945538974952,1
571,5,1,10,0.2462716196424326,640,6,0.9431945538974952,1
579,6,1,5,0.2471230135641045,728,1,0.9431945538974952,1
606,5,1,10,0.2343346527100163,815,1,0.9431945538974952,1
719,5,1,10,0.4173681456737318,924,1,0.9431945538974952,1
705,5,1,5,0.8152670434209391,931,6,0.9431945538974952,1
747,6,1,5,0.7157923189841373,957,6,0.9431945538974952,1
723,5,1,10,0.2502506086199046,873,1,0.9431945538974952,1
612,5,1,5,0.0672171156561892,765,6,0.9431945538974952,1
687,6,1,5,0.3059564543045137,776,1,0.9431945538974952,1
658,5,1,5,0.1348599282732145,972,6,0.9431945538974952,1
616,6,1,10,0.5168428701105336,765,1,0.9431945538974952,1
598,6,1,5,0.1914171678794955,869,1,0.9431945538974952,1
709,5,1,10,0.3974732007863714,779,6,0.9431945538974952,1
675,5,1,5,0.3656412889665948,854,1,0.9431945538974952,1
641,5,1,10,0.3497253330567065,897,6,0.9431945538974952,1
510,6,1,10,0.1308809392957424,837,6,0.9431945538974952,1
645,5,1,10,0.2343346527100163,675,1,0.9431945538974952,1
602,5,1,5,0.3187448151586018,764,1,0.9431945538974952,1
733,6,1,5,0.0433431817913568,857,6,0.9431945538974952,1
575,6,1,10,0.1945447629352956,984,6,0.9431945538974952,1
657,5,1,10,0.5009269142006454,832,1,0.9431945538974952,1
738,6,1,10,0.8192460323984113,1012,1,0.9431945538974952,1
495,6,1,10,0.1905657739578236,803,6,0.9431945538974952,1
629,5,1,10,0.2781035314622092,848,6,0.9431945538974952,1
487,6,1,10,0.2789549253838811,729,1,0.9431945538974952,1
471,5,1,5,0.2073331237893838,712,1,0.9431945538974952,1
477,5,1,10,0.2582085865748488,790,6,0.9431945538974952,1
681,5,1,10,0.6123386055698634,1015,1,0.9431945538974952,1
453,5,1,5,0.6609378672212003,602,6,0.9431945538974952,1
664,5,1,10,0.4730739913583408,909,1,0.9431945538974952,1
547,6,1,5,0.270145553507265,919,6,0.9431945538974952,1
436,5,1,5,0.2869129033388253,667,6,0.9431945538974952,1
305,6,1,5,0.3068078482261857,651,6,0.9431945538974952,1
699,6,1,5,0.0274272258814685,746,1,0.9431945538974952,1
606,6,1,5,0.3974732007863714,834,1,0.9431945538974952,1
532,5,1,10,0.7317082748940257,851,6,0.9431945538974952,1
681,6,1,10,0.2113121127668558,738,6,0.9431945538974952,1
589,5,1,10,0.0353852038364127,749,6,0.9431945538974952,1
727,6,1,5,1.185313018325842,1087,6,0.9431945538974952,1
602,5,1,5,0.4094101677187876,850,6,0.9431945538974952,1
569,6,1,5,0.3656412889665948,775,1,0.9431945538974952,1
645,6,1,10,1.0858382938890403,956,6,0.9431945538974952,1
461,5,1,10,0.4460724624377082,663,6,0.9431945538974952,1
625,5,1,5,0.7834351316011626,1045,1,0.9431945538974952,1
589,6,1,10,0.8272040103533554,940,6,0.9431945538974952,1
740,5,1,5,0.6083596165923914,971,6,0.9431945538974952,1
592,5,1,5,0.4571580354484525,825,6,0.9431945538974952,1
612,6,1,5,0.588464671705031,876,1,0.9431945538974952,1
582,5,1,10,0.8351619883082996,980,6,0.9431945538974952,1
623,5,1,10,0.2462716196424326,944,6,0.9431945538974952,1
630,5,1,10,0.2860615094171533,845,1,0.9431945538974952,1
576,5,1,10,0.5296312309646218,763,6,0.9431945538974952,1
520,6,1,5,0.5168428701105336,860,6,0.9431945538974952,1
547,6,1,5,0.0441945757130287,824,6,0.9431945538974952,1
556,5,1,10,0.0711961046336613,817,6,0.9431945538974952,1
539,6,1,10,0.8789308670604924,888,1,0.9431945538974952,1
595,5,1,10,0.4699463963025407,780,1,0.9431945538974952,1
690,6,1,5,0.7794561426236906,965,1,0.9431945538974952,1
579,5,1,10,0.5694211207393426,688,1,0.9431945538974952,1
563,5,1,5,0.0632381266787172,828,6,0.9431945538974952,1
525,5,1,10,0.3585347049333226,731,1,0.9431945538974952,1
487,5,1,10,0.7118133300066652,987,6,0.9431945538974952,1
624,5,1,5,0.3934942118088994,872,6,0.9431945538974952,1
668,6,1,5,0.5009269142006454,874,6,0.9431945538974952,1
660,5,1,10,0.4611370244259246,827,1,0.9431945538974952,1
798,5,1,5,0.540716803975366,917,6,0.9431945538974952,1
612,5,1,5,0.5645907378401985,943,1,0.9431945538974952,1
682,5,1,10,0.7356872638714977,1023,1,0.9431945538974952,1
671,5,1,10,0.10700700543091,753,1,0.9431945538974952,1
533,6,1,5,0.0473221707688289,703,1,0.9431945538974952,1
655,6,1,5,0.4571580354484525,784,6,0.9431945538974952,1
663,6,1,10,0.8470989552407158,807,6,0.9431945538974952,1
657,5,1,10,0.536737814997894,937,6,0.9431945538974952,1
427,5,1,5,0.2908918923162973,601,6,0.9431945538974952,1
687,5,1,5,0.266166564529793,848,1,0.9431945538974952,1
738,6,1,10,1.3245776325373646,1101,6,0.9431945538974952,1
665,5,1,5,1.567295960163161,905,6,0.9431945538974952,1
587,6,1,10,0.0871120605435496,825,6,0.9431945538974952,1
646,6,1,10,0.5009269142006454,917,1,0.9431945538974952,1
557,5,1,10,0.1078583993525819,796,6,0.9431945538974952,1
721,6,1,5,0.5964226496599752,920,6,0.9431945538974952,1
620,5,1,5,0.2502506086199046,815,6,0.9431945538974952,1
583,5,1,10,0.3068078482261857,707,1,0.9431945538974952,1
628,5,1,10,0.5566327598852544,978,6,0.9431945538974952,1
516,6,1,5,0.8311829993308275,829,1,0.9431945538974952,1
436,6,1,5,0.3537043220341786,763,6,0.9431945538974952,1
593,6,1,10,0.0194692479265244,779,6,0.9431945538974952,1
469,6,1,10,0.0839844654877495,907,6,0.9431945538974952,1
653,6,1,5,0.5844856827275589,851,6,0.9431945538974952,1
577,6,1,5,0.3059564543045137,877,6,0.9431945538974952,1
631,6,1,5,0.4054311787413155,727,6,0.9431945538974952,1
573,6,1,5,0.0083836749157801,759,1,0.9431945538974952,1
492,5,1,5,0.1476482891273027,778,6,0.9431945538974952,1
528,6,1,10,0.6004016386374472,945,1,0.9431945538974952,1
545,6,1,5,0.0362365977580846,728,1,0.9431945538974952,1
539,6,1,5,0.2073331237893838,828,6,0.9431945538974952,1
635,5,1,5,0.2223976857776001,788,1,0.9431945538974952,1
514,5,1,5,0.1706708290704632,660,1,0.9431945538974952,1
609,5,1,5,0.4412420795385642,843,6,0.9431945538974952,1
603,6,1,10,0.1945447629352956,803,6,0.9431945538974952,1
541,6,1,5,0.8431199662632437,976,6,0.9431945538974952,1
632,6,1,10,0.1556062670822468,747,1,0.9431945538974952,1
632,6,1,10,0.2940194873720975,1036,1,0.9431945538974952,1
696,6,1,10,1.237039875032979,1061,1,0.9431945538974952,1
501,5,1,5,0.5924436606825031,1019,6,0.9431945538974952,1
676,5,1,10,0.429305112606148,871,1,0.9431945538974952,1
698,6,1,10,0.4651160134033967,978,1,0.9431945538974952,1
753,5,1,5,0.9226997458126852,910,1,0.9431945538974952,1
528,5,1,10,0.6242755725022796,765,6,0.9431945538974952,1
570,6,1,10,0.4014521897638435,854,6,0.9431945538974952,1
612,5,1,5,0.4094101677187876,864,1,0.9431945538974952,1
570,6,1,5,0.0242996308256684,756,1,0.9431945538974952,1
555,6,1,10,0.6919183851193049,814,6,0.9431945538974952,1
470,5,1,10,0.4770529803358129,762,6,0.9431945538974952,1
576,6,1,10,0.6123386055698634,912,1,0.9431945538974952,1
640,6,1,5,0.3895152228314272,838,1,0.9431945538974952,1
711,6,1,5,0.2621875755523209,815,6,0.9431945538974952,1
665,5,1,5,0.3625136939107947,679,6,0.9431945538974952,1
712,5,1,5,0.5327588260204219,883,1,0.9431945538974952,1
514,6,1,5,0.266166564529793,797,6,0.9431945538974952,1
570,6,1,10,0.4889899472682291,878,1,0.9431945538974952,1
528,6,1,10,0.4452210685160363,800,6,0.9431945538974952,1
727,5,1,5,0.4014521897638435,777,6,0.9431945538974952,1
840,6,1,10,0.8232250213758834,857,6,0.9431945538974952,1
498,5,1,10,0.0473221707688289,858,6,0.9431945538974952,1
573,6,1,10,0.5606117488627265,744,6,0.9431945538974952,1
514,6,1,5,0.1229229613407983,671,6,0.9431945538974952,1
641,5,1,5,0.0234482369039964,899,1,0.9431945538974952,1
754,5,1,5,0.373599266921539,967,1,0.9431945538974952,1
685,6,1,10,0.1905657739578236,794,6,0.9431945538974952,1
653,5,1,5,0.3178934212369299,865,1,0.9431945538974952,1
463,5,1,5,0.2511020025415766,751,6,0.9431945538974952,1
554,5,1,5,0.162712851115519,850,1,0.9431945538974952,1
369,5,1,10,0.2630389694739928,543,6,0.9431945538974952,1
587,6,1,5,0.3139144322594578,841,6,0.9431945538974952,1
648,6,1,5,0.0203206418481963,970,6,0.9431945538974952,1
534,5,1,5,0.1388389172506866,819,6,0.9431945538974952,1
679,6,1,5,0.7078343410291932,782,6,0.9431945538974952,1
380,6,1,5,0.6768538231310886,616,6,0.9431945538974952,1
690,6,1,10,0.8868888450154365,952,1,0.9431945538974952,1
596,6,1,10,0.7317082748940257,922,6,0.9431945538974952,1
423,5,1,10,0.3338093771468182,718,6,0.9431945538974952,1
532,6,1,10,0.3386397600459622,743,6,0.9431945538974952,1
563,6,1,10,0.4500514514151803,638,6,0.9431945538974952,1
478,5,1,5,0.3059564543045137,831,6,0.9431945538974952,1
609,6,1,10,0.5128638811330616,946,1,0.9431945538974952,1
559,6,1,10,0.1666918400929911,916,6,0.9431945538974952,1
596,6,1,10,0.373599266921539,814,1,0.9431945538974952,1
671,5,1,5,0.958510646609934,1033,6,0.9431945538974952,1
531,6,1,10,0.2025027408902398,819,6,0.9431945538974952,1
630,6,1,10,0.5327588260204219,978,6,0.9431945538974952,1
695,5,1,10,0.8908678339929086,913,6,0.9431945538974952,1
741,6,1,5,0.2422926306649605,909,1,0.9431945538974952,1
655,6,1,5,1.2131659411681466,979,1,0.9431945538974952,1
588,5,1,10,0.1826077960028794,874,1,0.9431945538974952,1
512,5,1,10,0.6919183851193049,899,6,0.9431945538974952,1
694,5,1,10,0.7396662528489698,872,1,0.9431945538974952,1
616,5,1,5,0.6322335504572237,985,6,0.9431945538974952,1
532,6,1,5,0.3895152228314272,782,6,0.9431945538974952,1
672,6,1,5,0.0831330715660775,822,1,0.9431945538974952,1
504,6,1,10,0.2900404983946254,732,6,0.9431945538974952,1
488,5,1,5,0.004404685938308,675,1,0.9431945538974952,1
583,5,1,5,0.3377883661242903,787,1,0.9431945538974952,1
559,5,1,10,0.7555822087588581,878,1,0.9431945538974952,1
649,6,1,10,0.0751750936111334,880,6,0.9431945538974952,1
674,6,1,10,0.5049059031781175,947,1,0.9431945538974952,1
611,6,1,5,0.6123386055698634,884,1,0.9431945538974952,1
588,5,1,10,0.0513011597463009,883,1,0.9431945538974952,1
566,6,1,10,0.5606117488627265,805,1,0.9431945538974952,1
680,6,1,5,0.7237502969390814,991,1,0.9431945538974952,1
585,5,1,5,0.1786288070254073,935,1,0.9431945538974952,1
593,6,1,5,0.8948468229703807,860,6,0.9431945538974952,1
598,6,1,5,0.373599266921539,822,6,0.9431945538974952,1
627,5,1,5,0.3895152228314272,983,6,0.9431945538974952,1
398,5,1,10,0.1428179062281586,691,6,0.9431945538974952,1
641,5,1,5,0.640191528412168,902,1,0.9431945538974952,1
667,6,1,5,0.8351619883082996,828,1,0.9431945538974952,1
616,5,1,5,0.1507758841831028,1003,6,0.9431945538974952,1
603,5,1,5,0.859035922173132,1060,6,0.9431945538974952,1
539,5,1,10,0.0592591377012451,690,6,0.9431945538974952,1
617,5,1,5,0.2025027408902398,769,1,0.9431945538974952,1
509,5,1,10,0.3983245947080434,717,1,0.9431945538974952,1
543,5,1,5,0.2064817298677118,774,6,0.9431945538974952,1
608,5,1,10,0.6521284953445842,818,6,0.9431945538974952,1
683,6,1,5,0.6919183851193049,926,6,0.9431945538974952,1
592,5,1,5,0.5606117488627265,774,6,0.9431945538974952,1
471,6,1,10,0.5296312309646218,626,1,0.9431945538974952,1
570,5,1,5,0.3178934212369299,835,6,0.9431945538974952,1
420,5,1,10,0.4221985285728758,697,1,0.9431945538974952,1
638,5,1,5,0.2860615094171533,810,1,0.9431945538974952,1
641,5,1,10,0.3576833110116507,949,1,0.9431945538974952,1
541,6,1,10,0.378429649820683,731,1,0.9431945538974952,1
511,6,1,5,0.3656412889665948,828,1,0.9431945538974952,1
673,6,1,5,0.3019774653270416,816,6,0.9431945538974952,1
583,6,1,5,0.158733862138047,867,1,0.9431945538974952,1
730,6,1,10,0.4253261236286759,911,6,0.9431945538974952,1
624,5,1,10,0.0154902589490523,703,1,0.9431945538974952,1
741,6,1,5,0.5964226496599752,878,6,0.9431945538974952,1
525,5,1,10,0.4253261236286759,773,1,0.9431945538974952,1
582,5,1,5,0.8749518780830203,900,6,0.9431945538974952,1
674,6,1,5,0.6640654622770004,848,6,0.9431945538974952,1
632,5,1,10,0.3815572448764831,830,6,0.9431945538974952,1
508,5,1,5,0.0282786198031404,758,6,0.9431945538974952,1
692,6,1,10,0.377578255899011,770,1,0.9431945538974952,1
659,6,1,5,0.3099354432819858,946,6,0.9431945538974952,1
543,6,1,5,0.1865867849803515,889,6,0.9431945538974952,1
613,6,1,10,1.5951488830054656,1237,6,0.9431945538974952,1
517,6,1,5,0.266166564529793,851,6,0.9431945538974952,1
514,6,1,5,0.4372630905610921,999,6,0.9431945538974952,1
654,5,1,5,0.2781035314622092,925,6,0.9431945538974952,1
461,6,1,5,0.0800054765102774,745,1,0.9431945538974952,1
464,5,1,5,0.5208218590880057,715,6,0.9431945538974952,1
699,5,1,10,0.8789308670604924,1077,1,0.9431945538974952,1
722,6,1,10,1.2768297648076998,952,1,0.9431945538974952,1
458,6,1,10,0.0203206418481963,783,6,0.9431945538974952,1
617,6,1,10,0.10700700543091,671,1,0.9431945538974952,1
679,5,1,10,0.8232250213758834,928,1,0.9431945538974952,1
536,6,1,5,0.1357113221948865,822,6,0.9431945538974952,1
561,5,1,10,0.266166564529793,847,6,0.9431945538974952,1
750,5,1,10,0.640191528412168,909,6,0.9431945538974952,1
762,5,1,5,0.4571580354484525,905,1,0.9431945538974952,1
656,5,1,10,0.5645907378401985,1001,1,0.9431945538974952,1
688,5,1,5,0.6600864732995283,950,6,0.9431945538974952,1
565,5,1,5,0.0441945757130287,773,1,0.9431945538974952,1
695,5,1,5,0.7555822087588581,753,6,0.9431945538974952,1
661,6,1,10,0.5128638811330616,876,6,0.9431945538974952,1
691,5,1,10,0.6362125394346959,809,1,0.9431945538974952,1
597,5,1,5,0.4571580354484525,935,6,0.9431945538974952,1
612,6,1,5,0.0163416528707242,848,6,0.9431945538974952,1
521,5,1,10,0.4372630905610921,893,1,0.9431945538974952,1
447,6,1,10,0.167543234014663,765,1,0.9431945538974952,1
635,6,1,5,0.9425946907000456,920,6,0.9431945538974952,1
562,6,1,10,0.0473221707688289,752,6,0.9431945538974952,1
584,6,1,10,0.5327588260204219,772,6,0.9431945538974952,1
655,5,1,5,0.5526537709077823,971,6,0.9431945538974952,1
554,5,1,10,0.3377883661242903,927,1,0.9431945538974952,1
644,6,1,10,1.0858382938890403,984,1,0.9431945538974952,1
666,6,1,10,0.6163175945473355,918,6,0.9431945538974952,1
832,5,1,10,0.597274043581647,1368,6,0.8884502877862838,1
724,5,1,3,0.7444966357481138,1126,6,0.9431945538974952,1
611,5,1,3,0.6450219113113119,1105,6,0.9431945538974952,1
666,5,1,10,0.7683705696129463,1052,3,0.8884502877862838,1
684,5,1,10,0.6370639333563678,1066,3,0.9431945538974952,1
575,5,1,3,0.7047067459733931,1203,9,0.8884502877862838,1
689,5,1,10,0.7842865255228345,1043,9,0.9431945538974952,1
734,5,1,3,0.7405176467706417,1154,6,0.9431945538974952,1
691,5,1,3,0.6012530325591191,1188,3,0.9431945538974952,1
896,5,1,3,0.6291059554014237,1350,3,0.9431945538974952,1
586,5,1,10,0.7803075365453624,1032,6,0.8884502877862838,1
771,5,1,3,0.752454613703058,1101,6,0.9431945538974952,1
637,5,1,3,0.7723495585904183,1092,9,0.8884502877862838,1
614,5,1,3,0.7007277569959209,1095,3,0.9431945538974952,1
664,5,1,10,0.593295054604175,1244,9,0.9431945538974952,1
554,5,1,10,0.752454613703058,1160,3,0.9431945538974952,1
636,5,1,3,0.7803075365453624,1106,6,0.8884502877862838,1
741,5,1,10,0.6649168561986724,1252,9,0.8884502877862838,1
780,5,1,3,0.6450219113113119,1319,3,0.9431945538974952,1
720,5,1,10,0.6569588782437281,1263,6,0.9431945538974952,1
865,5,1,10,0.6092110105140632,1254,3,0.8884502877862838,1
815,5,1,10,0.5813580876717588,1349,9,0.9431945538974952,1
787,5,1,10,0.5296312309646218,1280,3,0.8884502877862838,1
760,5,1,10,0.6211479774464795,1226,6,0.8884502877862838,1
569,5,1,3,0.7206227018832814,1144,3,0.8884502877862838,1
945,5,1,3,0.537589208919566,1341,9,0.9431945538974952,1
603,5,1,10,0.6688958451761444,1148,9,0.9431945538974952,1
790,5,1,3,0.5734001097168147,1296,6,0.9431945538974952,1
833,5,1,10,0.537589208919566,1348,6,0.9431945538974952,1
826,5,1,3,0.6131899994915354,1313,3,0.9431945538974952,1
787,5,1,3,0.649000900288784,1167,3,0.8884502877862838,1
643,5,1,3,0.7007277569959209,1110,6,0.9431945538974952,1
610,5,1,3,0.6251269664239516,1250,3,0.9431945538974952,1
696,5,1,3,0.6848118010860327,1281,6,0.8884502877862838,1
763,5,1,3,0.6808328121085606,1252,3,0.9431945538974952,1
607,5,1,10,0.7206227018832814,1198,9,0.9431945538974952,1
621,5,1,3,0.5296312309646218,1317,9,0.8884502877862838,1
708,5,1,3,0.652979889266256,1019,6,0.9431945538974952,1
776,5,1,10,0.6649168561986724,1214,9,0.8884502877862838,1
652,5,1,3,0.5773790986942867,1268,9,0.8884502877862838,1
841,5,1,10,0.6370639333563678,1307,3,0.9431945538974952,1
673,5,1,3,0.537589208919566,1211,3,0.8884502877862838,1
585,5,1,3,0.6927697790409768,1152,9,0.8884502877862838,1
758,5,1,3,0.5734001097168147,1343,6,0.8884502877862838,1
596,5,1,3,0.808160459387667,1142,6,0.8884502877862838,1
731,5,1,10,0.6848118010860327,1218,3,0.8884502877862838,1
732,5,1,10,0.6688958451761444,1231,9,0.8884502877862838,1
733,5,1,10,0.5694211207393426,1340,6,0.8884502877862838,1
618,5,1,10,0.6768538231310886,1233,3,0.9431945538974952,1
791,5,1,10,0.6251269664239516,1344,6,0.9431945538974952,1
712,5,1,3,0.7007277569959209,1144,3,0.9431945538974952,1
700,5,1,10,0.6410429223338399,1154,3,0.9431945538974952,1
720,5,1,10,0.6609378672212003,1116,3,0.8884502877862838,1
804,5,1,10,0.6211479774464795,1315,9,0.9431945538974952,1
600,5,1,3,0.7007277569959209,1144,6,0.8884502877862838,1
647,5,1,3,0.6211479774464795,1241,9,0.8884502877862838,1
758,5,1,10,0.6688958451761444,1246,6,0.8884502877862838,1
798,5,1,10,0.652979889266256,1230,6,0.9431945538974952,1
723,5,1,10,0.6967487680184489,1229,9,0.9431945538974952,1
752,5,1,3,0.7246016908607534,1055,9,0.9431945538974952,1
759,5,1,3,0.6848118010860327,1187,9,0.8884502877862838,1
807,5,1,3,0.6808328121085606,1223,9,0.8884502877862838,1
547,5,1,3,0.6768538231310886,1065,3,0.9431945538974952,1
601,5,1,10,0.7763285475678904,1075,3,0.9431945538974952,1
790,5,1,3,0.6171689884690075,1237,6,0.8884502877862838,1
764,5,1,3,0.6927697790409768,1216,3,0.8884502877862838,1
674,5,1,3,0.7047067459733931,1096,6,0.9431945538974952,1
641,5,1,10,0.7405176467706417,1049,3,0.8884502877862838,1
696,5,1,3,0.7484756247255858,1076,6,0.9431945538974952,1
649,5,1,3,0.6450219113113119,1211,9,0.8884502877862838,1
622,5,1,10,0.7444966357481138,1126,3,0.8884502877862838,1
710,5,1,3,0.7484756247255858,1138,3,0.9431945538974952,1
734,5,1,10,0.652979889266256,1154,3,0.9431945538974952,1
705,5,1,3,0.6967487680184489,1220,3,0.9431945538974952,1
795,5,1,3,0.5694211207393426,1224,6,0.9431945538974952,1
575,5,1,10,0.6012530325591191,1140,3,0.9431945538974952,1
806,5,1,3,0.537589208919566,1387,6,0.9431945538974952,1
768,5,1,10,0.6171689884690075,1257,6,0.8884502877862838,1
791,5,1,10,0.5614631427843984,1318,3,0.8884502877862838,1
801,5,1,3,0.649000900288784,1319,6,0.8884502877862838,1
636,5,1,3,0.6052320215365912,1252,9,0.9431945538974952,1
711,5,1,10,0.6052320215365912,1175,9,0.8884502877862838,1
765,5,1,3,0.593295054604175,1318,9,0.9431945538974952,1
633,5,1,10,0.5734001097168147,1191,3,0.9431945538974952,1
660,5,1,10,0.7763285475678904,1038,6,0.8884502877862838,1
806,5,1,3,0.6131899994915354,1282,6,0.8884502877862838,1
664,5,1,3,0.7962234924552508,1128,6,0.9431945538974952,1
606,5,1,10,0.7842865255228345,1057,9,0.8884502877862838,1
668,5,1,3,0.7047067459733931,1106,3,0.8884502877862838,1
721,5,1,10,0.6609378672212003,1237,6,0.8884502877862838,1
761,5,1,10,0.6251269664239516,1249,3,0.8884502877862838,1
704,5,1,10,0.7126647239283372,1114,3,0.9431945538974952,1
725,5,1,10,0.6688958451761444,1242,3,0.8884502877862838,1
562,5,1,3,0.7246016908607534,1200,3,0.9431945538974952,1
807,5,1,10,0.5336102199420939,1382,6,0.9431945538974952,1
658,5,1,10,0.6291059554014237,1228,3,0.9431945538974952,1
880,5,1,3,0.5535051648294542,1335,6,0.9431945538974952,1
736,5,1,10,0.6370639333563678,1264,6,0.8884502877862838,1
738,5,1,10,0.5893160656267029,1256,9,0.8884502877862838,1
621,5,1,3,0.649000900288784,1092,3,0.8884502877862838,1
789,5,1,3,0.6848118010860327,1170,9,0.9431945538974952,1
719,5,1,3,0.7047067459733931,1089,9,0.9431945538974952,1
782,5,1,3,0.5614631427843984,1358,9,0.9431945538974952,1
816,5,1,10,0.6291059554014237,1233,3,0.8884502877862838,1
569,5,1,3,0.6450219113113119,1159,9,0.9431945538974952,1
829,5,1,3,0.5654421317618704,1373,3,0.8884502877862838,1
649,5,1,10,0.7285806798382255,1175,3,0.9431945538974952,1
586,5,1,10,0.7405176467706417,1032,9,0.9431945538974952,1
611,5,1,3,0.7206227018832814,1216,9,0.8884502877862838,1
836,5,1,3,0.5535051648294542,1385,9,0.9431945538974952,1
651,5,1,3,0.6887907900635047,1169,3,0.8884502877862838,1
709,5,1,10,0.6410429223338399,1175,6,0.9431945538974952,1
718,5,1,3,0.652979889266256,1339,3,0.9431945538974952,1
662,5,1,3,0.6728748341536165,1136,6,0.8884502877862838,1
691,5,1,3,0.7166437129058093,1187,9,0.8884502877862838,1
788,5,1,10,0.6052320215365912,1304,9,0.8884502877862838,1
703,5,1,10,0.6569588782437281,1285,3,0.8884502877862838,1
670,5,1,10,0.6609378672212003,1199,3,0.9431945538974952,1
807,5,1,10,0.7047067459733931,1208,9,0.8884502877862838,1
767,5,1,10,0.5336102199420939,1406,9,0.9431945538974952,1
652,5,1,10,0.7047067459733931,1100,6,0.8884502877862838,1
840,5,1,3,0.6052320215365912,1238,9,0.8884502877862838,1
844,5,1,10,0.5296312309646218,1221,3,0.9431945538974952,1
736,5,1,10,0.7803075365453624,1108,6,0.9431945538974952,1
724,5,1,10,0.5853370766492308,1230,6,0.9431945538974952,1
800,5,1,10,0.5535051648294542,1357,3,0.8884502877862838,1
627,5,1,10,0.649000900288784,1167,9,0.8884502877862838,1
697,5,1,10,0.6330849443788957,1158,9,0.8884502877862838,1
634,5,1,10,0.6092110105140632,1285,6,0.8884502877862838,1
681,5,1,10,0.7325596688156976,1123,3,0.9431945538974952,1
634,5,1,3,0.7206227018832814,1119,6,0.8884502877862838,1
774,5,1,10,0.6848118010860327,1156,3,0.9431945538974952,1
677,5,1,10,0.652979889266256,1213,6,0.8884502877862838,1
819,5,1,3,0.6330849443788957,1142,9,0.8884502877862838,1
627,5,1,10,0.7206227018832814,1192,3,0.9431945538974952,1
738,5,1,10,0.6728748341536165,1061,3,0.8884502877862838,1
883,5,1,10,0.5734001097168147,1302,6,0.8884502877862838,1
698,5,1,3,0.652979889266256,1285,3,0.9431945538974952,1
634,5,1,10,0.7246016908607534,1194,6,0.9431945538974952,1
523,5,1,10,0.7285806798382255,1115,3,0.9431945538974952,1
589,5,1,3,0.752454613703058,1130,9,0.9431945538974952,1
816,5,1,10,0.5813580876717588,1346,3,0.9431945538974952,1
716,5,1,3,0.6370639333563678,1181,6,0.8884502877862838,1
701,5,1,10,0.6887907900635047,1244,6,0.9431945538974952,1
761,5,1,3,0.5773790986942867,1180,9,0.8884502877862838,1
746,5,1,10,0.6291059554014237,1100,3,0.8884502877862838,1
772,5,1,3,0.6887907900635047,1130,3,0.9431945538974952,1
696,5,1,3,0.4739253852800127,1246,3,0.9431945538974952,1
710,5,1,10,0.6291059554014237,1301,9,0.9431945538974952,1
815,5,1,10,0.6410429223338399,1341,3,0.8884502877862838,1
758,5,1,10,0.6092110105140632,1274,9,0.8884502877862838,1
646,5,1,10,0.7086857349508652,1111,6,0.9431945538974952,1
812,5,1,10,0.5773790986942867,1200,3,0.8884502877862838,1
704,5,1,10,0.5694211207393426,1248,6,0.8884502877862838,1
701,5,1,3,0.7444966357481138,1096,6,0.8884502877862838,1
767,5,1,10,0.6728748341536165,1284,6,0.8884502877862838,1
651,5,1,10,0.652979889266256,1251,3,0.9431945538974952,1
701,5,1,10,0.6569588782437281,1192,3,0.9431945538974952,1
783,5,1,10,0.6410429223338399,1083,6,0.8884502877862838,1
859,5,1,3,0.6728748341536165,1195,3,0.9431945538974952,1
624,5,1,10,0.6052320215365912,1182,6,0.9431945538974952,1
606,5,1,10,0.6330849443788957,1204,3,0.9431945538974952,1
826,5,1,3,0.5296312309646218,1298,6,0.9431945538974952,1
764,5,1,10,0.5614631427843984,1337,3,0.8884502877862838,1
665,5,1,10,0.7246016908607534,1071,9,0.9431945538974952,1
687,5,1,3,0.7086857349508652,1151,6,0.8884502877862838,1
798,5,1,10,0.537589208919566,1193,6,0.9431945538974952,1
628,5,1,10,0.7246016908607534,1187,9,0.8884502877862838,1
538,5,1,3,0.7285806798382255,1136,3,0.8884502877862838,1
777,5,1,3,0.6887907900635047,1183,9,0.8884502877862838,1
761,5,1,3,0.6410429223338399,1302,3,0.8884502877862838,1
759,5,1,3,0.6688958451761444,1207,3,0.9431945538974952,1
778,5,1,3,0.7405176467706417,1164,9,0.8884502877862838,1
567,5,1,3,0.6768538231310886,1233,6,0.9431945538974952,1
706,5,1,3,0.6967487680184489,1191,3,0.9431945538974952,1
654,5,1,3,0.6887907900635047,1122,6,0.9431945538974952,1
700,5,1,10,0.6211479774464795,1243,9,0.8884502877862838,1
763,5,1,3,0.6092110105140632,1203,6,0.9431945538974952,1
749,5,1,3,0.541568197897038,1128,9,0.9431945538974952,1
700,5,1,10,0.7763285475678904,1095,9,0.9431945538974952,1
717,5,1,10,0.6768538231310886,1260,9,0.9431945538974952,1
711,5,1,3,0.6569588782437281,1190,9,0.8884502877862838,1
760,5,1,3,0.6728748341536165,1152,3,0.8884502877862838,1
734,5,1,10,0.7086857349508652,1184,3,0.9431945538974952,1
676,5,1,3,0.652979889266256,1255,9,0.8884502877862838,1
676,5,1,3,0.7365386577931696,1090,3,0.8884502877862838,1
588,5,1,10,0.7683705696129463,1144,9,0.9431945538974952,1
696,5,1,3,0.5654421317618704,1177,6,0.8884502877862838,1
697,5,1,3,0.7047067459733931,1120,6,0.8884502877862838,1
585,5,1,10,0.6808328121085606,1181,3,0.8884502877862838,1
711,5,1,10,0.652979889266256,1274,3,0.8884502877862838,1
754,5,1,10,0.6927697790409768,1152,6,0.9431945538974952,1
631,5,1,3,0.7643915806354742,1037,9,0.8884502877862838,1
824,5,1,10,0.4540304403926524,1373,3,0.8884502877862838,1
636,5,1,10,0.652979889266256,1121,3,0.9431945538974952,1
687,5,1,10,0.6967487680184489,1171,3,0.9431945538974952,1
685,5,1,3,0.6131899994915354,1306,9,0.8884502877862838,1
635,5,1,3,0.6688958451761444,1192,6,0.8884502877862838,1
647,5,1,3,0.7285806798382255,1055,3,0.9431945538974952,1
805,5,1,10,0.6370639333563678,1129,6,0.9431945538974952,1
613,5,1,3,0.7444966357481138,1096,9,0.9431945538974952,1
656,5,1,10,0.6768538231310886,1181,6,0.9431945538974952,1
818,5,1,10,0.5256522419871498,1391,3,0.9431945538974952,1
514,5,1,3,0.8280554042750273,1014,6,0.8884502877862838,1
865,5,1,3,0.5813580876717588,1260,9,0.9431945538974952,1
723,5,1,10,0.6211479774464795,1239,6,0.8884502877862838,1
864,5,1,10,0.5057572970997893,1427,3,0.9431945538974952,1
706,5,1,10,0.6967487680184489,1191,9,0.8884502877862838,1
623,5,1,10,0.7325596688156976,1067,3,0.9431945538974952,1
763,5,1,3,0.5694211207393426,1278,6,0.8884502877862838,1
811,5,1,3,0.5694211207393426,1286,9,0.9431945538974952,1
647,5,1,10,0.649000900288784,1322,6,0.9431945538974952,1
632,5,1,3,0.6808328121085606,1119,6,0.8884502877862838,1
612,5,1,3,0.7166437129058093,1121,9,0.9431945538974952,1
855,5,1,10,0.6291059554014237,1258,9,0.8884502877862838,1
674,5,1,3,0.7047067459733931,1225,3,0.8884502877862838,1
637,5,1,10,0.6808328121085606,1199,9,0.8884502877862838,1
699,5,1,3,0.6012530325591191,1159,3,0.9431945538974952,1
652,5,1,10,0.6092110105140632,1165,3,0.9431945538974952,1
667,5,1,3,0.6211479774464795,1210,6,0.8884502877862838,1
706,5,1,10,0.6848118010860327,1068,3,0.8884502877862838,1
731,5,1,3,0.6688958451761444,1243,6,0.8884502877862838,1
718,5,1,10,0.7007277569959209,1168,9,0.8884502877862838,1
717,5,1,3,0.6887907900635047,1137,6,0.8884502877862838,1
772,5,1,3,0.6052320215365912,1266,6,0.8884502877862838,1
704,5,1,3,0.652979889266256,1285,9,0.8884502877862838,1
655,5,1,10,0.7285806798382255,1182,6,0.8884502877862838,1
740,5,1,3,0.7086857349508652,1118,3,0.8884502877862838,1
643,5,1,3,0.7444966357481138,1079,9,0.9431945538974952,1
731,5,1,3,0.7325596688156976,1113,6,0.9431945538974952,1
689,5,1,3,0.6131899994915354,1319,9,0.9431945538974952,1
667,5,1,3,0.6370639333563678,1142,3,0.9431945538974952,1
649,5,1,10,0.6967487680184489,1143,6,0.8884502877862838,1
704,5,1,3,0.7166437129058093,1160,6,0.8884502877862838,1
620,5,1,3,0.7842865255228345,1090,3,0.9431945538974952,1
618,5,1,3,0.6052320215365912,1159,9,0.8884502877862838,1
610,5,1,10,0.6967487680184489,1119,9,0.8884502877862838,1
820,5,1,10,0.5853370766492308,1274,9,0.9431945538974952,1
703,5,1,10,0.652979889266256,1100,9,0.9431945538974952,1
731,5,1,10,0.6649168561986724,1250,3,0.9431945538974952,1
520,5,1,3,0.7086857349508652,1142,6,0.9431945538974952,1
753,5,1,3,0.6848118010860327,1222,3,0.8884502877862838,1
612,5,1,3,0.8121394483651391,1092,6,0.8884502877862838,1
825,5,1,3,0.5694211207393426,1176,6,0.9431945538974952,1
864,5,1,3,0.6410429223338399,1252,9,0.8884502877862838,1
845,5,1,3,0.6927697790409768,1254,3,0.8884502877862838,1
745,5,1,3,0.6052320215365912,1241,9,0.8884502877862838,1
645,5,1,3,0.7086857349508652,1241,6,0.8884502877862838,1
598,5,1,10,0.7166437129058093,1166,9,0.9431945538974952,1
734,5,1,3,0.7405176467706417,1187,9,0.8884502877862838,1
618,5,1,10,0.7285806798382255,1161,3,0.8884502877862838,1
672,5,1,3,0.7405176467706417,1013,9,0.9431945538974952,1
775,5,1,10,0.6092110105140632,1335,6,0.8884502877862838,1
648,5,1,3,0.5853370766492308,1238,3,0.9431945538974952,1
809,5,1,3,0.6052320215365912,1291,3,0.9431945538974952,1
525,5,1,10,0.752454613703058,1166,6,0.9431945538974952,1
666,5,1,10,0.6330849443788957,1226,6,0.8884502877862838,1
649,5,1,3,0.7126647239283372,1223,9,0.9431945538974952,1
771,5,1,10,0.6609378672212003,1261,3,0.8884502877862838,1
811,5,1,3,0.5574841538069263,1252,3,0.8884502877862838,1
787,5,1,3,0.6688958451761444,1154,6,0.8884502877862838,1
658,5,1,3,0.6967487680184489,1213,9,0.9431945538974952,1
708,5,1,10,0.7166437129058093,1143,3,0.9431945538974952,1
740,5,1,3,0.6450219113113119,1234,6,0.8884502877862838,1
701,5,1,10,0.6291059554014237,1247,9,0.9431945538974952,1
687,5,1,3,0.5614631427843984,1313,9,0.8884502877862838,1
641,5,1,3,0.7206227018832814,1265,3,0.9431945538974952,1
788,5,1,10,0.7405176467706417,1053,6,0.8884502877862838,1
688,5,1,10,0.7285806798382255,1166,6,0.8884502877862838,1
669,5,1,10,0.7604125916580021,1094,6,0.8884502877862838,1
624,5,1,10,0.6251269664239516,1101,9,0.8884502877862838,1
852,5,1,10,0.5574841538069263,1329,9,0.8884502877862838,1
682,5,1,3,0.6092110105140632,1315,6,0.9431945538974952,1
703,5,1,10,0.7126647239283372,1130,6,0.8884502877862838,1
748,5,1,3,0.6251269664239516,1146,9,0.8884502877862838,1
744,5,1,10,0.6251269664239516,1169,3,0.9431945538974952,1
647,5,1,10,0.6848118010860327,1225,3,0.9431945538974952,1
711,5,1,3,0.7604125916580021,1115,6,0.8884502877862838,1
763,5,1,10,0.597274043581647,1313,3,0.9431945538974952,1
691,5,1,10,0.6848118010860327,1263,6,0.9431945538974952,1
655,5,1,3,0.6052320215365912,1228,3,0.8884502877862838,1
514,5,1,10,0.8240764152975553,1016,9,0.8884502877862838,1
711,5,1,10,0.6291059554014237,1252,3,0.9431945538974952,1
739,5,1,10,0.6211479774464795,1222,3,0.9431945538974952,1
647,5,1,10,0.6251269664239516,1287,3,0.8884502877862838,1
713,5,1,10,0.6967487680184489,1117,3,0.9431945538974952,1
770,5,1,3,0.6330849443788957,1396,3,0.9431945538974952,1
659,5,1,10,0.6848118010860327,1146,6,0.9431945538974952,1
776,5,1,3,0.6410429223338399,1275,6,0.8884502877862838,1
762,5,1,10,0.6887907900635047,1214,6,0.9431945538974952,1
597,5,1,3,0.6609378672212003,1118,3,0.9431945538974952,1
663,5,1,3,0.6609378672212003,1201,3,0.9431945538974952,1
671,5,1,3,0.649000900288784,1149,9,0.8884502877862838,1
747,5,1,10,0.593295054604175,1311,6,0.8884502877862838,1
720,5,1,10,0.649000900288784,1213,3,0.9431945538974952,1
778,5,1,10,0.6251269664239516,1222,9,0.9431945538974952,1
745,5,1,3,0.6251269664239516,1264,3,0.9431945538974952,1
742,5,1,10,0.7086857349508652,1215,3,0.9431945538974952,1
637,5,1,10,0.652979889266256,1224,9,0.8884502877862838,1
760,5,1,10,0.6569588782437281,1244,3,0.8884502877862838,1
784,5,1,10,0.5813580876717588,1247,3,0.9431945538974952,1
618,5,1,10,0.7285806798382255,1129,6,0.8884502877862838,1
744,5,1,10,0.6728748341536165,1162,9,0.9431945538974952,1
713,5,1,10,0.6330849443788957,1177,6,0.8884502877862838,1
693,5,1,3,0.7643915806354742,1112,9,0.8884502877862838,1
720,5,1,10,0.6569588782437281,1298,6,0.8884502877862838,1
851,5,1,10,0.5057572970997893,1466,6,0.9431945538974952,1
688,5,1,3,0.7047067459733931,1042,6,0.8884502877862838,1
605,5,1,10,0.6848118010860327,1211,9,0.9431945538974952,1
681,5,1,10,0.652979889266256,1293,6,0.8884502877862838,1
817,5,1,3,0.5734001097168147,1232,3,0.9431945538974952,1
789,5,1,10,0.6171689884690075,1253,3,0.9431945538974952,1
747,5,1,10,0.6887907900635047,1136,9,0.9431945538974952,1
836,5,1,10,0.6291059554014237,1278,9,0.8884502877862838,1
731,5,1,10,0.652979889266256,1178,9,0.8884502877862838,1
714,5,1,3,0.6370639333563678,1252,6,0.9431945538974952,1
691,5,1,10,0.6649168561986724,1221,3,0.8884502877862838,1
593,5,1,10,0.7086857349508652,1155,9,0.8884502877862838,1
788,5,1,3,0.6410429223338399,1273,6,0.9431945538974952,1
734,5,1,3,0.5694211207393426,1297,3,0.8884502877862838,1
671,5,1,3,0.6291059554014237,1292,6,0.9431945538974952,1
804,5,1,10,0.6410429223338399,1287,3,0.8884502877862838,1
824,5,1,10,0.597274043581647,1155,3,0.9431945538974952,1
774,5,1,3,0.6450219113113119,1227,9,0.8884502877862838,1
706,5,1,10,0.6211479774464795,1379,9,0.8884502877862838,1
805,5,1,10,0.652979889266256,1154,3,0.8884502877862838,1
689,5,1,3,0.6370639333563678,1113,3,0.9431945538974952,1
600,5,1,10,0.8280554042750273,1109,9,0.8884502877862838,1
506,5,1,3,0.752454613703058,1075,3,0.9431945538974952,1
809,5,1,10,0.7047067459733931,1106,3,0.9431945538974952,1
636,5,1,10,0.6768538231310886,1199,9,0.8884502877862838,1
605,5,1,3,0.6848118010860327,1086,6,0.8884502877862838,1
832,5,1,3,0.6848118010860327,1308,9,0.9431945538974952,1
681,5,1,3,0.5654421317618704,1240,3,0.9431945538974952,1
576,5,1,3,0.7444966357481138,1059,9,0.8884502877862838,1
667,5,1,10,0.7007277569959209,1190,3,0.8884502877862838,1
844,5,1,10,0.752454613703058,1163,9,0.8884502877862838,1
728,5,1,3,0.7285806798382255,1171,3,0.9431945538974952,1
802,5,1,10,0.6052320215365912,1303,3,0.9431945538974952,1
753,5,1,3,0.6649168561986724,1340,9,0.9431945538974952,1
741,5,1,10,0.6171689884690075,1194,9,0.8884502877862838,1
742,5,1,3,0.6330849443788957,1255,3,0.9431945538974952,1
658,5,1,10,0.6609378672212003,1261,3,0.8884502877862838,1
740,5,1,3,0.6808328121085606,1126,9,0.9431945538974952,1
685,5,1,10,0.6848118010860327,1183,3,0.8884502877862838,1
779,5,1,10,0.5574841538069263,1258,6,0.8884502877862838,1
578,5,1,3,0.7086857349508652,1263,3,0.8884502877862838,1
620,5,1,10,0.6688958451761444,1176,3,0.8884502877862838,1
577,5,1,10,0.6171689884690075,1184,9,0.8884502877862838,1
656,5,1,3,0.6410429223338399,1209,6,0.8884502877862838,1
691,5,1,10,0.6251269664239516,1124,3,0.9431945538974952,1
730,5,1,3,0.7047067459733931,1118,6,0.8884502877862838,1
631,5,1,3,0.7047067459733931,1183,6,0.8884502877862838,1
1475,2,1,5,0.4221985285728758,2485,9,0.9431945538974952,1
1254,2,1,10,0.4381144844827641,2447,3,0.8884502877862838,1
1507,6,1,0,0.537589208919566,2642,3,0.9431945538974952,1
1654,6,1,5,0.541568197897038,2359,6,0.9431945538974952,1
1363,6,1,10,0.3863876277756271,2524,3,0.8884502877862838,1
1508,6,1,5,0.3585347049333226,2422,3,0.8884502877862838,1
1084,6,1,0,0.270996947428937,2710,3,0.8884502877862838,1
1724,6,1,10,0.3545557159558505,2467,9,0.9431945538974952,1
1308,2,1,10,0.4062825726629875,2625,9,0.8884502877862838,1
1684,5,1,0,0.4779043742574848,2713,9,0.8884502877862838,1
1024,6,1,0,0.6092110105140632,2116,9,0.8884502877862838,1
1144,5,1,5,0.270996947428937,2893,9,0.8884502877862838,1
1263,5,1,10,0.3585347049333226,2683,3,0.9431945538974952,1
1653,2,1,10,0.4699463963025407,2503,3,0.9431945538974952,1
1642,2,1,10,0.5654421317618704,2376,3,0.9431945538974952,1
904,2,1,0,0.8240764152975553,1962,3,0.9431945538974952,1
1460,6,1,5,0.3943456057305713,2509,3,0.8884502877862838,1
1300,6,1,5,0.4500514514151803,2566,3,0.9431945538974952,1
1339,6,1,0,0.3386397600459622,2459,6,0.9431945538974952,1
1470,5,1,5,0.3625136939107947,2678,9,0.9431945538974952,1
1184,2,1,10,0.5574841538069263,2373,6,0.9431945538974952,1
1201,5,1,10,0.3227238041360739,2503,3,0.9431945538974952,1
1284,5,1,0,0.5017783081223173,2522,3,0.9431945538974952,1
1307,2,1,0,0.649000900288784,2197,6,0.8884502877862838,1
1482,5,1,10,0.1715222229921351,2770,6,0.9431945538974952,1
982,5,1,5,0.4500514514151803,2266,3,0.8884502877862838,1
1731,2,1,5,0.3465977380009064,2440,3,0.8884502877862838,1
1343,2,1,5,0.4898413411899011,2610,9,0.9431945538974952,1
1357,6,1,10,0.5654421317618704,2582,9,0.8884502877862838,1
1450,2,1,0,0.3585347049333226,2514,3,0.8884502877862838,1
1368,6,1,5,0.3744506608432109,2645,9,0.8884502877862838,1
1601,2,1,0,0.2232490796992721,2885,3,0.9431945538974952,1
1577,6,1,5,0.593295054604175,2391,3,0.8884502877862838,1
1475,5,1,5,0.485862352212429,2529,9,0.9431945538974952,1
1359,5,1,10,0.4301565065278199,2399,3,0.9431945538974952,1
1235,5,1,0,0.1953961568569676,2776,9,0.9431945538974952,1
1281,5,1,10,0.2988498702712415,2664,9,0.9431945538974952,1
1400,6,1,0,0.5495261758519822,2264,9,0.8884502877862838,1
1361,6,1,0,0.270996947428937,2399,9,0.9431945538974952,1
1298,2,1,0,0.4102615616404595,2609,9,0.8884502877862838,1
883,2,1,0,0.4938203301673731,2261,6,0.8884502877862838,1
1057,6,1,10,0.5137152750547335,2211,6,0.8884502877862838,1
1380,2,1,0,0.3585347049333226,2446,3,0.9431945538974952,1
1253,2,1,0,0.5813580876717588,2433,3,0.9431945538974952,1
1445,2,1,5,0.1914171678794955,2740,3,0.9431945538974952,1
1702,2,1,10,0.5057572970997893,2550,3,0.8884502877862838,1
1403,2,1,10,0.5336102199420939,2346,3,0.8884502877862838,1
1147,6,1,5,0.434135495505292,2507,3,0.8884502877862838,1
866,5,1,5,0.6291059554014237,2234,6,0.8884502877862838,1
1373,5,1,0,0.3903666167530992,2572,3,0.8884502877862838,1
1624,5,1,0,0.274975936406409,2763,6,0.9431945538974952,1
1243,6,1,5,0.5176942640322055,2348,9,0.9431945538974952,1
1382,5,1,0,0.4221985285728758,2369,9,0.9431945538974952,1
1441,5,1,5,0.2152911017443279,2723,6,0.9431945538974952,1
1022,6,1,0,0.541568197897038,2343,3,0.8884502877862838,1
1038,2,1,0,0.6808328121085606,2109,3,0.8884502877862838,1
1341,2,1,0,0.4142405506179316,2453,6,0.9431945538974952,1
1572,5,1,0,0.3505767269783785,2656,6,0.9431945538974952,1
1353,2,1,0,0.4221985285728758,2581,9,0.8884502877862838,1
1235,5,1,5,0.4102615616404595,2525,9,0.9431945538974952,1
1433,5,1,0,0.434135495505292,2363,9,0.9431945538974952,1
685,2,1,5,0.6649168561986724,2295,6,0.8884502877862838,1
1330,5,1,5,0.3545557159558505,2550,6,0.8884502877862838,1
1383,5,1,0,0.3107868372036577,2430,9,0.8884502877862838,1
349,5,1,10,0.96732001848655,2120,9,0.9431945538974952,1
1329,5,1,10,0.4381144844827641,2545,3,0.9431945538974952,1
1169,5,1,10,0.6211479774464795,2274,9,0.9431945538974952,1
1411,6,1,10,0.3426187490234343,2506,3,0.9431945538974952,1
823,6,1,0,0.9076351838244688,1846,9,0.8884502877862838,1
1424,2,1,10,0.5296312309646218,2611,9,0.8884502877862838,1
1218,6,1,0,0.4739253852800127,2190,3,0.8884502877862838,1
1295,5,1,10,0.274975936406409,2809,6,0.9431945538974952,1
1295,5,1,0,0.3664926828882667,2438,9,0.8884502877862838,1
1206,2,1,10,0.2908918923162973,2282,9,0.9431945538974952,1
1529,5,1,5,0.1595852560597189,2518,3,0.8884502877862838,1
1180,2,1,5,0.5893160656267029,2279,9,0.9431945538974952,1
979,2,1,5,0.4898413411899011,2199,6,0.8884502877862838,1
1437,6,1,10,0.4580094293701244,2588,9,0.8884502877862838,1
1247,5,1,5,0.6211479774464795,2436,9,0.8884502877862838,1
1427,5,1,0,0.3943456057305713,2445,9,0.9431945538974952,1
1803,2,1,5,0.3505767269783785,2543,3,0.8884502877862838,1
1431,5,1,10,0.4540304403926524,2229,9,0.8884502877862838,1
1220,2,1,5,0.5296312309646218,2314,3,0.9431945538974952,1
1425,6,1,5,0.4420934734602362,2684,3,0.8884502877862838,1
1648,2,1,5,0.5216732530096777,2488,9,0.9431945538974952,1
1607,5,1,5,0.4699463963025407,2678,9,0.8884502877862838,1
1513,2,1,5,0.4381144844827641,2542,3,0.9431945538974952,1
999,6,1,0,0.4420934734602362,2212,9,0.8884502877862838,1
1339,6,1,10,0.4500514514151803,2486,9,0.9431945538974952,1
1291,5,1,10,0.326702793113546,2489,9,0.9431945538974952,1
1016,6,1,0,0.5216732530096777,2510,3,0.9431945538974952,1
1133,2,1,10,0.5574841538069263,2342,6,0.9431945538974952,1
1271,6,1,5,0.4619884183475966,2445,3,0.8884502877862838,1
1378,2,1,10,0.274975936406409,2845,9,0.8884502877862838,1
1350,6,1,10,0.5097362860772614,2395,6,0.8884502877862838,1
1326,6,1,10,0.541568197897038,2302,9,0.9431945538974952,1
1456,5,1,5,0.4023035836855154,2676,9,0.8884502877862838,1
1474,6,1,0,0.4898413411899011,2318,6,0.9431945538974952,1
1519,5,1,5,0.2908918923162973,2586,6,0.9431945538974952,1
1327,2,1,0,0.4818833632349569,2374,3,0.8884502877862838,1
1227,6,1,0,0.597274043581647,2418,6,0.8884502877862838,1
1053,6,1,10,0.6688958451761444,2405,9,0.9431945538974952,1
1569,5,1,5,0.4659674073250686,2477,6,0.8884502877862838,1
1202,5,1,5,0.2073331237893838,2649,9,0.9431945538974952,1
876,2,1,5,0.5574841538069263,2445,3,0.9431945538974952,1
993,6,1,0,0.4699463963025407,2436,6,0.9431945538974952,1
1320,6,1,10,0.4818833632349569,2383,3,0.8884502877862838,1
1397,6,1,5,0.5216732530096777,2449,6,0.8884502877862838,1
1128,6,1,5,0.8161184373426111,2235,3,0.8884502877862838,1
892,5,1,10,0.7086857349508652,2137,6,0.8884502877862838,1
1494,6,1,10,0.597274043581647,2289,6,0.9431945538974952,1
1459,2,1,0,0.2113121127668558,2757,6,0.8884502877862838,1
1207,6,1,0,0.5495261758519822,2195,9,0.9431945538974952,1
1667,6,1,10,0.3346607710684902,2636,6,0.9431945538974952,1
1297,5,1,0,0.274975936406409,2372,9,0.9431945538974952,1
1513,5,1,10,0.3426187490234343,2579,6,0.8884502877862838,1
1463,6,1,10,0.6131899994915354,2327,6,0.8884502877862838,1
1551,5,1,0,0.2869129033388253,2673,6,0.8884502877862838,1
1098,6,1,5,0.4977993191448452,2277,6,0.9431945538974952,1
1508,6,1,0,0.2590599804965208,2690,3,0.9431945538974952,1
1535,2,1,5,0.4182195395954037,2470,3,0.9431945538974952,1
1479,6,1,10,0.2391650356091604,2685,9,0.9431945538974952,1
1379,6,1,0,0.4898413411899011,2548,6,0.9431945538974952,1
1384,6,1,5,0.2550809915190487,2563,9,0.9431945538974952,1
1379,5,1,5,0.5137152750547335,2339,6,0.8884502877862838,1
1495,5,1,5,0.4142405506179316,2601,6,0.9431945538974952,1
1030,6,1,10,0.3227238041360739,2641,6,0.9431945538974952,1
1023,6,1,10,0.6092110105140632,2241,9,0.9431945538974952,1
1505,6,1,10,0.4659674073250686,2380,6,0.9431945538974952,1
1419,6,1,10,0.3943456057305713,2516,9,0.9431945538974952,1
1282,6,1,10,0.4779043742574848,2385,3,0.9431945538974952,1
1294,6,1,5,0.485862352212429,2491,6,0.8884502877862838,1
1390,5,1,10,0.4580094293701244,2593,3,0.9431945538974952,1
1479,2,1,5,0.5694211207393426,2577,6,0.8884502877862838,1
1160,5,1,0,0.4301565065278199,2463,3,0.9431945538974952,1
1136,2,1,5,0.4023035836855154,2517,3,0.8884502877862838,1
1162,5,1,10,0.4739253852800127,2363,3,0.8884502877862838,1
1462,2,1,5,0.5057572970997893,2330,9,0.9431945538974952,1
1329,6,1,0,0.485862352212429,2526,6,0.9431945538974952,1
1222,5,1,10,0.7126647239283372,2006,9,0.9431945538974952,1
1173,6,1,5,0.6131899994915354,2588,9,0.8884502877862838,1
839,5,1,5,0.4739253852800127,2471,6,0.9431945538974952,1
1120,6,1,0,0.4381144844827641,2348,9,0.9431945538974952,1
1357,2,1,0,0.4381144844827641,2474,3,0.8884502877862838,1
965,5,1,0,0.4898413411899011,2332,6,0.9431945538974952,1
1499,6,1,0,0.2351860466316883,2778,3,0.9431945538974952,1
1269,5,1,10,0.537589208919566,2452,3,0.8884502877862838,1
1233,5,1,5,0.3426187490234343,2417,6,0.8884502877862838,1
1191,2,1,10,0.5336102199420939,2496,3,0.8884502877862838,1
1474,5,1,10,0.485862352212429,2573,9,0.9431945538974952,1
1602,2,1,0,0.3306817820910181,2534,6,0.9431945538974952,1
1411,5,1,5,0.378429649820683,2608,6,0.8884502877862838,1
766,6,1,0,0.6370639333563678,2059,9,0.9431945538974952,1
1614,2,1,10,0.2908918923162973,2535,6,0.8884502877862838,1
1165,5,1,0,0.3187448151586018,2605,6,0.9431945538974952,1
1482,5,1,10,0.3306817820910181,2534,9,0.8884502877862838,1
1375,2,1,10,0.3068078482261857,2590,9,0.9431945538974952,1
1320,6,1,5,0.5296312309646218,2385,9,0.9431945538974952,1
1023,5,1,5,0.5574841538069263,2411,3,0.9431945538974952,1
1008,6,1,0,0.4261775175503479,2357,9,0.8884502877862838,1
1228,2,1,0,0.485862352212429,2342,9,0.8884502877862838,1
1351,5,1,5,0.1953961568569676,2446,9,0.9431945538974952,1
1165,6,1,0,0.4938203301673731,2428,9,0.9431945538974952,1
1087,5,1,0,0.652979889266256,2249,6,0.8884502877862838,1
1367,6,1,10,0.4062825726629875,2602,6,0.9431945538974952,1
1152,6,1,10,0.4977993191448452,2638,9,0.9431945538974952,1
1201,2,1,0,0.4420934734602362,2275,3,0.9431945538974952,1
1149,6,1,0,0.4898413411899011,2401,9,0.8884502877862838,1
1109,2,1,5,0.4301565065278199,2505,3,0.8884502877862838,1
1467,5,1,5,0.4420934734602362,2445,6,0.9431945538974952,1
1314,6,1,5,0.2550809915190487,2532,6,0.9431945538974952,1
1351,6,1,10,0.4818833632349569,2467,6,0.8884502877862838,1
1497,6,1,5,0.3346607710684902,2644,3,0.8884502877862838,1
1336,6,1,10,0.652979889266256,2502,9,0.9431945538974952,1
1263,5,1,0,0.3903666167530992,2420,3,0.8884502877862838,1
1660,6,1,0,0.4420934734602362,2479,9,0.9431945538974952,1
1557,2,1,10,0.2948708812937694,2650,9,0.8884502877862838,1
1066,5,1,10,0.4938203301673731,2186,6,0.9431945538974952,1
1585,6,1,10,0.326702793113546,2417,6,0.8884502877862838,1
1301,5,1,10,0.4420934734602362,2430,9,0.9431945538974952,1
1484,2,1,5,0.434135495505292,2620,6,0.9431945538974952,1
1818,6,1,10,0.0402155867355567,2767,9,0.8884502877862838,1
1134,5,1,5,0.5614631427843984,2382,9,0.9431945538974952,1
1351,2,1,10,0.4540304403926524,2344,9,0.8884502877862838,1
1584,5,1,5,0.3028288592487136,2547,9,0.8884502877862838,1
1028,5,1,5,0.4699463963025407,2383,6,0.9431945538974952,1
1326,2,1,0,0.4420934734602362,2230,6,0.9431945538974952,1
1369,6,1,0,0.2590599804965208,2593,6,0.8884502877862838,1
1240,2,1,0,0.3983245947080434,2424,6,0.8884502877862838,1
1595,6,1,0,0.3863876277756271,2655,6,0.9431945538974952,1
1654,5,1,0,0.3227238041360739,2588,6,0.9431945538974952,1
1126,6,1,10,0.2511020025415766,2704,9,0.8884502877862838,1
1087,6,1,0,0.5773790986942867,2258,3,0.9431945538974952,1
1131,6,1,0,0.4779043742574848,2331,3,0.8884502877862838,1
974,2,1,5,0.3863876277756271,2484,9,0.9431945538974952,1
1269,2,1,5,0.4619884183475966,2609,6,0.8884502877862838,1
1356,2,1,5,0.3664926828882667,2531,9,0.8884502877862838,1
1679,6,1,5,0.4977993191448452,2399,6,0.9431945538974952,1
1636,6,1,5,0.4500514514151803,2427,6,0.8884502877862838,1
1437,5,1,5,0.537589208919566,2452,3,0.9431945538974952,1
933,5,1,0,0.6370639333563678,2199,9,0.8884502877862838,1
1112,6,1,10,0.4898413411899011,2375,3,0.9431945538974952,1
1463,5,1,10,0.5734001097168147,2216,6,0.9431945538974952,1
1713,2,1,5,0.2829339143613532,2801,9,0.8884502877862838,1
1584,6,1,10,0.2232490796992721,2602,9,0.8884502877862838,1
1533,5,1,0,0.3545557159558505,2708,9,0.9431945538974952,1
1337,5,1,0,0.270996947428937,2530,6,0.8884502877862838,1
1607,5,1,5,0.2511020025415766,2697,9,0.8884502877862838,1
1259,6,1,10,0.5853370766492308,2119,3,0.9431945538974952,1
688,6,1,10,0.7086857349508652,2254,6,0.8884502877862838,1
1234,6,1,5,0.4420934734602362,2619,3,0.9431945538974952,1
1190,6,1,5,0.4261775175503479,2636,3,0.9431945538974952,1
1488,5,1,5,0.5893160656267029,2284,3,0.9431945538974952,1
1454,5,1,0,0.3704716718657388,2571,3,0.9431945538974952,1
1312,2,1,10,0.3545557159558505,2427,9,0.9431945538974952,1
1315,6,1,0,0.5296312309646218,2509,6,0.9431945538974952,1
1070,6,1,0,0.4659674073250686,2541,9,0.8884502877862838,1
1063,5,1,5,0.5097362860772614,2570,9,0.9431945538974952,1
1375,2,1,0,0.4381144844827641,2698,3,0.9431945538974952,1
1037,5,1,0,0.7126647239283372,2481,9,0.8884502877862838,1
1237,5,1,5,0.3386397600459622,2551,3,0.8884502877862838,1
1142,5,1,10,0.2152911017443279,2722,6,0.8884502877862838,1
1604,5,1,10,0.4102615616404595,2868,3,0.9431945538974952,1
1272,5,1,0,0.3664926828882667,2492,3,0.9431945538974952,1
1508,2,1,0,0.2789549253838811,2754,3,0.8884502877862838,1
945,5,1,0,0.6052320215365912,2528,9,0.9431945538974952,1
1488,2,1,0,0.2391650356091604,2642,6,0.9431945538974952,1
1295,5,1,0,0.3227238041360739,2543,3,0.8884502877862838,1
1598,2,1,0,0.3505767269783785,2668,9,0.8884502877862838,1
795,2,1,5,0.6410429223338399,2253,6,0.9431945538974952,1
1002,5,1,5,0.5574841538069263,2196,3,0.9431945538974952,1
924,2,1,5,0.5535051648294542,2364,9,0.8884502877862838,1
1475,5,1,5,0.485862352212429,2254,3,0.8884502877862838,1
1488,6,1,0,0.3983245947080434,2607,6,0.9431945538974952,1
1523,2,1,5,0.3107868372036577,2636,6,0.8884502877862838,1
833,5,1,10,0.6370639333563678,2345,6,0.8884502877862838,1
1356,6,1,10,0.5495261758519822,2418,9,0.8884502877862838,1
1009,2,1,0,0.6291059554014237,2336,6,0.9431945538974952,1
1415,2,1,5,0.3744506608432109,2582,6,0.8884502877862838,1
1822,6,1,10,0.4381144844827641,2349,9,0.9431945538974952,1
911,5,1,0,0.485862352212429,2368,9,0.8884502877862838,1
1116,5,1,0,0.4619884183475966,2449,3,0.9431945538974952,1
1528,5,1,10,0.4102615616404595,2373,9,0.8884502877862838,1
1193,6,1,5,0.5057572970997893,2360,9,0.9431945538974952,1
1508,6,1,5,0.434135495505292,2592,6,0.8884502877862838,1
1011,5,1,5,0.4938203301673731,2352,6,0.9431945538974952,1
1573,2,1,0,0.270996947428937,2668,6,0.8884502877862838,1
1197,2,1,5,0.752454613703058,2094,3,0.9431945538974952,1
760,2,1,10,0.4898413411899011,2392,6,0.9431945538974952,1
1398,5,1,5,0.4381144844827641,2463,3,0.8884502877862838,1
1311,6,1,10,0.593295054604175,2500,9,0.8884502877862838,1
1021,6,1,10,0.5336102199420939,2252,9,0.9431945538974952,1
1136,5,1,10,0.3227238041360739,2463,6,0.8884502877862838,1
894,2,1,5,0.5694211207393426,2259,9,0.8884502877862838,1
1337,6,1,0,0.4381144844827641,2317,9,0.9431945538974952,1
1341,2,1,0,0.4420934734602362,2562,6,0.8884502877862838,1
1418,5,1,10,0.2511020025415766,2479,6,0.8884502877862838,1
840,2,1,0,0.7962234924552508,2112,6,0.8884502877862838,1
1289,5,1,0,0.3028288592487136,2560,9,0.9431945538974952,1
1121,2,1,0,0.7166437129058093,2373,9,0.9431945538974952,1
1189,6,1,10,0.6131899994915354,2199,6,0.9431945538974952,1
1181,2,1,5,0.3664926828882667,2184,6,0.9431945538974952,1
1044,6,1,10,0.4102615616404595,2422,9,0.8884502877862838,1
1263,2,1,5,0.4261775175503479,2554,3,0.8884502877862838,1
1128,2,1,10,0.3664926828882667,2326,9,0.8884502877862838,1
1727,5,1,5,0.2033541348119117,2660,3,0.9431945538974952,1
1599,5,1,0,0.4580094293701244,2339,3,0.9431945538974952,1
1078,2,1,5,0.4938203301673731,2213,9,0.9431945538974952,1
1568,5,1,0,0.4898413411899011,2442,9,0.9431945538974952,1
1267,2,1,5,0.4301565065278199,2079,9,0.9431945538974952,1
1053,5,1,10,0.6410429223338399,2510,6,0.8884502877862838,1
1294,2,1,5,0.485862352212429,2447,3,0.9431945538974952,1
1194,5,1,0,0.485862352212429,2370,9,0.8884502877862838,1
1441,2,1,0,0.4779043742574848,2238,9,0.9431945538974952,1
1749,6,1,5,0.4062825726629875,2604,6,0.8884502877862838,1
1506,5,1,10,0.5455471868745101,2501,6,0.9431945538974952,1
1563,5,1,5,0.2630389694739928,2570,6,0.8884502877862838,1
1214,6,1,10,0.4938203301673731,2352,6,0.8884502877862838,1
1147,6,1,10,0.3585347049333226,2528,6,0.9431945538974952,1
1462,5,1,5,0.5614631427843984,2315,6,0.8884502877862838,1
977,2,1,10,0.5614631427843984,2232,6,0.9431945538974952,1
1281,2,1,5,0.382408638798155,2518,6,0.9431945538974952,1
1532,6,1,0,0.4221985285728758,2474,9,0.9431945538974952,1
1431,6,1,10,0.3028288592487136,2824,6,0.9431945538974952,1
1335,5,1,10,0.3863876277756271,2444,9,0.8884502877862838,1
1301,5,1,5,0.5574841538069263,2389,6,0.8884502877862838,1
1590,6,1,5,0.2033541348119117,2587,3,0.9431945538974952,1
1710,2,1,0,0.3943456057305713,2781,6,0.8884502877862838,1
1046,5,1,10,0.4659674073250686,2403,3,0.9431945538974952,1
1623,2,1,5,0.2471230135641045,2641,6,0.9431945538974952,1
1400,5,1,10,0.4023035836855154,2590,3,0.8884502877862838,1
1488,5,1,10,0.597274043581647,2327,9,0.9431945538974952,1
1122,6,1,0,0.5893160656267029,2595,3,0.8884502877862838,1
1231,2,1,10,0.2232490796992721,2524,3,0.9431945538974952,1
1625,2,1,10,0.3545557159558505,2589,3,0.9431945538974952,1
1441,5,1,10,0.2033541348119117,2709,9,0.9431945538974952,1
1418,6,1,0,0.4500514514151803,2458,9,0.8884502877862838,1
1212,5,1,5,0.3306817820910181,2662,9,0.8884502877862838,1
1488,6,1,10,0.5535051648294542,2374,9,0.8884502877862838,1
1522,6,1,5,0.3028288592487136,2721,3,0.8884502877862838,1
1327,5,1,5,0.2869129033388253,2796,6,0.9431945538974952,1
1530,2,1,5,0.3625136939107947,2702,9,0.9431945538974952,1
1195,2,1,10,0.4182195395954037,2484,9,0.8884502877862838,1
1450,6,1,0,0.4739253852800127,2400,9,0.9431945538974952,1
1369,5,1,10,0.4023035836855154,2608,6,0.9431945538974952,1
1244,5,1,0,0.3664926828882667,2589,3,0.8884502877862838,1
914,5,1,0,0.6370639333563678,2359,3,0.9431945538974952,1
1329,5,1,10,0.3625136939107947,2791,9,0.8884502877862838,1
1473,5,1,0,0.2471230135641045,2590,3,0.8884502877862838,1
1416,6,1,5,0.5137152750547335,2346,9,0.8884502877862838,1
1451,2,1,5,0.382408638798155,2596,9,0.8884502877862838,1
780,2,1,0,0.5057572970997893,2381,6,0.9431945538974952,1
1256,6,1,0,0.7444966357481138,2243,9,0.9431945538974952,1
1142,2,1,10,0.5296312309646218,2443,3,0.9431945538974952,1
1380,2,1,10,0.3983245947080434,2514,6,0.9431945538974952,1
1153,5,1,0,0.4102615616404595,2457,3,0.8884502877862838,1
1176,5,1,10,0.652979889266256,2246,3,0.8884502877862838,1
1264,6,1,0,0.3863876277756271,2591,9,0.9431945538974952,1
1572,2,1,5,0.5893160656267029,2328,9,0.9431945538974952,1
1330,6,1,10,0.6251269664239516,2407,3,0.9431945538974952,1
1540,6,1,0,0.5734001097168147,2430,3,0.9431945538974952,1
1146,5,1,10,0.4381144844827641,2489,3,0.9431945538974952,1
1274,2,1,10,0.3943456057305713,2583,9,0.9431945538974952,1
1255,6,1,0,0.5654421317618704,2214,3,0.9431945538974952,1
920,2,1,0,0.6410429223338399,2169,6,0.9431945538974952,1
1055,5,1,5,0.4779043742574848,2590,6,0.8884502877862838,1
1396,5,1,5,0.5495261758519822,2459,6,0.9431945538974952,1
981,6,1,5,0.6927697790409768,2404,6,0.8884502877862838,1
997,2,1,5,0.6410429223338399,2150,9,0.9431945538974952,1
1507,5,1,5,0.3187448151586018,2680,9,0.9431945538974952,1
1301,5,1,0,0.4221985285728758,2454,3,0.8884502877862838,1
1045,6,1,0,0.5216732530096777,2275,9,0.8884502877862838,1
1755,5,1,0,0.4739253852800127,2644,3,0.9431945538974952,1
1282,6,1,0,0.3664926828882667,2531,3,0.8884502877862838,1
1802,5,1,0,0.378429649820683,2396,9,0.9431945538974952,1
1148,5,1,5,0.4460724624377082,2560,9,0.9431945538974952,1
1791,6,1,10,0.2630389694739928,2624,9,0.9431945538974952,1
1422,5,1,0,0.4938203301673731,2696,3,0.8884502877862838,1
934,6,1,5,0.5137152750547335,2591,6,0.9431945538974952,1
1529,5,1,10,0.3465977380009064,2491,6,0.9431945538974952,1
1716,5,1,10,0.4818833632349569,2373,3,0.9431945538974952,1
1512,5,1,5,0.3664926828882667,2367,9,0.8884502877862838,1
1009,5,1,5,0.6330849443788957,2061,6,0.8884502877862838,1
1688,5,1,10,0.4580094293701244,2525,6,0.8884502877862838,1
1430,5,1,5,0.2471230135641045,2656,6,0.8884502877862838,1
1111,6,1,10,0.378429649820683,2515,6,0.8884502877862838,1
1609,6,1,0,0.2829339143613532,2594,6,0.9431945538974952,1
1399,6,1,0,0.5017783081223173,2335,6,0.9431945538974952,1
1311,6,1,5,0.537589208919566,2495,9,0.9431945538974952,1
867,2,1,0,0.4739253852800127,2191,9,0.9431945538974952,1
1183,2,1,0,0.649000900288784,2160,3,0.8884502877862838,1
1255,2,1,10,0.5813580876717588,2475,9,0.8884502877862838,1
608,5,1,11,0.3306817820910181,792,6,0.8884502877862838,1
555,5,1,10,0.0999004213976378,956,1,0.8884502877862838,1
648,5,1,10,0.2590599804965208,816,1,0.9431945538974952,1
674,5,1,10,0.2422926306649605,917,6,0.9431945538974952,1
566,5,1,11,0.378429649820683,863,6,0.9431945538974952,1
565,5,1,10,0.5813580876717588,790,1,0.8884502877862838,1
674,2,1,11,0.2860615094171533,923,1,0.9431945538974952,1
951,5,1,10,0.2900404983946254,944,6,0.9431945538974952,1
669,5,1,11,0.0322576087806125,833,1,0.8884502877862838,1
757,2,1,10,0.1317323332174144,1005,6,0.8884502877862838,1
710,5,1,11,0.2113121127668558,909,6,0.8884502877862838,1
632,5,1,10,0.0680685095778612,853,1,0.8884502877862838,1
531,5,1,11,0.4420934734602362,725,6,0.9431945538974952,1
607,2,1,11,0.6370639333563678,693,6,0.8884502877862838,1
641,5,1,11,0.4023035836855154,838,1,0.8884502877862838,1
590,2,1,11,0.1953961568569676,752,6,0.9431945538974952,1
564,2,1,10,0.4938203301673731,618,6,0.8884502877862838,1
644,5,1,10,0.0910910495210217,906,6,0.9431945538974952,1
707,5,1,10,0.0075322809941081,820,1,0.8884502877862838,1
654,5,1,11,0.1308809392957424,859,1,0.9431945538974952,1
580,5,1,11,0.0362365977580846,867,1,0.9431945538974952,1
772,5,1,10,0.695897374096777,1102,1,0.8884502877862838,1
746,5,1,10,0.2184186968001281,916,1,0.9431945538974952,1
422,5,1,10,0.4062825726629875,649,6,0.9431945538974952,1
667,2,1,11,0.0393641928138847,782,6,0.8884502877862838,1
636,5,1,10,0.0163416528707242,842,6,0.8884502877862838,1
497,2,1,10,0.2670179584514649,823,6,0.8884502877862838,1
663,5,1,11,0.3227238041360739,739,1,0.9431945538974952,1
624,2,1,11,0.3068078482261857,696,1,0.9431945538974952,1
559,5,1,10,0.1556062670822468,796,6,0.9431945538974952,1
785,5,1,11,0.4651160134033967,1015,1,0.8884502877862838,1
689,5,1,10,0.1794802009470793,894,1,0.9431945538974952,1
576,5,1,10,0.0362365977580846,818,6,0.8884502877862838,1
474,5,1,11,0.2988498702712415,674,1,0.8884502877862838,1
680,5,1,10,0.1277533442399423,812,1,0.9431945538974952,1
635,2,1,11,0.4619884183475966,771,6,0.9431945538974952,1
400,5,1,11,0.3147658261811298,675,6,0.8884502877862838,1
696,5,1,11,0.1945447629352956,814,1,0.8884502877862838,1
684,5,1,11,0.1149649833858541,1017,6,0.9431945538974952,1
779,5,1,10,0.1269019503182704,924,1,0.8884502877862838,1
603,5,1,10,0.4023035836855154,679,1,0.8884502877862838,1
556,2,1,11,0.0521525536679729,768,6,0.9431945538974952,1
641,2,1,11,0.4938203301673731,790,6,0.8884502877862838,1
747,5,1,11,0.0839844654877495,828,1,0.9431945538974952,1
768,2,1,10,0.3696202779440669,1062,6,0.8884502877862838,1
765,5,1,10,0.2152911017443279,875,6,0.9431945538974952,1
679,5,1,10,0.0123626638932521,897,6,0.9431945538974952,1
738,5,1,10,0.2869129033388253,806,1,0.9431945538974952,1
737,2,1,11,0.1428179062281586,826,6,0.9431945538974952,1
590,2,1,10,0.274975936406409,832,6,0.9431945538974952,1
825,2,1,10,0.3576833110116507,967,1,0.9431945538974952,1
530,2,1,11,0.2471230135641045,680,1,0.8884502877862838,1
651,5,1,10,0.1516272781047747,846,6,0.9431945538974952,1
655,2,1,10,0.1476482891273027,835,6,0.9431945538974952,1
544,2,1,10,0.4739253852800127,779,1,0.8884502877862838,1
662,2,1,11,0.0950700384984938,982,6,0.9431945538974952,1
700,2,1,11,0.0075322809941081,893,6,0.9431945538974952,1
561,5,1,11,0.2152911017443279,837,1,0.9431945538974952,1
844,5,1,11,0.3377883661242903,945,6,0.8884502877862838,1
518,2,1,10,0.4659674073250686,633,1,0.8884502877862838,1
631,5,1,10,0.0115112699715802,869,6,0.9431945538974952,1
349,5,1,10,0.6131899994915354,642,6,0.8884502877862838,1
656,5,1,11,0.0760264875328053,849,6,0.9431945538974952,1
605,2,1,10,0.0402155867355567,817,1,0.9431945538974952,1
709,5,1,11,0.0919424434426936,768,6,0.9431945538974952,1
579,2,1,10,0.1874381789020234,896,6,0.8884502877862838,1
476,2,1,11,0.274975936406409,802,1,0.9431945538974952,1
617,2,1,11,0.2781035314622092,858,6,0.9431945538974952,1
511,2,1,10,0.4023035836855154,764,1,0.8884502877862838,1
706,2,1,11,0.0075322809941081,857,6,0.8884502877862838,1
612,5,1,10,0.270996947428937,832,1,0.8884502877862838,1
528,2,1,11,0.4699463963025407,889,1,0.9431945538974952,1
676,5,1,11,0.4412420795385642,982,6,0.8884502877862838,1
765,2,1,10,0.3656412889665948,1009,6,0.9431945538974952,1
527,2,1,10,0.1666918400929911,943,6,0.8884502877862838,1
450,2,1,11,0.270996947428937,817,1,0.8884502877862838,1
813,5,1,11,0.2152911017443279,927,6,0.9431945538974952,1
612,5,1,11,0.3147658261811298,785,1,0.9431945538974952,1
797,2,1,11,0.2940194873720975,1054,1,0.9431945538974952,1
741,5,1,11,0.0282786198031404,918,6,0.8884502877862838,1
656,5,1,10,0.2343346527100163,855,1,0.9431945538974952,1
722,5,1,10,0.373599266921539,986,1,0.9431945538974952,1
680,5,1,10,0.0433431817913568,930,6,0.8884502877862838,1
739,5,1,10,0.2542295975973768,850,1,0.8884502877862838,1
744,5,1,11,0.377578255899011,1014,1,0.9431945538974952,1
616,5,1,11,0.0282786198031404,925,6,0.9431945538974952,1
771,2,1,11,0.2272280686767442,917,6,0.9431945538974952,1
591,5,1,10,0.2471230135641045,775,6,0.9431945538974952,1
673,5,1,11,0.1149649833858541,906,6,0.9431945538974952,1
605,5,1,10,0.1388389172506866,757,1,0.9431945538974952,1
685,2,1,11,0.056131542645445,859,6,0.8884502877862838,1
625,2,1,10,0.1595852560597189,910,1,0.8884502877862838,1
729,5,1,11,0.0154902589490523,900,1,0.9431945538974952,1
755,2,1,10,0.2064817298677118,947,1,0.9431945538974952,1
568,5,1,11,0.5455471868745101,759,6,0.9431945538974952,1
599,2,1,10,0.0800054765102774,813,6,0.8884502877862838,1
627,2,1,10,0.2829339143613532,833,1,0.8884502877862838,1
556,2,1,10,0.0910910495210217,798,1,0.9431945538974952,1
687,2,1,11,0.3903666167530992,777,1,0.8884502877862838,1
503,2,1,10,0.0203206418481963,852,1,0.9431945538974952,1
656,2,1,10,0.0521525536679729,833,6,0.8884502877862838,1
684,2,1,10,0.0194692479265244,929,1,0.9431945538974952,1
699,2,1,10,0.3974732007863714,961,1,0.8884502877862838,1
761,2,1,10,0.0353852038364127,893,1,0.9431945538974952,1
796,5,1,10,0.5964226496599752,906,1,0.8884502877862838,1
646,2,1,10,0.4619884183475966,615,1,0.8884502877862838,1
741,5,1,11,0.0672171156561892,892,1,0.8884502877862838,1
574,5,1,10,0.1229229613407983,935,1,0.8884502877862838,1
636,2,1,11,0.5495261758519822,711,1,0.9431945538974952,1
648,5,1,11,0.3139144322594578,1092,6,0.8884502877862838,1
700,5,1,10,0.3505767269783785,860,1,0.9431945538974952,1
600,2,1,10,0.0521525536679729,829,1,0.9431945538974952,1
616,5,1,10,0.1945447629352956,869,6,0.9431945538974952,1
635,2,1,11,0.434135495505292,780,6,0.8884502877862838,1
696,2,1,11,0.2113121127668558,869,1,0.8884502877862838,1
616,2,1,11,0.111837388330054,884,1,0.9431945538974952,1
582,2,1,10,0.2502506086199046,899,6,0.8884502877862838,1
706,5,1,11,0.2343346527100163,967,6,0.9431945538974952,1
659,5,1,11,0.0959214324201657,811,1,0.9431945538974952,1
730,2,1,11,0.5327588260204219,1005,1,0.9431945538974952,1
613,2,1,10,0.270996947428937,788,6,0.8884502877862838,1
595,5,1,11,0.0990490274759658,822,6,0.8884502877862838,1
717,2,1,10,0.1985237519127677,799,6,0.9431945538974952,1
736,5,1,11,0.4690950023808687,972,6,0.8884502877862838,1
538,2,1,11,0.4102615616404595,853,1,0.9431945538974952,1
658,5,1,10,0.5853370766492308,674,6,0.8884502877862838,1
524,2,1,10,0.0999004213976378,842,1,0.8884502877862838,1
751,2,1,11,0.1945447629352956,902,1,0.9431945538974952,1
623,2,1,11,0.4182195395954037,742,1,0.8884502877862838,1
687,2,1,10,0.1666918400929911,847,1,0.8884502877862838,1
478,2,1,10,0.2232490796992721,777,6,0.9431945538974952,1
733,5,1,11,0.0154902589490523,865,6,0.9431945538974952,1
787,5,1,10,0.0402155867355567,801,1,0.8884502877862838,1
553,5,1,11,0.111837388330054,899,1,0.8884502877862838,1
595,5,1,11,0.3107868372036577,715,1,0.9431945538974952,1
638,5,1,11,0.1914171678794955,923,6,0.8884502877862838,1
510,2,1,10,0.378429649820683,755,6,0.9431945538974952,1
655,2,1,10,0.0959214324201657,884,1,0.8884502877862838,1
604,5,1,10,0.0353852038364127,811,1,0.8884502877862838,1
606,2,1,11,0.2312070576542162,742,6,0.8884502877862838,1
769,5,1,11,0.4531790464709804,974,1,0.9431945538974952,1
596,5,1,11,0.3187448151586018,861,6,0.8884502877862838,1
778,2,1,11,0.1078583993525819,823,6,0.8884502877862838,1
604,2,1,11,0.2670179584514649,746,1,0.8884502877862838,1
672,5,1,11,0.111837388330054,855,6,0.8884502877862838,1
631,2,1,10,0.0035532920166361,1013,1,0.8884502877862838,1
627,2,1,10,0.5216732530096777,795,1,0.9431945538974952,1
529,5,1,10,0.0990490274759658,992,1,0.9431945538974952,1
537,5,1,10,0.2073331237893838,785,6,0.9431945538974952,1
517,5,1,10,0.5057572970997893,791,1,0.8884502877862838,1
792,5,1,11,0.3974732007863714,976,6,0.9431945538974952,1
769,2,1,10,0.0632381266787172,929,1,0.9431945538974952,1
478,5,1,10,0.5813580876717588,644,1,0.9431945538974952,1
721,2,1,11,0.4412420795385642,933,1,0.9431945538974952,1
364,2,1,11,0.7683705696129463,680,1,0.9431945538974952,1
457,5,1,11,0.0879634544652216,728,1,0.8884502877862838,1
756,5,1,11,0.3616622999891227,917,1,0.9431945538974952,1
532,2,1,11,0.1476482891273027,750,1,0.8884502877862838,1
533,5,1,11,0.0154902589490523,779,1,0.9431945538974952,1
807,2,1,10,0.2263766747550722,915,1,0.9431945538974952,1
693,2,1,11,0.1516272781047747,917,6,0.9431945538974952,1
663,5,1,10,0.1038794103751098,961,6,0.9431945538974952,1
731,5,1,11,0.162712851115519,950,6,0.8884502877862838,1
538,5,1,11,0.0999004213976378,796,6,0.8884502877862838,1
612,5,1,10,0.4500514514151803,691,6,0.8884502877862838,1
680,2,1,11,0.1237743552624702,886,1,0.8884502877862838,1
661,2,1,11,0.1348599282732145,1007,6,0.8884502877862838,1
733,5,1,11,0.0592591377012451,907,6,0.8884502877862838,1
601,5,1,11,0.0393641928138847,832,6,0.9431945538974952,1
567,5,1,10,0.0083836749157801,825,1,0.9431945538974952,1
607,2,1,11,0.1229229613407983,812,1,0.8884502877862838,1
517,2,1,11,0.3107868372036577,875,1,0.8884502877862838,1
807,2,1,10,0.0950700384984938,963,1,0.9431945538974952,1
542,2,1,11,0.0919424434426936,848,1,0.8884502877862838,1
582,2,1,11,0.3377883661242903,936,6,0.9431945538974952,1
705,5,1,11,0.4261775175503479,726,1,0.9431945538974952,1
801,5,1,11,0.1317323332174144,879,1,0.9431945538974952,1
423,2,1,10,0.4540304403926524,726,1,0.9431945538974952,1
678,5,1,11,0.3059564543045137,965,1,0.9431945538974952,1
702,5,1,10,0.0362365977580846,898,1,0.9431945538974952,1
589,5,1,11,0.3704716718657388,788,6,0.8884502877862838,1
595,2,1,10,0.274975936406409,783,6,0.8884502877862838,1
708,5,1,11,0.0640895206003891,846,1,0.9431945538974952,1
677,5,1,11,0.1348599282732145,858,6,0.8884502877862838,1
735,5,1,10,0.270145553507265,1046,1,0.9431945538974952,1
507,2,1,11,0.4460724624377082,673,1,0.8884502877862838,1
605,2,1,10,0.0481735646905008,752,1,0.9431945538974952,1
630,5,1,10,0.3903666167530992,929,6,0.9431945538974952,1
490,2,1,10,0.0154902589490523,780,1,0.8884502877862838,1
574,5,1,11,0.1666918400929911,868,1,0.9431945538974952,1
826,2,1,11,0.0441945757130287,911,1,0.8884502877862838,1
518,2,1,11,0.1189439723633262,935,1,0.8884502877862838,1
700,5,1,10,0.0632381266787172,958,1,0.9431945538974952,1
631,5,1,11,0.0879634544652216,831,1,0.9431945538974952,1
714,2,1,10,0.1834591899245513,662,1,0.8884502877862838,1
640,5,1,11,0.1388389172506866,758,1,0.9431945538974952,1
672,2,1,11,0.1516272781047747,862,1,0.8884502877862838,1
652,5,1,10,0.0720474985553333,879,6,0.9431945538974952,1
475,5,1,10,0.0879634544652216,795,1,0.8884502877862838,1
715,5,1,10,0.0871120605435496,852,1,0.8884502877862838,1
519,5,1,11,0.3426187490234343,656,6,0.9431945538974952,1
597,2,1,11,0.4102615616404595,717,1,0.9431945538974952,1
650,2,1,11,0.429305112606148,974,6,0.8884502877862838,1
608,2,1,10,0.2192700907218,750,1,0.9431945538974952,1
610,2,1,11,0.2431440245866324,931,1,0.8884502877862838,1
645,2,1,10,0.111837388330054,850,1,0.9431945538974952,1
725,5,1,11,0.0322576087806125,955,6,0.8884502877862838,1
568,5,1,10,0.3306817820910181,868,6,0.9431945538974952,1
645,5,1,11,0.4699463963025407,767,6,0.9431945538974952,1
708,5,1,11,0.1388389172506866,806,6,0.8884502877862838,1
549,2,1,10,0.6052320215365912,760,1,0.9431945538974952,1
572,5,1,11,0.2789549253838811,652,1,0.8884502877862838,1
739,2,1,11,0.2033541348119117,840,1,0.8884502877862838,1
680,2,1,10,0.2312070576542162,821,1,0.9431945538974952,1
472,5,1,11,0.004404685938308,868,6,0.9431945538974952,1
854,5,1,10,0.1826077960028794,975,1,0.9431945538974952,1
645,2,1,11,0.0353852038364127,815,1,0.9431945538974952,1
666,2,1,11,0.1874381789020234,821,6,0.9431945538974952,1
781,2,1,11,0.1834591899245513,893,1,0.8884502877862838,1
806,2,1,10,0.2192700907218,765,6,0.8884502877862838,1
596,5,1,10,0.2511020025415766,680,1,0.8884502877862838,1
671,2,1,11,0.1595852560597189,684,6,0.9431945538974952,1
573,2,1,10,0.2104607188451839,885,6,0.9431945538974952,1
668,2,1,11,0.1277533442399423,905,1,0.9431945538974952,1
731,5,1,11,0.0402155867355567,868,1,0.9431945538974952,1
685,5,1,10,0.2303556637325443,823,6,0.8884502877862838,1
743,2,1,11,0.1428179062281586,914,1,0.9431945538974952,1
811,5,1,10,0.0871120605435496,825,1,0.8884502877862838,1
791,5,1,10,0.3059564543045137,1027,1,0.8884502877862838,1
838,5,1,10,0.5208218590880057,985,6,0.9431945538974952,1
701,5,1,11,0.0441945757130287,841,1,0.8884502877862838,1
865,2,1,10,0.1348599282732145,1011,1,0.9431945538974952,1
725,2,1,10,0.1706708290704632,860,1,0.8884502877862838,1
681,2,1,11,0.0672171156561892,939,6,0.9431945538974952,1
695,2,1,11,0.1595852560597189,822,6,0.9431945538974952,1
649,5,1,11,0.1388389172506866,870,6,0.8884502877862838,1
575,2,1,11,0.055280148723773,894,6,0.8884502877862838,1
801,2,1,11,0.0473221707688289,993,6,0.8884502877862838,1
775,5,1,11,0.0433431817913568,787,1,0.8884502877862838,1
618,5,1,11,0.4619884183475966,838,6,0.8884502877862838,1
763,2,1,11,0.1547548731605749,973,1,0.9431945538974952,1
766,5,1,10,0.055280148723773,762,1,0.8884502877862838,1
492,2,1,11,0.4540304403926524,766,6,0.9431945538974952,1
634,2,1,10,0.3744506608432109,808,1,0.9431945538974952,1
421,5,1,10,0.8718242830272201,675,6,0.8884502877862838,1
561,5,1,10,0.4381144844827641,746,1,0.9431945538974952,1
720,2,1,10,0.1706708290704632,989,6,0.9431945538974952,1
654,5,1,10,0.3505767269783785,787,6,0.9431945538974952,1
847,2,1,10,0.2741245424847371,1055,6,0.8884502877862838,1
464,2,1,11,0.2073331237893838,830,6,0.9431945538974952,1
738,5,1,10,0.0791540825886055,796,6,0.9431945538974952,1
727,5,1,10,0.1834591899245513,874,1,0.8884502877862838,1
538,2,1,11,0.0632381266787172,743,1,0.8884502877862838,1
576,2,1,10,0.4818833632349569,791,1,0.9431945538974952,1
352,5,1,11,0.5256522419871498,740,6,0.9431945538974952,1
506,2,1,11,0.5176942640322055,682,6,0.8884502877862838,1
704,5,1,10,0.0163416528707242,839,1,0.8884502877862838,1
665,2,1,11,0.0353852038364127,737,1,0.9431945538974952,1
743,5,1,10,0.0513011597463009,975,6,0.8884502877862838,1
751,5,1,11,0.266166564529793,1026,6,0.9431945538974952,1
571,5,1,11,0.0473221707688289,907,1,0.8884502877862838,1
506,2,1,10,0.3903666167530992,576,1,0.8884502877862838,1
773,2,1,10,0.7714981646687463,1091,1,0.9431945538974952,1
562,5,1,11,0.0959214324201657,882,6,0.8884502877862838,1
858,2,1,10,0.0592591377012451,1011,1,0.8884502877862838,1
470,5,1,10,0.541568197897038,667,6,0.8884502877862838,1
701,2,1,11,0.5057572970997893,667,1,0.9431945538974952,1
657,2,1,11,0.163564245037191,908,1,0.9431945538974952,1
736,2,1,11,0.2303556637325443,923,1,0.8884502877862838,1
804,5,1,10,0.4173681456737318,1026,6,0.9431945538974952,1
719,5,1,11,0.0879634544652216,952,6,0.8884502877862838,1
550,2,1,10,0.593295054604175,753,1,0.8884502877862838,1
634,2,1,10,0.3227238041360739,784,1,0.8884502877862838,1
787,2,1,10,0.3147658261811298,929,1,0.8884502877862838,1
678,2,1,11,0.2829339143613532,790,1,0.8884502877862838,1
652,5,1,11,0.1317323332174144,808,6,0.9431945538974952,1
776,5,1,11,0.5248008480654778,1163,6,0.8884502877862838,1
548,2,1,11,0.1993751458344396,821,1,0.8884502877862838,1
750,5,1,10,0.0720474985553333,830,1,0.8884502877862838,1
675,2,1,10,0.1755012119696072,781,1,0.9431945538974952,1
758,5,1,10,0.1237743552624702,735,1,0.8884502877862838,1
673,2,1,10,0.162712851115519,1007,1,0.9431945538974952,1
665,2,1,11,0.2829339143613532,804,1,0.9431945538974952,1
758,2,1,10,0.5486747819303103,1035,1,0.9431945538974952,1
557,5,1,11,0.5176942640322055,793,6,0.9431945538974952,1
551,5,1,11,0.0433431817913568,795,1,0.9431945538974952,1
491,5,1,11,0.2630389694739928,745,1,0.8884502877862838,1
689,2,1,10,0.056131542645445,969,1,0.8884502877862838,1
701,2,1,11,0.2908918923162973,792,1,0.8884502877862838,1
648,2,1,10,0.326702793113546,794,6,0.9431945538974952,1
409,2,1,11,0.1794802009470793,832,1,0.9431945538974952,1
711,5,1,11,0.0154902589490523,949,1,0.9431945538974952,1
624,5,1,11,0.0163416528707242,848,6,0.8884502877862838,1
631,2,1,11,0.4818833632349569,731,6,0.9431945538974952,1
478,5,1,10,0.2033541348119117,745,6,0.8884502877862838,1
504,5,1,11,0.1794802009470793,849,1,0.9431945538974952,1
704,2,1,11,0.1826077960028794,917,1,0.8884502877862838,1
603,5,1,11,0.1357113221948865,799,1,0.8884502877862838,1
717,5,1,10,0.3417673551017623,943,6,0.8884502877862838,1
781,5,1,11,0.0959214324201657,878,6,0.8884502877862838,1
510,5,1,11,0.8002024814327229,669,6,0.8884502877862838,1
527,2,1,11,0.6768538231310886,553,6,0.9431945538974952,1
820,2,1,11,0.0234482369039964,948,1,0.8884502877862838,1
612,5,1,10,0.0282786198031404,853,6,0.9431945538974952,1
646,2,1,11,0.3744506608432109,760,1,0.8884502877862838,1
664,5,1,11,0.0839844654877495,860,1,0.9431945538974952,1
866,5,1,10,0.377578255899011,1078,6,0.9431945538974952,1
641,2,1,11,0.1357113221948865,765,1,0.9431945538974952,1
670,2,1,10,0.2104607188451839,904,6,0.9431945538974952,1
458,2,1,10,0.3107868372036577,740,1,0.9431945538974952,1
627,5,1,11,0.3377883661242903,798,6,0.8884502877862838,1
641,5,1,11,0.0083836749157801,877,1,0.8884502877862838,1
672,5,1,10,0.2152911017443279,828,6,0.9431945538974952,1
727,5,1,11,0.1357113221948865,871,1,0.9431945538974952,1
734,5,1,10,0.3903666167530992,870,6,0.9431945538974952,1
709,5,1,10,0.1834591899245513,874,6,0.8884502877862838,1
621,2,1,11,0.0910910495210217,869,1,0.8884502877862838,1
797,5,1,10,0.0353852038364127,795,6,0.8884502877862838,1
539,2,1,10,0.1556062670822468,778,1,0.9431945538974952,1
719,5,1,11,0.0592591377012451,926,1,0.9431945538974952,1
823,5,1,11,0.056131542645445,1009,6,0.8884502877862838,1
383,2,1,11,0.541568197897038,733,1,0.9431945538974952,1
690,5,1,11,0.3696202779440669,885,1,0.9431945538974952,1
673,5,1,11,0.1834591899245513,762,1,0.8884502877862838,1
700,5,1,10,0.0242996308256684,824,6,0.9431945538974952,1
575,2,1,10,0.1149649833858541,828,1,0.9431945538974952,1
530,2,1,10,0.2033541348119117,856,1,0.9431945538974952,1
461,5,1,11,0.5853370766492308,681,1,0.9431945538974952,1
589,5,1,10,0.2152911017443279,697,6,0.8884502877862838,1
616,2,1,10,0.0433431817913568,962,6,0.9431945538974952,1
776,2,1,10,0.1666918400929911,925,1,0.8884502877862838,1
700,5,1,11,0.3696202779440669,969,6,0.9431945538974952,1
707,2,1,10,0.214439707822656,933,6,0.8884502877862838,1
721,2,1,10,0.3497253330567065,1053,6,0.9431945538974952,1
673,2,1,10,0.1348599282732145,851,1,0.9431945538974952,1
617,2,1,10,0.0680685095778612,693,6,0.9431945538974952,1
465,2,1,11,0.4142405506179316,688,6,0.9431945538974952,1
830,2,1,10,0.158733862138047,984,6,0.9431945538974952,1
430,2,1,10,0.7604125916580021,568,6,0.8884502877862838,1
707,2,1,11,0.004404685938308,954,1,0.8884502877862838,1
718,5,1,11,0.0910910495210217,797,6,0.9431945538974952,1
682,2,1,10,0.2471230135641045,893,1,0.9431945538974952,1
624,5,1,11,0.2590599804965208,749,6,0.9431945538974952,1
635,5,1,10,0.0680685095778612,825,1,0.9431945538974952,1
718,5,1,11,0.3227238041360739,876,6,0.9431945538974952,1
679,5,1,11,0.2820825204396813,998,6,0.8884502877862838,1
605,5,1,11,0.2670179584514649,905,6,0.8884502877862838,1
618,5,1,11,0.1985237519127677,895,6,0.9431945538974952,1
685,5,1,10,0.2343346527100163,849,6,0.8884502877862838,1
564,5,1,10,0.0481735646905008,610,1,0.9431945538974952,1
748,2,1,10,0.2104607188451839,986,1,0.8884502877862838,1
732,2,1,10,0.0711961046336613,928,6,0.8884502877862838,1
607,5,1,11,0.0481735646905008,892,1,0.9431945538974952,1
480,5,1,7,0.004404685938308,548,6,0.9431945538974952,1
405,5,1,0,0.1516272781047747,471,6,0.8884502877862838,1
660,5,1,7,0.1467968952056307,599,1,0.8884502877862838,1
516,5,1,7,0.0004256969608359,489,1,0.9431945538974952,1
529,5,1,0,0.004404685938308,513,1,0.9431945538974952,1
553,5,1,7,0.0950700384984938,543,6,0.9431945538974952,1
498,5,1,0,0.0075322809941081,518,6,0.9431945538974952,1
364,5,1,0,0.2789549253838811,455,6,0.9431945538974952,1
416,5,1,7,0.979256985418966,424,1,0.8884502877862838,1
559,5,1,10,0.3855362338539552,650,6,0.9431945538974952,1
380,5,1,10,0.2312070576542162,437,6,0.9431945538974952,1
569,5,1,7,0.2272280686767442,518,1,0.8884502877862838,1
612,5,1,0,0.4611370244259246,618,1,0.8884502877862838,1
543,5,1,0,0.382408638798155,531,1,0.8884502877862838,1
533,5,1,0,0.0353852038364127,640,1,0.9431945538974952,1
490,5,1,0,0.0839844654877495,441,6,0.9431945538974952,1
532,5,1,10,0.0760264875328053,557,6,0.8884502877862838,1
448,5,1,7,0.2113121127668558,512,1,0.9431945538974952,1
582,5,1,10,0.111837388330054,523,1,0.8884502877862838,1
630,5,1,7,0.0950700384984938,668,1,0.9431945538974952,1
412,5,1,0,0.2829339143613532,403,1,0.8884502877862838,1
537,5,1,0,0.0959214324201657,512,1,0.8884502877862838,1
407,5,1,0,0.5296312309646218,465,1,0.9431945538974952,1
420,5,1,0,0.2152911017443279,538,6,0.9431945538974952,1
528,5,1,0,0.2471230135641045,480,1,0.8884502877862838,1
639,5,1,10,0.1348599282732145,696,6,0.8884502877862838,1
385,5,1,10,0.5773790986942867,485,6,0.9431945538974952,1
476,5,1,10,0.3934942118088994,588,6,0.9431945538974952,1
534,5,1,10,0.2829339143613532,546,1,0.8884502877862838,1
480,5,1,7,0.1436693001498306,415,1,0.9431945538974952,1
475,5,1,0,0.5813580876717588,373,6,0.9431945538974952,1
442,5,1,7,0.4301565065278199,402,1,0.8884502877862838,1
569,5,1,7,0.4571580354484525,639,1,0.8884502877862838,1
535,5,1,0,0.0115112699715802,523,6,0.9431945538974952,1
700,5,1,7,0.373599266921539,605,1,0.9431945538974952,1
562,5,1,0,0.0751750936111334,525,6,0.8884502877862838,1
402,5,1,0,0.1269019503182704,551,1,0.9431945538974952,1
442,5,1,0,0.1953961568569676,597,6,0.8884502877862838,1
460,5,1,0,0.0720474985553333,579,6,0.9431945538974952,1
528,5,1,0,0.1229229613407983,558,6,0.8884502877862838,1
475,5,1,0,0.321872410214402,593,6,0.8884502877862838,1
431,5,1,7,0.3656412889665948,579,6,0.9431945538974952,1
399,5,1,10,0.2988498702712415,532,1,0.8884502877862838,1
503,5,1,7,0.0632381266787172,586,1,0.8884502877862838,1
554,5,1,0,0.0004256969608359,569,1,0.9431945538974952,1
567,5,1,7,0.0711961046336613,512,6,0.8884502877862838,1
480,5,1,10,0.3107868372036577,504,1,0.9431945538974952,1
571,5,1,10,0.0910910495210217,497,6,0.8884502877862838,1
508,5,1,10,0.0760264875328053,569,1,0.9431945538974952,1
363,5,1,7,0.1357113221948865,426,1,0.8884502877862838,1
628,5,1,10,0.0680685095778612,560,6,0.9431945538974952,1
589,5,1,7,0.0839844654877495,563,1,0.9431945538974952,1
440,5,1,10,0.2829339143613532,408,6,0.9431945538974952,1
533,5,1,0,0.3537043220341786,632,1,0.9431945538974952,1
376,5,1,7,0.6370639333563678,448,6,0.8884502877862838,1
507,5,1,0,0.2582085865748488,617,6,0.9431945538974952,1
394,5,1,10,0.7803075365453624,431,6,0.9431945538974952,1
593,5,1,10,0.4889899472682291,571,6,0.9431945538974952,1
364,5,1,0,0.0831330715660775,543,1,0.8884502877862838,1
519,5,1,0,0.1317323332174144,594,6,0.9431945538974952,1
587,5,1,7,0.0234482369039964,553,6,0.8884502877862838,1
517,5,1,10,0.214439707822656,610,1,0.9431945538974952,1
583,5,1,10,0.2303556637325443,578,1,0.9431945538974952,1
722,5,1,10,0.6680444512544724,734,6,0.9431945538974952,1
414,5,1,0,0.2869129033388253,535,1,0.9431945538974952,1
438,5,1,10,0.4659674073250686,432,6,0.8884502877862838,1
527,5,1,7,0.1237743552624702,544,6,0.9431945538974952,1
501,5,1,7,0.0919424434426936,563,6,0.8884502877862838,1
540,5,1,10,0.0800054765102774,488,6,0.9431945538974952,1
629,5,1,10,0.0163416528707242,457,1,0.8884502877862838,1
362,5,1,7,0.0910910495210217,606,6,0.9431945538974952,1
423,5,1,0,0.0760264875328053,595,1,0.8884502877862838,1
470,5,1,10,0.1595852560597189,519,1,0.8884502877862838,1
435,5,1,7,0.2033541348119117,583,6,0.9431945538974952,1
580,5,1,7,0.10700700543091,558,1,0.8884502877862838,1
463,5,1,0,0.1706708290704632,551,6,0.9431945538974952,1
505,5,1,10,0.2621875755523209,634,6,0.9431945538974952,1
443,5,1,7,0.3625136939107947,587,1,0.8884502877862838,1
531,5,1,7,0.0242996308256684,637,1,0.9431945538974952,1
493,5,1,7,0.1507758841831028,590,1,0.9431945538974952,1
500,5,1,0,0.167543234014663,593,6,0.8884502877862838,1
558,5,1,7,0.4381144844827641,542,1,0.9431945538974952,1
415,5,1,0,0.1476482891273027,506,6,0.8884502877862838,1
572,5,1,0,0.0720474985553333,535,1,0.8884502877862838,1
505,5,1,0,0.0234482369039964,624,6,0.9431945538974952,1
585,5,1,0,0.2462716196424326,609,6,0.8884502877862838,1
337,5,1,0,0.6291059554014237,436,1,0.8884502877862838,1
548,5,1,0,0.167543234014663,520,1,0.8884502877862838,1
465,5,1,0,0.1595852560597189,434,1,0.9431945538974952,1
636,5,1,10,0.2940194873720975,550,1,0.8884502877862838,1
426,5,1,0,0.2550809915190487,537,1,0.9431945538974952,1
472,5,1,0,0.0115112699715802,488,1,0.8884502877862838,1
427,5,1,7,0.3943456057305713,429,6,0.8884502877862838,1
493,5,1,10,0.0282786198031404,590,1,0.8884502877862838,1
463,5,1,0,0.2621875755523209,612,6,0.9431945538974952,1
563,5,1,10,0.5168428701105336,633,1,0.9431945538974952,1
535,5,1,10,0.0831330715660775,638,6,0.9431945538974952,1
504,5,1,10,0.004404685938308,508,1,0.8884502877862838,1
500,5,1,0,0.0720474985553333,568,1,0.9431945538974952,1
487,5,1,7,0.2272280686767442,638,6,0.8884502877862838,1
449,5,1,7,0.1308809392957424,639,1,0.9431945538974952,1
461,5,1,10,0.3585347049333226,483,6,0.9431945538974952,1
512,5,1,10,0.377578255899011,481,6,0.8884502877862838,1
420,5,1,7,0.1556062670822468,468,6,0.9431945538974952,1
518,5,1,0,0.1078583993525819,551,1,0.8884502877862838,1
596,5,1,0,0.0831330715660775,536,1,0.9431945538974952,1
524,5,1,7,0.1865867849803515,639,1,0.8884502877862838,1
445,5,1,7,0.3704716718657388,514,1,0.8884502877862838,1
548,5,1,10,0.10700700543091,627,1,0.9431945538974952,1
578,5,1,10,0.1357113221948865,585,1,0.9431945538974952,1
569,5,1,10,0.4571580354484525,622,6,0.8884502877862838,1
397,5,1,7,0.3625136939107947,508,1,0.9431945538974952,1
708,5,1,0,0.3656412889665948,723,1,0.8884502877862838,1
484,5,1,7,0.0393641928138847,573,6,0.8884502877862838,1
503,5,1,10,0.0672171156561892,581,6,0.9431945538974952,1
398,5,1,10,0.2630389694739928,652,1,0.9431945538974952,1
490,5,1,10,0.0990490274759658,575,1,0.9431945538974952,1
541,5,1,0,0.1189439723633262,601,6,0.9431945538974952,1
460,5,1,10,0.111837388330054,615,1,0.9431945538974952,1
436,5,1,10,0.7842865255228345,417,6,0.9431945538974952,1
489,5,1,7,0.2471230135641045,521,1,0.8884502877862838,1
472,5,1,0,0.3068078482261857,450,6,0.8884502877862838,1
485,5,1,0,0.5495261758519822,436,1,0.9431945538974952,1
443,5,1,10,0.0680685095778612,533,1,0.9431945538974952,1
518,5,1,7,0.214439707822656,558,1,0.8884502877862838,1
466,5,1,10,0.0513011597463009,524,1,0.8884502877862838,1
428,5,1,7,0.1865867849803515,539,1,0.8884502877862838,1
618,5,1,10,0.2184186968001281,599,6,0.9431945538974952,1
562,5,1,7,0.699876363074249,694,1,0.9431945538974952,1
421,5,1,0,0.0680685095778612,503,1,0.9431945538974952,1
538,5,1,10,0.1308809392957424,535,6,0.9431945538974952,1
455,5,1,7,0.1755012119696072,515,6,0.8884502877862838,1
523,5,1,7,0.0083836749157801,573,6,0.8884502877862838,1
476,5,1,7,0.6410429223338399,473,1,0.8884502877862838,1
483,5,1,0,0.2113121127668558,516,1,0.9431945538974952,1
544,5,1,10,0.3019774653270416,598,6,0.9431945538974952,1
454,5,1,10,0.1237743552624702,519,6,0.8884502877862838,1
438,5,1,0,0.1746498180479352,595,1,0.8884502877862838,1
402,5,1,10,0.485862352212429,553,1,0.9431945538974952,1
582,5,1,10,0.1706708290704632,619,1,0.9431945538974952,1
459,5,1,10,0.3983245947080434,415,6,0.8884502877862838,1
457,5,1,7,0.4500514514151803,516,1,0.9431945538974952,1
576,5,1,0,0.0433431817913568,517,6,0.8884502877862838,1
616,5,1,0,0.0282786198031404,541,1,0.9431945538974952,1
604,5,1,7,0.5765277047726147,660,1,0.9431945538974952,1
444,5,1,10,0.5535051648294542,398,1,0.8884502877862838,1
472,5,1,0,0.3107868372036577,475,6,0.9431945538974952,1
526,5,1,0,0.1666918400929911,612,6,0.9431945538974952,1
520,5,1,10,0.1556062670822468,486,6,0.9431945538974952,1
435,5,1,0,0.1149649833858541,519,6,0.9431945538974952,1
583,5,1,10,0.2789549253838811,567,6,0.8884502877862838,1
584,5,1,0,0.3377883661242903,699,6,0.9431945538974952,1
402,5,1,0,0.2948708812937694,457,1,0.8884502877862838,1
553,5,1,10,0.1746498180479352,541,1,0.8884502877862838,1
321,5,1,10,0.4619884183475966,544,6,0.9431945538974952,1
663,5,1,0,0.5248008480654778,687,1,0.8884502877862838,1
459,5,1,10,0.1905657739578236,540,6,0.8884502877862838,1
633,5,1,0,0.4850109582907571,680,6,0.8884502877862838,1
555,5,1,0,0.3139144322594578,556,6,0.8884502877862838,1
622,5,1,7,0.4770529803358129,656,1,0.8884502877862838,1
618,5,1,10,0.0999004213976378,515,1,0.8884502877862838,1
516,5,1,0,0.3505767269783785,497,1,0.8884502877862838,1
568,5,1,0,0.3417673551017623,629,1,0.9431945538974952,1
451,5,1,10,0.4580094293701244,483,1,0.8884502877862838,1
583,5,1,0,0.1149649833858541,557,6,0.9431945538974952,1
604,5,1,7,0.1237743552624702,524,6,0.9431945538974952,1
626,5,1,10,0.0194692479265244,612,6,0.8884502877862838,1
688,5,1,0,0.1428179062281586,569,6,0.9431945538974952,1
380,5,1,7,0.2511020025415766,425,6,0.9431945538974952,1
591,5,1,10,0.0353852038364127,566,1,0.9431945538974952,1
437,5,1,0,0.3585347049333226,486,6,0.8884502877862838,1
620,5,1,7,0.2391650356091604,550,1,0.9431945538974952,1
551,5,1,10,0.1953961568569676,573,1,0.8884502877862838,1
561,5,1,7,0.0720474985553333,580,1,0.8884502877862838,1
454,5,1,7,0.2303556637325443,586,1,0.8884502877862838,1
487,5,1,10,0.3426187490234343,428,1,0.9431945538974952,1
576,5,1,0,0.4889899472682291,611,6,0.9431945538974952,1
547,5,1,0,0.3377883661242903,625,6,0.8884502877862838,1
513,5,1,7,0.2343346527100163,509,6,0.8884502877862838,1
431,5,1,10,0.3943456057305713,421,1,0.8884502877862838,1
497,5,1,10,0.0274272258814685,578,1,0.9431945538974952,1
546,5,1,7,0.1945447629352956,563,6,0.8884502877862838,1
515,5,1,10,0.2312070576542162,513,1,0.8884502877862838,1
626,5,1,10,0.1706708290704632,507,1,0.9431945538974952,1
576,5,1,7,0.0999004213976378,611,1,0.8884502877862838,1
552,5,1,7,0.0632381266787172,570,1,0.9431945538974952,1
576,5,1,0,0.2462716196424326,631,1,0.9431945538974952,1
422,5,1,7,0.3664926828882667,501,6,0.8884502877862838,1
545,5,1,7,0.0203206418481963,522,1,0.8884502877862838,1
488,5,1,0,0.3306817820910181,466,1,0.8884502877862838,1
518,5,1,10,0.0521525536679729,481,6,0.9431945538974952,1
436,5,1,7,0.056131542645445,603,1,0.8884502877862838,1
550,5,1,7,0.163564245037191,534,1,0.8884502877862838,1
576,5,1,7,0.0194692479265244,533,6,0.8884502877862838,1
658,5,1,10,0.3616622999891227,674,6,0.8884502877862838,1
498,5,1,10,0.2025027408902398,535,1,0.8884502877862838,1
489,5,1,0,0.4301565065278199,517,6,0.8884502877862838,1
463,5,1,0,0.1755012119696072,490,1,0.9431945538974952,1
356,5,1,7,0.1755012119696072,501,6,0.9431945538974952,1
614,5,1,7,0.0521525536679729,591,6,0.9431945538974952,1
469,5,1,0,0.1269019503182704,487,6,0.9431945538974952,1
502,5,1,7,0.0592591377012451,562,6,0.9431945538974952,1
397,5,1,0,0.1428179062281586,525,1,0.9431945538974952,1
444,5,1,0,0.5256522419871498,459,6,0.8884502877862838,1
501,5,1,10,0.2351860466316883,507,1,0.9431945538974952,1
478,5,1,10,0.0959214324201657,579,6,0.9431945538974952,1
605,5,1,0,0.2621875755523209,571,6,0.9431945538974952,1
316,5,1,10,0.0115112699715802,532,6,0.9431945538974952,1
576,5,1,7,0.3377883661242903,704,6,0.9431945538974952,1
591,5,1,7,0.2630389694739928,537,6,0.8884502877862838,1
433,5,1,7,0.0879634544652216,502,1,0.8884502877862838,1
348,5,1,10,0.6609378672212003,364,6,0.8884502877862838,1
389,5,1,10,0.2033541348119117,435,6,0.9431945538974952,1
527,5,1,0,0.1666918400929911,570,1,0.9431945538974952,1
457,5,1,7,0.2184186968001281,485,1,0.9431945538974952,1
515,5,1,7,0.0473221707688289,559,6,0.9431945538974952,1
594,5,1,7,0.3258513991918741,525,6,0.9431945538974952,1
593,5,1,10,0.2979984763495695,622,6,0.8884502877862838,1
400,5,1,10,0.0640895206003891,506,6,0.9431945538974952,1
603,5,1,7,0.1826077960028794,617,6,0.9431945538974952,1
405,5,1,7,0.0959214324201657,564,6,0.8884502877862838,1
395,5,1,7,0.0362365977580846,543,1,0.9431945538974952,1
613,5,1,0,0.0393641928138847,623,1,0.8884502877862838,1
324,5,1,7,0.2829339143613532,484,1,0.8884502877862838,1
492,5,1,7,0.4929689362457012,668,1,0.8884502877862838,1
560,5,1,10,0.3696202779440669,655,6,0.8884502877862838,1
642,5,1,7,0.0513011597463009,670,1,0.9431945538974952,1
622,5,1,0,0.0314062148589406,597,1,0.9431945538974952,1
417,5,1,0,0.4739253852800127,431,1,0.9431945538974952,1
389,5,1,7,0.4779043742574848,522,6,0.9431945538974952,1
574,5,1,10,0.2860615094171533,587,1,0.8884502877862838,1
493,5,1,10,0.5216732530096777,533,1,0.9431945538974952,1
522,5,1,0,0.1786288070254073,554,1,0.9431945538974952,1
475,5,1,7,0.5216732530096777,423,1,0.8884502877862838,1
426,5,1,7,0.3625136939107947,410,1,0.8884502877862838,1
368,5,1,0,0.1874381789020234,630,6,0.8884502877862838,1
585,5,1,10,0.0402155867355567,560,6,0.8884502877862838,1
272,5,1,0,0.5614631427843984,435,1,0.8884502877862838,1
468,5,1,0,0.1308809392957424,592,1,0.8884502877862838,1
544,5,1,0,0.1556062670822468,529,6,0.8884502877862838,1
445,5,1,7,0.0640895206003891,483,1,0.8884502877862838,1
473,5,1,10,0.1388389172506866,471,1,0.8884502877862838,1
635,5,1,0,0.3616622999891227,677,1,0.8884502877862838,1
413,5,1,10,0.7007277569959209,362,1,0.9431945538974952,1
557,5,1,7,0.1794802009470793,552,6,0.8884502877862838,1
593,5,1,0,0.429305112606148,627,1,0.8884502877862838,1
562,5,1,0,0.2542295975973768,600,6,0.9431945538974952,1
498,5,1,0,0.1308809392957424,590,6,0.9431945538974952,1
506,5,1,10,0.0919424434426936,597,1,0.8884502877862838,1
555,5,1,10,0.1149649833858541,522,1,0.8884502877862838,1
323,5,1,10,0.2073331237893838,542,1,0.9431945538974952,1
486,5,1,10,0.1109859944083821,692,6,0.8884502877862838,1
484,5,1,0,0.0083836749157801,543,1,0.8884502877862838,1
280,5,1,10,0.2272280686767442,583,6,0.8884502877862838,1
405,5,1,10,0.6131899994915354,430,1,0.8884502877862838,1
541,5,1,10,0.2312070576542162,505,1,0.8884502877862838,1
300,5,1,7,0.7763285475678904,388,1,0.9431945538974952,1
518,5,1,0,0.0234482369039964,610,6,0.8884502877862838,1
292,5,1,0,0.326702793113546,519,6,0.9431945538974952,1
492,5,1,7,0.4221985285728758,498,6,0.8884502877862838,1
532,5,1,0,0.1308809392957424,607,6,0.8884502877862838,1
467,5,1,7,0.2232490796992721,507,1,0.8884502877862838,1
609,5,1,0,0.4014521897638435,539,1,0.9431945538974952,1
500,5,1,10,0.4261775175503479,454,6,0.8884502877862838,1
397,5,1,0,0.3625136939107947,504,6,0.8884502877862838,1
356,5,1,10,0.3903666167530992,465,6,0.8884502877862838,1
621,5,1,0,0.1149649833858541,565,1,0.8884502877862838,1
494,5,1,0,0.1197953662849981,514,1,0.9431945538974952,1
433,5,1,7,0.2829339143613532,552,6,0.8884502877862838,1
530,5,1,10,0.0393641928138847,590,6,0.9431945538974952,1
471,5,1,0,0.3497253330567065,583,6,0.8884502877862838,1
519,5,1,10,0.0075322809941081,646,6,0.8884502877862838,1
571,5,1,0,0.0154902589490523,565,6,0.9431945538974952,1
639,5,1,10,0.0800054765102774,538,6,0.9431945538974952,1
472,5,1,10,0.0242996308256684,455,6,0.9431945538974952,1
445,5,1,0,0.3386397600459622,499,1,0.9431945538974952,1
465,5,1,10,0.0441945757130287,508,1,0.8884502877862838,1
425,5,1,10,0.2431440245866324,542,1,0.9431945538974952,1
567,5,1,0,0.0839844654877495,570,1,0.9431945538974952,1
421,5,1,7,0.3545557159558505,566,6,0.8884502877862838,1
493,5,1,7,0.1197953662849981,477,1,0.8884502877862838,1
605,5,1,10,0.1953961568569676,553,1,0.8884502877862838,1
367,5,1,10,0.4062825726629875,485,6,0.9431945538974952,1
555,5,1,7,0.2232490796992721,497,6,0.9431945538974952,1
514,5,1,10,0.2741245424847371,602,1,0.8884502877862838,1
589,5,1,0,0.060110531622917,566,1,0.9431945538974952,1
673,5,1,7,0.2422926306649605,586,1,0.8884502877862838,1
561,5,1,10,0.0999004213976378,513,6,0.8884502877862838,1
477,5,1,10,0.5057572970997893,490,6,0.8884502877862838,1
586,5,1,10,0.1516272781047747,525,1,0.8884502877862838,1
646,5,1,0,0.2064817298677118,560,6,0.8884502877862838,1
352,5,1,10,0.1953961568569676,559,1,0.8884502877862838,1
517,5,1,7,0.3187448151586018,523,1,0.8884502877862838,1
636,5,1,10,0.6163175945473355,634,1,0.8884502877862838,1
516,5,1,0,0.4739253852800127,512,6,0.8884502877862838,1
384,5,1,10,0.0959214324201657,513,1,0.8884502877862838,1
374,5,1,0,0.5853370766492308,553,1,0.9431945538974952,1
521,5,1,0,0.2789549253838811,536,1,0.9431945538974952,1
522,5,1,7,0.4690950023808687,610,1,0.8884502877862838,1
569,5,1,0,0.2940194873720975,632,6,0.9431945538974952,1
445,5,1,10,0.2988498702712415,532,1,0.9431945538974952,1
470,5,1,7,0.0760264875328053,611,6,0.8884502877862838,1
502,5,1,7,0.1030280164534379,618,1,0.8884502877862838,1
444,5,1,0,0.4460724624377082,471,1,0.8884502877862838,1
498,5,1,0,0.0680685095778612,501,6,0.8884502877862838,1
485,5,1,7,0.0473221707688289,601,1,0.8884502877862838,1
514,5,1,7,0.0154902589490523,535,6,0.8884502877862838,1
486,5,1,0,0.2630389694739928,475,1,0.9431945538974952,1
593,5,1,10,0.004404685938308,586,6,0.9431945538974952,1
383,5,1,7,0.4659674073250686,441,6,0.8884502877862838,1
522,5,1,0,0.1467968952056307,596,1,0.8884502877862838,1
417,5,1,0,0.1914171678794955,534,6,0.8884502877862838,1
479,5,1,10,0.5208218590880057,648,6,0.9431945538974952,1
420,5,1,10,0.2590599804965208,472,6,0.9431945538974952,1
563,5,1,7,0.158733862138047,589,1,0.8884502877862838,1
626,5,1,10,0.4611370244259246,622,1,0.8884502877862838,1
429,5,1,10,0.3744506608432109,433,1,0.9431945538974952,1
398,5,1,0,0.3903666167530992,498,1,0.9431945538974952,1
616,5,1,10,0.0004256969608359,548,6,0.8884502877862838,1
335,5,1,10,0.1905657739578236,481,6,0.9431945538974952,1
549,5,1,10,0.0115112699715802,500,1,0.9431945538974952,1
512,5,1,0,0.0154902589490523,486,6,0.8884502877862838,1
535,5,1,0,0.0282786198031404,559,1,0.9431945538974952,1
524,5,1,0,0.0194692479265244,592,6,0.8884502877862838,1
496,5,1,0,0.0959214324201657,544,6,0.8884502877862838,1
437,5,1,0,0.0322576087806125,461,6,0.8884502877862838,1
509,5,1,10,0.158733862138047,588,6,0.9431945538974952,1
523,5,1,7,0.2025027408902398,637,1,0.8884502877862838,1
441,5,1,0,0.0640895206003891,534,6,0.9431945538974952,1
520,5,1,10,0.162712851115519,608,1,0.9431945538974952,1
579,5,1,10,0.0800054765102774,485,6,0.8884502877862838,1
360,5,1,10,0.4898413411899011,473,1,0.8884502877862838,1
479,5,1,10,0.1794802009470793,536,1,0.9431945538974952,1
466,5,1,7,0.2312070576542162,533,6,0.8884502877862838,1
556,5,1,10,0.111837388330054,497,1,0.9431945538974952,1
505,5,1,0,0.1706708290704632,541,6,0.8884502877862838,1
574,5,1,10,0.2582085865748488,622,1,0.8884502877862838,1
507,5,1,10,0.0800054765102774,537,1,0.9431945538974952,1
607,5,1,10,0.321872410214402,582,6,0.8884502877862838,1
475,5,1,10,0.4540304403926524,452,1,0.9431945538974952,1
496,5,1,10,0.0640895206003891,524,1,0.8884502877862838,1
495,5,1,0,0.0831330715660775,602,1,0.8884502877862838,1
591,5,1,0,0.2829339143613532,478,1,0.9431945538974952,1
457,5,1,7,0.4221985285728758,392,1,0.8884502877862838,1
401,5,1,7,0.0800054765102774,477,1,0.8884502877862838,1
560,5,1,0,0.0919424434426936,576,6,0.8884502877862838,1
524,5,1,0,0.0720474985553333,577,6,0.9431945538974952,1
468,5,1,7,0.1269019503182704,541,1,0.8884502877862838,1
292,5,1,10,0.4659674073250686,471,1,0.9431945538974952,1
563,5,1,10,0.3059564543045137,613,6,0.8884502877862838,1
428,5,1,10,0.5336102199420939,474,1,0.9431945538974952,1
422,5,1,7,0.4221985285728758,442,1,0.9431945538974952,1
315,5,1,10,0.2033541348119117,456,6,0.9431945538974952,1
266,2,1,5,0.979256985418966,630,6,0.8884502877862838,1
305,5,1,11,0.859887316094804,552,6,0.8884502877862838,1
237,5,1,11,0.7484756247255858,616,6,0.9431945538974952,1
273,5,1,5,0.9514040625766615,527,6,0.9431945538974952,1
271,2,1,11,1.2060593571348743,508,6,0.8884502877862838,1
270,5,1,11,0.9275301287118292,551,6,0.9431945538974952,1
314,5,1,11,1.0110888972387428,642,6,0.9431945538974952,1
273,2,1,11,1.3691979052112293,535,6,0.8884502877862838,1
253,2,1,5,1.0150678862162148,623,6,0.8884502877862838,1
217,5,1,5,1.3731768941887017,502,6,0.8884502877862838,1
227,2,1,11,0.963341029509078,522,6,0.9431945538974952,1
241,5,1,5,1.0667947429233515,543,6,0.9431945538974952,1
299,2,1,5,0.8479503491623878,529,6,0.8884502877862838,1
250,2,1,5,1.3333870044139808,557,6,0.8884502877862838,1
211,2,1,5,1.186164412247514,534,6,0.8884502877862838,1
241,2,1,5,1.1782064342925698,558,6,0.9431945538974952,1
270,2,1,11,1.1702484563376256,566,6,0.9431945538974952,1
276,5,1,5,1.0667947429233515,553,6,0.8884502877862838,1
311,2,1,11,0.7604125916580021,583,6,0.8884502877862838,1
237,5,1,11,1.1742274453150978,469,6,0.9431945538974952,1
297,5,1,5,1.007109908261271,588,6,0.8884502877862838,1
244,5,1,11,1.0110888972387428,537,6,0.8884502877862838,1
261,5,1,5,1.0866896878107122,543,6,0.8884502877862838,1
257,5,1,5,0.9116141728019408,490,6,0.9431945538974952,1
265,5,1,11,0.915593161779413,574,6,0.8884502877862838,1
191,5,1,5,1.1225005886079609,536,6,0.8884502877862838,1
242,5,1,5,1.0389418200810472,533,6,0.8884502877862838,1
206,5,1,11,1.046899798035991,524,6,0.8884502877862838,1
261,2,1,11,0.9832359743964384,554,6,0.8884502877862838,1
243,5,1,11,1.1702484563376256,449,6,0.8884502877862838,1
222,2,1,5,1.1185215996304887,542,6,0.9431945538974952,1
191,2,1,11,1.1941223902024585,409,6,0.8884502877862838,1
296,5,1,11,0.8280554042750273,637,6,0.8884502877862838,1
235,5,1,11,1.2657441917969554,503,6,0.9431945538974952,1
307,5,1,5,0.8320343932524994,637,6,0.9431945538974952,1
252,5,1,11,0.8837612499596363,676,6,0.9431945538974952,1
288,5,1,5,1.046899798035991,556,6,0.8884502877862838,1
247,5,1,11,1.046899798035991,447,6,0.9431945538974952,1
290,5,1,11,0.7842865255228345,548,6,0.8884502877862838,1
237,2,1,5,1.1782064342925698,521,6,0.9431945538974952,1
215,2,1,5,0.7444966357481138,553,6,0.8884502877862838,1
246,5,1,11,0.915593161779413,607,6,0.9431945538974952,1
265,2,1,11,0.8200974263200832,646,6,0.8884502877862838,1
255,2,1,11,1.0986266547431285,577,6,0.9431945538974952,1
256,2,1,11,1.074752720878296,567,6,0.8884502877862838,1
276,2,1,5,0.9036561948469968,546,6,0.9431945538974952,1
180,5,1,5,1.2498282358870672,459,6,0.9431945538974952,1
277,2,1,11,0.9553830515541336,570,6,0.9431945538974952,1
253,2,1,11,0.8200974263200832,638,6,0.8884502877862838,1
243,5,1,5,1.3174710485040924,581,6,0.9431945538974952,1
260,5,1,11,0.8479503491623878,590,6,0.8884502877862838,1
235,2,1,11,0.8956982168920526,522,6,0.9431945538974952,1
253,2,1,11,1.2856391366843158,441,6,0.9431945538974952,1
179,2,1,11,1.4487776847606708,476,6,0.9431945538974952,1
264,5,1,5,1.2617652028194837,504,6,0.8884502877862838,1
278,5,1,5,0.8996772058695247,533,6,0.8884502877862838,1
213,5,1,5,1.3811348721436456,442,6,0.8884502877862838,1
229,2,1,5,1.1423955334953213,481,6,0.8884502877862838,1
243,2,1,11,1.237891268954651,509,6,0.9431945538974952,1
251,2,1,11,1.0389418200810472,557,6,0.9431945538974952,1
238,2,1,11,1.130458566562905,493,6,0.9431945538974952,1
241,2,1,5,1.3333870044139808,561,6,0.8884502877862838,1
298,5,1,5,0.7763285475678904,624,6,0.9431945538974952,1
210,5,1,5,0.7246016908607534,593,6,0.8884502877862838,1
204,2,1,5,1.241870257932123,513,6,0.8884502877862838,1
222,2,1,5,1.030983842126103,604,6,0.8884502877862838,1
203,5,1,11,1.2458492469095952,454,6,0.9431945538974952,1
257,5,1,5,1.0866896878107122,502,6,0.9431945538974952,1
246,5,1,11,0.9911939523513824,498,6,0.9431945538974952,1
197,2,1,11,1.452756673738143,496,6,0.9431945538974952,1
282,2,1,5,0.8399923712074435,578,6,0.8884502877862838,1
293,5,1,11,0.8002024814327229,697,6,0.8884502877862838,1
289,2,1,11,1.1225005886079609,548,6,0.9431945538974952,1
240,2,1,11,0.8758032720046922,607,6,0.9431945538974952,1
247,5,1,5,1.233912279977179,500,6,0.8884502877862838,1
297,2,1,11,0.96732001848655,589,6,0.8884502877862838,1
249,2,1,5,1.074752720878296,672,6,0.9431945538974952,1
263,2,1,11,1.08271069883324,509,6,0.9431945538974952,1
265,5,1,5,1.130458566562905,531,6,0.8884502877862838,1
229,2,1,11,0.9911939523513824,491,6,0.8884502877862838,1
260,2,1,11,1.1622904783826815,487,6,0.8884502877862838,1
307,5,1,5,0.6609378672212003,641,6,0.9431945538974952,1
248,5,1,5,1.3652189162337574,514,6,0.9431945538974952,1
273,2,1,5,1.0349628311035752,595,6,0.9431945538974952,1
247,5,1,5,1.353281949301341,456,6,0.9431945538974952,1
238,2,1,11,0.7763285475678904,529,6,0.9431945538974952,1
274,5,1,11,1.0946476657656563,532,6,0.9431945538974952,1
236,5,1,11,1.1145426106530167,559,6,0.8884502877862838,1
193,2,1,11,1.182185423270042,413,6,0.9431945538974952,1
249,5,1,5,1.0866896878107122,526,6,0.9431945538974952,1
242,2,1,5,1.0628157539458798,519,6,0.9431945538974952,1
255,2,1,5,1.0150678862162148,578,6,0.8884502877862838,1
193,5,1,5,1.233912279977179,499,6,0.9431945538974952,1
234,2,1,5,1.2657441917969554,573,6,0.8884502877862838,1
274,2,1,5,0.9474250735991896,622,6,0.8884502877862838,1
256,2,1,5,0.9116141728019408,610,6,0.9431945538974952,1
317,2,1,11,0.8360133822299715,543,6,0.8884502877862838,1
237,5,1,5,0.963341029509078,515,6,0.9431945538974952,1
279,5,1,11,0.7842865255228345,617,6,0.9431945538974952,1
242,5,1,5,1.2697231807744276,500,6,0.9431945538974952,1
271,5,1,5,1.353281949301341,487,6,0.9431945538974952,1
221,5,1,5,0.8917192279145806,506,6,0.8884502877862838,1
243,5,1,11,1.3214500374815643,494,6,0.8884502877862838,1
243,2,1,11,1.130458566562905,443,6,0.9431945538974952,1
249,5,1,5,0.9553830515541336,540,6,0.9431945538974952,1
242,2,1,11,1.349302960323869,471,6,0.8884502877862838,1
243,5,1,11,0.9275301287118292,636,6,0.9431945538974952,1
281,5,1,5,1.2856391366843158,504,6,0.8884502877862838,1
241,5,1,5,1.0667947429233515,521,6,0.8884502877862838,1
223,5,1,5,1.2657441917969554,547,6,0.8884502877862838,1
297,5,1,5,1.130458566562905,511,6,0.8884502877862838,1
275,5,1,11,1.182185423270042,516,6,0.8884502877862838,1
280,5,1,5,1.253807224864539,518,6,0.8884502877862838,1
260,2,1,5,0.8559083271173319,592,6,0.9431945538974952,1
237,5,1,11,0.9951729413288544,603,6,0.8884502877862838,1
273,2,1,11,1.1384165445178491,530,6,0.8884502877862838,1
284,5,1,5,0.8718242830272201,647,6,0.9431945538974952,1
215,2,1,5,0.7842865255228345,640,6,0.9431945538974952,1
230,5,1,11,1.1543325004277374,431,6,0.9431945538974952,1
219,5,1,5,1.1702484563376256,489,6,0.9431945538974952,1
300,5,1,5,0.979256985418966,562,6,0.8884502877862838,1
239,2,1,11,1.030983842126103,542,6,0.8884502877862838,1
222,5,1,11,0.9951729413288544,618,6,0.9431945538974952,1
273,5,1,5,0.8956982168920526,685,6,0.9431945538974952,1
213,2,1,5,1.007109908261271,611,6,0.9431945538974952,1
287,2,1,11,0.7763285475678904,637,6,0.9431945538974952,1
272,2,1,11,1.1264795775854328,461,6,0.8884502877862838,1
199,5,1,5,1.1145426106530167,474,6,0.8884502877862838,1
216,2,1,11,1.4209247619183665,386,6,0.8884502877862838,1
250,5,1,11,1.027004853148631,559,6,0.8884502877862838,1
200,2,1,5,1.1384165445178491,564,6,0.8884502877862838,1
230,2,1,11,1.3214500374815643,490,6,0.9431945538974952,1
247,2,1,5,0.8996772058695247,659,6,0.8884502877862838,1
223,5,1,11,1.2577862138420113,457,6,0.8884502877862838,1
264,5,1,5,1.2776811587293715,530,6,0.9431945538974952,1
253,2,1,11,0.979256985418966,629,6,0.8884502877862838,1
251,2,1,11,0.9553830515541336,554,6,0.9431945538974952,1
196,5,1,11,1.2060593571348743,490,6,0.8884502877862838,1
236,5,1,5,1.4249037508958384,475,6,0.9431945538974952,1
216,2,1,5,1.3890928500985895,475,6,0.8884502877862838,1
258,2,1,11,1.3294080154365089,484,6,0.8884502877862838,1
260,2,1,11,1.134437555540377,593,6,0.9431945538974952,1
267,2,1,11,0.915593161779413,498,6,0.8884502877862838,1
261,5,1,5,1.186164412247514,487,6,0.8884502877862838,1
240,5,1,5,1.4288827398733106,499,6,0.9431945538974952,1
278,5,1,11,1.074752720878296,521,6,0.9431945538974952,1
236,5,1,5,0.9474250735991896,571,6,0.9431945538974952,1
261,5,1,11,0.975277996441494,632,6,0.8884502877862838,1
300,2,1,5,0.8161184373426111,629,6,0.8884502877862838,1
221,5,1,11,1.349302960323869,488,6,0.9431945538974952,1
264,2,1,5,1.130458566562905,569,6,0.8884502877862838,1
257,2,1,11,1.1463745224727933,596,6,0.9431945538974952,1
295,2,1,11,1.0628157539458798,602,6,0.9431945538974952,1
305,2,1,5,0.7803075365453624,558,6,0.8884502877862838,1
300,2,1,5,1.0866896878107122,556,6,0.8884502877862838,1
235,5,1,5,1.2577862138420113,518,6,0.8884502877862838,1
307,2,1,5,0.9593620405316058,603,6,0.9431945538974952,1
237,2,1,11,1.4328617288507826,489,6,0.8884502877862838,1
207,5,1,5,1.007109908261271,562,6,0.9431945538974952,1
290,5,1,5,1.0548577759909357,528,6,0.8884502877862838,1
206,2,1,11,1.3134920595266204,482,6,0.9431945538974952,1
226,2,1,11,1.393071839076062,466,6,0.9431945538974952,1
257,2,1,11,1.0628157539458798,516,6,0.8884502877862838,1
251,2,1,5,1.190143401224986,587,6,0.9431945538974952,1
204,2,1,11,1.1782064342925698,499,6,0.8884502877862838,1
236,5,1,11,1.0588367649684076,512,6,0.8884502877862838,1
220,2,1,11,1.046899798035991,423,6,0.9431945538974952,1
205,5,1,11,1.4089877949859502,354,6,0.9431945538974952,1
201,2,1,5,1.4089877949859502,472,6,0.8884502877862838,1
204,2,1,5,1.0508787870134637,517,6,0.9431945538974952,1
196,5,1,5,1.2617652028194837,422,6,0.9431945538974952,1
203,5,1,5,1.1026056437206004,482,6,0.9431945538974952,1
264,5,1,11,0.7763285475678904,648,6,0.9431945538974952,1
228,5,1,11,1.1503535114502654,462,6,0.9431945538974952,1
325,5,1,11,0.6887907900635047,623,6,0.8884502877862838,1
270,2,1,5,1.1423955334953213,544,6,0.9431945538974952,1
260,5,1,11,1.297576103616732,540,6,0.9431945538974952,1
269,5,1,5,1.1782064342925698,473,6,0.9431945538974952,1
279,2,1,11,1.090668676788184,531,6,0.9431945538974952,1
253,2,1,5,1.1065846326980726,495,6,0.8884502877862838,1
247,5,1,11,1.2060593571348743,541,6,0.8884502877862838,1
229,5,1,11,1.0031309192837985,618,6,0.8884502877862838,1
334,2,1,5,0.979256985418966,612,6,0.9431945538974952,1
295,5,1,5,0.7564336026805301,614,6,0.8884502877862838,1
235,5,1,11,1.0946476657656563,584,6,0.8884502877862838,1
251,2,1,11,0.9116141728019408,548,6,0.8884502877862838,1
231,5,1,5,1.0389418200810472,522,6,0.8884502877862838,1
284,5,1,5,1.1145426106530167,563,6,0.8884502877862838,1
238,2,1,11,1.1742274453150978,596,6,0.8884502877862838,1
229,2,1,5,1.1662694673601537,543,6,0.8884502877862838,1
209,5,1,5,1.345323971346397,522,6,0.9431945538974952,1
250,2,1,5,1.08271069883324,548,6,0.9431945538974952,1
292,5,1,5,0.971299007464022,535,6,0.8884502877862838,1
183,5,1,5,1.3174710485040924,465,6,0.9431945538974952,1
336,2,1,5,0.8041814704101949,651,6,0.8884502877862838,1
258,5,1,11,0.9991519303063264,619,6,0.9431945538974952,1
283,2,1,5,1.0031309192837985,528,6,0.8884502877862838,1
294,2,1,11,0.652979889266256,627,6,0.8884502877862838,1
215,2,1,11,1.2776811587293715,439,6,0.9431945538974952,1
300,2,1,11,0.963341029509078,558,6,0.8884502877862838,1
276,2,1,11,0.859887316094804,605,6,0.9431945538974952,1
241,2,1,5,1.0628157539458798,567,6,0.9431945538974952,1
263,2,1,11,1.0110888972387428,525,6,0.8884502877862838,1
270,5,1,11,1.0031309192837985,548,6,0.8884502877862838,1
310,5,1,11,0.7285806798382255,601,6,0.9431945538974952,1
240,2,1,5,1.0866896878107122,497,6,0.8884502877862838,1
193,2,1,11,1.190143401224986,580,6,0.8884502877862838,1
272,5,1,11,1.1463745224727933,485,6,0.9431945538974952,1
249,5,1,5,1.019046875193687,600,6,0.9431945538974952,1
229,5,1,5,0.9116141728019408,562,6,0.8884502877862838,1
281,5,1,11,0.8678452940497481,566,6,0.8884502877862838,1
208,5,1,11,1.50448353044528,324,6,0.9431945538974952,1
241,2,1,11,0.808160459387667,633,6,0.8884502877862838,1
261,2,1,11,1.0866896878107122,504,6,0.8884502877862838,1
292,5,1,11,0.971299007464022,551,6,0.9431945538974952,1
239,2,1,5,1.1384165445178491,571,6,0.8884502877862838,1
223,2,1,11,1.2737021697518995,483,6,0.8884502877862838,1
251,5,1,5,1.3095130705491482,497,6,0.9431945538974952,1
270,2,1,11,1.130458566562905,511,6,0.9431945538974952,1
259,2,1,11,1.019046875193687,578,6,0.9431945538974952,1
242,5,1,11,1.0588367649684076,490,6,0.8884502877862838,1
229,5,1,5,0.8479503491623878,700,6,0.9431945538974952,1
262,2,1,11,0.8002024814327229,590,6,0.8884502877862838,1
251,2,1,5,1.2577862138420113,622,6,0.9431945538974952,1
243,2,1,11,1.2140173350898185,452,6,0.9431945538974952,1
219,2,1,5,1.5562103871524169,408,6,0.9431945538974952,1
293,2,1,5,1.186164412247514,521,6,0.9431945538974952,1
263,2,1,11,0.7405176467706417,618,6,0.8884502877862838,1
225,5,1,11,1.241870257932123,461,6,0.9431945538974952,1
229,5,1,5,1.2498282358870672,490,6,0.8884502877862838,1
322,5,1,11,1.1662694673601537,554,6,0.8884502877862838,1
288,2,1,5,0.8996772058695247,557,6,0.8884502877862838,1
244,2,1,11,1.134437555540377,520,6,0.9431945538974952,1
285,2,1,5,1.027004853148631,593,6,0.8884502877862838,1
239,2,1,5,0.9514040625766615,545,6,0.9431945538974952,1
319,5,1,5,0.8320343932524994,672,6,0.9431945538974952,1
253,5,1,11,0.96732001848655,584,6,0.8884502877862838,1
278,5,1,11,0.9951729413288544,590,6,0.8884502877862838,1
291,2,1,5,0.9394670956442456,606,6,0.8884502877862838,1
269,2,1,5,1.1105636216755446,554,6,0.9431945538974952,1
245,5,1,5,0.9991519303063264,544,6,0.9431945538974952,1
261,2,1,5,1.0150678862162148,631,6,0.9431945538974952,1
245,5,1,11,0.971299007464022,544,6,0.8884502877862838,1
297,2,1,11,1.2060593571348743,582,6,0.9431945538974952,1
240,5,1,11,0.9354881066667734,565,6,0.8884502877862838,1
237,2,1,5,0.9076351838244688,543,6,0.8884502877862838,1
246,5,1,11,1.0588367649684076,582,6,0.9431945538974952,1
258,2,1,5,1.3612399272562852,531,6,0.8884502877862838,1
241,5,1,11,0.9593620405316058,532,6,0.9431945538974952,1
264,2,1,11,0.8479503491623878,572,6,0.8884502877862838,1
208,5,1,11,1.456735662715615,485,6,0.9431945538974952,1
287,5,1,11,0.9116141728019408,569,6,0.9431945538974952,1
295,2,1,11,1.074752720878296,523,6,0.9431945538974952,1
159,2,1,11,1.440819706805727,450,6,0.8884502877862838,1
215,2,1,11,1.2617652028194837,554,6,0.8884502877862838,1
248,2,1,5,1.007109908261271,528,6,0.9431945538974952,1
285,2,1,5,1.2737021697518995,608,6,0.8884502877862838,1
210,5,1,5,1.301555092594204,461,6,0.8884502877862838,1
246,5,1,5,1.134437555540377,485,6,0.9431945538974952,1
264,2,1,5,0.915593161779413,624,6,0.9431945538974952,1
251,5,1,11,1.1702484563376256,481,6,0.9431945538974952,1
283,5,1,5,0.8479503491623878,568,6,0.9431945538974952,1
198,5,1,11,1.0588367649684076,525,6,0.8884502877862838,1
251,2,1,5,0.979256985418966,556,6,0.8884502877862838,1
225,5,1,5,1.3055340815716765,547,6,0.8884502877862838,1
254,5,1,11,1.0986266547431285,446,6,0.9431945538974952,1
258,2,1,11,1.0946476657656563,639,6,0.9431945538974952,1
241,2,1,11,0.7126647239283372,553,6,0.9431945538974952,1
237,5,1,11,0.808160459387667,561,6,0.9431945538974952,1
199,2,1,11,1.2776811587293715,500,6,0.9431945538974952,1
246,2,1,5,0.8837612499596363,633,6,0.9431945538974952,1
338,5,1,5,0.6171689884690075,713,6,0.8884502877862838,1
272,2,1,5,1.0548577759909357,547,6,0.8884502877862838,1
307,2,1,11,0.5734001097168147,653,6,0.8884502877862838,1
223,2,1,5,0.919572150756885,612,6,0.8884502877862838,1
166,5,1,11,1.1583114894052096,561,6,0.8884502877862838,1
352,5,1,5,0.7365386577931696,714,6,0.8884502877862838,1
221,5,1,5,1.074752720878296,546,6,0.8884502877862838,1
298,5,1,5,0.8479503491623878,651,6,0.9431945538974952,1
323,5,1,5,0.8240764152975553,576,6,0.8884502877862838,1
242,2,1,11,1.0508787870134637,538,6,0.9431945538974952,1
260,5,1,5,1.2737021697518995,500,6,0.9431945538974952,1
222,2,1,11,0.9991519303063264,547,6,0.9431945538974952,1
273,5,1,5,0.8360133822299715,611,6,0.8884502877862838,1
297,2,1,11,0.9394670956442456,642,6,0.8884502877862838,1
273,2,1,11,0.7683705696129463,642,6,0.8884502877862838,1
333,2,1,11,0.752454613703058,664,6,0.8884502877862838,1
265,2,1,11,0.7723495585904183,619,6,0.9431945538974952,1
230,5,1,5,1.2617652028194837,495,6,0.9431945538974952,1
275,5,1,11,0.9275301287118292,564,6,0.8884502877862838,1
316,2,1,11,0.8519293381398598,597,6,0.9431945538974952,1
261,5,1,5,1.1941223902024585,564,6,0.9431945538974952,1
239,2,1,11,1.027004853148631,617,6,0.8884502877862838,1
229,2,1,5,1.190143401224986,537,6,0.9431945538974952,1
277,5,1,11,0.4301565065278199,661,6,0.8884502877862838,1
275,2,1,11,1.0429208090585194,570,6,0.9431945538974952,1
288,5,1,11,0.8956982168920526,611,6,0.8884502877862838,1
262,2,1,5,0.8678452940497481,553,6,0.9431945538974952,1
248,2,1,11,1.0946476657656563,533,6,0.8884502877862838,1
226,2,1,5,1.1185215996304887,487,6,0.8884502877862838,1
228,2,1,5,1.0389418200810472,538,6,0.9431945538974952,1
306,2,1,11,1.1702484563376256,549,6,0.8884502877862838,1
189,2,1,11,1.289618125661788,483,6,0.9431945538974952,1
249,2,1,5,1.074752720878296,585,6,0.8884502877862838,1
293,5,1,5,0.9036561948469968,566,6,0.9431945538974952,1
232,2,1,5,1.1384165445178491,517,6,0.9431945538974952,1
334,5,1,5,0.6450219113113119,636,6,0.9431945538974952,1
240,5,1,5,1.2697231807744276,606,6,0.8884502877862838,1
240,5,1,11,1.1026056437206004,531,6,0.8884502877862838,1
241,5,1,5,0.915593161779413,583,6,0.8884502877862838,1
253,5,1,11,1.2657441917969554,470,6,0.8884502877862838,1
223,5,1,5,0.8718242830272201,572,6,0.9431945538974952,1
278,2,1,5,1.027004853148631,464,6,0.9431945538974952,1
209,5,1,11,1.253807224864539,491,6,0.8884502877862838,1
224,2,1,5,1.2060593571348743,569,6,0.8884502877862838,1
219,2,1,5,1.5323364532875845,430,6,0.9431945538974952,1
238,2,1,11,1.353281949301341,425,6,0.9431945538974952,1
236,2,1,5,0.9553830515541336,610,6,0.9431945538974952,1
261,2,1,11,1.1583114894052096,490,6,0.8884502877862838,1
212,5,1,11,1.1185215996304887,566,6,0.9431945538974952,1
199,5,1,11,1.253807224864539,453,6,0.9431945538974952,1
273,2,1,11,1.3572609382788132,459,6,0.9431945538974952,1
201,5,1,11,1.2060593571348743,568,6,0.8884502877862838,1
234,2,1,11,1.1583114894052096,559,6,0.8884502877862838,1
257,2,1,5,1.1384165445178491,527,6,0.8884502877862838,1
218,5,1,5,0.9553830515541336,699,6,0.9431945538974952,1
306,2,1,5,0.963341029509078,526,6,0.9431945538974952,1
252,2,1,11,0.9991519303063264,524,6,0.9431945538974952,1
238,5,1,5,1.1185215996304887,573,6,0.9431945538974952,1
180,5,1,11,1.2060593571348743,413,6,0.8884502877862838,1
267,5,1,5,0.8399923712074435,552,6,0.9431945538974952,1
291,5,1,5,0.9991519303063264,584,6,0.8884502877862838,1
242,5,1,5,1.007109908261271,516,6,0.9431945538974952,1
253,5,1,5,1.2140173350898185,448,6,0.8884502877862838,1
265,2,1,11,0.7922445034777786,588,6,0.8884502877862838,1
259,5,1,11,1.611916232837026,448,6,0.9431945538974952,1
205,5,1,11,1.253807224864539,499,6,0.8884502877862838,1
245,2,1,11,1.2577862138420113,462,6,0.8884502877862838,1
186,2,1,5,1.027004853148631,522,6,0.8884502877862838,1
253,5,1,11,1.2657441917969554,424,6,0.9431945538974952,1
303,2,1,11,0.6609378672212003,640,6,0.8884502877862838,1
155,2,1,11,1.2617652028194837,496,6,0.8884502877862838,1
227,2,1,5,1.1463745224727933,551,6,0.8884502877862838,1
255,5,1,5,0.9116141728019408,614,6,0.8884502877862838,1
182,5,1,11,1.2020803681574024,493,6,0.9431945538974952,1
308,2,1,5,0.9354881066667734,564,6,0.8884502877862838,1
251,5,1,5,1.0429208090585194,456,6,0.9431945538974952,1
242,2,1,5,1.29359711463926,544,6,0.9431945538974952,1
264,2,1,11,0.7564336026805301,567,6,0.9431945538974952,1
205,5,1,11,1.281660147706844,525,6,0.9431945538974952,1
274,2,1,11,1.1026056437206004,524,6,0.8884502877862838,1
203,5,1,5,1.512441508400224,523,6,0.9431945538974952,1
251,2,1,11,1.2060593571348743,557,6,0.8884502877862838,1
294,5,1,7,0.7365386577931696,472,3,0.9431945538974952,0
271,2,1,7,0.6171689884690075,521,6,0.9431945538974952,0
339,5,1,7,0.4381144844827641,594,6,0.8884502877862838,0
319,2,1,7,0.5176942640322055,580,6,0.9431945538974952,0
300,5,1,7,0.6967487680184489,539,3,0.8884502877862838,0
249,5,1,7,0.593295054604175,560,6,0.9431945538974952,0
248,2,1,7,0.8956982168920526,398,3,0.8884502877862838,0
223,2,1,7,1.0508787870134637,424,3,0.8884502877862838,0
216,5,1,7,0.7047067459733931,493,6,0.8884502877862838,0
236,2,1,7,0.7126647239283372,621,6,0.9431945538974952,0
358,5,1,7,0.9275301287118292,504,6,0.8884502877862838,0
265,2,1,7,0.6370639333563678,550,6,0.9431945538974952,0
287,2,1,7,0.5734001097168147,574,6,0.9431945538974952,0
256,5,1,7,0.7126647239283372,553,3,0.9431945538974952,0
222,5,1,7,0.8002024814327229,490,6,0.8884502877862838,0
360,2,1,7,0.5256522419871498,549,3,0.8884502877862838,0
380,2,1,7,0.4977993191448452,611,6,0.9431945538974952,0
342,2,1,7,0.6609378672212003,642,6,0.8884502877862838,0
313,2,1,7,0.597274043581647,637,6,0.9431945538974952,0
322,5,1,7,0.3426187490234343,645,3,0.8884502877862838,0
283,2,1,7,0.915593161779413,382,3,0.9431945538974952,0
366,2,1,7,0.593295054604175,564,3,0.8884502877862838,0
343,2,1,7,0.5734001097168147,602,6,0.8884502877862838,0
322,5,1,7,0.649000900288784,534,6,0.8884502877862838,0
221,2,1,7,0.5853370766492308,488,6,0.9431945538974952,0
352,5,1,7,0.6768538231310886,526,6,0.8884502877862838,0
322,5,1,7,0.915593161779413,507,3,0.9431945538974952,0
252,5,1,7,0.6410429223338399,479,6,0.9431945538974952,0
326,2,1,7,0.6052320215365912,556,6,0.9431945538974952,0
286,5,1,7,0.6092110105140632,539,6,0.9431945538974952,0
293,2,1,7,0.9434460846217176,470,3,0.9431945538974952,0
281,2,1,7,0.7444966357481138,576,6,0.8884502877862838,0
258,5,1,7,0.6927697790409768,495,6,0.9431945538974952,0
227,5,1,7,0.975277996441494,434,6,0.9431945538974952,0
392,2,1,7,0.752454613703058,529,6,0.8884502877862838,0
269,5,1,7,0.6450219113113119,591,3,0.8884502877862838,0
287,2,1,7,0.7564336026805301,550,3,0.9431945538974952,0
383,2,1,7,0.4898413411899011,650,3,0.8884502877862838,0
288,2,1,7,0.4540304403926524,580,3,0.8884502877862838,0
285,2,1,7,0.5734001097168147,527,3,0.9431945538974952,0
327,5,1,7,0.2272280686767442,634,6,0.8884502877862838,0
349,2,1,7,0.3187448151586018,617,3,0.8884502877862838,0
230,5,1,7,0.6609378672212003,546,6,0.9431945538974952,0
356,5,1,7,0.5893160656267029,591,3,0.8884502877862838,0
307,2,1,7,0.8678452940497481,528,3,0.9431945538974952,0
298,5,1,7,0.6927697790409768,484,6,0.8884502877862838,0
248,2,1,7,0.7365386577931696,484,3,0.8884502877862838,0
352,2,1,7,0.2113121127668558,712,6,0.9431945538974952,0
371,5,1,7,0.4221985285728758,614,3,0.8884502877862838,0
270,2,1,7,0.7047067459733931,416,3,0.8884502877862838,0
229,5,1,7,0.5495261758519822,562,3,0.9431945538974952,0
260,2,1,7,0.9593620405316058,507,3,0.9431945538974952,0
407,5,1,7,0.1874381789020234,709,6,0.8884502877862838,0
211,2,1,7,0.5296312309646218,610,6,0.8884502877862838,0
244,2,1,7,1.019046875193687,508,3,0.8884502877862838,0
256,2,1,7,0.7842865255228345,452,6,0.9431945538974952,0
335,2,1,7,0.7723495585904183,547,3,0.8884502877862838,0
340,5,1,7,0.9076351838244688,631,6,0.8884502877862838,0
285,2,1,7,0.9434460846217176,559,6,0.9431945538974952,0
280,5,1,7,0.7604125916580021,584,3,0.9431945538974952,0
233,5,1,7,0.8121394483651391,481,6,0.9431945538974952,0
277,5,1,7,0.8479503491623878,537,3,0.9431945538974952,0
247,2,1,7,0.6688958451761444,474,6,0.9431945538974952,0
332,5,1,7,0.6131899994915354,477,3,0.8884502877862838,0
236,2,1,7,0.7723495585904183,542,3,0.8884502877862838,0
348,5,1,7,0.6012530325591191,602,3,0.8884502877862838,0
287,5,1,7,0.6450219113113119,545,6,0.8884502877862838,0
281,2,1,7,0.7484756247255858,485,3,0.8884502877862838,0
297,5,1,7,0.8121394483651391,487,3,0.9431945538974952,0
299,5,1,7,0.6211479774464795,498,3,0.9431945538974952,0
234,5,1,7,0.9593620405316058,486,6,0.8884502877862838,0
293,5,1,7,0.6450219113113119,557,6,0.8884502877862838,0
273,5,1,7,0.5495261758519822,521,3,0.8884502877862838,0
294,2,1,7,0.8161184373426111,530,6,0.8884502877862838,0
278,2,1,7,0.859887316094804,463,6,0.9431945538974952,0
320,5,1,7,0.6927697790409768,576,6,0.8884502877862838,0
330,5,1,7,0.8280554042750273,577,3,0.9431945538974952,0
270,5,1,7,0.971299007464022,422,3,0.8884502877862838,0
256,2,1,7,0.4500514514151803,530,6,0.8884502877862838,0
298,5,1,7,0.5017783081223173,611,3,0.8884502877862838,0
325,5,1,7,0.6092110105140632,527,6,0.9431945538974952,0
300,2,1,7,0.6887907900635047,556,3,0.9431945538974952,0
169,5,1,7,0.8240764152975553,602,6,0.9431945538974952,0
215,5,1,7,0.859887316094804,491,3,0.8884502877862838,0
263,5,1,7,0.9872149633739103,525,6,0.9431945538974952,0
291,2,1,7,0.96732001848655,482,6,0.9431945538974952,0
265,5,1,7,0.8439713601849157,453,6,0.8884502877862838,0
298,5,1,7,0.7126647239283372,524,6,0.8884502877862838,0
318,2,1,7,0.4540304403926524,566,3,0.8884502877862838,0
314,2,1,7,0.6569588782437281,494,3,0.9431945538974952,0
391,5,1,7,0.4540304403926524,628,6,0.8884502877862838,0
304,2,1,7,0.919572150756885,519,6,0.9431945538974952,0
346,2,1,7,0.4301565065278199,522,3,0.8884502877862838,0
308,2,1,7,0.378429649820683,597,6,0.8884502877862838,0
337,5,1,7,0.541568197897038,571,3,0.8884502877862838,0
256,2,1,7,0.8996772058695247,474,3,0.9431945538974952,0
319,2,1,7,0.8519293381398598,484,6,0.8884502877862838,0
309,5,1,7,0.6887907900635047,504,3,0.8884502877862838,0
286,5,1,7,0.7763285475678904,532,6,0.8884502877862838,0
333,2,1,7,0.2113121127668558,621,6,0.9431945538974952,0
357,5,1,7,0.326702793113546,618,6,0.8884502877862838,0
344,2,1,7,0.7285806798382255,565,6,0.9431945538974952,0
360,5,1,7,0.4023035836855154,554,3,0.8884502877862838,0
352,5,1,7,0.3664926828882667,661,3,0.9431945538974952,0
325,5,1,7,0.5455471868745101,570,6,0.9431945538974952,0
278,2,1,7,0.7007277569959209,492,6,0.9431945538974952,0
292,2,1,7,0.9036561948469968,501,3,0.8884502877862838,0
323,5,1,7,0.5813580876717588,633,6,0.8884502877862838,0
330,2,1,7,0.6092110105140632,610,3,0.8884502877862838,0
358,2,1,7,0.8320343932524994,566,3,0.9431945538974952,0
339,5,1,7,0.4023035836855154,576,6,0.8884502877862838,0
295,2,1,7,0.8877402389371084,444,3,0.8884502877862838,0
399,5,1,7,0.378429649820683,712,3,0.9431945538974952,0
232,5,1,7,0.6450219113113119,499,3,0.8884502877862838,0
271,2,1,7,1.0667947429233515,461,6,0.9431945538974952,0
266,5,1,7,0.593295054604175,523,6,0.9431945538974952,0
291,5,1,7,0.8877402389371084,541,3,0.8884502877862838,0
357,2,1,7,0.485862352212429,567,6,0.8884502877862838,0
287,5,1,7,0.5535051648294542,478,3,0.9431945538974952,0
316,2,1,7,0.7086857349508652,551,3,0.9431945538974952,0
249,5,1,7,0.6131899994915354,525,3,0.9431945538974952,0
371,5,1,7,0.3386397600459622,633,6,0.8884502877862838,0
222,2,1,7,0.9911939523513824,433,3,0.8884502877862838,0
294,5,1,7,0.597274043581647,584,6,0.8884502877862838,0
319,5,1,7,0.5176942640322055,599,3,0.9431945538974952,0
336,2,1,7,0.5495261758519822,566,3,0.8884502877862838,0
317,2,1,7,0.2312070576542162,635,6,0.8884502877862838,0
359,5,1,7,0.5256522419871498,589,3,0.9431945538974952,0
359,2,1,7,0.8200974263200832,567,3,0.8884502877862838,0
215,2,1,7,0.8240764152975553,497,3,0.8884502877862838,0
353,5,1,7,0.8917192279145806,530,3,0.9431945538974952,0
265,5,1,7,0.975277996441494,476,3,0.9431945538974952,0
269,5,1,7,0.6688958451761444,454,6,0.9431945538974952,0
292,2,1,7,0.7206227018832814,591,3,0.8884502877862838,0
259,5,1,7,0.7564336026805301,461,3,0.8884502877862838,0
307,2,1,7,0.6808328121085606,556,3,0.9431945538974952,0
304,5,1,7,0.649000900288784,546,6,0.8884502877862838,0
252,5,1,7,0.8240764152975553,534,6,0.9431945538974952,0
251,5,1,7,0.6171689884690075,472,6,0.8884502877862838,0
267,2,1,7,0.5853370766492308,552,6,0.8884502877862838,0
332,5,1,7,0.6927697790409768,514,6,0.8884502877862838,0
301,5,1,7,0.8161184373426111,517,3,0.8884502877862838,0
400,5,1,7,0.4420934734602362,642,3,0.8884502877862838,0
250,2,1,7,0.537589208919566,613,6,0.8884502877862838,0
275,2,1,7,0.6251269664239516,494,3,0.8884502877862838,0
310,2,1,7,0.541568197897038,612,6,0.9431945538974952,0
326,2,1,7,0.6370639333563678,616,3,0.8884502877862838,0
295,2,1,7,0.4221985285728758,608,3,0.8884502877862838,0
316,2,1,7,0.0999004213976378,724,6,0.9431945538974952,0
359,5,1,7,0.6609378672212003,479,3,0.9431945538974952,0
290,5,1,7,0.7643915806354742,522,6,0.8884502877862838,0
246,2,1,7,0.7484756247255858,519,6,0.8884502877862838,0
314,2,1,7,0.5813580876717588,569,3,0.9431945538974952,0
317,2,1,7,0.7962234924552508,599,3,0.8884502877862838,0
385,5,1,7,0.3983245947080434,680,3,0.8884502877862838,0
312,2,1,7,0.7405176467706417,510,6,0.8884502877862838,0
269,2,1,7,0.8837612499596363,580,3,0.8884502877862838,0
349,5,1,7,0.4818833632349569,610,3,0.8884502877862838,0
231,2,1,7,0.4420934734602362,513,6,0.9431945538974952,0
337,2,1,7,0.4619884183475966,640,6,0.8884502877862838,0
372,2,1,7,0.5216732530096777,574,6,0.9431945538974952,0
299,5,1,7,0.6688958451761444,605,3,0.8884502877862838,0
421,5,1,7,0.056131542645445,639,3,0.8884502877862838,0
355,5,1,7,0.8121394483651391,434,3,0.8884502877862838,0
271,5,1,7,0.979256985418966,512,3,0.9431945538974952,0
273,2,1,7,0.8678452940497481,466,6,0.8884502877862838,0
371,2,1,7,0.7723495585904183,641,3,0.8884502877862838,0
361,5,1,7,0.5256522419871498,568,6,0.8884502877862838,0
289,2,1,7,0.5694211207393426,574,6,0.8884502877862838,0
356,5,1,7,0.7643915806354742,548,3,0.8884502877862838,0
294,2,1,7,1.0150678862162148,506,3,0.9431945538974952,0
273,2,1,7,0.6291059554014237,470,3,0.9431945538974952,0
304,5,1,7,0.5734001097168147,538,3,0.9431945538974952,0
354,5,1,7,0.2391650356091604,623,6,0.9431945538974952,0
343,5,1,7,0.6370639333563678,596,6,0.8884502877862838,0
207,5,1,7,0.6967487680184489,518,6,0.9431945538974952,0
340,2,1,7,0.485862352212429,551,6,0.8884502877862838,0
332,5,1,7,0.5813580876717588,561,6,0.9431945538974952,0
242,5,1,7,0.7803075365453624,487,3,0.9431945538974952,0
270,5,1,7,0.7126647239283372,578,3,0.9431945538974952,0
327,2,1,7,0.3744506608432109,545,6,0.8884502877862838,0
377,5,1,7,0.752454613703058,598,6,0.9431945538974952,0
273,2,1,7,0.4977993191448452,582,3,0.8884502877862838,0
349,2,1,7,0.6450219113113119,483,6,0.8884502877862838,0
295,5,1,7,0.8002024814327229,529,6,0.9431945538974952,0
144,2,1,7,0.649000900288784,499,3,0.9431945538974952,0
179,5,1,7,0.8002024814327229,552,6,0.9431945538974952,0
337,5,1,7,0.5694211207393426,471,3,0.9431945538974952,0
314,2,1,7,0.652979889266256,619,3,0.8884502877862838,0
227,5,1,7,0.8320343932524994,592,3,0.8884502877862838,0
341,2,1,7,0.5097362860772614,631,3,0.9431945538974952,0
249,5,1,7,0.6291059554014237,481,6,0.8884502877862838,0
427,5,1,7,0.6092110105140632,593,6,0.8884502877862838,0
276,5,1,7,0.6848118010860327,519,6,0.9431945538974952,0
287,2,1,7,0.5097362860772614,582,6,0.9431945538974952,0
356,2,1,7,0.5176942640322055,640,3,0.9431945538974952,0
301,5,1,7,0.9354881066667734,532,6,0.9431945538974952,0
254,2,1,7,0.6728748341536165,566,3,0.8884502877862838,0
334,2,1,7,1.0508787870134637,508,3,0.9431945538974952,0
279,2,1,7,0.652979889266256,599,6,0.9431945538974952,0
367,2,1,7,0.7285806798382255,615,3,0.8884502877862838,0
332,5,1,7,0.7166437129058093,541,6,0.8884502877862838,0
302,2,1,7,0.5813580876717588,596,3,0.9431945538974952,0
250,2,1,7,0.7086857349508652,536,6,0.8884502877862838,0
398,5,1,7,0.3505767269783785,647,3,0.9431945538974952,0
220,2,1,7,0.5097362860772614,542,3,0.9431945538974952,0
298,2,1,7,1.0548577759909357,326,3,0.8884502877862838,0
329,5,1,7,0.6967487680184489,563,6,0.9431945538974952,0
242,5,1,7,0.9235511397343572,389,6,0.9431945538974952,0
319,2,1,7,0.7285806798382255,522,3,0.8884502877862838,0
370,5,1,7,0.3346607710684902,640,6,0.8884502877862838,0
328,2,1,7,0.2829339143613532,689,6,0.9431945538974952,0
324,2,1,7,0.0720474985553333,676,6,0.9431945538974952,0
350,5,1,7,0.5137152750547335,557,3,0.9431945538974952,0
339,5,1,7,0.378429649820683,590,3,0.9431945538974952,0
282,2,1,7,0.5057572970997893,581,6,0.9431945538974952,0
340,5,1,7,0.3465977380009064,512,3,0.9431945538974952,0
387,5,1,7,0.4301565065278199,599,6,0.9431945538974952,0
317,5,1,7,0.9315091176893012,473,6,0.9431945538974952,0
325,5,1,7,0.4261775175503479,586,3,0.9431945538974952,0
330,2,1,7,0.963341029509078,475,6,0.8884502877862838,0
214,5,1,7,0.6012530325591191,550,6,0.9431945538974952,0
364,2,1,7,0.6887907900635047,595,3,0.8884502877862838,0
274,5,1,7,0.6808328121085606,520,6,0.9431945538974952,0
347,5,1,7,0.5176942640322055,579,3,0.8884502877862838,0
344,2,1,7,0.3068078482261857,642,3,0.8884502877862838,0
401,5,1,7,0.4699463963025407,629,3,0.8884502877862838,0
297,5,1,7,0.8758032720046922,444,3,0.8884502877862838,0
303,5,1,7,0.8956982168920526,539,3,0.9431945538974952,0
382,5,1,7,0.2391650356091604,603,3,0.8884502877862838,0
307,5,1,7,0.7604125916580021,458,6,0.8884502877862838,0
182,5,1,7,0.7047067459733931,507,6,0.8884502877862838,0
364,2,1,7,0.5853370766492308,525,6,0.8884502877862838,0
381,5,1,7,0.4938203301673731,584,3,0.8884502877862838,0
389,2,1,7,0.382408638798155,516,3,0.9431945538974952,0
304,5,1,7,0.4619884183475966,602,6,0.9431945538974952,0
308,2,1,7,0.4261775175503479,540,6,0.8884502877862838,0
252,2,1,7,0.6728748341536165,543,3,0.8884502877862838,0
353,5,1,7,0.5137152750547335,586,6,0.8884502877862838,0
363,2,1,7,0.9036561948469968,584,3,0.8884502877862838,0
395,2,1,7,0.4420934734602362,659,3,0.9431945538974952,0
333,2,1,7,0.6569588782437281,528,6,0.8884502877862838,0
314,2,1,7,0.5336102199420939,554,3,0.9431945538974952,0
253,5,1,7,0.7842865255228345,480,3,0.9431945538974952,0
259,2,1,7,1.0389418200810472,428,6,0.9431945538974952,0
314,5,1,7,0.7166437129058093,542,6,0.9431945538974952,0
381,2,1,7,0.4500514514151803,619,6,0.8884502877862838,0
311,5,1,7,0.6092110105140632,520,3,0.9431945538974952,0
385,5,1,7,0.3386397600459622,643,3,0.9431945538974952,0
225,5,1,7,0.7444966357481138,563,6,0.8884502877862838,0
304,5,1,7,0.6649168561986724,547,3,0.9431945538974952,0
344,5,1,7,0.5057572970997893,556,3,0.8884502877862838,0
292,2,1,7,0.8121394483651391,418,6,0.8884502877862838,0
268,2,1,7,0.4540304403926524,641,3,0.9431945538974952,0
310,2,1,7,0.5176942640322055,578,6,0.9431945538974952,0
325,5,1,7,0.8240764152975553,578,3,0.9431945538974952,0
317,5,1,7,0.5773790986942867,539,6,0.8884502877862838,0
242,2,1,7,0.8917192279145806,431,3,0.9431945538974952,0
274,5,1,7,0.9116141728019408,482,3,0.8884502877862838,0
313,5,1,7,0.6131899994915354,690,6,0.8884502877862838,0
313,2,1,7,0.597274043581647,634,3,0.8884502877862838,0
350,5,1,7,0.5176942640322055,639,3,0.8884502877862838,0
292,5,1,7,0.8280554042750273,564,3,0.9431945538974952,0
252,2,1,7,0.8280554042750273,463,6,0.9431945538974952,0
230,2,1,7,0.8280554042750273,501,6,0.8884502877862838,0
351,5,1,7,0.5773790986942867,633,3,0.8884502877862838,0
362,2,1,7,0.4739253852800127,593,6,0.8884502877862838,0
279,5,1,7,0.8956982168920526,533,6,0.9431945538974952,0
292,5,1,7,0.649000900288784,559,3,0.9431945538974952,0
331,2,1,7,0.863866305072276,564,6,0.8884502877862838,0
275,5,1,7,0.6808328121085606,485,6,0.8884502877862838,0
358,2,1,7,0.859887316094804,544,6,0.8884502877862838,0
306,2,1,7,0.979256985418966,430,6,0.9431945538974952,0
250,2,1,7,0.6688958451761444,505,6,0.8884502877862838,0
282,5,1,7,0.7206227018832814,567,3,0.9431945538974952,0
336,5,1,7,0.7922445034777786,521,6,0.8884502877862838,0
310,2,1,7,0.6927697790409768,658,3,0.8884502877862838,0
329,5,1,7,0.5535051648294542,610,6,0.9431945538974952,0
271,2,1,7,0.8956982168920526,538,3,0.8884502877862838,0
320,5,1,7,0.4938203301673731,568,3,0.8884502877862838,0
247,2,1,7,0.8121394483651391,535,3,0.9431945538974952,0
252,2,1,7,0.5853370766492308,568,3,0.8884502877862838,0
291,5,1,7,0.6291059554014237,516,6,0.8884502877862838,0
237,2,1,7,0.8797822609821643,511,3,0.8884502877862838,0
325,5,1,7,0.4818833632349569,629,3,0.9431945538974952,0
265,2,1,7,0.9354881066667734,472,3,0.9431945538974952,0
285,5,1,7,0.8996772058695247,515,6,0.8884502877862838,0
325,2,1,7,0.5296312309646218,555,3,0.9431945538974952,0
353,5,1,7,0.7126647239283372,520,3,0.9431945538974952,0
274,2,1,7,0.9872149633739103,532,3,0.8884502877862838,0
358,2,1,7,0.5336102199420939,653,3,0.8884502877862838,0
253,2,1,7,0.8917192279145806,502,3,0.8884502877862838,0
361,5,1,7,0.6370639333563678,583,6,0.9431945538974952,0
302,2,1,7,0.593295054604175,603,6,0.8884502877862838,0
353,2,1,7,0.3187448151586018,632,6,0.8884502877862838,0
260,5,1,7,0.9036561948469968,498,3,0.8884502877862838,0
275,2,1,7,0.7246016908607534,557,3,0.9431945538974952,0
300,2,1,7,0.863866305072276,538,6,0.8884502877862838,0
247,2,1,7,0.859887316094804,461,3,0.8884502877862838,0
249,2,1,7,0.8320343932524994,478,6,0.8884502877862838,0
373,5,1,7,0.4381144844827641,543,6,0.8884502877862838,0
272,2,1,7,0.8041814704101949,520,3,0.9431945538974952,0
395,2,1,7,0.6171689884690075,660,6,0.9431945538974952,0
331,5,1,7,0.537589208919566,545,3,0.9431945538974952,0
376,5,1,7,0.5216732530096777,546,3,0.9431945538974952,0
260,2,1,7,0.6848118010860327,597,6,0.8884502877862838,0
326,5,1,7,0.6808328121085606,483,3,0.9431945538974952,0
307,2,1,7,0.4500514514151803,654,6,0.9431945538974952,0
367,2,1,7,0.6450219113113119,548,6,0.9431945538974952,0
209,2,1,7,1.023025864171159,481,6,0.9431945538974952,0
251,2,1,7,0.863866305072276,493,6,0.9431945538974952,0
417,2,1,7,0.3505767269783785,540,3,0.8884502877862838,0
269,5,1,7,0.7604125916580021,477,3,0.9431945538974952,0
278,2,1,7,0.6569588782437281,556,6,0.9431945538974952,0
385,5,1,7,0.593295054604175,578,3,0.8884502877862838,0
286,5,1,7,0.6768538231310886,521,6,0.9431945538974952,0
300,5,1,7,0.7246016908607534,498,3,0.9431945538974952,0
224,5,1,7,0.6012530325591191,539,6,0.8884502877862838,0
237,5,1,7,0.7643915806354742,523,3,0.8884502877862838,0
304,5,1,7,0.6967487680184489,503,6,0.9431945538974952,0
270,2,1,7,0.7922445034777786,564,6,0.8884502877862838,0
366,5,1,7,0.4062825726629875,586,3,0.8884502877862838,0
279,5,1,7,0.8280554042750273,563,3,0.9431945538974952,0
289,2,1,7,0.6887907900635047,443,3,0.8884502877862838,0
318,5,1,7,0.4739253852800127,616,3,0.8884502877862838,0
297,5,1,7,0.4779043742574848,636,3,0.9431945538974952,0
317,5,1,7,0.7604125916580021,486,6,0.9431945538974952,0
288,5,1,7,0.6211479774464795,560,3,0.9431945538974952,0
216,5,1,7,0.5574841538069263,551,6,0.8884502877862838,0
303,2,1,7,0.8200974263200832,548,3,0.9431945538974952,0
282,2,1,7,0.8678452940497481,547,6,0.8884502877862838,0
352,2,1,7,0.4818833632349569,654,3,0.9431945538974952,0
300,2,1,7,0.485862352212429,584,6,0.9431945538974952,0
372,5,1,7,0.485862352212429,609,6,0.8884502877862838,0
312,2,1,7,0.7365386577931696,587,6,0.9431945538974952,0
307,2,1,7,0.8002024814327229,553,3,0.9431945538974952,0
346,5,1,7,0.5694211207393426,562,3,0.9431945538974952,0
323,2,1,7,0.7405176467706417,515,3,0.9431945538974952,0
353,2,1,7,0.9315091176893012,505,3,0.9431945538974952,0
247,2,1,7,1.0548577759909357,492,3,0.9431945538974952,0
298,5,1,7,0.9434460846217176,475,6,0.8884502877862838,0
321,2,1,7,0.5694211207393426,553,3,0.8884502877862838,0
237,2,1,7,0.8439713601849157,524,6,0.8884502877862838,0
302,5,1,7,0.6251269664239516,556,3,0.8884502877862838,0
345,5,1,7,0.6808328121085606,522,3,0.8884502877862838,0
305,5,1,7,0.4540304403926524,629,6,0.8884502877862838,0
340,2,1,7,0.4420934734602362,623,6,0.9431945538974952,0
335,5,1,7,0.7604125916580021,500,6,0.9431945538974952,0
344,5,1,7,0.3943456057305713,544,3,0.8884502877862838,0
476,2,1,7,0.752454613703058,617,6,0.9431945538974952,0
294,2,1,7,0.597274043581647,543,6,0.9431945538974952,0
234,5,1,7,0.7842865255228345,521,3,0.8884502877862838,0
322,2,1,7,0.5813580876717588,561,6,0.8884502877862838,0
852,5,1,7,0.863014911150604,1375,8,0.9431945538974952,1
1023,5,1,7,0.8232250213758834,1543,8,0.9431945538974952,1
650,5,1,7,0.1149649833858541,972,8,0.9431945538974952,1
767,5,1,7,0.4094101677187876,1269,8,0.8884502877862838,1
806,5,1,7,0.6123386055698634,1483,8,0.8884502877862838,1
938,5,1,7,0.7754771536462185,1392,8,0.8884502877862838,1
686,5,1,7,0.6043806276149193,1364,8,0.9431945538974952,1
678,5,1,7,0.3656412889665948,1270,8,0.9431945538974952,1
791,5,1,7,0.6720234402319445,1474,8,0.8884502877862838,1
894,5,1,7,0.9465736796775176,1443,8,0.8884502877862838,1
959,5,1,7,0.9943215474071824,1783,8,0.9431945538974952,1
878,5,1,7,0.7277292859165536,1371,8,0.8884502877862838,1
846,5,1,7,0.7118133300066652,1473,8,0.8884502877862838,1
722,5,1,7,0.9028048009253248,1193,8,0.9431945538974952,1
856,5,1,7,0.8749518780830203,1354,8,0.8884502877862838,1
817,5,1,7,0.9386157017225736,1490,8,0.8884502877862838,1
1025,5,1,7,0.9983005363846544,1490,8,0.8884502877862838,1
665,5,1,7,0.4213471346512039,1339,8,0.8884502877862838,1
882,5,1,7,0.9545316576324616,1209,8,0.8884502877862838,1
770,5,1,7,0.958510646609934,1594,8,0.8884502877862838,1
848,5,1,7,0.6919183851193049,1332,8,0.9431945538974952,1
839,5,1,7,0.2621875755523209,1204,8,0.8884502877862838,1
743,5,1,7,0.270145553507265,1119,8,0.8884502877862838,1
757,5,1,7,0.4372630905610921,1289,8,0.8884502877862838,1
706,5,1,7,0.2621875755523209,1281,8,0.9431945538974952,1
995,5,1,7,1.3524305553796692,1642,8,0.9431945538974952,1
878,5,1,7,0.1706708290704632,1314,8,0.8884502877862838,1
1058,5,1,7,1.2728507758302277,1672,8,0.8884502877862838,1
852,5,1,7,0.7277292859165536,1320,8,0.9431945538974952,1
889,5,1,7,0.5765277047726147,1379,8,0.8884502877862838,1
875,5,1,7,0.958510646609934,1419,8,0.8884502877862838,1
799,5,1,7,0.8272040103533554,1489,8,0.9431945538974952,1
581,5,1,7,0.0154902589490523,1158,8,0.9431945538974952,1
919,5,1,7,0.7834351316011626,1339,8,0.8884502877862838,1
750,5,1,7,0.3099354432819858,1231,8,0.9431945538974952,1
926,5,1,7,0.8391409772857716,1587,8,0.9431945538974952,1
1082,5,1,7,1.233060886055507,1749,8,0.8884502877862838,1
890,5,1,7,0.9465736796775176,1663,8,0.9431945538974952,1
951,5,1,7,0.6282545614797517,1511,8,0.9431945538974952,1
980,5,1,7,1.3126406656049483,1770,8,0.8884502877862838,1
780,5,1,7,0.4889899472682291,1392,8,0.9431945538974952,1
883,5,1,7,0.8948468229703807,1312,8,0.8884502877862838,1
907,5,1,7,0.2542295975973768,1126,8,0.9431945538974952,1
819,5,1,7,0.4173681456737318,1310,8,0.9431945538974952,1
850,5,1,7,0.7157923189841373,1274,8,0.9431945538974952,1
762,5,1,7,0.4730739913583408,1480,8,0.8884502877862838,1
740,5,1,7,0.0990490274759658,1133,8,0.8884502877862838,1
738,5,1,7,0.6839604071643608,1598,8,0.8884502877862838,1
851,5,1,7,0.4173681456737318,1169,8,0.8884502877862838,1
754,5,1,7,0.7038553520517211,1442,8,0.8884502877862838,1
887,5,1,7,0.8351619883082996,1470,8,0.9431945538974952,1
1080,5,1,7,0.910762778880269,1606,8,0.9431945538974952,1
806,5,1,7,0.536737814997894,1524,8,0.9431945538974952,1
878,5,1,7,0.7118133300066652,1382,8,0.8884502877862838,1
705,5,1,7,0.0234482369039964,1157,8,0.8884502877862838,1
819,5,1,7,0.6640654622770004,1389,8,0.8884502877862838,1
967,5,1,7,0.4850109582907571,1330,8,0.9431945538974952,1
923,5,1,7,0.6760024292094166,1397,8,0.8884502877862838,1
646,5,1,7,0.540716803975366,1259,8,0.9431945538974952,1
871,5,1,7,0.8351619883082996,1503,8,0.9431945538974952,1
884,5,1,7,0.7237502969390814,1436,8,0.9431945538974952,1
926,5,1,7,1.2609138088978116,1490,8,0.8884502877862838,1
796,5,1,7,0.1348599282732145,1244,8,0.8884502877862838,1
793,5,1,7,0.9226997458126852,1045,8,0.9431945538974952,1
788,5,1,7,0.3656412889665948,1161,8,0.8884502877862838,1
766,5,1,7,0.7635401867138022,1304,8,0.9431945538974952,1
893,5,1,7,0.8152670434209391,1402,8,0.8884502877862838,1
841,5,1,7,0.64417051738964,1250,8,0.8884502877862838,1
708,5,1,7,0.3497253330567065,1327,8,0.9431945538974952,1
868,5,1,7,1.06594334900168,1557,8,0.9431945538974952,1
790,5,1,7,0.3178934212369299,1434,8,0.8884502877862838,1
873,5,1,7,1.0341114371819031,1479,8,0.8884502877862838,1
860,5,1,7,0.8232250213758834,1582,8,0.9431945538974952,1
780,5,1,7,1.121649194686289,1442,8,0.9431945538974952,1
764,5,1,7,0.6720234402319445,1380,8,0.9431945538974952,1
922,5,1,7,0.8829098560379645,1245,8,0.8884502877862838,1
591,5,1,7,0.0800054765102774,1178,8,0.8884502877862838,1
938,5,1,7,0.97044761354235,1575,8,0.9431945538974952,1
795,5,1,7,0.4611370244259246,1365,8,0.9431945538974952,1
789,5,1,7,0.6083596165923914,1361,8,0.8884502877862838,1
943,5,1,7,0.6839604071643608,1592,8,0.8884502877862838,1
771,5,1,7,0.6799814181868887,1469,8,0.8884502877862838,1
806,5,1,7,0.9147417678577412,1648,8,0.9431945538974952,1
796,5,1,7,0.3616622999891227,1362,8,0.8884502877862838,1
773,5,1,7,0.9545316576324616,1577,8,0.9431945538974952,1
812,5,1,7,0.2223976857776001,1112,8,0.8884502877862838,1
913,5,1,7,0.7317082748940257,1419,8,0.8884502877862838,1
837,5,1,7,0.6839604071643608,1498,8,0.9431945538974952,1
812,5,1,7,0.910762778880269,1520,8,0.8884502877862838,1
897,5,1,7,0.5765277047726147,1403,8,0.8884502877862838,1
944,5,1,7,1.396199434131862,1985,8,0.8884502877862838,1
1068,5,1,7,0.8311829993308275,1550,8,0.9431945538974952,1
793,5,1,7,0.5844856827275589,1289,8,0.8884502877862838,1
866,5,1,7,0.8192460323984113,1627,8,0.8884502877862838,1
889,5,1,7,0.4969479252231732,1208,8,0.9431945538974952,1
760,5,1,7,0.699876363074249,1631,8,0.9431945538974952,1
739,5,1,7,0.4969479252231732,1244,8,0.8884502877862838,1
817,5,1,7,0.6202965835248075,1101,8,0.9431945538974952,1
780,5,1,7,0.7078343410291932,1334,8,0.8884502877862838,1
839,5,1,7,0.4054311787413155,1234,8,0.9431945538974952,1
865,5,1,7,0.9147417678577412,1416,8,0.8884502877862838,1
720,5,1,7,0.5606117488627265,1412,8,0.9431945538974952,1
892,5,1,7,0.910762778880269,1706,8,0.8884502877862838,1
857,5,1,7,0.5964226496599752,1247,8,0.8884502877862838,1
878,5,1,7,0.9823845804747664,1675,8,0.8884502877862838,1
738,5,1,7,0.8709728891055483,1479,8,0.9431945538974952,1
671,5,1,7,0.2542295975973768,1226,8,0.9431945538974952,1
690,5,1,7,0.2184186968001281,935,8,0.9431945538974952,1
888,5,1,7,0.6043806276149193,1404,8,0.8884502877862838,1
834,5,1,7,0.7953720985335788,1480,8,0.9431945538974952,1
821,5,1,7,0.6362125394346959,1194,8,0.8884502877862838,1
857,5,1,7,0.6640654622770004,1351,8,0.8884502877862838,1
831,5,1,7,0.7555822087588581,1492,8,0.8884502877862838,1
942,5,1,7,0.9863635694522384,1592,8,0.8884502877862838,1
682,5,1,7,0.5606117488627265,1308,8,0.8884502877862838,1
705,5,1,7,0.4571580354484525,1265,8,0.9431945538974952,1
1076,5,1,7,0.9028048009253248,1451,8,0.8884502877862838,1
732,5,1,7,0.1467968952056307,1175,8,0.9431945538974952,1
984,5,1,7,1.3205986435598926,1629,8,0.8884502877862838,1
799,5,1,7,0.3576833110116507,1285,8,0.8884502877862838,1
872,5,1,7,0.6919183851193049,1372,8,0.9431945538974952,1
1034,5,1,7,0.9028048009253248,1747,8,0.8884502877862838,1
1023,5,1,7,0.5566327598852544,1363,8,0.8884502877862838,1
837,5,1,7,0.4929689362457012,1551,8,0.9431945538974952,1
874,5,1,7,0.6640654622770004,1566,8,0.8884502877862838,1
756,5,1,7,0.962489635587406,1488,8,0.9431945538974952,1
788,5,1,7,0.4372630905610921,1318,8,0.8884502877862838,1
947,5,1,7,0.5964226496599752,1591,8,0.8884502877862838,1
894,5,1,7,0.8351619883082996,1530,8,0.9431945538974952,1
877,5,1,7,0.9187207568352131,1438,8,0.9431945538974952,1
860,5,1,7,0.9903425584297104,1672,8,0.8884502877862838,1
645,5,1,7,0.1786288070254073,1260,8,0.8884502877862838,1
855,5,1,7,0.9346367127451014,1280,8,0.9431945538974952,1
757,5,1,7,0.751603219781386,1383,8,0.8884502877862838,1
756,5,1,7,0.4452210685160363,1163,8,0.8884502877862838,1
921,5,1,7,1.0062585143395988,1673,8,0.8884502877862838,1
832,5,1,7,0.966468624564878,1406,8,0.9431945538974952,1
914,5,1,7,0.6680444512544724,1423,8,0.8884502877862838,1
935,5,1,7,0.7317082748940257,1585,8,0.8884502877862838,1
999,5,1,7,0.6481495063671121,1593,8,0.9431945538974952,1
780,5,1,7,1.0261534592269592,1513,8,0.9431945538974952,1
781,5,1,7,0.4850109582907571,1140,8,0.9431945538974952,1
942,5,1,7,0.4452210685160363,1428,8,0.9431945538974952,1
846,5,1,7,0.6481495063671121,1376,8,0.9431945538974952,1
797,5,1,7,0.7635401867138022,1504,8,0.8884502877862838,1
819,5,1,7,0.6004016386374472,1093,8,0.9431945538974952,1
697,5,1,7,0.6322335504572237,1273,8,0.9431945538974952,1
899,5,1,7,0.9306577237676292,1748,8,0.9431945538974952,1
794,5,1,7,1.0261534592269592,1669,8,0.8884502877862838,1
710,5,1,7,0.7714981646687463,1356,8,0.9431945538974952,1
935,5,1,7,1.4678212357263594,1810,8,0.8884502877862838,1
904,5,1,7,0.6282545614797517,1457,8,0.9431945538974952,1
952,5,1,7,0.9983005363846544,1702,8,0.9431945538974952,1
744,5,1,7,0.2462716196424326,1096,8,0.8884502877862838,1
932,5,1,7,0.9545316576324616,1501,8,0.9431945538974952,1
870,5,1,7,0.5248008480654778,1205,8,0.9431945538974952,1
954,5,1,7,0.9147417678577412,1707,8,0.9431945538974952,1
875,5,1,7,0.7277292859165536,1285,8,0.8884502877862838,1
812,5,1,7,0.3059564543045137,1425,8,0.8884502877862838,1
996,5,1,7,0.7197713079616094,1503,8,0.8884502877862838,1
885,5,1,7,0.1865867849803515,1200,8,0.9431945538974952,1
754,5,1,7,0.7595611977363301,1413,8,0.8884502877862838,1
777,5,1,7,0.7555822087588581,1676,8,0.8884502877862838,1
1080,5,1,7,0.9425946907000456,1596,8,0.8884502877862838,1
822,5,1,7,0.4094101677187876,1144,8,0.8884502877862838,1
964,5,1,7,0.8431199662632437,1714,8,0.9431945538974952,1
783,5,1,7,0.2462716196424326,1215,8,0.9431945538974952,1
556,5,1,7,0.0950700384984938,977,8,0.9431945538974952,1
868,5,1,7,1.2648927978752835,1475,8,0.9431945538974952,1
842,5,1,7,1.0062585143395988,1564,8,0.8884502877862838,1
1025,5,1,7,1.0102375033170707,1781,8,0.8884502877862838,1
842,5,1,7,0.3696202779440669,1700,8,0.9431945538974952,1
906,5,1,7,0.910762778880269,1328,8,0.9431945538974952,1
1090,5,1,7,1.2569348199203394,1718,8,0.8884502877862838,1
1006,5,1,7,0.9545316576324616,1626,8,0.9431945538974952,1
876,5,1,7,0.3019774653270416,1157,8,0.8884502877862838,1
938,5,1,7,0.7675191756912743,1395,8,0.9431945538974952,1
891,5,1,7,0.6600864732995283,1597,8,0.8884502877862838,1
843,5,1,7,0.7396662528489698,1357,8,0.8884502877862838,1
644,5,1,7,0.270145553507265,1062,8,0.8884502877862838,1
880,5,1,7,1.0261534592269592,1505,8,0.8884502877862838,1
823,5,1,7,0.9425946907000456,1767,8,0.9431945538974952,1
791,5,1,7,0.7237502969390814,1415,8,0.9431945538974952,1
883,5,1,7,0.5526537709077823,1201,8,0.9431945538974952,1
953,5,1,7,0.9425946907000456,1534,8,0.8884502877862838,1
868,5,1,7,0.7953720985335788,1119,8,0.9431945538974952,1
673,5,1,7,0.3934942118088994,1222,8,0.8884502877862838,1
934,5,1,7,1.0858382938890403,1606,8,0.9431945538974952,1
776,5,1,7,0.5765277047726147,1528,8,0.8884502877862838,1
661,5,1,7,0.4850109582907571,1136,8,0.9431945538974952,1
676,5,1,7,0.695897374096777,1466,8,0.9431945538974952,1
873,5,1,7,0.8232250213758834,1502,8,0.9431945538974952,1
826,5,1,7,0.5566327598852544,1470,8,0.8884502877862838,1
784,5,1,7,0.5844856827275589,1187,8,0.8884502877862838,1
997,5,1,7,0.9028048009253248,1618,8,0.8884502877862838,1
790,5,1,7,0.6521284953445842,1571,8,0.9431945538974952,1
781,5,1,7,0.588464671705031,1551,8,0.8884502877862838,1
710,5,1,7,0.695897374096777,1341,8,0.9431945538974952,1
939,5,1,7,0.2383136416874884,1354,8,0.8884502877862838,1
947,5,1,7,0.9028048009253248,1675,8,0.9431945538974952,1
707,5,1,7,0.2343346527100163,1301,8,0.9431945538974952,1
880,5,1,7,0.3059564543045137,1309,8,0.8884502877862838,1
841,5,1,7,0.6521284953445842,1384,8,0.9431945538974952,1
988,5,1,7,0.9266787347901572,1540,8,0.9431945538974952,1
824,5,1,7,0.640191528412168,1502,8,0.8884502877862838,1
793,5,1,7,0.8749518780830203,1525,8,0.8884502877862838,1
951,5,1,7,0.8152670434209391,1408,8,0.8884502877862838,1
901,5,1,7,1.2171449301456188,1679,8,0.8884502877862838,1
831,5,1,7,0.4889899472682291,1383,8,0.9431945538974952,1
948,5,1,7,0.8669939001280762,1670,8,0.9431945538974952,1
906,5,1,7,0.9744266025198222,1403,8,0.9431945538974952,1
770,5,1,7,0.5606117488627265,1377,8,0.8884502877862838,1
895,5,1,7,0.4611370244259246,1446,8,0.9431945538974952,1
867,5,1,7,0.7555822087588581,1327,8,0.9431945538974952,1
925,5,1,7,0.64417051738964,1471,8,0.9431945538974952,1
716,5,1,7,0.6561074843220562,1421,8,0.8884502877862838,1
895,5,1,7,0.7754771536462185,1268,8,0.8884502877862838,1
866,5,1,7,0.9028048009253248,1490,8,0.9431945538974952,1
873,5,1,7,1.0778803159340962,1564,8,0.8884502877862838,1
916,5,1,7,1.29672470969506,1770,8,0.8884502877862838,1
772,5,1,7,0.4094101677187876,1491,8,0.8884502877862838,1
770,5,1,7,0.9505526686549896,1483,8,0.8884502877862838,1
653,5,1,7,0.2542295975973768,1242,8,0.9431945538974952,1
1020,5,1,7,0.4690950023808687,1403,8,0.8884502877862838,1
898,5,1,7,1.18133402934837,1724,8,0.8884502877862838,1
880,5,1,7,0.7555822087588581,1474,8,0.8884502877862838,1
944,5,1,7,0.8868888450154365,1645,8,0.9431945538974952,1
843,5,1,7,0.7754771536462185,1377,8,0.9431945538974952,1
887,5,1,7,0.9187207568352131,1462,8,0.9431945538974952,1
1031,5,1,7,0.4173681456737318,1240,8,0.8884502877862838,1
896,5,1,7,0.5049059031781175,1447,8,0.9431945538974952,1
846,5,1,7,0.6799814181868887,1402,8,0.9431945538974952,1
827,5,1,7,0.5924436606825031,1413,8,0.8884502877862838,1
943,5,1,7,0.6720234402319445,1588,8,0.8884502877862838,1
882,5,1,7,1.0778803159340962,1403,8,0.8884502877862838,1
738,5,1,7,0.4969479252231732,1254,8,0.9431945538974952,1
960,5,1,7,1.0181954812720149,1638,8,0.8884502877862838,1
904,5,1,7,0.6600864732995283,1504,8,0.9431945538974952,1
927,5,1,7,0.803330076488523,1672,8,0.9431945538974952,1
810,5,1,7,0.5168428701105336,1375,8,0.9431945538974952,1
933,5,1,7,0.5606117488627265,1369,8,0.8884502877862838,1
1006,5,1,7,1.1415441395736492,1650,8,0.8884502877862838,1
845,5,1,7,0.6561074843220562,1512,8,0.8884502877862838,1
905,5,1,7,0.4969479252231732,1329,8,0.8884502877862838,1
931,5,1,7,0.7277292859165536,1488,8,0.9431945538974952,1
754,5,1,7,0.4133891566962597,1362,8,0.8884502877862838,1
775,5,1,7,1.0062585143395988,1751,8,0.8884502877862838,1
1053,5,1,7,0.377578255899011,1346,8,0.9431945538974952,1
736,5,1,7,0.5924436606825031,1347,8,0.9431945538974952,1
868,5,1,7,1.06594334900168,1640,8,0.9431945538974952,1
819,5,1,7,0.751603219781386,1415,8,0.8884502877862838,1
836,5,1,7,0.699876363074249,1399,8,0.8884502877862838,1
806,5,1,7,0.6043806276149193,1174,8,0.8884502877862838,1
1038,5,1,7,1.177355040370898,1663,8,0.8884502877862838,1
849,5,1,7,0.7118133300066652,1378,8,0.8884502877862838,1
803,5,1,7,0.5685697268176706,1429,8,0.9431945538974952,1
1030,5,1,7,1.0540063820692636,1736,8,0.9431945538974952,1
902,5,1,7,0.9028048009253248,1640,8,0.8884502877862838,1
857,5,1,7,0.4054311787413155,1334,8,0.9431945538974952,1
813,5,1,7,0.958510646609934,1454,8,0.8884502877862838,1
959,5,1,7,0.7118133300066652,1615,8,0.8884502877862838,1
921,5,1,7,0.9346367127451014,1392,8,0.9431945538974952,1
840,5,1,7,0.9425946907000456,1790,8,0.8884502877862838,1
809,5,1,7,0.321872410214402,1229,8,0.9431945538974952,1
1032,5,1,7,0.863014911150604,1611,8,0.9431945538974952,1
897,5,1,7,1.2211239191230907,1629,8,0.8884502877862838,1
1012,5,1,7,0.859035922173132,1577,8,0.9431945538974952,1
858,5,1,7,0.8431199662632437,1418,8,0.8884502877862838,1
1056,5,1,7,0.9147417678577412,1702,8,0.9431945538974952,1
825,5,1,7,1.0380904261593753,1664,8,0.9431945538974952,1
783,5,1,7,0.4054311787413155,1230,8,0.8884502877862838,1
875,5,1,7,0.8272040103533554,1301,8,0.8884502877862838,1
836,5,1,7,0.807309065465995,1401,8,0.9431945538974952,1
865,5,1,7,0.5248008480654778,1453,8,0.9431945538974952,1
985,5,1,7,0.5844856827275589,1443,8,0.8884502877862838,1
906,5,1,7,0.7874141205786347,1344,8,0.9431945538974952,1
768,5,1,7,0.5725487157951427,1278,8,0.9431945538974952,1
803,5,1,7,0.4850109582907571,1205,8,0.8884502877862838,1
1008,5,1,7,1.06594334900168,1783,8,0.9431945538974952,1
784,5,1,7,0.5844856827275589,1461,8,0.8884502877862838,1
840,5,1,7,0.5128638811330616,1352,8,0.9431945538974952,1
875,5,1,7,0.958510646609934,1462,8,0.9431945538974952,1
789,5,1,7,0.6640654622770004,1368,8,0.9431945538974952,1
832,5,1,7,0.5088848921555895,1402,8,0.9431945538974952,1
753,5,1,7,0.7635401867138022,1431,8,0.9431945538974952,1
826,5,1,7,0.8272040103533554,1521,8,0.8884502877862838,1
939,5,1,7,0.859035922173132,1510,8,0.8884502877862838,1
828,5,1,7,0.9386157017225736,1690,8,0.8884502877862838,1
866,5,1,7,0.4492000574935084,1533,8,0.9431945538974952,1
893,5,1,7,0.6720234402319445,1393,8,0.9431945538974952,1
821,5,1,7,0.8391409772857716,1450,8,0.8884502877862838,1
943,5,1,7,0.695897374096777,1427,8,0.8884502877862838,1
754,5,1,7,0.4372630905610921,1381,8,0.9431945538974952,1
1056,5,1,7,0.97044761354235,1735,8,0.9431945538974952,1
903,5,1,7,0.9346367127451014,1717,8,0.9431945538974952,1
686,5,1,7,0.588464671705031,1351,8,0.8884502877862838,1
951,5,1,7,0.7794561426236906,1417,8,0.9431945538974952,1
865,5,1,7,1.1296071726412331,1645,8,0.9431945538974952,1
929,5,1,7,1.0261534592269592,1521,8,0.8884502877862838,1
836,5,1,7,0.863014911150604,1404,8,0.8884502877862838,1
795,5,1,7,1.1136912167313446,1477,8,0.8884502877862838,1
730,5,1,7,0.7237502969390814,1593,8,0.8884502877862838,1
850,5,1,7,0.6640654622770004,1304,8,0.8884502877862838,1
1012,5,1,7,1.1534811065060655,1551,8,0.8884502877862838,1
1118,5,1,7,0.966468624564878,1784,8,0.9431945538974952,1
889,5,1,7,1.1057332387764005,1674,8,0.9431945538974952,1
673,5,1,7,0.5645907378401985,1253,8,0.8884502877862838,1
976,5,1,7,1.121649194686289,1555,8,0.8884502877862838,1
740,5,1,7,0.0194692479265244,1212,8,0.9431945538974952,1
862,5,1,7,0.962489635587406,1483,8,0.8884502877862838,1
855,5,1,7,0.803330076488523,1628,8,0.9431945538974952,1
829,5,1,7,0.4810319693132849,1430,8,0.8884502877862838,1
789,5,1,7,0.5446957929528382,1170,8,0.8884502877862838,1
902,5,1,7,0.6322335504572237,1183,8,0.9431945538974952,1
788,5,1,7,0.0035532920166361,1137,8,0.9431945538974952,1
816,5,1,7,0.4332841015836201,1281,8,0.8884502877862838,1
738,5,1,7,0.5964226496599752,1536,8,0.8884502877862838,1
755,5,1,7,0.5327588260204219,1283,8,0.8884502877862838,1
693,5,1,7,0.373599266921539,1358,8,0.8884502877862838,1
756,5,1,7,1.022174470249487,1486,8,0.9431945538974952,1
898,5,1,7,0.5924436606825031,1544,8,0.9431945538974952,1
888,5,1,7,0.6282545614797517,1207,8,0.9431945538974952,1
933,5,1,7,1.1057332387764005,1516,8,0.9431945538974952,1
762,5,1,7,0.6242755725022796,1155,8,0.8884502877862838,1
918,5,1,7,0.7277292859165536,1416,8,0.8884502877862838,1
990,5,1,7,0.6561074843220562,1720,8,0.9431945538974952,1
917,5,1,7,0.7038553520517211,1419,8,0.9431945538974952,1
885,5,1,7,0.9903425584297104,1378,8,0.9431945538974952,1
688,5,1,7,0.8470989552407158,1492,8,0.9431945538974952,1
838,5,1,7,0.0035532920166361,1110,8,0.9431945538974952,1
809,5,1,7,0.4412420795385642,1231,8,0.8884502877862838,1
1007,5,1,7,0.8391409772857716,1342,8,0.8884502877862838,1
704,5,1,7,0.4651160134033967,1273,8,0.9431945538974952,1
903,5,1,7,1.0579853710467355,1360,8,0.8884502877862838,1
665,5,1,7,0.7675191756912743,1459,8,0.9431945538974952,1
809,5,1,7,0.6680444512544724,1397,8,0.8884502877862838,1
841,5,1,7,1.1415441395736492,1667,8,0.9431945538974952,1
572,5,1,7,0.540716803975366,1344,8,0.8884502877862838,1
827,5,1,7,0.6362125394346959,1451,8,0.9431945538974952,1
882,5,1,7,0.3974732007863714,1346,8,0.8884502877862838,1
842,5,1,7,0.8391409772857716,1323,8,0.9431945538974952,1
845,5,1,7,0.4929689362457012,1266,8,0.8884502877862838,1
686,5,1,7,0.5287798370429498,1528,8,0.8884502877862838,1
872,5,1,7,0.2979984763495695,1327,8,0.9431945538974952,1
1082,5,1,7,1.0778803159340962,1527,8,0.9431945538974952,1
928,5,1,7,0.5088848921555895,1338,8,0.8884502877862838,1
858,5,1,7,0.6123386055698634,1427,8,0.8884502877862838,1
880,5,1,7,0.7595611977363301,1417,8,0.8884502877862838,1
928,5,1,7,0.7396662528489698,1232,8,0.8884502877862838,1
956,5,1,7,0.9505526686549896,1527,8,0.9431945538974952,1
906,5,1,7,0.859035922173132,1499,8,0.8884502877862838,1
856,5,1,7,0.7237502969390814,1427,8,0.8884502877862838,1
863,5,1,7,1.1574600954835377,1648,8,0.8884502877862838,1
990,5,1,6,0.5694211207393426,1484,11,0.9431945538974952,0
903,5,1,6,0.1197953662849981,1733,11,0.8884502877862838,0
1129,5,1,6,0.3426187490234343,1641,11,0.8884502877862838,0
945,5,1,6,0.004404685938308,1679,11,0.8884502877862838,0
913,5,1,6,0.2511020025415766,1773,11,0.9431945538974952,0
662,5,1,6,0.4779043742574848,1709,11,0.8884502877862838,0
1118,5,1,6,0.1476482891273027,1708,11,0.8884502877862838,0
993,5,1,6,0.2152911017443279,1722,11,0.9431945538974952,0
791,5,1,6,0.0760264875328053,1669,11,0.9431945538974952,0
891,5,1,6,0.3028288592487136,1660,11,0.8884502877862838,0
1092,5,1,6,0.0831330715660775,1801,11,0.8884502877862838,0
796,5,1,6,0.4500514514151803,1605,11,0.8884502877862838,0
959,5,1,6,0.1666918400929911,1669,11,0.9431945538974952,0
610,5,1,6,0.7564336026805301,1607,11,0.8884502877862838,0
1006,5,1,6,0.0521525536679729,1676,11,0.9431945538974952,0
833,5,1,6,0.8678452940497481,1578,11,0.8884502877862838,0
981,5,1,6,0.0362365977580846,1618,11,0.9431945538974952,0
717,5,1,6,0.2073331237893838,1674,11,0.8884502877862838,0
1196,5,1,6,0.3497253330567065,1796,11,0.9431945538974952,0
901,5,1,6,0.0990490274759658,1731,11,0.9431945538974952,0
892,5,1,6,0.2471230135641045,1630,11,0.8884502877862838,0
777,5,1,6,0.0632381266787172,1664,11,0.9431945538974952,0
1216,5,1,6,0.4221985285728758,1596,11,0.8884502877862838,0
1068,5,1,6,0.1516272781047747,1780,11,0.9431945538974952,0
854,5,1,6,0.055280148723773,1770,11,0.9431945538974952,0
1099,5,1,6,0.1666918400929911,1800,11,0.8884502877862838,0
986,5,1,6,0.3585347049333226,1614,11,0.9431945538974952,0
993,5,1,6,0.0362365977580846,1742,11,0.9431945538974952,0
1177,5,1,6,0.4651160134033967,1899,11,0.9431945538974952,0
562,5,1,6,0.2820825204396813,1801,11,0.8884502877862838,0
860,5,1,6,0.1755012119696072,1724,11,0.8884502877862838,0
1014,5,1,6,0.0314062148589406,1681,11,0.8884502877862838,0
830,5,1,6,0.0791540825886055,1717,11,0.9431945538974952,0
654,5,1,6,0.4381144844827641,1613,11,0.9431945538974952,0
947,5,1,6,0.3386397600459622,1705,11,0.9431945538974952,0
964,5,1,6,0.0999004213976378,1580,11,0.8884502877862838,0
909,5,1,6,0.3147658261811298,1666,11,0.8884502877862838,0
884,5,1,6,0.3863876277756271,1728,11,0.9431945538974952,0
1244,5,1,6,0.0959214324201657,1687,11,0.9431945538974952,0
1012,5,1,6,0.0990490274759658,1749,11,0.8884502877862838,0
885,5,1,6,0.0680685095778612,1702,11,0.9431945538974952,0
1050,5,1,6,0.2351860466316883,1691,11,0.8884502877862838,0
1113,5,1,6,0.4332841015836201,1740,11,0.8884502877862838,0
875,5,1,6,0.0950700384984938,1693,11,0.9431945538974952,0
1127,5,1,6,0.3855362338539552,1746,11,0.8884502877862838,0
822,5,1,6,0.2582085865748488,1675,11,0.9431945538974952,0
923,5,1,6,0.0035532920166361,1655,11,0.9431945538974952,0
959,5,1,6,0.0433431817913568,1664,11,0.8884502877862838,0
613,5,1,6,0.3346607710684902,1608,11,0.8884502877862838,0
1023,5,1,6,0.1556062670822468,1651,11,0.8884502877862838,0
1087,5,1,6,0.0720474985553333,1701,11,0.8884502877862838,0
757,5,1,6,0.3863876277756271,1653,11,0.8884502877862838,0
1095,5,1,6,0.2900404983946254,1795,11,0.9431945538974952,0
756,5,1,6,0.382408638798155,1628,11,0.9431945538974952,0
1103,5,1,6,0.0004256969608359,1818,11,0.8884502877862838,0
939,5,1,6,0.0760264875328053,1604,11,0.8884502877862838,0
869,5,1,6,0.2471230135641045,1607,11,0.9431945538974952,0
1166,5,1,6,0.2272280686767442,1805,11,0.9431945538974952,0
921,5,1,6,0.1149649833858541,1681,11,0.8884502877862838,0
1143,5,1,6,0.1794802009470793,1670,11,0.9431945538974952,0
1015,5,1,6,0.3099354432819858,1747,11,0.8884502877862838,0
981,5,1,6,0.0791540825886055,1717,11,0.9431945538974952,0
1356,5,1,6,0.3298303881693462,1888,11,0.8884502877862838,0
761,5,1,6,0.0322576087806125,1818,11,0.9431945538974952,0
692,5,1,6,0.5654421317618704,1644,11,0.9431945538974952,0
937,5,1,6,0.4500514514151803,1626,11,0.8884502877862838,0
937,5,1,6,0.4938203301673731,1624,11,0.8884502877862838,0
714,5,1,6,0.5773790986942867,1460,11,0.8884502877862838,0
577,5,1,6,0.0393641928138847,1650,11,0.8884502877862838,0
866,5,1,6,0.3664926828882667,1590,11,0.9431945538974952,0
846,5,1,6,0.1715222229921351,1597,11,0.8884502877862838,0
968,5,1,6,0.1715222229921351,1631,11,0.9431945538974952,0
1175,5,1,6,0.3187448151586018,1672,11,0.9431945538974952,0
651,5,1,6,0.3625136939107947,1612,11,0.9431945538974952,0
835,5,1,6,0.0115112699715802,1718,11,0.9431945538974952,0
977,5,1,6,0.2820825204396813,1634,11,0.9431945538974952,0
941,5,1,6,0.1189439723633262,1711,11,0.9431945538974952,0
1033,5,1,6,0.1428179062281586,1709,11,0.8884502877862838,0
820,5,1,6,0.2900404983946254,1604,11,0.9431945538974952,0
848,5,1,6,0.6569588782437281,1647,11,0.9431945538974952,0
706,5,1,6,0.0959214324201657,1668,11,0.8884502877862838,0
958,5,1,6,0.0194692479265244,1732,11,0.8884502877862838,0
1113,5,1,6,0.1874381789020234,1713,11,0.9431945538974952,0
1180,5,1,6,0.0831330715660775,1738,11,0.9431945538974952,0
959,5,1,6,0.270996947428937,1696,11,0.9431945538974952,0
790,5,1,6,0.1436693001498306,1567,11,0.8884502877862838,0
972,5,1,6,0.2820825204396813,1747,11,0.8884502877862838,0
1036,5,1,6,0.1038794103751098,1687,11,0.9431945538974952,0
1214,5,1,6,0.4381144844827641,1716,11,0.9431945538974952,0
970,5,1,6,0.4938203301673731,1694,11,0.9431945538974952,0
1041,5,1,6,0.1428179062281586,1773,11,0.8884502877862838,0
945,5,1,6,0.3625136939107947,1691,11,0.9431945538974952,0
761,5,1,6,0.5694211207393426,1592,11,0.8884502877862838,0
856,5,1,6,0.1078583993525819,1685,11,0.8884502877862838,0
1079,5,1,6,0.060110531622917,1783,11,0.9431945538974952,0
1081,5,1,6,0.1746498180479352,1809,11,0.9431945538974952,0
1016,5,1,6,0.1547548731605749,1822,11,0.8884502877862838,0
951,5,1,6,0.1109859944083821,1599,11,0.8884502877862838,0
827,5,1,6,0.0751750936111334,1615,11,0.8884502877862838,0
902,5,1,6,0.055280148723773,1729,11,0.8884502877862838,0
671,5,1,6,0.1317323332174144,1662,11,0.9431945538974952,0
920,5,1,6,0.0163416528707242,1654,11,0.9431945538974952,0
1002,5,1,6,0.0353852038364127,1729,11,0.9431945538974952,0
1185,5,1,6,0.0075322809941081,1744,11,0.9431945538974952,0
1171,5,1,6,0.4054311787413155,1812,11,0.8884502877862838,0
1036,5,1,6,0.0163416528707242,1699,11,0.9431945538974952,0
1204,5,1,6,0.0791540825886055,1791,11,0.9431945538974952,0
899,5,1,6,0.1865867849803515,1763,11,0.9431945538974952,0
1159,5,1,6,0.0521525536679729,1616,11,0.8884502877862838,0
965,5,1,6,0.1715222229921351,1711,11,0.9431945538974952,0
1045,5,1,6,0.0632381266787172,1709,11,0.9431945538974952,0
794,5,1,6,0.1078583993525819,1656,11,0.9431945538974952,0
1100,5,1,6,0.0999004213976378,1812,11,0.8884502877862838,0
1119,5,1,6,0.0711961046336613,1816,11,0.9431945538974952,0
1141,5,1,6,0.1269019503182704,1739,11,0.8884502877862838,0
724,5,1,6,0.5654421317618704,1493,11,0.8884502877862838,0
986,5,1,6,0.1197953662849981,1816,11,0.9431945538974952,0
1027,5,1,6,0.4580094293701244,1686,11,0.9431945538974952,0
942,5,1,6,0.1755012119696072,1645,11,0.8884502877862838,0
802,5,1,6,0.0640895206003891,1657,11,0.8884502877862838,0
1038,5,1,6,0.1826077960028794,1783,11,0.8884502877862838,0
842,5,1,6,0.2621875755523209,1802,11,0.9431945538974952,0
920,5,1,6,0.1595852560597189,1757,11,0.8884502877862838,0
660,5,1,6,0.2312070576542162,1653,11,0.8884502877862838,0
781,5,1,6,0.3426187490234343,1668,11,0.8884502877862838,0
1220,5,1,6,0.0910910495210217,1669,11,0.9431945538974952,0
894,5,1,6,0.0402155867355567,1701,11,0.8884502877862838,0
822,5,1,6,0.1158163773075261,1669,11,0.8884502877862838,0
942,5,1,6,0.1237743552624702,1603,11,0.9431945538974952,0
967,5,1,6,0.055280148723773,1647,11,0.9431945538974952,0
820,5,1,6,0.2343346527100163,1755,11,0.9431945538974952,0
686,5,1,6,0.056131542645445,1672,11,0.8884502877862838,0
1045,5,1,6,0.6362125394346959,1897,11,0.8884502877862838,0
903,5,1,6,0.1914171678794955,1659,11,0.9431945538974952,0
836,5,1,6,0.167543234014663,1617,11,0.8884502877862838,0
1053,5,1,6,0.1746498180479352,1733,11,0.8884502877862838,0
465,5,1,6,0.4023035836855154,1629,11,0.9431945538974952,0
1006,5,1,6,0.0513011597463009,1701,11,0.9431945538974952,0
812,5,1,6,0.0879634544652216,1707,11,0.9431945538974952,0
1048,5,1,6,0.0680685095778612,1731,11,0.8884502877862838,0
992,5,1,6,0.2471230135641045,1618,11,0.8884502877862838,0
927,5,1,6,0.3139144322594578,1797,11,0.8884502877862838,0
1058,5,1,6,0.1993751458344396,1585,11,0.9431945538974952,0
898,5,1,6,0.3028288592487136,1687,11,0.9431945538974952,0
834,5,1,6,0.2590599804965208,1666,11,0.9431945538974952,0
778,5,1,6,0.0760264875328053,1660,11,0.9431945538974952,0
858,5,1,6,0.5137152750547335,1564,11,0.9431945538974952,0
992,5,1,6,0.0521525536679729,1634,11,0.8884502877862838,0
1008,5,1,6,0.0353852038364127,1650,11,0.9431945538974952,0
881,5,1,6,0.3497253330567065,1874,11,0.8884502877862838,0
1033,5,1,6,0.1317323332174144,1615,11,0.8884502877862838,0
1288,5,1,6,0.4460724624377082,1639,11,0.8884502877862838,0
1032,5,1,6,0.0004256969608359,1671,11,0.8884502877862838,0
1048,5,1,6,0.2113121127668558,1666,11,0.9431945538974952,0
1224,5,1,6,0.0959214324201657,1786,11,0.8884502877862838,0
523,5,1,6,0.1595852560597189,1616,11,0.8884502877862838,0
930,5,1,6,0.0999004213976378,1652,11,0.8884502877862838,0
892,5,1,6,0.2422926306649605,1807,11,0.9431945538974952,0
1055,5,1,6,0.3227238041360739,1802,11,0.8884502877862838,0
1298,5,1,6,0.3815572448764831,1792,11,0.9431945538974952,0
1180,5,1,6,0.2104607188451839,1760,11,0.8884502877862838,0
1060,5,1,6,0.1269019503182704,1679,11,0.9431945538974952,0
843,5,1,6,0.2908918923162973,1694,11,0.9431945538974952,0
801,5,1,6,0.0083836749157801,1642,11,0.8884502877862838,0
1123,5,1,6,0.3545557159558505,1682,11,0.8884502877862838,0
974,5,1,6,0.1078583993525819,1703,11,0.8884502877862838,0
1041,5,1,6,0.0959214324201657,1682,11,0.8884502877862838,0
1334,5,1,6,0.3187448151586018,1642,11,0.8884502877862838,0
1053,5,1,6,0.004404685938308,1798,11,0.8884502877862838,0
882,5,1,6,0.2789549253838811,1718,11,0.9431945538974952,0
1103,5,1,6,0.0760264875328053,1659,11,0.8884502877862838,0
767,5,1,6,0.3028288592487136,1652,11,0.8884502877862838,0
1078,5,1,6,0.0402155867355567,1713,11,0.9431945538974952,0
879,5,1,6,0.4142405506179316,1645,11,0.9431945538974952,0
870,5,1,6,0.1149649833858541,1663,11,0.9431945538974952,0
821,5,1,6,0.1595852560597189,1608,11,0.9431945538974952,0
963,5,1,6,0.0640895206003891,1751,11,0.8884502877862838,0
978,5,1,6,0.1865867849803515,1750,11,0.8884502877862838,0
710,5,1,6,0.5455471868745101,1775,11,0.9431945538974952,0
672,5,1,6,0.055280148723773,1803,11,0.9431945538974952,0
763,5,1,6,0.3585347049333226,1670,11,0.9431945538974952,0
698,5,1,6,0.541568197897038,1590,11,0.9431945538974952,0
985,5,1,6,0.163564245037191,1720,11,0.9431945538974952,0
821,5,1,6,0.1953961568569676,1693,11,0.9431945538974952,0
1152,5,1,6,0.0481735646905008,1731,11,0.8884502877862838,0
1064,5,1,6,0.1308809392957424,1604,11,0.8884502877862838,0
764,5,1,6,0.1467968952056307,1684,11,0.8884502877862838,0
1219,5,1,6,0.6004016386374472,1748,11,0.8884502877862838,0
1051,5,1,6,0.2263766747550722,1797,11,0.9431945538974952,0
758,5,1,6,0.3545557159558505,1677,11,0.8884502877862838,0
759,5,1,6,0.4301565065278199,1485,11,0.8884502877862838,0
910,5,1,6,0.1476482891273027,1633,11,0.8884502877862838,0
1362,5,1,6,0.5526537709077823,1822,11,0.9431945538974952,0
852,5,1,6,0.056131542645445,1717,11,0.9431945538974952,0
891,5,1,6,0.1317323332174144,1740,11,0.8884502877862838,0
985,5,1,6,0.4261775175503479,1736,11,0.9431945538974952,0
1151,5,1,6,0.2383136416874884,1776,11,0.8884502877862838,0
808,5,1,6,0.1109859944083821,1774,11,0.9431945538974952,0
923,5,1,6,0.1826077960028794,1733,11,0.8884502877862838,0
1081,5,1,6,0.3457463440792345,1739,11,0.8884502877862838,0
808,5,1,6,0.060110531622917,1757,11,0.8884502877862838,0
964,5,1,6,0.1109859944083821,1703,11,0.9431945538974952,0
1112,5,1,6,0.4898413411899011,1653,11,0.9431945538974952,0
1226,5,1,6,0.2908918923162973,1677,11,0.9431945538974952,0
804,5,1,6,0.1595852560597189,1622,11,0.9431945538974952,0
862,5,1,6,0.0242996308256684,1674,11,0.8884502877862838,0
852,5,1,6,0.4221985285728758,1564,11,0.8884502877862838,0
1189,5,1,6,0.0441945757130287,1795,11,0.9431945538974952,0
785,5,1,6,0.2781035314622092,1685,11,0.8884502877862838,0
1080,5,1,6,0.0314062148589406,1745,11,0.8884502877862838,0
974,5,1,6,0.1277533442399423,1758,11,0.9431945538974952,0
855,5,1,6,0.0640895206003891,1705,11,0.8884502877862838,0
1121,5,1,6,0.2431440245866324,1679,11,0.9431945538974952,0
711,5,1,6,0.3028288592487136,1584,11,0.9431945538974952,0
1130,5,1,6,0.0680685095778612,1627,11,0.9431945538974952,0
839,5,1,6,0.0473221707688289,1637,11,0.8884502877862838,0
1061,5,1,6,0.1865867849803515,1795,11,0.9431945538974952,0
866,5,1,6,0.4261775175503479,1631,11,0.8884502877862838,0
799,5,1,6,0.0441945757130287,1621,11,0.8884502877862838,0
729,5,1,6,0.4221985285728758,1635,11,0.8884502877862838,0
1137,5,1,6,0.0879634544652216,1687,11,0.9431945538974952,0
968,5,1,6,0.2471230135641045,1689,11,0.8884502877862838,0
1189,5,1,6,0.1507758841831028,1714,11,0.8884502877862838,0
443,5,1,6,0.2431440245866324,1629,11,0.9431945538974952,0
1013,5,1,6,0.0871120605435496,1852,11,0.9431945538974952,0
970,5,1,6,0.1874381789020234,1668,11,0.9431945538974952,0
941,5,1,6,0.0282786198031404,1668,11,0.8884502877862838,0
880,5,1,6,0.0919424434426936,1634,11,0.9431945538974952,0
946,5,1,6,0.4102615616404595,1683,11,0.9431945538974952,0
755,5,1,6,0.3664926828882667,1617,11,0.8884502877862838,0
1100,5,1,6,0.5088848921555895,1862,11,0.8884502877862838,0
1274,5,1,6,0.540716803975366,1816,11,0.9431945538974952,0
1090,5,1,6,0.2900404983946254,1780,11,0.9431945538974952,0
1141,5,1,6,0.1794802009470793,1691,11,0.9431945538974952,0
822,5,1,6,0.0433431817913568,1566,11,0.8884502877862838,0
1212,5,1,6,0.167543234014663,1695,11,0.8884502877862838,0
799,5,1,6,0.4699463963025407,1520,11,0.9431945538974952,0
963,5,1,6,0.0004256969608359,1664,11,0.8884502877862838,0
783,5,1,6,0.4301565065278199,1618,11,0.9431945538974952,0
908,5,1,6,0.0919424434426936,1613,11,0.9431945538974952,0
1030,5,1,6,0.2979984763495695,1724,11,0.9431945538974952,0
1187,5,1,6,0.2192700907218,1694,11,0.8884502877862838,0
1197,5,1,6,0.163564245037191,1714,11,0.9431945538974952,0
988,5,1,6,0.2263766747550722,1777,11,0.8884502877862838,0
858,5,1,6,0.056131542645445,1754,11,0.9431945538974952,0
1179,5,1,6,0.1189439723633262,1749,11,0.9431945538974952,0
1177,5,1,6,0.0950700384984938,1794,11,0.9431945538974952,0
931,5,1,6,0.1945447629352956,1738,11,0.8884502877862838,0
1015,5,1,6,0.1556062670822468,1706,11,0.9431945538974952,0
954,5,1,6,0.0362365977580846,1697,11,0.9431945538974952,0
958,5,1,6,0.0433431817913568,1772,11,0.8884502877862838,0
499,5,1,6,0.5694211207393426,1599,11,0.8884502877862838,0
993,5,1,6,0.0791540825886055,1690,11,0.8884502877862838,0
1189,5,1,6,0.1277533442399423,1694,11,0.8884502877862838,0
702,5,1,6,0.5216732530096777,1619,11,0.8884502877862838,0
897,5,1,6,0.2590599804965208,1685,11,0.9431945538974952,0
779,5,1,6,0.4301565065278199,1498,11,0.9431945538974952,0
1147,5,1,6,0.1547548731605749,1611,11,0.8884502877862838,0
1155,5,1,6,0.0322576087806125,1678,11,0.8884502877862838,0
937,5,1,6,0.2232490796992721,1659,11,0.9431945538974952,0
789,5,1,6,0.5645907378401985,1788,11,0.9431945538974952,0
1019,5,1,6,0.111837388330054,1721,11,0.8884502877862838,0
1042,5,1,6,0.2184186968001281,1789,11,0.8884502877862838,0
916,5,1,6,0.0910910495210217,1796,11,0.9431945538974952,0
889,5,1,6,0.0760264875328053,1697,11,0.8884502877862838,0
895,5,1,6,0.0322576087806125,1760,11,0.9431945538974952,0
775,5,1,6,0.3983245947080434,1674,11,0.8884502877862838,0
1019,5,1,6,0.274975936406409,1557,11,0.8884502877862838,0
982,5,1,6,0.1189439723633262,1719,11,0.8884502877862838,0
844,5,1,6,0.1038794103751098,1689,11,0.9431945538974952,0
873,5,1,6,0.0115112699715802,1700,11,0.9431945538974952,0
1037,5,1,6,0.0154902589490523,1680,11,0.9431945538974952,0
1096,5,1,6,0.214439707822656,1911,11,0.8884502877862838,0
984,5,1,6,0.1993751458344396,1627,11,0.9431945538974952,0
1104,5,1,6,0.0680685095778612,1719,11,0.9431945538974952,0
782,5,1,6,0.3068078482261857,1631,11,0.9431945538974952,0
1258,5,1,6,0.0441945757130287,1712,11,0.9431945538974952,0
1229,5,1,6,0.4452210685160363,1767,11,0.9431945538974952,0
968,5,1,6,0.0393641928138847,1680,11,0.8884502877862838,0
1101,5,1,6,0.2113121127668558,1748,11,0.9431945538974952,0
884,5,1,6,0.3943456057305713,1592,11,0.9431945538974952,0
944,5,1,6,0.1556062670822468,1600,11,0.9431945538974952,0
1071,5,1,6,0.1556062670822468,1650,11,0.8884502877862838,0
975,5,1,6,0.0163416528707242,1736,11,0.9431945538974952,0
1153,5,1,6,0.3107868372036577,1613,11,0.9431945538974952,0
1053,5,1,6,0.5208218590880057,1796,11,0.8884502877862838,0
1081,5,1,6,0.3545557159558505,1645,11,0.8884502877862838,0
1015,5,1,6,0.1953961568569676,1591,11,0.9431945538974952,0
717,5,1,6,0.1874381789020234,1580,11,0.8884502877862838,0
1132,5,1,6,0.0632381266787172,1756,11,0.9431945538974952,0
975,5,1,6,0.3903666167530992,1588,11,0.9431945538974952,0
1196,5,1,6,0.0791540825886055,1828,11,0.9431945538974952,0
1143,5,1,6,0.2391650356091604,1648,11,0.8884502877862838,0
890,5,1,6,0.3306817820910181,1699,11,0.9431945538974952,0
1192,5,1,6,0.4094101677187876,1818,11,0.8884502877862838,0
759,5,1,6,0.0640895206003891,1699,11,0.8884502877862838,0
1090,5,1,6,0.1476482891273027,1737,11,0.8884502877862838,0
1270,5,1,6,0.0711961046336613,1716,11,0.9431945538974952,0
1066,5,1,6,0.1746498180479352,1724,11,0.8884502877862838,0
805,5,1,6,0.2860615094171533,1719,11,0.9431945538974952,0
1039,5,1,6,0.4412420795385642,1875,11,0.9431945538974952,0
1028,5,1,6,0.1706708290704632,1701,11,0.8884502877862838,0
1253,5,1,6,0.0083836749157801,1682,11,0.9431945538974952,0
801,5,1,6,0.0751750936111334,1771,11,0.8884502877862838,0
1274,5,1,6,0.5765277047726147,1878,11,0.8884502877862838,0
658,5,1,6,0.0163416528707242,1762,11,0.8884502877862838,0
652,5,1,6,0.2471230135641045,1686,11,0.8884502877862838,0
1087,5,1,6,0.1038794103751098,1714,11,0.9431945538974952,0
978,5,1,6,0.3545557159558505,1581,11,0.9431945538974952,0
874,5,1,6,0.3537043220341786,1809,11,0.8884502877862838,0
1119,5,1,6,0.1945447629352956,1797,11,0.9431945538974952,0
854,5,1,6,0.3346607710684902,1709,11,0.9431945538974952,0
1175,5,1,6,0.0632381266787172,1788,11,0.8884502877862838,0
595,5,1,6,0.3744506608432109,1678,11,0.8884502877862838,0
914,5,1,6,0.1914171678794955,1692,11,0.9431945538974952,0
1048,5,1,6,0.2152911017443279,1709,11,0.8884502877862838,0
908,5,1,6,0.2192700907218,1816,11,0.8884502877862838,0
1076,5,1,6,0.1436693001498306,1654,11,0.9431945538974952,0
1046,5,1,6,0.4850109582907571,1848,11,0.9431945538974952,0
707,5,1,6,0.5256522419871498,1636,11,0.8884502877862838,0
1132,5,1,6,0.3377883661242903,1698,11,0.9431945538974952,0
1004,5,1,6,0.2343346527100163,1723,11,0.8884502877862838,0
1146,5,1,6,0.3974732007863714,1718,11,0.8884502877862838,0
1039,5,1,6,0.2741245424847371,1768,11,0.8884502877862838,0
943,5,1,6,0.326702793113546,1733,11,0.8884502877862838,0
1270,5,1,6,0.1786288070254073,1818,11,0.8884502877862838,0
409,5,1,6,0.434135495505292,1583,11,0.8884502877862838,0
1032,5,1,6,0.0194692479265244,1687,11,0.8884502877862838,0
1108,5,1,6,0.1078583993525819,1631,11,0.8884502877862838,0
755,5,1,6,0.5813580876717588,1534,11,0.9431945538974952,0
838,5,1,6,0.0194692479265244,1737,11,0.8884502877862838,0
1062,5,1,6,0.1746498180479352,1790,11,0.9431945538974952,0
1066,5,1,6,0.1229229613407983,1683,11,0.9431945538974952,0
1149,5,1,6,0.004404685938308,1777,11,0.8884502877862838,0
770,5,1,6,0.6131899994915354,1700,11,0.8884502877862838,0
788,5,1,6,0.0592591377012451,1674,11,0.9431945538974952,0
1049,5,1,6,0.4619884183475966,1718,11,0.8884502877862838,0
776,5,1,6,0.1794802009470793,1589,11,0.9431945538974952,0
815,5,1,6,0.0234482369039964,1740,11,0.8884502877862838,0
1133,5,1,6,0.2064817298677118,1822,11,0.9431945538974952,0
772,5,1,6,0.4221985285728758,1560,11,0.9431945538974952,0
904,5,1,6,0.2908918923162973,1682,11,0.9431945538974952,0
1150,5,1,6,0.2502506086199046,1875,11,0.9431945538974952,0
974,5,1,6,0.163564245037191,1735,11,0.9431945538974952,0
1053,5,1,6,0.0282786198031404,1695,11,0.8884502877862838,0
970,5,1,6,0.0123626638932521,1834,11,0.9431945538974952,0
899,5,1,6,0.2192700907218,1677,11,0.8884502877862838,0
1047,5,1,6,0.0592591377012451,1762,11,0.8884502877862838,0
1093,5,1,6,0.0123626638932521,1610,11,0.8884502877862838,0
1048,5,1,6,0.1317323332174144,1657,11,0.9431945538974952,0
758,5,1,6,0.0632381266787172,1671,11,0.9431945538974952,0
1001,5,1,6,0.0322576087806125,1682,11,0.9431945538974952,0
971,5,1,6,0.1229229613407983,1771,11,0.8884502877862838,0
759,5,1,6,0.6131899994915354,1213,11,0.8884502877862838,1
979,5,1,6,0.3028288592487136,1227,11,0.8884502877862838,1
943,5,1,6,0.3028288592487136,1210,11,0.9431945538974952,1
723,5,1,6,0.434135495505292,1303,11,0.8884502877862838,1
744,5,1,6,0.8678452940497481,1134,11,0.8884502877862838,1
708,5,1,6,0.5574841538069263,1094,11,0.8884502877862838,1
738,5,1,6,0.378429649820683,1119,11,0.8884502877862838,1
813,5,1,6,0.0800054765102774,1250,11,0.9431945538974952,1
647,5,1,6,0.8002024814327229,1152,11,0.8884502877862838,1
992,5,1,6,0.056131542645445,1293,11,0.8884502877862838,1
735,5,1,6,0.7246016908607534,1079,11,0.8884502877862838,1
769,5,1,6,0.4500514514151803,1113,11,0.8884502877862838,1
960,5,1,6,0.2829339143613532,1293,11,0.9431945538974952,1
864,5,1,6,0.5535051648294542,1252,11,0.8884502877862838,1
827,5,1,6,0.6887907900635047,1175,11,0.8884502877862838,1
927,5,1,6,0.6211479774464795,1239,11,0.8884502877862838,1
962,5,1,6,0.3664926828882667,1234,11,0.9431945538974952,1
711,5,1,6,0.6848118010860327,1134,11,0.8884502877862838,1
877,5,1,6,0.4261775175503479,1191,11,0.9431945538974952,1
899,5,1,6,0.3664926828882667,1225,11,0.8884502877862838,1
839,5,1,6,0.2670179584514649,1267,11,0.8884502877862838,1
863,5,1,6,0.1874381789020234,1164,11,0.8884502877862838,1
757,5,1,6,0.3028288592487136,1286,11,0.8884502877862838,1
804,5,1,6,0.5216732530096777,1195,11,0.8884502877862838,1
565,5,1,6,0.4977993191448452,1078,11,0.9431945538974952,1
888,5,1,6,0.5455471868745101,1077,11,0.9431945538974952,1
588,5,1,6,0.3028288592487136,1227,11,0.9431945538974952,1
843,5,1,6,0.3346607710684902,1183,11,0.8884502877862838,1
1074,5,1,6,0.0274272258814685,1301,11,0.9431945538974952,1
1054,5,1,6,0.0075322809941081,1270,11,0.9431945538974952,1
853,5,1,6,0.3664926828882667,1151,11,0.8884502877862838,1
719,5,1,6,0.5694211207393426,1079,11,0.8884502877862838,1
1005,5,1,6,0.3983245947080434,1086,11,0.8884502877862838,1
748,5,1,6,0.5734001097168147,1114,11,0.8884502877862838,1
718,5,1,6,0.537589208919566,1078,11,0.9431945538974952,1
854,5,1,6,0.0433431817913568,1286,11,0.8884502877862838,1
904,5,1,6,0.1914171678794955,1144,11,0.9431945538974952,1
946,5,1,6,0.5137152750547335,1329,11,0.8884502877862838,1
644,5,1,6,0.3863876277756271,1162,11,0.9431945538974952,1
717,5,1,6,0.7723495585904183,1184,11,0.8884502877862838,1
887,5,1,6,0.2312070576542162,1250,11,0.8884502877862838,1
664,5,1,6,0.7206227018832814,1219,11,0.8884502877862838,1
851,5,1,6,0.3346607710684902,1355,11,0.9431945538974952,1
825,5,1,6,0.4540304403926524,1246,11,0.9431945538974952,1
917,5,1,6,0.1476482891273027,1260,11,0.9431945538974952,1
802,5,1,6,0.326702793113546,1331,11,0.8884502877862838,1
632,5,1,6,0.6808328121085606,1142,11,0.9431945538974952,1
824,5,1,6,0.3147658261811298,1262,11,0.8884502877862838,1
731,5,1,6,0.3545557159558505,1277,11,0.8884502877862838,1
709,5,1,6,0.8678452940497481,1070,11,0.8884502877862838,1
932,5,1,6,0.2670179584514649,1245,11,0.8884502877862838,1
713,5,1,6,0.4699463963025407,1279,11,0.8884502877862838,1
790,5,1,6,0.0999004213976378,1245,11,0.8884502877862838,1
751,5,1,6,0.5535051648294542,1222,11,0.8884502877862838,1
861,5,1,6,0.4619884183475966,1126,11,0.8884502877862838,1
860,5,1,6,0.4699463963025407,1159,11,0.9431945538974952,1
708,5,1,6,0.3545557159558505,1168,11,0.8884502877862838,1
711,5,1,6,0.649000900288784,1155,11,0.9431945538974952,1
676,5,1,6,0.4301565065278199,1111,11,0.8884502877862838,1
719,5,1,6,0.6052320215365912,1062,11,0.8884502877862838,1
942,5,1,6,0.5574841538069263,1096,11,0.9431945538974952,1
756,5,1,6,0.8121394483651391,1114,11,0.8884502877862838,1
746,5,1,6,0.4977993191448452,1160,11,0.8884502877862838,1
667,5,1,6,0.8877402389371084,1110,11,0.9431945538974952,1
912,5,1,6,0.2789549253838811,1274,11,0.9431945538974952,1
804,5,1,6,0.4062825726629875,1263,11,0.9431945538974952,1
771,5,1,6,0.1396903111723585,1279,11,0.9431945538974952,1
871,5,1,6,0.7166437129058093,1120,11,0.8884502877862838,1
950,5,1,6,0.4779043742574848,1256,11,0.8884502877862838,1
883,5,1,6,0.3943456057305713,1257,11,0.9431945538974952,1
824,5,1,6,0.2829339143613532,1127,11,0.8884502877862838,1
908,5,1,6,0.2471230135641045,1286,11,0.8884502877862838,1
751,5,1,6,0.3107868372036577,1203,11,0.8884502877862838,1
702,5,1,6,0.2789549253838811,1132,11,0.9431945538974952,1
752,5,1,6,0.7484756247255858,1209,11,0.9431945538974952,1
851,5,1,6,0.6211479774464795,1195,11,0.9431945538974952,1
1070,5,1,6,0.1953961568569676,1274,11,0.8884502877862838,1
763,5,1,6,0.6768538231310886,1116,11,0.9431945538974952,1
771,5,1,6,0.597274043581647,1073,11,0.8884502877862838,1
854,5,1,6,0.808160459387667,1103,11,0.8884502877862838,1
859,5,1,6,0.0513011597463009,1273,11,0.8884502877862838,1
829,5,1,6,0.5336102199420939,1183,11,0.9431945538974952,1
940,5,1,6,0.4420934734602362,1279,11,0.8884502877862838,1
757,5,1,6,0.7564336026805301,1108,11,0.9431945538974952,1
645,5,1,6,0.7643915806354742,1068,11,0.9431945538974952,1
584,5,1,6,0.6569588782437281,1173,11,0.9431945538974952,1
992,5,1,6,0.3704716718657388,1250,11,0.9431945538974952,1
696,5,1,6,0.7007277569959209,1121,11,0.8884502877862838,1
1212,5,1,6,0.1953961568569676,1304,11,0.8884502877862838,1
764,5,1,6,0.6649168561986724,1135,11,0.9431945538974952,1
875,5,1,6,0.2351860466316883,1262,11,0.8884502877862838,1
858,5,1,6,0.5137152750547335,1201,11,0.9431945538974952,1
613,5,1,6,0.4142405506179316,1211,11,0.8884502877862838,1
944,5,1,6,0.3107868372036577,1197,11,0.9431945538974952,1
536,5,1,6,0.6649168561986724,1128,11,0.9431945538974952,1
814,5,1,6,0.1715222229921351,1191,11,0.8884502877862838,1
830,5,1,6,0.3306817820910181,1205,11,0.9431945538974952,1
934,5,1,6,0.4062825726629875,1319,11,0.9431945538974952,1
886,5,1,6,0.0720474985553333,1251,11,0.9431945538974952,1
1025,5,1,6,0.2113121127668558,1367,11,0.8884502877862838,1
824,5,1,6,0.6848118010860327,1089,11,0.8884502877862838,1
883,5,1,6,0.0075322809941081,1345,11,0.8884502877862838,1
554,5,1,6,0.863866305072276,1011,11,0.9431945538974952,1
821,5,1,6,0.3505767269783785,1207,11,0.9431945538974952,1
779,5,1,6,0.2192700907218,1284,11,0.9431945538974952,1
677,5,1,6,0.6410429223338399,1146,11,0.9431945538974952,1
879,5,1,6,0.485862352212429,1160,11,0.8884502877862838,1
728,5,1,6,0.1834591899245513,1243,11,0.9431945538974952,1
747,5,1,6,0.5057572970997893,1294,11,0.9431945538974952,1
840,5,1,6,1.341344982368925,1043,11,0.9431945538974952,1
717,5,1,6,0.1158163773075261,1262,11,0.8884502877862838,1
978,5,1,6,0.0879634544652216,1300,11,0.9431945538974952,1
895,5,1,6,0.3585347049333226,1361,11,0.8884502877862838,1
914,5,1,6,0.649000900288784,1156,11,0.8884502877862838,1
723,5,1,6,0.7723495585904183,1142,11,0.9431945538974952,1
893,5,1,6,0.6569588782437281,1094,11,0.9431945538974952,1
752,5,1,6,0.6927697790409768,1219,11,0.9431945538974952,1
902,5,1,6,0.4062825726629875,1213,11,0.9431945538974952,1
690,5,1,6,0.5057572970997893,1197,11,0.8884502877862838,1
618,5,1,6,0.4540304403926524,1190,11,0.9431945538974952,1
720,5,1,6,0.6012530325591191,1143,11,0.9431945538974952,1
1105,5,1,6,0.4818833632349569,1235,11,0.8884502877862838,1
569,5,1,6,1.1105636216755446,1058,11,0.8884502877862838,1
765,5,1,6,0.3306817820910181,1148,11,0.9431945538974952,1
733,5,1,6,0.652979889266256,1095,11,0.9431945538974952,1
646,5,1,6,0.8758032720046922,1044,11,0.9431945538974952,1
957,5,1,6,0.2152911017443279,1208,11,0.9431945538974952,1
917,5,1,6,0.4062825726629875,1175,11,0.8884502877862838,1
768,5,1,6,0.1834591899245513,1130,11,0.9431945538974952,1
841,5,1,6,0.7405176467706417,1072,11,0.8884502877862838,1
638,5,1,6,0.3704716718657388,1109,11,0.8884502877862838,1
950,5,1,6,0.434135495505292,1112,11,0.9431945538974952,1
877,5,1,6,0.5574841538069263,1152,11,0.9431945538974952,1
993,5,1,6,0.429305112606148,1424,11,0.8884502877862838,1
664,5,1,6,1.1105636216755446,1100,11,0.8884502877862838,1
968,5,1,6,0.2272280686767442,1228,11,0.8884502877862838,1
1131,5,1,6,0.162712851115519,1407,11,0.9431945538974952,1
1099,5,1,6,0.1755012119696072,1296,11,0.9431945538974952,1
705,5,1,6,0.270996947428937,1227,11,0.9431945538974952,1
630,5,1,6,0.4938203301673731,1099,11,0.8884502877862838,1
864,5,1,6,0.2988498702712415,1268,11,0.8884502877862838,1
817,5,1,6,0.2789549253838811,1161,11,0.9431945538974952,1
841,5,1,6,0.4580094293701244,1202,11,0.9431945538974952,1
850,5,1,6,0.537589208919566,1170,11,0.8884502877862838,1
834,5,1,6,0.3227238041360739,1109,11,0.8884502877862838,1
1037,5,1,6,0.0919424434426936,1375,11,0.8884502877862838,1
909,5,1,6,0.3306817820910181,1261,11,0.9431945538974952,1
794,5,1,6,0.649000900288784,1190,11,0.9431945538974952,1
678,5,1,6,0.7246016908607534,1029,11,0.9431945538974952,1
1079,5,1,6,0.4023035836855154,1205,11,0.9431945538974952,1
836,5,1,6,0.2033541348119117,1280,11,0.9431945538974952,1
697,5,1,6,0.4580094293701244,1177,11,0.8884502877862838,1
719,5,1,6,0.7206227018832814,1091,11,0.8884502877862838,1
868,5,1,6,0.5097362860772614,1158,11,0.9431945538974952,1
751,5,1,6,0.4500514514151803,1125,11,0.9431945538974952,1
817,5,1,6,0.3943456057305713,1243,11,0.9431945538974952,1
831,5,1,6,0.8121394483651391,1189,11,0.9431945538974952,1
740,5,1,6,0.5694211207393426,1218,11,0.9431945538974952,1
926,5,1,6,0.4182195395954037,1229,11,0.8884502877862838,1
712,5,1,6,0.6251269664239516,1161,11,0.9431945538974952,1
1004,5,1,6,0.3426187490234343,1220,11,0.9431945538974952,1
885,5,1,6,0.5813580876717588,1254,11,0.8884502877862838,1
830,5,1,6,0.4699463963025407,1221,11,0.8884502877862838,1
742,5,1,6,0.597274043581647,1120,11,0.9431945538974952,1
648,5,1,6,0.326702793113546,1096,11,0.8884502877862838,1
899,5,1,6,0.4102615616404595,1215,11,0.9431945538974952,1
596,5,1,6,0.9076351838244688,986,11,0.9431945538974952,1
940,5,1,6,0.6092110105140632,1218,11,0.9431945538974952,1
1138,5,1,6,0.1746498180479352,1275,11,0.9431945538974952,1
832,5,1,6,0.6569588782437281,1259,11,0.8884502877862838,1
691,5,1,6,0.4739253852800127,1122,11,0.8884502877862838,1
761,5,1,6,0.4818833632349569,1140,11,0.8884502877862838,1
1114,5,1,6,0.0800054765102774,1241,11,0.8884502877862838,1
780,5,1,6,0.4938203301673731,1168,11,0.8884502877862838,1
793,5,1,6,0.8320343932524994,1024,11,0.9431945538974952,1
958,5,1,6,0.7246016908607534,1192,11,0.9431945538974952,1
799,5,1,6,0.1277533442399423,1264,11,0.8884502877862838,1
835,5,1,6,0.5535051648294542,1264,11,0.8884502877862838,1
701,5,1,6,0.8678452940497481,1102,11,0.9431945538974952,1
975,5,1,6,0.2869129033388253,1275,11,0.9431945538974952,1
973,5,1,6,0.0481735646905008,1293,11,0.8884502877862838,1
697,5,1,6,0.5495261758519822,1154,11,0.8884502877862838,1
773,5,1,6,0.4938203301673731,1121,11,0.8884502877862838,1
694,5,1,6,0.4142405506179316,1203,11,0.9431945538974952,1
729,5,1,6,0.111837388330054,1242,11,0.8884502877862838,1
816,5,1,6,0.4420934734602362,1196,11,0.8884502877862838,1
703,5,1,6,0.2232490796992721,1172,11,0.9431945538974952,1
918,5,1,6,0.1109859944083821,1344,11,0.8884502877862838,1
788,5,1,6,0.7484756247255858,976,11,0.9431945538974952,1
1008,5,1,6,0.1396903111723585,1219,11,0.9431945538974952,1
793,5,1,6,0.6609378672212003,1145,11,0.9431945538974952,1
612,5,1,6,0.8718242830272201,1143,11,0.9431945538974952,1
879,5,1,6,0.4580094293701244,1228,11,0.8884502877862838,1
740,5,1,6,0.7922445034777786,1075,11,0.8884502877862838,1
833,5,1,6,0.5535051648294542,1300,11,0.9431945538974952,1
834,5,1,6,0.5057572970997893,1208,11,0.9431945538974952,1
813,5,1,6,0.4659674073250686,1218,11,0.8884502877862838,1
857,5,1,6,0.4221985285728758,1200,11,0.8884502877862838,1
880,5,1,6,0.2431440245866324,1149,11,0.8884502877862838,1
813,5,1,6,0.2471230135641045,1218,11,0.8884502877862838,1
751,5,1,6,0.649000900288784,1144,11,0.8884502877862838,1
656,5,1,6,0.4381144844827641,1220,11,0.8884502877862838,1
783,5,1,6,0.3983245947080434,1256,11,0.9431945538974952,1
880,5,1,6,0.0282786198031404,1408,11,0.8884502877862838,1
1022,5,1,6,0.2829339143613532,1230,11,0.8884502877862838,1
760,5,1,6,0.3227238041360739,1338,11,0.9431945538974952,1
807,5,1,6,0.0521525536679729,1304,11,0.9431945538974952,1
781,5,1,6,0.163564245037191,1241,11,0.9431945538974952,1
734,5,1,6,0.0760264875328053,1234,11,0.8884502877862838,1
704,5,1,6,0.597274043581647,1204,11,0.8884502877862838,1
771,5,1,6,0.163564245037191,1279,11,0.9431945538974952,1
575,5,1,6,0.6808328121085606,1139,11,0.9431945538974952,1
731,5,1,6,0.0282786198031404,1204,11,0.9431945538974952,1
786,5,1,6,0.597274043581647,1227,11,0.9431945538974952,1
604,5,1,6,0.7166437129058093,1147,11,0.8884502877862838,1
1073,5,1,6,0.10700700543091,1333,11,0.8884502877862838,1
744,5,1,6,0.9951729413288544,1159,11,0.8884502877862838,1
845,5,1,6,0.3863876277756271,1168,11,0.9431945538974952,1
718,5,1,6,0.6609378672212003,1239,11,0.9431945538974952,1
979,5,1,6,0.2630389694739928,1242,11,0.9431945538974952,1
985,5,1,6,0.1237743552624702,1219,11,0.8884502877862838,1
1132,5,1,6,0.2670179584514649,1253,11,0.9431945538974952,1
793,5,1,6,0.8002024814327229,1009,11,0.8884502877862838,1
932,5,1,6,0.2550809915190487,1209,11,0.9431945538974952,1
832,5,1,6,0.162712851115519,1266,11,0.8884502877862838,1
947,5,1,6,0.1396903111723585,1194,11,0.8884502877862838,1
901,5,1,6,0.5336102199420939,1215,11,0.8884502877862838,1
558,5,1,6,0.7763285475678904,986,11,0.8884502877862838,1
827,5,1,6,0.2192700907218,1299,11,0.9431945538974952,1
706,5,1,6,0.8996772058695247,1074,11,0.9431945538974952,1
552,5,1,6,0.9275301287118292,1098,11,0.9431945538974952,1
681,5,1,6,0.3704716718657388,1288,11,0.9431945538974952,1
732,5,1,6,0.6092110105140632,1197,11,0.8884502877862838,1
864,5,1,6,0.326702793113546,1243,11,0.8884502877862838,1
992,5,1,6,0.0075322809941081,1346,11,0.9431945538974952,1
820,5,1,6,0.5176942640322055,1156,11,0.9431945538974952,1
973,5,1,6,0.2908918923162973,1317,11,0.9431945538974952,1
828,5,1,6,0.3903666167530992,1332,11,0.9431945538974952,1
798,5,1,6,0.4261775175503479,1221,11,0.9431945538974952,1
837,5,1,6,0.1595852560597189,1218,11,0.9431945538974952,1
769,5,1,6,0.4102615616404595,1263,11,0.8884502877862838,1
871,5,1,6,0.2232490796992721,1283,11,0.9431945538974952,1
782,5,1,6,0.7365386577931696,1162,11,0.8884502877862838,1
858,5,1,6,0.1556062670822468,1253,11,0.9431945538974952,1
635,5,1,6,0.4381144844827641,1136,11,0.9431945538974952,1
748,5,1,6,0.652979889266256,1155,11,0.9431945538974952,1
932,5,1,6,0.0513011597463009,1293,11,0.9431945538974952,1
931,5,1,6,0.5057572970997893,1227,11,0.8884502877862838,1
810,5,1,6,0.5694211207393426,1237,11,0.8884502877862838,1
996,5,1,6,0.2829339143613532,1301,11,0.8884502877862838,1
618,5,1,6,0.8121394483651391,1126,11,0.9431945538974952,1
723,5,1,6,0.3346607710684902,1214,11,0.9431945538974952,1
853,5,1,6,0.5813580876717588,1100,11,0.9431945538974952,1
817,5,1,6,0.6291059554014237,1184,11,0.8884502877862838,1
871,5,1,6,0.2908918923162973,1275,11,0.9431945538974952,1
992,5,1,6,0.6728748341536165,1147,11,0.9431945538974952,1
827,5,1,6,0.4460724624377082,1131,11,0.9431945538974952,1
847,5,1,6,0.2630389694739928,1280,11,0.9431945538974952,1
820,5,1,6,0.4540304403926524,1200,11,0.8884502877862838,1
721,5,1,6,0.3306817820910181,1246,11,0.8884502877862838,1
745,5,1,6,0.5336102199420939,1216,11,0.9431945538974952,1
896,5,1,6,0.6688958451761444,1227,11,0.9431945538974952,1
759,5,1,6,0.6330849443788957,1196,11,0.9431945538974952,1
853,5,1,6,0.0282786198031404,1250,11,0.8884502877862838,1
670,5,1,6,0.6848118010860327,1099,11,0.8884502877862838,1
777,5,1,6,0.537589208919566,1259,11,0.8884502877862838,1
776,5,1,6,0.2232490796992721,1215,11,0.8884502877862838,1
622,5,1,6,0.3664926828882667,1165,11,0.8884502877862838,1
871,5,1,6,0.2829339143613532,1355,11,0.9431945538974952,1
671,5,1,6,0.9514040625766615,1028,11,0.8884502877862838,1
600,5,1,6,0.7484756247255858,1110,11,0.9431945538974952,1
823,5,1,6,0.6211479774464795,1149,11,0.8884502877862838,1
623,5,1,6,0.7604125916580021,1066,11,0.8884502877862838,1
889,5,1,6,0.0680685095778612,1320,11,0.8884502877862838,1
616,5,1,6,0.915593161779413,959,11,0.9431945538974952,1
840,5,1,6,0.5256522419871498,1202,11,0.8884502877862838,1
1048,5,1,6,0.0711961046336613,1336,11,0.8884502877862838,1
822,5,1,6,0.3068078482261857,1259,11,0.8884502877862838,1
713,5,1,6,0.6609378672212003,1140,11,0.8884502877862838,1
845,5,1,6,0.1794802009470793,1245,11,0.8884502877862838,1
833,5,1,6,0.3863876277756271,1150,11,0.9431945538974952,1
626,5,1,6,0.485862352212429,1234,11,0.9431945538974952,1
680,5,1,6,0.6967487680184489,1143,11,0.8884502877862838,1
785,5,1,6,0.8200974263200832,1068,11,0.9431945538974952,1
675,5,1,6,0.7007277569959209,932,11,0.8884502877862838,1
974,5,1,6,0.2462716196424326,1287,11,0.9431945538974952,1
959,5,1,6,0.6967487680184489,1133,11,0.8884502877862838,1
878,5,1,6,0.752454613703058,1164,11,0.9431945538974952,1
913,5,1,6,0.4779043742574848,1157,11,0.8884502877862838,1
826,5,1,6,0.4580094293701244,1271,11,0.8884502877862838,1
865,5,1,6,0.0521525536679729,1266,11,0.9431945538974952,1
753,5,1,6,0.4739253852800127,1150,11,0.8884502877862838,1
741,5,1,6,0.7882655145003066,1137,11,0.8884502877862838,1
688,5,1,6,0.6688958451761444,1193,11,0.9431945538974952,1
730,5,1,6,0.6649168561986724,1086,11,0.9431945538974952,1
784,5,1,6,0.3426187490234343,1268,11,0.9431945538974952,1
934,5,1,6,0.5694211207393426,1173,11,0.9431945538974952,1
855,5,1,6,0.3107868372036577,1295,11,0.9431945538974952,1
615,5,1,6,0.4102615616404595,1102,11,0.8884502877862838,1
828,5,1,6,0.4659674073250686,1215,11,0.9431945538974952,1
706,5,1,6,0.4619884183475966,1166,11,0.9431945538974952,1
850,5,1,6,0.3346607710684902,1145,11,0.9431945538974952,1
727,5,1,6,0.6688958451761444,1170,11,0.8884502877862838,1
672,5,1,6,0.7086857349508652,1171,11,0.8884502877862838,1
1025,5,1,6,0.0839844654877495,1305,11,0.8884502877862838,1
968,5,1,6,0.649000900288784,1254,11,0.8884502877862838,1
652,5,1,6,0.2471230135641045,1154,11,0.9431945538974952,1
793,5,1,6,0.541568197897038,1230,11,0.9431945538974952,1
920,5,1,6,0.7484756247255858,1122,11,0.9431945538974952,1
827,5,1,6,0.3585347049333226,1161,11,0.8884502877862838,1
642,5,1,6,0.9354881066667734,1042,11,0.8884502877862838,1
829,5,1,6,0.5853370766492308,1183,11,0.9431945538974952,1
865,5,1,6,0.597274043581647,1342,11,0.9431945538974952,1
764,5,1,6,0.4977993191448452,1143,11,0.9431945538974952,1
851,5,1,6,0.326702793113546,1247,11,0.9431945538974952,1
665,5,1,6,0.597274043581647,1136,11,0.8884502877862838,1
767,5,1,6,0.3068078482261857,1189,11,0.9431945538974952,1
674,5,1,6,0.5614631427843984,1230,11,0.8884502877862838,1
909,5,1,6,0.7643915806354742,1113,11,0.9431945538974952,1
873,5,1,6,0.2550809915190487,1213,11,0.9431945538974952,1
730,5,1,6,0.6012530325591191,1174,11,0.8884502877862838,1
721,5,1,6,0.5256522419871498,1117,11,0.8884502877862838,1
804,5,1,6,0.6967487680184489,1066,11,0.9431945538974952,1
639,5,1,6,0.2948708812937694,1115,11,0.9431945538974952,1
956,5,1,6,0.1317323332174144,1316,11,0.9431945538974952,1
1039,5,1,6,0.3028288592487136,1224,11,0.8884502877862838,1
917,5,1,6,0.1715222229921351,1184,11,0.8884502877862838,1
889,5,1,6,0.5773790986942867,1133,11,0.9431945538974952,1
614,5,1,6,0.4460724624377082,1173,11,0.8884502877862838,1
697,5,1,6,0.6012530325591191,1198,11,0.8884502877862838,1
993,5,1,6,0.1556062670822468,1331,11,0.8884502877862838,1
718,5,1,6,0.6012530325591191,1097,11,0.8884502877862838,1
990,5,1,6,0.0910910495210217,1344,11,0.8884502877862838,1
721,5,1,6,0.7962234924552508,1127,11,0.8884502877862838,1
970,5,1,6,0.111837388330054,1285,11,0.9431945538974952,1
712,5,1,6,0.6330849443788957,1050,11,0.8884502877862838,1
604,5,1,6,0.5734001097168147,1172,11,0.8884502877862838,1
745,5,1,6,0.4898413411899011,1238,11,0.8884502877862838,1
1054,5,1,6,0.2908918923162973,1332,11,0.9431945538974952,1
783,5,1,6,0.3585347049333226,1298,11,0.8884502877862838,1
921,5,1,6,0.3505767269783785,1267,11,0.9431945538974952,1
624,5,1,6,0.975277996441494,1043,11,0.8884502877862838,1
664,5,1,6,0.4540304403926524,1187,11,0.9431945538974952,1
916,5,1,6,0.1158163773075261,1300,11,0.8884502877862838,1
836,5,1,6,0.0322576087806125,1259,11,0.8884502877862838,1
912,5,1,6,0.0760264875328053,1256,11,0.8884502877862838,1
803,5,1,6,0.5137152750547335,1163,11,0.8884502877862838,1
904,5,1,6,0.0640895206003891,1266,11,0.8884502877862838,1
743,5,1,6,0.5017783081223173,1217,11,0.9431945538974952,1
936,5,1,6,0.2312070576542162,1310,11,0.8884502877862838,1
941,5,1,6,0.270996947428937,1181,11,0.9431945538974952,1
623,5,1,6,0.4699463963025407,1060,11,0.8884502877862838,1
992,5,1,6,0.2630389694739928,1150,11,0.9431945538974952,1
709,6,2,10,0.214439707822656,944,11,0.0273721330556057,0
902,6,2,10,0.3417673551017623,968,6,1.804272708628173,0
949,6,2,10,0.270145553507265,966,6,0.9431945538974952,0
616,6,2,7,0.2431440245866324,891,11,0.9431945538974952,0
913,6,2,7,0.4253261236286759,933,6,1.804272708628173,0
707,6,2,7,0.2223976857776001,940,6,1.804272708628173,0
1026,6,2,10,0.5645907378401985,1053,11,0.9431945538974952,0
811,6,2,7,0.3974732007863714,961,6,0.0273721330556057,0
806,6,2,10,0.3664926828882667,891,11,0.8884502877862838,0
645,6,2,10,0.1308809392957424,930,6,0.8884502877862838,0
1008,6,2,10,0.4531790464709804,1046,6,0.0273721330556057,0
810,6,2,10,0.0751750936111334,946,11,1.804272708628173,0
847,6,2,7,0.4810319693132849,914,6,0.9431945538974952,0
876,6,2,7,0.699876363074249,979,11,1.804272708628173,0
810,6,2,7,0.1905657739578236,891,11,1.804272708628173,0
951,6,2,10,1.073901326956624,1051,11,0.8884502877862838,0
811,6,2,7,0.2073331237893838,877,6,1.804272708628173,0
989,6,2,7,1.06594334900168,1054,6,0.9431945538974952,0
963,6,2,10,0.588464671705031,1029,11,1.804272708628173,0
828,6,2,7,0.3019774653270416,999,6,0.8884502877862838,0
719,6,2,7,0.1476482891273027,851,6,0.8884502877862838,0
834,6,2,10,0.2064817298677118,927,11,0.9431945538974952,0
863,6,2,10,0.1269019503182704,972,11,0.9431945538974952,0
780,6,2,7,0.5734001097168147,856,6,1.804272708628173,0
916,6,2,10,0.640191528412168,1004,6,0.9431945538974952,0
953,6,2,7,0.9903425584297104,1042,11,0.0273721330556057,0
756,6,2,7,0.0839844654877495,924,11,1.804272708628173,0
867,6,2,7,0.1556062670822468,891,11,0.0273721330556057,0
901,6,2,10,0.10700700543091,893,6,0.0273721330556057,0
846,6,2,7,0.6202965835248075,915,6,1.804272708628173,0
891,6,2,10,0.0035532920166361,915,6,0.0273721330556057,0
758,6,2,10,0.4938203301673731,867,11,0.9431945538974952,0
889,6,2,10,0.8868888450154365,993,11,0.0273721330556057,0
918,6,2,7,0.5765277047726147,891,11,0.8884502877862838,0
942,6,2,10,0.1277533442399423,1009,11,1.804272708628173,0
712,6,2,10,0.2073331237893838,875,6,0.0273721330556057,0
1066,6,2,7,0.4730739913583408,1004,11,0.0273721330556057,0
893,6,2,10,0.9425946907000456,973,6,0.9431945538974952,0
740,6,2,10,0.3974732007863714,939,11,0.9431945538974952,0
748,6,2,10,0.1467968952056307,916,11,0.0273721330556057,0
889,6,2,7,0.3338093771468182,980,11,0.8884502877862838,0
735,6,2,10,0.0672171156561892,911,11,1.804272708628173,0
848,6,2,7,0.326702793113546,851,11,0.9431945538974952,0
1078,6,2,7,1.1534811065060655,1075,11,1.804272708628173,0
724,6,2,7,0.0672171156561892,847,6,1.804272708628173,0
759,6,2,10,0.2391650356091604,896,11,0.8884502877862838,0
1042,6,2,7,1.3524305553796692,1089,11,0.9431945538974952,0
875,6,2,10,0.3696202779440669,923,11,0.0273721330556057,0
750,6,2,7,0.1030280164534379,946,6,1.804272708628173,0
884,6,2,7,0.3139144322594578,940,6,0.8884502877862838,0
986,6,2,7,0.6640654622770004,1032,6,0.9431945538974952,0
929,6,2,10,0.5606117488627265,1010,11,0.9431945538974952,0
624,6,2,10,0.2869129033388253,819,6,0.0273721330556057,0
991,6,2,7,1.3643675223120857,1075,6,0.9431945538974952,0
899,6,2,7,0.8470989552407158,1020,6,0.9431945538974952,0
849,6,2,10,0.3983245947080434,843,6,0.9431945538974952,0
703,6,2,7,0.0640895206003891,844,11,0.9431945538974952,0
899,6,2,10,1.1017542497989286,1035,6,0.9431945538974952,0
901,6,2,7,0.8272040103533554,912,6,0.9431945538974952,0
714,6,2,7,0.2263766747550722,953,6,1.804272708628173,0
949,6,2,10,0.2462716196424326,1006,6,0.0273721330556057,0
784,6,2,7,0.0274272258814685,941,6,0.9431945538974952,0
889,6,2,7,0.3497253330567065,978,11,0.0273721330556057,0
928,6,2,7,0.321872410214402,962,11,0.8884502877862838,0
923,6,2,7,0.1189439723633262,943,11,1.804272708628173,0
918,6,2,10,0.4969479252231732,1016,11,1.804272708628173,0
871,6,2,10,0.4850109582907571,986,11,0.8884502877862838,0
896,6,2,7,0.3974732007863714,931,11,0.9431945538974952,0
844,6,2,10,0.2979984763495695,915,11,1.804272708628173,0
907,6,2,10,1.1017542497989286,1080,6,0.0273721330556057,0
863,6,2,7,0.3178934212369299,935,11,0.8884502877862838,0
873,6,2,10,0.2422926306649605,1038,11,1.804272708628173,0
747,6,2,7,0.266166564529793,892,11,0.9431945538974952,0
754,6,2,10,0.4889899472682291,1038,11,0.0273721330556057,0
804,6,2,10,0.6600864732995283,992,6,0.0273721330556057,0
872,6,2,10,0.9943215474071824,1040,11,0.0273721330556057,0
744,6,2,10,0.0919424434426936,952,6,1.804272708628173,0
942,6,2,10,0.6202965835248075,1000,11,0.0273721330556057,0
904,6,2,10,0.3537043220341786,941,6,0.8884502877862838,0
840,6,2,7,0.0075322809941081,882,11,0.8884502877862838,0
662,6,2,7,0.3178934212369299,861,11,0.8884502877862838,0
857,6,2,10,0.5208218590880057,993,11,1.804272708628173,0
889,6,2,7,0.5486747819303103,902,11,0.0273721330556057,0
958,6,2,10,0.2979984763495695,979,11,1.804272708628173,0
702,6,2,10,0.0234482369039964,893,11,1.804272708628173,0
855,6,2,10,0.3178934212369299,997,6,1.804272708628173,0
981,6,2,7,0.910762778880269,1048,11,0.9431945538974952,0
979,6,2,10,0.8510779442181878,976,11,1.804272708628173,0
884,6,2,7,0.4571580354484525,960,11,0.9431945538974952,0
860,6,2,7,0.4929689362457012,954,6,0.8884502877862838,0
895,6,2,10,0.1197953662849981,893,11,1.804272708628173,0
835,6,2,10,0.4969479252231732,987,6,1.804272708628173,0
700,6,2,10,0.0879634544652216,903,11,1.804272708628173,0
839,6,2,7,0.1237743552624702,965,11,0.0273721330556057,0
960,6,2,10,0.1269019503182704,1083,6,0.8884502877862838,0
931,6,2,10,1.109712227753873,1073,11,0.0273721330556057,0
936,6,2,10,0.6760024292094166,998,11,0.9431945538974952,0
664,6,2,7,0.3625136939107947,819,6,1.804272708628173,0
750,6,2,7,0.3417673551017623,911,11,0.9431945538974952,0
930,6,2,7,0.537589208919566,886,11,0.8884502877862838,0
776,6,2,7,0.0919424434426936,940,11,1.804272708628173,0
901,6,2,7,0.377578255899011,934,11,0.9431945538974952,0
849,6,2,10,0.2550809915190487,870,11,1.804272708628173,0
659,6,2,7,0.0950700384984938,939,6,0.0273721330556057,0
743,6,2,10,0.056131542645445,864,11,0.8884502877862838,0
865,6,2,7,1.185313018325842,1048,11,0.9431945538974952,0
1040,6,2,7,0.1348599282732145,908,11,0.9431945538974952,0
832,6,2,10,0.4213471346512039,960,6,0.0273721330556057,0
812,6,2,10,0.6839604071643608,978,6,1.804272708628173,0
808,6,2,7,0.3934942118088994,973,6,1.804272708628173,0
868,6,2,10,0.5486747819303103,965,11,0.9431945538974952,0
852,6,2,10,0.9863635694522384,990,6,0.0273721330556057,0
928,6,2,10,0.536737814997894,1003,11,0.9431945538974952,0
829,6,2,10,0.158733862138047,979,11,0.0273721330556057,0
835,6,2,10,0.803330076488523,998,11,0.8884502877862838,0
950,6,2,7,1.344472577424725,1083,6,1.804272708628173,0
722,6,2,10,0.1666918400929911,920,11,0.0273721330556057,0
912,6,2,7,0.2263766747550722,995,6,0.0273721330556057,0
953,6,2,7,0.5088848921555895,924,11,0.8884502877862838,0
769,6,2,7,0.0800054765102774,842,11,1.804272708628173,0
793,6,2,10,0.4977993191448452,855,11,0.0273721330556057,0
810,6,2,7,0.0402155867355567,928,6,0.8884502877862838,0
963,6,2,7,0.5606117488627265,1107,6,0.9431945538974952,0
753,6,2,10,0.2502506086199046,898,11,0.0273721330556057,0
864,6,2,7,0.055280148723773,889,6,0.0273721330556057,0
904,6,2,7,0.4014521897638435,1021,6,0.9431945538974952,0
895,6,2,10,0.1826077960028794,949,11,0.9431945538974952,0
884,6,2,10,0.0322576087806125,887,6,0.9431945538974952,0
904,6,2,10,0.6322335504572237,907,11,0.8884502877862838,0
956,6,2,7,0.97044761354235,1011,11,0.8884502877862838,0
962,6,2,10,0.3178934212369299,885,6,0.0273721330556057,0
912,6,2,10,1.2251029081005629,1174,11,0.0273721330556057,0
953,6,2,10,0.3855362338539552,901,11,1.804272708628173,0
789,6,2,7,0.0999004213976378,859,11,1.804272708628173,0
716,6,2,10,0.0282786198031404,912,11,0.8884502877862838,0
842,6,2,10,0.7953720985335788,996,11,0.9431945538974952,0
773,6,2,7,0.1308809392957424,906,11,1.804272708628173,0
719,6,2,10,1.3166196545824205,1018,6,0.9431945538974952,0
1248,6,2,7,0.7436452418264419,1071,6,0.9431945538974952,0
984,6,2,7,0.8311829993308275,1023,11,0.9431945538974952,0
693,6,2,10,0.4850109582907571,1026,11,0.8884502877862838,0
934,6,2,10,0.4929689362457012,962,11,0.0273721330556057,0
912,6,2,7,0.588464671705031,1024,6,0.8884502877862838,0
809,6,2,7,0.1030280164534379,909,6,0.9431945538974952,0
906,6,2,7,0.10700700543091,925,11,0.0273721330556057,0
590,6,2,7,0.5813580876717588,833,11,1.804272708628173,0
1008,6,2,7,0.2184186968001281,940,11,0.0273721330556057,0
884,6,2,7,0.5208218590880057,913,6,0.0273721330556057,0
939,6,2,7,0.4929689362457012,999,11,0.9431945538974952,0
629,6,2,7,0.214439707822656,880,11,0.8884502877862838,0
871,6,2,7,0.8868888450154365,1061,6,0.8884502877862838,0
779,6,2,10,0.4611370244259246,990,6,0.8884502877862838,0
880,6,2,7,0.060110531622917,1005,6,0.9431945538974952,0
812,6,2,7,0.4054311787413155,969,11,0.8884502877862838,0
866,6,2,7,0.4253261236286759,1021,11,0.0273721330556057,0
866,6,2,10,0.2462716196424326,909,11,0.9431945538974952,0
854,6,2,7,0.6720234402319445,1017,11,1.804272708628173,0
686,6,2,10,0.0999004213976378,911,11,0.9431945538974952,0
782,6,2,7,0.2979984763495695,1041,11,0.9431945538974952,0
934,6,2,10,0.6879393961418329,1069,11,0.9431945538974952,0
857,6,2,7,0.0362365977580846,895,6,0.0273721330556057,0
856,6,2,10,0.6362125394346959,994,6,1.804272708628173,0
1058,6,2,7,0.863014911150604,1033,11,0.9431945538974952,0
892,6,2,7,0.1516272781047747,928,6,0.8884502877862838,0
871,6,2,10,0.060110531622917,939,11,0.8884502877862838,0
790,6,2,10,0.1507758841831028,871,6,0.9431945538974952,0
984,6,2,10,0.3497253330567065,1015,6,0.0273721330556057,0
1009,6,2,10,0.0950700384984938,926,11,0.0273721330556057,0
922,6,2,10,0.1706708290704632,942,6,0.9431945538974952,0
600,6,2,7,0.0919424434426936,758,6,0.9431945538974952,0
839,6,2,10,0.0154902589490523,944,6,0.0273721330556057,0
869,6,2,10,0.3974732007863714,1001,11,0.9431945538974952,0
837,6,2,7,0.1149649833858541,936,11,0.0273721330556057,0
910,6,2,7,0.2542295975973768,940,6,0.8884502877862838,0
876,6,2,7,0.377578255899011,923,6,0.8884502877862838,0
840,6,2,10,0.2351860466316883,919,6,0.0273721330556057,0
856,6,2,7,0.2025027408902398,855,6,0.0273721330556057,0
771,6,2,10,0.1158163773075261,890,6,1.804272708628173,0
887,6,2,7,1.0420694151368477,958,11,0.8884502877862838,0
929,6,2,10,0.6123386055698634,906,11,0.9431945538974952,0
869,6,2,7,0.2940194873720975,994,6,1.804272708628173,0
843,6,2,7,0.0035532920166361,875,6,0.9431945538974952,0
872,6,2,10,0.5645907378401985,1066,11,0.8884502877862838,0
769,6,2,7,0.1269019503182704,921,6,0.8884502877862838,0
726,6,2,7,0.3258513991918741,931,11,0.0273721330556057,0
814,6,2,7,0.4571580354484525,937,11,1.804272708628173,0
767,6,2,10,0.5924436606825031,946,11,0.8884502877862838,0
771,6,2,7,0.1706708290704632,910,6,0.0273721330556057,0
815,6,2,7,0.0393641928138847,935,11,0.9431945538974952,0
864,6,2,7,0.1865867849803515,942,11,1.804272708628173,0
936,6,2,10,0.3059564543045137,898,6,0.9431945538974952,0
734,6,2,7,0.4332841015836201,969,6,0.8884502877862838,0
860,6,2,10,0.1467968952056307,933,6,0.9431945538974952,0
746,6,2,7,0.0004256969608359,955,6,0.8884502877862838,0
772,6,2,7,0.3696202779440669,916,6,0.8884502877862838,0
801,6,2,7,0.1109859944083821,893,6,0.8884502877862838,0
884,6,2,10,0.6322335504572237,1009,6,0.9431945538974952,0
780,6,2,10,0.0035532920166361,906,6,0.8884502877862838,0
733,6,2,10,0.3934942118088994,857,11,1.804272708628173,0
774,6,2,10,0.2422926306649605,866,6,0.0273721330556057,0
778,6,2,7,0.3258513991918741,913,11,0.8884502877862838,0
769,6,2,7,0.3298303881693462,904,11,0.9431945538974952,0
817,6,2,7,0.8391409772857716,1046,11,0.9431945538974952,0
785,6,2,7,0.0513011597463009,855,11,0.0273721330556057,0
798,6,2,7,0.4651160134033967,911,11,0.9431945538974952,0
654,6,2,10,0.5606117488627265,1000,11,0.9431945538974952,0
790,6,2,10,0.5566327598852544,964,11,0.8884502877862838,0
727,6,2,10,0.1396903111723585,887,11,0.9431945538974952,0
1090,6,2,7,0.3576833110116507,937,6,1.804272708628173,0
904,6,2,7,0.7834351316011626,954,6,0.0273721330556057,0
759,6,2,10,0.0115112699715802,871,11,0.9431945538974952,0
1055,6,2,10,0.7356872638714977,1009,11,0.8884502877862838,0
906,6,2,7,0.4690950023808687,872,11,0.0273721330556057,0
751,6,2,10,0.0322576087806125,892,6,0.8884502877862838,0
899,6,2,7,0.0362365977580846,878,11,1.804272708628173,0
827,6,2,7,0.6362125394346959,843,11,0.0273721330556057,0
876,6,2,10,0.6600864732995283,972,11,1.804272708628173,0
864,6,2,10,0.1834591899245513,839,6,0.9431945538974952,0
958,6,2,7,0.0592591377012451,939,11,0.0273721330556057,0
1005,6,2,10,0.863014911150604,967,6,0.0273721330556057,0
898,6,2,7,0.9028048009253248,1035,11,0.0273721330556057,0
908,6,2,7,0.4492000574935084,1053,6,1.804272708628173,0
891,6,2,10,0.2741245424847371,862,11,0.9431945538974952,0
899,6,2,7,0.2272280686767442,929,11,0.0273721330556057,0
795,6,2,10,0.4142405506179316,879,6,0.9431945538974952,0
813,6,2,10,0.0592591377012451,905,6,0.0273721330556057,0
874,6,2,7,0.0203206418481963,864,11,1.804272708628173,0
659,6,2,10,0.0672171156561892,896,6,0.9431945538974952,0
680,6,2,7,0.0791540825886055,896,6,0.0273721330556057,0
889,6,2,7,0.0163416528707242,924,6,0.0273721330556057,0
869,6,2,7,0.055280148723773,935,6,0.9431945538974952,0
939,6,2,10,0.1078583993525819,935,11,0.9431945538974952,0
905,6,2,10,0.9067837899027968,979,6,1.804272708628173,0
693,6,2,7,0.3537043220341786,878,11,0.9431945538974952,0
747,6,2,7,0.485862352212429,925,6,0.9431945538974952,0
904,6,2,7,0.4492000574935084,1003,6,0.0273721330556057,0
872,6,2,7,0.4850109582907571,893,6,0.8884502877862838,0
815,6,2,7,0.3139144322594578,968,11,0.9431945538974952,0
988,6,2,10,0.5526537709077823,923,11,0.9431945538974952,0
651,6,2,10,0.1945447629352956,939,6,1.804272708628173,0
834,6,2,10,0.2900404983946254,1008,11,0.0273721330556057,0
829,6,2,10,1.014216492294543,976,11,0.0273721330556057,0
805,6,2,10,0.1865867849803515,957,11,0.9431945538974952,0
1071,6,2,10,0.6123386055698634,1048,6,0.0273721330556057,0
751,6,2,10,0.1277533442399423,852,6,0.9431945538974952,0
1022,6,2,7,0.5924436606825031,914,11,0.0273721330556057,0
799,6,2,7,0.5128638811330616,976,11,0.9431945538974952,0
934,6,2,10,0.7675191756912743,999,6,1.804272708628173,0
768,6,2,7,0.0720474985553333,833,11,0.0273721330556057,0
836,6,2,7,0.7794561426236906,924,6,0.8884502877862838,0
802,6,2,10,0.5645907378401985,963,11,0.8884502877862838,0
673,6,2,7,0.6171689884690075,876,6,1.804272708628173,0
764,6,2,7,0.863014911150604,936,11,0.0273721330556057,0
940,6,2,7,1.121649194686289,1032,11,0.0273721330556057,0
932,6,2,10,0.7993510875110509,980,11,1.804272708628173,0
921,6,2,7,0.056131542645445,990,11,0.9431945538974952,0
767,6,2,10,0.0242996308256684,947,11,1.804272708628173,0
860,6,2,10,0.1317323332174144,897,6,0.9431945538974952,0
852,6,2,10,0.3139144322594578,1076,11,0.0273721330556057,0
1069,6,2,10,0.3616622999891227,977,6,0.8884502877862838,0
754,6,2,7,0.2383136416874884,987,6,0.9431945538974952,0
766,6,2,10,0.3386397600459622,887,11,0.8884502877862838,0
853,6,2,7,0.2223976857776001,968,11,1.804272708628173,0
1027,6,2,7,0.8709728891055483,999,6,0.8884502877862838,0
855,6,2,7,0.1755012119696072,922,6,1.804272708628173,0
877,6,2,7,0.1507758841831028,922,6,1.804272708628173,0
901,6,2,10,0.4014521897638435,956,6,0.9431945538974952,0
1040,6,2,7,0.5924436606825031,985,11,1.804272708628173,0
907,6,2,10,0.0203206418481963,934,11,0.8884502877862838,0
825,6,2,10,0.3258513991918741,912,6,1.804272708628173,0
937,6,2,7,0.7635401867138022,956,6,1.804272708628173,0
883,6,2,10,0.5168428701105336,962,6,0.9431945538974952,0
939,6,2,10,0.9983005363846544,929,11,0.0273721330556057,0
821,6,2,7,0.7237502969390814,1004,11,0.9431945538974952,0
763,6,2,7,0.1945447629352956,926,6,0.0273721330556057,0
772,6,2,10,0.167543234014663,911,11,0.9431945538974952,0
639,6,2,10,0.3585347049333226,965,11,0.0273721330556057,0
922,6,2,10,0.536737814997894,1053,6,0.0273721330556057,0
1102,6,2,10,0.0234482369039964,926,11,0.9431945538974952,0
709,6,2,10,0.0632381266787172,849,11,0.9431945538974952,0
911,6,2,7,0.3298303881693462,865,11,0.8884502877862838,0
884,6,2,10,0.1348599282732145,1032,11,0.9431945538974952,0
822,6,2,7,0.7007277569959209,788,6,0.9431945538974952,0
821,6,2,7,0.3139144322594578,946,11,0.9431945538974952,0
871,6,2,7,0.6680444512544724,960,11,0.0273721330556057,0
901,6,2,7,0.4810319693132849,1002,11,0.8884502877862838,0
875,6,2,10,0.2781035314622092,951,6,0.8884502877862838,0
771,6,2,10,0.7714981646687463,947,6,0.8884502877862838,0
1043,6,2,10,0.5844856827275589,970,6,0.8884502877862838,0
758,6,2,7,0.1547548731605749,863,6,0.0273721330556057,0
915,6,2,7,0.158733862138047,897,6,0.9431945538974952,0
697,6,2,10,0.1865867849803515,838,11,0.8884502877862838,0
825,6,2,10,0.3258513991918741,984,11,0.0273721330556057,0
865,6,2,10,1.2728507758302277,1018,11,1.804272708628173,0
698,6,2,10,0.0362365977580846,861,11,0.9431945538974952,0
981,6,2,7,0.699876363074249,1010,11,0.9431945538974952,0
932,6,2,7,0.2113121127668558,906,11,0.0273721330556057,0
882,6,2,10,0.3576833110116507,996,11,0.0273721330556057,0
875,6,2,10,0.321872410214402,951,11,0.0273721330556057,0
903,6,2,10,0.5486747819303103,1058,11,1.804272708628173,0
831,6,2,10,0.4253261236286759,1031,6,0.8884502877862838,0
873,6,2,10,0.3377883661242903,986,11,0.8884502877862838,0
857,6,2,10,0.5248008480654778,943,11,0.0273721330556057,0
829,6,2,10,0.7754771536462185,914,11,1.804272708628173,0
957,6,2,7,0.0154902589490523,885,6,0.0273721330556057,0
562,6,2,10,0.8718242830272201,790,6,0.9431945538974952,0
700,6,2,7,0.0879634544652216,863,11,0.9431945538974952,0
942,6,2,7,0.4770529803358129,988,6,0.9431945538974952,0
1029,6,2,10,0.6561074843220562,981,6,0.0273721330556057,0
792,6,2,10,0.3616622999891227,962,11,0.9431945538974952,0
792,6,2,7,0.0481735646905008,938,6,0.8884502877862838,0
815,6,2,10,0.9266787347901572,1020,11,1.804272708628173,0
947,6,2,10,0.3895152228314272,963,6,0.0273721330556057,0
822,6,2,10,0.158733862138047,877,11,0.8884502877862838,0
946,6,2,10,0.0314062148589406,924,11,0.0273721330556057,0
932,6,2,10,0.5566327598852544,1013,6,1.804272708628173,0
751,6,2,7,0.3457463440792345,925,11,0.9431945538974952,0
906,6,2,10,0.3616622999891227,900,6,1.804272708628173,0
1038,6,2,10,0.266166564529793,1003,11,1.804272708628173,0
974,6,2,10,0.7635401867138022,1031,6,0.8884502877862838,0
767,6,2,7,0.2860615094171533,947,11,0.0273721330556057,0
982,6,2,10,0.540716803975366,1004,11,0.8884502877862838,0
804,6,2,10,0.1985237519127677,954,6,0.8884502877862838,0
921,6,2,7,0.1985237519127677,1000,11,0.9431945538974952,0
717,6,2,7,0.5844856827275589,1052,11,1.804272708628173,0
926,6,2,7,0.1666918400929911,1019,11,0.0273721330556057,0
967,6,2,10,0.6839604071643608,949,6,0.0273721330556057,0
955,6,2,10,0.966468624564878,955,11,0.8884502877862838,0
898,6,2,7,0.3656412889665948,945,11,1.804272708628173,0
1079,6,2,7,0.7197713079616094,998,6,0.9431945538974952,0
876,6,2,10,0.8112880544434671,986,6,1.804272708628173,0
741,6,2,7,0.373599266921539,919,6,0.8884502877862838,0
854,6,2,7,0.2542295975973768,941,6,1.804272708628173,0
791,6,2,7,0.4929689362457012,975,11,0.8884502877862838,0
756,6,2,10,0.10700700543091,999,6,0.8884502877862838,0
790,6,2,10,0.8152670434209391,1005,11,0.0273721330556057,0
912,6,2,7,0.9187207568352131,928,11,0.8884502877862838,0
851,6,2,7,0.6163175945473355,942,6,0.0273721330556057,0
862,6,2,7,0.004404685938308,965,6,0.0273721330556057,0
956,6,2,7,0.4054311787413155,957,11,0.9431945538974952,0
818,6,2,7,0.3019774653270416,990,11,1.804272708628173,0
890,6,2,7,0.8311829993308275,955,6,0.9431945538974952,0
818,6,2,7,0.5725487157951427,1012,6,1.804272708628173,0
867,6,2,7,0.4730739913583408,963,6,1.804272708628173,0
940,6,2,10,0.4889899472682291,959,11,1.804272708628173,0
799,6,2,7,0.1197953662849981,893,11,0.0273721330556057,0
1127,6,2,10,1.1415441395736492,1013,6,0.8884502877862838,0
792,6,2,10,0.5486747819303103,981,11,0.8884502877862838,0
710,6,2,10,0.0831330715660775,946,6,1.804272708628173,0
765,6,2,10,0.3068078482261857,905,11,0.0273721330556057,0
909,6,2,10,0.6561074843220562,998,6,0.9431945538974952,0
847,6,2,10,0.0871120605435496,1000,6,0.0273721330556057,0
704,6,2,7,0.3625136939107947,853,11,1.804272708628173,0
590,6,2,7,0.2431440245866324,1025,6,0.8884502877862838,0
544,6,2,10,0.541568197897038,920,6,0.8884502877862838,0
574,6,2,7,0.3426187490234343,886,6,0.9431945538974952,0
604,6,2,7,0.2073331237893838,865,6,0.9431945538974952,0
700,6,2,10,0.1595852560597189,998,6,0.8884502877862838,0
515,6,2,10,0.5097362860772614,911,6,0.9431945538974952,0
597,6,2,10,0.1914171678794955,920,6,0.9431945538974952,0
551,6,2,7,0.163564245037191,945,6,0.8884502877862838,0
713,6,2,7,0.0919424434426936,1057,6,0.9431945538974952,0
639,6,2,7,0.2073331237893838,940,6,0.8884502877862838,0
504,6,2,7,0.2550809915190487,918,6,0.9431945538974952,0
446,6,2,7,1.019046875193687,818,6,0.8884502877862838,0
721,6,2,7,0.274975936406409,919,6,0.8884502877862838,0
423,6,2,7,0.5137152750547335,916,6,0.9431945538974952,0
475,6,2,7,0.5097362860772614,902,6,0.8884502877862838,0
663,6,2,10,0.2940194873720975,1085,6,0.8884502877862838,0
510,6,2,7,1.1702484563376256,822,6,0.9431945538974952,0
557,6,2,7,0.5853370766492308,909,6,0.8884502877862838,0
624,6,2,7,0.1149649833858541,994,6,0.8884502877862838,0
490,6,2,7,0.4659674073250686,981,6,0.9431945538974952,0
531,6,2,10,0.3028288592487136,934,6,0.8884502877862838,0
630,6,2,7,0.326702793113546,946,6,0.8884502877862838,0
710,6,2,7,0.0353852038364127,981,6,0.8884502877862838,0
543,6,2,7,0.2073331237893838,759,6,0.8884502877862838,0
544,6,2,7,0.0242996308256684,1069,6,0.8884502877862838,0
566,6,2,10,0.3625136939107947,959,6,0.9431945538974952,0
661,6,2,7,0.649000900288784,862,6,0.9431945538974952,0
518,6,2,7,0.2431440245866324,854,6,0.8884502877862838,0
639,6,2,7,0.7803075365453624,869,6,0.9431945538974952,0
600,6,2,7,0.4182195395954037,972,6,0.9431945538974952,0
795,6,2,10,0.6600864732995283,1032,6,0.8884502877862838,0
646,6,2,10,0.0720474985553333,992,6,0.8884502877862838,0
503,6,2,10,0.5455471868745101,951,6,0.9431945538974952,0
650,6,2,10,0.1755012119696072,898,6,0.9431945538974952,0
517,6,2,7,0.8002024814327229,831,6,0.9431945538974952,0
574,6,2,10,1.4169457729408943,782,6,0.9431945538974952,0
530,6,2,7,0.8559083271173319,831,6,0.8884502877862838,0
477,6,2,7,0.0362365977580846,1017,6,0.9431945538974952,0
672,6,2,7,0.0760264875328053,1005,6,0.8884502877862838,0
615,6,2,10,0.485862352212429,896,6,0.9431945538974952,0
461,6,2,7,0.7683705696129463,822,6,0.9431945538974952,0
512,6,2,10,0.5336102199420939,975,6,0.8884502877862838,0
540,6,2,10,0.2542295975973768,1014,6,0.9431945538974952,0
515,6,2,7,0.6211479774464795,916,6,0.9431945538974952,0
535,6,2,7,0.5057572970997893,857,6,0.8884502877862838,0
585,6,2,7,0.3943456057305713,949,6,0.8884502877862838,0
619,6,2,7,0.2113121127668558,870,6,0.8884502877862838,0
561,6,2,10,0.0919424434426936,953,6,0.8884502877862838,0
537,6,2,7,0.0163416528707242,924,6,0.8884502877862838,0
547,6,2,10,0.3625136939107947,870,6,0.9431945538974952,0
639,6,2,10,0.0800054765102774,941,6,0.9431945538974952,0
608,6,2,7,0.2590599804965208,851,6,0.8884502877862838,0
645,6,2,10,0.6808328121085606,874,6,0.8884502877862838,0
508,6,2,10,0.2351860466316883,996,6,0.9431945538974952,0
691,6,2,10,0.0322576087806125,1002,6,0.9431945538974952,0
579,6,2,7,0.7842865255228345,883,6,0.8884502877862838,0
439,6,2,7,0.3028288592487136,890,6,0.9431945538974952,0
427,6,2,7,0.8678452940497481,889,6,0.9431945538974952,0
654,6,2,10,0.3306817820910181,981,6,0.9431945538974952,0
559,6,2,7,0.537589208919566,924,6,0.8884502877862838,0
636,6,2,7,0.4332841015836201,1059,6,0.9431945538974952,0
622,6,2,10,0.2113121127668558,939,6,0.9431945538974952,0
630,6,2,7,0.6171689884690075,906,6,0.8884502877862838,0
565,6,2,10,0.4102615616404595,952,6,0.9431945538974952,0
621,6,2,7,0.1476482891273027,986,6,0.9431945538974952,0
542,6,2,7,0.3107868372036577,922,6,0.8884502877862838,0
548,6,2,7,0.5455471868745101,889,6,0.8884502877862838,0
694,6,2,10,0.4301565065278199,887,6,0.9431945538974952,0
588,6,2,7,0.163564245037191,942,6,0.8884502877862838,0
677,6,2,10,0.6688958451761444,943,6,0.9431945538974952,0
596,6,2,10,0.0441945757130287,922,6,0.8884502877862838,0
644,6,2,7,0.0999004213976378,939,6,0.9431945538974952,0
633,6,2,7,0.2431440245866324,950,6,0.9431945538974952,0
684,6,2,10,0.377578255899011,1036,6,0.8884502877862838,0
645,6,2,10,0.1317323332174144,977,6,0.9431945538974952,0
677,6,2,7,0.3704716718657388,898,6,0.8884502877862838,0
661,6,2,7,0.0441945757130287,998,6,0.9431945538974952,0
507,6,2,7,0.0791540825886055,995,6,0.9431945538974952,0
651,6,2,7,0.2590599804965208,1036,6,0.9431945538974952,0
609,6,2,7,0.6131899994915354,860,6,0.9431945538974952,0
488,6,2,10,0.5455471868745101,856,6,0.8884502877862838,0
648,6,2,7,0.3815572448764831,958,6,0.9431945538974952,0
537,6,2,10,0.649000900288784,971,6,0.9431945538974952,0
598,6,2,10,0.7922445034777786,916,6,0.8884502877862838,0
584,6,2,10,0.4977993191448452,969,6,0.9431945538974952,0
594,6,2,7,0.2869129033388253,941,6,0.8884502877862838,0
621,6,2,10,0.4818833632349569,915,6,0.9431945538974952,0
729,6,2,10,0.4659674073250686,897,6,0.8884502877862838,0
581,6,2,10,0.3983245947080434,999,6,0.8884502877862838,0
515,6,2,7,0.5017783081223173,874,6,0.8884502877862838,0
690,6,2,10,0.2104607188451839,1094,6,0.9431945538974952,0
713,6,2,10,0.0919424434426936,998,6,0.9431945538974952,0
593,6,2,7,0.8877402389371084,896,6,0.9431945538974952,0
590,6,2,10,0.5734001097168147,884,6,0.9431945538974952,0
664,6,2,7,0.2829339143613532,993,6,0.9431945538974952,0
617,6,2,10,0.2351860466316883,916,6,0.9431945538974952,0
563,6,2,7,0.4221985285728758,975,6,0.9431945538974952,0
597,6,2,7,0.4779043742574848,932,6,0.9431945538974952,0
645,6,2,10,0.3068078482261857,821,6,0.8884502877862838,0
714,6,2,7,0.2184186968001281,1003,6,0.8884502877862838,0
604,6,2,7,0.2232490796992721,919,6,0.8884502877862838,0
676,6,2,10,0.2232490796992721,979,6,0.8884502877862838,0
563,6,2,10,0.5128638811330616,990,6,0.9431945538974952,0
682,6,2,10,0.3426187490234343,947,6,0.9431945538974952,0
625,6,2,7,0.6410429223338399,923,6,0.8884502877862838,0
645,6,2,10,0.3505767269783785,903,6,0.9431945538974952,0
613,6,2,7,0.1595852560597189,1055,6,0.8884502877862838,0
434,6,2,7,0.3227238041360739,926,6,0.8884502877862838,0
475,6,2,10,0.4460724624377082,940,6,0.9431945538974952,0
644,6,2,7,0.4898413411899011,990,6,0.8884502877862838,0
537,6,2,7,0.5176942640322055,925,6,0.9431945538974952,0
629,6,2,10,0.326702793113546,975,6,0.8884502877862838,0
455,6,2,10,0.6211479774464795,868,6,0.9431945538974952,0
510,6,2,7,0.7643915806354742,889,6,0.8884502877862838,0
605,6,2,7,0.4818833632349569,910,6,0.8884502877862838,0
640,6,2,7,0.0990490274759658,1043,6,0.8884502877862838,0
588,6,2,10,0.3903666167530992,952,6,0.9431945538974952,0
516,6,2,10,0.5773790986942867,869,6,0.9431945538974952,0
614,6,2,7,0.7405176467706417,978,6,0.8884502877862838,0
667,6,2,10,0.1476482891273027,1063,6,0.8884502877862838,0
485,6,2,7,0.7285806798382255,906,6,0.9431945538974952,0
590,6,2,7,0.7365386577931696,896,6,0.8884502877862838,0
525,6,2,7,0.5057572970997893,984,6,0.8884502877862838,0
656,6,2,7,0.1308809392957424,939,6,0.9431945538974952,0
704,6,2,7,0.0959214324201657,998,6,0.8884502877862838,0
599,6,2,10,0.1794802009470793,968,6,0.9431945538974952,0
612,6,2,10,0.2113121127668558,933,6,0.9431945538974952,0
609,6,2,7,0.3227238041360739,947,6,0.8884502877862838,0
676,6,2,10,0.214439707822656,938,6,0.8884502877862838,0
766,6,2,7,0.0592591377012451,978,6,0.8884502877862838,0
527,6,2,7,0.3465977380009064,949,6,0.8884502877862838,0
517,6,2,7,0.4381144844827641,960,6,0.9431945538974952,0
627,6,2,7,0.2869129033388253,881,6,0.9431945538974952,0
688,6,2,7,0.4094101677187876,1037,6,0.9431945538974952,0
536,6,2,7,0.4659674073250686,858,6,0.8884502877862838,0
668,6,2,10,0.6688958451761444,916,6,0.8884502877862838,0
549,6,2,10,0.6728748341536165,813,6,0.8884502877862838,0
639,6,2,7,0.2263766747550722,1030,6,0.9431945538974952,0
536,6,2,10,0.4739253852800127,933,6,0.9431945538974952,0
517,6,2,10,0.214439707822656,1022,6,0.9431945538974952,0
650,6,2,10,0.6131899994915354,875,6,0.9431945538974952,0
704,6,2,7,0.1715222229921351,999,6,0.9431945538974952,0
537,6,2,7,0.0075322809941081,1012,6,0.9431945538974952,0
701,6,2,7,0.0521525536679729,983,6,0.9431945538974952,0
660,6,2,7,0.4182195395954037,970,6,0.8884502877862838,0
570,6,2,7,0.0711961046336613,911,6,0.9431945538974952,0
625,6,2,10,0.0274272258814685,984,6,0.9431945538974952,0
533,6,2,7,0.167543234014663,963,6,0.8884502877862838,0
629,6,2,10,0.2550809915190487,934,6,0.8884502877862838,0
649,6,2,10,0.2988498702712415,916,6,0.8884502877862838,0
464,6,2,7,0.0831330715660775,940,6,0.8884502877862838,0
669,6,2,7,0.4500514514151803,936,6,0.8884502877862838,0
511,6,2,7,0.6052320215365912,897,6,0.8884502877862838,0
580,6,2,7,0.2312070576542162,961,6,0.8884502877862838,0
643,6,2,7,0.5535051648294542,954,6,0.9431945538974952,0
515,6,2,10,0.4619884183475966,980,6,0.8884502877862838,0
583,6,2,10,0.1396903111723585,949,6,0.8884502877862838,0
474,6,2,10,0.4699463963025407,895,6,0.8884502877862838,0
574,6,2,10,0.0004256969608359,1033,6,0.9431945538974952,0
513,6,2,7,0.434135495505292,967,6,0.9431945538974952,0
461,6,2,7,0.8320343932524994,910,6,0.8884502877862838,0
665,6,2,7,0.1467968952056307,1019,6,0.9431945538974952,0
532,6,2,10,0.3346607710684902,943,6,0.9431945538974952,0
518,6,2,7,0.5296312309646218,815,6,0.9431945538974952,0
479,6,2,10,0.2351860466316883,878,6,0.8884502877862838,0
681,6,2,7,0.0433431817913568,1017,6,0.9431945538974952,0
668,6,2,7,0.4142405506179316,936,6,0.9431945538974952,0
625,6,2,7,0.6450219113113119,854,6,0.8884502877862838,0
692,6,2,7,0.1865867849803515,988,6,0.9431945538974952,0
453,6,2,10,0.9116141728019408,788,6,0.9431945538974952,0
610,6,2,10,0.3625136939107947,900,6,0.9431945538974952,0
692,6,2,7,0.2312070576542162,932,6,0.8884502877862838,0
695,6,2,10,0.2263766747550722,1076,6,0.9431945538974952,0
497,6,2,7,0.1834591899245513,941,6,0.9431945538974952,0
474,6,2,10,0.2192700907218,902,6,0.8884502877862838,0
626,6,2,10,0.378429649820683,960,6,0.8884502877862838,0
548,6,2,10,0.7444966357481138,822,6,0.8884502877862838,0
759,6,2,10,0.2781035314622092,1086,6,0.8884502877862838,0
560,6,2,7,0.3187448151586018,907,6,0.9431945538974952,0
607,6,2,7,0.5893160656267029,938,6,0.9431945538974952,0
530,6,2,7,0.2948708812937694,917,6,0.8884502877862838,0
514,6,2,10,0.4381144844827641,928,6,0.8884502877862838,0
501,6,2,7,0.378429649820683,908,6,0.8884502877862838,0
756,6,2,10,0.1786288070254073,1043,6,0.8884502877862838,0
577,6,2,7,0.4818833632349569,1037,6,0.9431945538974952,0
625,6,2,7,0.3625136939107947,982,6,0.9431945538974952,0
788,6,2,7,0.0800054765102774,1033,6,0.9431945538974952,0
687,6,2,7,0.0314062148589406,1058,6,0.8884502877862838,0
578,6,2,7,0.5535051648294542,859,6,0.8884502877862838,0
676,6,2,10,0.1834591899245513,936,6,0.9431945538974952,0
768,6,2,10,0.0274272258814685,953,6,0.8884502877862838,0
613,6,2,10,0.4261775175503479,904,6,0.8884502877862838,0
703,6,2,7,0.2741245424847371,988,6,0.9431945538974952,0
760,6,2,10,0.0282786198031404,1048,6,0.9431945538974952,0
566,6,2,10,0.5574841538069263,909,6,0.8884502877862838,0
527,6,2,10,0.060110531622917,952,6,0.9431945538974952,0
512,6,2,7,0.5137152750547335,849,6,0.8884502877862838,0
648,6,2,10,0.3537043220341786,977,6,0.8884502877862838,0
533,6,2,10,0.6163175945473355,1096,6,0.8884502877862838,0
592,6,2,7,0.3028288592487136,919,6,0.8884502877862838,0
681,6,2,7,0.1189439723633262,1005,6,0.9431945538974952,0
614,6,2,10,0.2988498702712415,906,6,0.9431945538974952,0
515,6,2,10,0.5893160656267029,935,6,0.8884502877862838,0
720,6,2,7,0.0959214324201657,1009,6,0.8884502877862838,0
686,6,2,10,0.2422926306649605,1048,6,0.9431945538974952,0
692,6,2,10,0.0672171156561892,923,6,0.8884502877862838,0
608,6,2,10,0.1428179062281586,1010,6,0.9431945538974952,0
606,6,2,10,0.3107868372036577,948,6,0.8884502877862838,0
708,6,2,10,0.0362365977580846,1068,6,0.9431945538974952,0
529,6,2,7,0.2312070576542162,951,6,0.9431945538974952,0
497,6,2,10,0.9911939523513824,818,6,0.8884502877862838,0
635,6,2,7,0.10700700543091,1051,6,0.9431945538974952,0
655,6,2,7,0.4659674073250686,992,6,0.9431945538974952,0
636,6,2,7,0.0353852038364127,973,6,0.8884502877862838,0
675,6,2,7,0.0441945757130287,941,6,0.8884502877862838,0
670,6,2,7,0.0640895206003891,949,6,0.8884502877862838,0
523,6,2,10,0.7882655145003066,868,6,0.8884502877862838,0
643,6,2,10,0.3028288592487136,940,6,0.8884502877862838,0
608,6,2,10,0.4500514514151803,923,6,0.9431945538974952,0
618,6,2,10,0.6927697790409768,992,6,0.9431945538974952,0
594,6,2,10,0.382408638798155,890,6,0.9431945538974952,0
581,6,2,7,0.4779043742574848,999,6,0.8884502877862838,0
762,6,2,7,0.0640895206003891,989,6,0.8884502877862838,0
683,6,2,7,0.0831330715660775,1066,6,0.8884502877862838,0
576,6,2,10,0.0075322809941081,1049,6,0.9431945538974952,0
725,6,2,10,0.4102615616404595,953,6,0.8884502877862838,0
624,6,2,7,0.3465977380009064,893,6,0.9431945538974952,0
653,6,2,10,0.0481735646905008,1027,6,0.9431945538974952,0
527,6,2,7,0.3465977380009064,998,6,0.8884502877862838,0
618,6,2,7,0.0441945757130287,966,6,0.9431945538974952,0
690,6,2,7,0.0004256969608359,1050,6,0.9431945538974952,0
657,6,2,10,0.162712851115519,979,6,0.9431945538974952,0
533,6,2,10,0.0481735646905008,957,6,0.9431945538974952,0
699,6,2,10,0.0910910495210217,1063,6,0.9431945538974952,0
573,6,2,10,0.2192700907218,985,6,0.8884502877862838,0
554,6,2,10,0.593295054604175,943,6,0.9431945538974952,0
662,6,2,10,0.2988498702712415,945,6,0.8884502877862838,0
502,6,2,10,0.3585347049333226,970,6,0.8884502877862838,0
552,6,2,10,0.0274272258814685,1003,6,0.9431945538974952,0
546,6,2,10,0.6410429223338399,883,6,0.8884502877862838,0
640,6,2,10,0.0481735646905008,978,6,0.9431945538974952,0
493,6,2,7,0.321872410214402,977,6,0.9431945538974952,0
644,6,2,7,0.2948708812937694,927,6,0.8884502877862838,0
560,6,2,7,0.9235511397343572,841,6,0.9431945538974952,0
543,6,2,10,0.6768538231310886,874,6,0.8884502877862838,0
520,6,2,10,0.2431440245866324,929,6,0.9431945538974952,0
690,6,2,7,0.3545557159558505,935,6,0.9431945538974952,0
651,6,2,10,0.0831330715660775,995,6,0.8884502877862838,0
612,6,2,10,0.4898413411899011,924,6,0.9431945538974952,0
624,6,2,7,0.3545557159558505,1032,6,0.8884502877862838,0
588,6,2,10,0.3664926828882667,879,6,0.8884502877862838,0
580,6,2,7,0.2590599804965208,983,6,0.9431945538974952,0
444,6,2,10,0.3585347049333226,941,6,0.8884502877862838,0
739,6,2,10,0.1428179062281586,956,6,0.9431945538974952,0
519,6,2,10,0.5017783081223173,855,6,0.9431945538974952,0
564,6,2,10,0.593295054604175,1010,6,0.9431945538974952,0
650,6,2,7,0.5853370766492308,897,6,0.9431945538974952,0
539,6,2,10,0.3625136939107947,931,6,0.9431945538974952,0
670,6,2,7,0.270996947428937,945,6,0.9431945538974952,0
462,6,2,7,0.5495261758519822,893,6,0.9431945538974952,0
526,6,2,7,0.3704716718657388,922,6,0.8884502877862838,0
584,6,2,10,0.6967487680184489,913,6,0.9431945538974952,0
775,6,2,10,0.5057572970997893,927,6,0.9431945538974952,0
511,6,2,10,0.0831330715660775,953,6,0.8884502877862838,0
494,6,2,10,0.7086857349508652,927,6,0.9431945538974952,0
653,6,2,10,0.0115112699715802,976,6,0.9431945538974952,0
691,6,2,10,0.056131542645445,963,6,0.9431945538974952,0
699,6,2,10,0.3983245947080434,950,6,0.8884502877862838,0
702,6,2,10,0.274975936406409,919,6,0.8884502877862838,0
616,6,2,7,0.4102615616404595,841,6,0.9431945538974952,0
697,6,2,7,0.3943456057305713,936,6,0.9431945538974952,0
594,6,2,7,0.266166564529793,921,6,0.8884502877862838,0
625,6,2,10,0.10700700543091,1020,6,0.8884502877862838,0
669,6,2,10,0.0999004213976378,942,6,0.8884502877862838,0
601,6,2,10,0.3227238041360739,962,6,0.8884502877862838,0
478,6,2,7,0.6291059554014237,974,6,0.9431945538974952,0
518,6,2,7,0.7882655145003066,814,6,0.9431945538974952,0
715,6,2,7,0.4182195395954037,981,6,0.9431945538974952,0
628,6,2,7,0.163564245037191,977,6,0.9431945538974952,0
653,6,2,7,0.2820825204396813,1001,6,0.8884502877862838,0
428,6,2,7,0.8996772058695247,841,6,0.8884502877862838,0
563,6,2,7,0.1516272781047747,968,6,0.9431945538974952,0
705,6,2,10,0.2431440245866324,982,6,0.9431945538974952,0
499,6,2,7,0.7126647239283372,885,6,0.8884502877862838,0
787,6,2,10,0.1229229613407983,1026,6,0.8884502877862838,0
510,6,2,10,0.5137152750547335,928,6,0.9431945538974952,0
707,6,2,10,0.2391650356091604,994,6,0.9431945538974952,0
562,6,2,10,0.2590599804965208,895,6,0.9431945538974952,0
568,6,2,7,0.1277533442399423,973,6,0.8884502877862838,0
637,6,2,10,0.214439707822656,1029,6,0.8884502877862838,0
726,6,2,7,0.3147658261811298,958,6,0.9431945538974952,0
497,6,2,7,0.1556062670822468,963,6,0.9431945538974952,0
496,6,2,7,0.1357113221948865,916,6,0.8884502877862838,0
594,6,2,7,0.326702793113546,941,6,0.9431945538974952,0
669,6,2,10,0.0314062148589406,978,6,0.8884502877862838,0
642,6,2,7,0.1746498180479352,975,6,0.8884502877862838,0
699,6,2,10,0.4699463963025407,1022,6,0.9431945538974952,0
612,6,2,7,0.541568197897038,816,6,0.8884502877862838,0
626,6,2,10,0.3147658261811298,923,6,0.8884502877862838,0
577,6,2,10,0.2979984763495695,989,6,0.9431945538974952,0
604,6,2,7,0.2908918923162973,893,6,0.9431945538974952,0
729,6,2,7,0.3664926828882667,982,6,0.8884502877862838,0
570,6,2,7,0.214439707822656,1073,6,0.9431945538974952,0
686,6,2,10,0.2789549253838811,905,6,0.8884502877862838,0
578,6,2,10,0.0154902589490523,921,6,0.8884502877862838,0
665,6,2,10,0.3983245947080434,906,6,0.9431945538974952,0
647,6,2,7,0.1348599282732145,954,6,0.8884502877862838,0
685,6,2,10,0.0800054765102774,952,6,0.8884502877862838,0
568,6,2,7,0.1467968952056307,982,6,0.8884502877862838,0
490,6,2,7,0.2988498702712415,918,6,0.9431945538974952,0
568,6,2,10,0.1277533442399423,939,6,0.8884502877862838,0
557,6,2,7,0.597274043581647,905,6,0.8884502877862838,0
644,6,2,10,0.2511020025415766,906,6,0.9431945538974952,0
675,6,2,10,0.111837388330054,934,6,0.8884502877862838,0
807,6,2,10,0.5049059031781175,1111,6,0.9431945538974952,0
555,6,2,10,0.485862352212429,1005,6,0.8884502877862838,0
565,6,2,10,0.0879634544652216,1000,6,0.9431945538974952,0
602,6,2,10,0.3744506608432109,932,6,0.9431945538974952,0
601,6,2,10,0.6251269664239516,825,6,0.9431945538974952,0
704,6,2,10,0.1149649833858541,994,6,0.8884502877862838,0
705,6,2,10,0.0919424434426936,896,6,0.9431945538974952,0
593,6,2,10,0.5256522419871498,817,6,0.9431945538974952,0
704,6,2,10,0.0433431817913568,1059,6,0.9431945538974952,0
655,6,2,10,0.111837388330054,963,6,0.9431945538974952,0
682,6,2,7,0.2033541348119117,965,6,0.8884502877862838,0
521,6,2,10,0.7882655145003066,896,6,0.9431945538974952,0
667,6,2,7,0.2272280686767442,939,6,0.8884502877862838,0
565,6,2,7,0.3465977380009064,867,6,0.9431945538974952,0
712,6,2,7,0.0004256969608359,1044,6,0.9431945538974952,0
684,6,2,10,0.0393641928138847,1057,6,0.9431945538974952,0
515,6,2,7,0.3426187490234343,883,6,0.8884502877862838,0
645,6,2,10,0.2789549253838811,970,6,0.8884502877862838,0
716,6,2,10,0.3426187490234343,966,6,0.9431945538974952,0
489,6,2,10,0.5773790986942867,852,6,0.8884502877862838,0
446,6,2,10,0.4500514514151803,898,6,0.9431945538974952,0
622,6,2,10,0.1158163773075261,951,6,0.9431945538974952,0
587,6,2,7,0.4779043742574848,878,6,0.8884502877862838,0
586,6,2,7,0.5168428701105336,1142,6,0.8884502877862838,0
404,6,2,10,0.7047067459733931,908,6,0.9431945538974952,0
681,6,2,7,0.4460724624377082,1028,6,0.8884502877862838,0
497,6,2,7,0.2152911017443279,919,6,0.8884502877862838,0
613,6,2,10,0.0959214324201657,991,6,0.9431945538974952,0
469,6,2,10,0.7683705696129463,854,6,0.8884502877862838,0
482,6,2,7,0.9036561948469968,795,6,0.8884502877862838,0
674,6,2,10,0.5813580876717588,909,6,0.8884502877862838,0
607,6,2,7,0.2908918923162973,953,6,0.8884502877862838,0
732,6,2,10,0.0760264875328053,991,6,0.9431945538974952,0
585,6,2,10,0.4938203301673731,855,6,0.9431945538974952,0
650,6,2,7,0.2948708812937694,1001,6,0.9431945538974952,0
696,6,2,7,0.3187448151586018,914,6,0.8884502877862838,0
583,6,2,7,0.1556062670822468,901,6,0.9431945538974952,0
661,6,2,7,0.4261775175503479,974,6,0.9431945538974952,0
513,6,2,7,0.2073331237893838,935,6,0.8884502877862838,0
279,2,5,7,0.9434460846217176,282,6,0.9431945538974952,1
280,6,5,7,0.863866305072276,225,6,0.9431945538974952,1
397,2,5,7,0.8320343932524994,287,6,0.9431945538974952,1
283,2,5,7,1.08271069883324,210,6,0.9431945538974952,1
331,2,5,7,0.7484756247255858,234,6,0.8884502877862838,1
242,2,5,7,1.0986266547431285,248,6,0.8884502877862838,1
267,2,5,7,1.130458566562905,206,6,0.9431945538974952,1
349,6,5,7,0.8002024814327229,275,6,0.9431945538974952,1
276,6,5,7,0.8797822609821643,244,6,0.9431945538974952,1
447,6,5,7,0.6768538231310886,264,6,0.9431945538974952,1
262,2,5,7,1.046899798035991,266,6,0.9431945538974952,1
348,6,5,7,0.7047067459733931,277,6,0.9431945538974952,1
383,6,5,7,0.7047067459733931,294,6,0.9431945538974952,1
342,2,5,7,0.9036561948469968,243,6,0.8884502877862838,1
321,6,5,7,1.078731709855768,249,6,0.9431945538974952,1
298,2,5,7,0.7604125916580021,263,6,0.9431945538974952,1
304,2,5,7,0.975277996441494,246,6,0.9431945538974952,1
239,6,5,7,1.1026056437206004,203,6,0.9431945538974952,1
329,2,5,7,0.8280554042750273,253,6,0.9431945538974952,1
312,6,5,7,0.9991519303063264,194,6,0.8884502877862838,1
312,6,5,7,1.046899798035991,233,6,0.8884502877862838,1
330,6,5,7,0.8877402389371084,243,6,0.9431945538974952,1
307,6,5,7,0.8041814704101949,261,6,0.9431945538974952,1
308,2,5,7,0.8121394483651391,209,6,0.8884502877862838,1
308,2,5,7,0.8519293381398598,215,6,0.9431945538974952,1
280,2,5,7,0.8678452940497481,220,6,0.9431945538974952,1
248,6,5,7,0.8877402389371084,271,6,0.9431945538974952,1
177,6,5,7,1.078731709855768,178,6,0.8884502877862838,1
147,6,5,7,1.1981013791799302,194,6,0.8884502877862838,1
329,2,5,7,0.9474250735991896,222,6,0.9431945538974952,1
248,2,5,7,0.975277996441494,233,6,0.8884502877862838,1
217,6,5,7,1.027004853148631,201,6,0.9431945538974952,1
358,2,5,7,0.6052320215365912,267,6,0.8884502877862838,1
206,2,5,7,0.7683705696129463,235,6,0.9431945538974952,1
203,2,5,7,0.8797822609821643,273,6,0.9431945538974952,1
304,6,5,7,0.863866305072276,268,6,0.9431945538974952,1
313,6,5,7,0.6848118010860327,282,6,0.8884502877862838,1
428,2,5,7,0.6410429223338399,286,6,0.9431945538974952,1
368,6,5,7,0.975277996441494,225,6,0.9431945538974952,1
344,2,5,7,0.9036561948469968,203,6,0.8884502877862838,1
334,6,5,7,0.7444966357481138,281,6,0.9431945538974952,1
339,2,5,7,0.7842865255228345,262,6,0.9431945538974952,1
368,2,5,7,0.752454613703058,278,6,0.9431945538974952,1
243,6,5,7,1.027004853148631,211,6,0.9431945538974952,1
235,2,5,7,1.019046875193687,252,6,0.9431945538974952,1
226,6,5,7,0.9434460846217176,229,6,0.9431945538974952,1
335,2,5,7,0.7365386577931696,275,6,0.8884502877862838,1
356,2,5,7,0.7007277569959209,264,6,0.9431945538974952,1
338,2,5,7,0.979256985418966,257,6,0.9431945538974952,1
295,2,5,7,0.8996772058695247,227,6,0.8884502877862838,1
269,6,5,7,0.8917192279145806,242,6,0.8884502877862838,1
350,6,5,7,0.7126647239283372,237,6,0.8884502877862838,1
331,2,5,7,0.6768538231310886,265,6,0.8884502877862838,1
310,6,5,7,0.919572150756885,172,6,0.8884502877862838,1
247,6,5,7,0.8996772058695247,252,6,0.8884502877862838,1
342,2,5,7,0.7763285475678904,257,6,0.8884502877862838,1
333,2,5,7,0.7922445034777786,228,6,0.9431945538974952,1
315,2,5,7,0.8996772058695247,261,6,0.9431945538974952,1
216,6,5,7,0.8161184373426111,254,6,0.8884502877862838,1
319,2,5,7,0.7325596688156976,285,6,0.9431945538974952,1
348,6,5,7,0.7246016908607534,269,6,0.8884502877862838,1
288,6,5,7,0.8360133822299715,235,6,0.8884502877862838,1
343,6,5,7,0.8399923712074435,248,6,0.8884502877862838,1
348,2,5,7,0.8360133822299715,273,6,0.9431945538974952,1
272,2,5,7,1.186164412247514,187,6,0.8884502877862838,1
208,2,5,7,1.130458566562905,223,6,0.9431945538974952,1
270,6,5,7,0.8479503491623878,250,6,0.8884502877862838,1
311,6,5,7,0.7803075365453624,280,6,0.9431945538974952,1
316,2,5,7,0.6569588782437281,271,6,0.9431945538974952,1
257,2,5,7,1.046899798035991,194,6,0.8884502877862838,1
361,2,5,7,0.7882655145003066,270,6,0.8884502877862838,1
378,6,5,7,0.7604125916580021,307,6,0.8884502877862838,1
315,2,5,7,0.7246016908607534,249,6,0.9431945538974952,1
292,2,5,7,0.752454613703058,278,6,0.9431945538974952,1
358,6,5,7,0.9553830515541336,209,6,0.8884502877862838,1
350,2,5,7,0.863866305072276,241,6,0.9431945538974952,1
289,2,5,7,1.1105636216755446,209,6,0.8884502877862838,1
359,6,5,7,0.8360133822299715,261,6,0.8884502877862838,1
279,2,5,7,0.7922445034777786,232,6,0.8884502877862838,1
314,2,5,7,0.8320343932524994,240,6,0.9431945538974952,1
258,2,5,7,0.971299007464022,247,6,0.8884502877862838,1
283,2,5,7,0.8240764152975553,250,6,0.8884502877862838,1
301,6,5,7,0.7405176467706417,244,6,0.9431945538974952,1
325,6,5,7,0.8320343932524994,245,6,0.9431945538974952,1
320,2,5,7,0.979256985418966,291,6,0.9431945538974952,1
302,6,5,7,0.8320343932524994,248,6,0.8884502877862838,1
337,2,5,7,0.7365386577931696,235,6,0.9431945538974952,1
366,2,5,7,0.9036561948469968,232,6,0.8884502877862838,1
345,6,5,7,0.919572150756885,244,6,0.8884502877862838,1
280,6,5,7,0.9832359743964384,201,6,0.9431945538974952,1
321,2,5,7,0.5853370766492308,309,6,0.9431945538974952,1
341,6,5,7,0.8678452940497481,260,6,0.9431945538974952,1
251,6,5,7,1.1185215996304887,205,6,0.8884502877862838,1
234,6,5,7,0.9354881066667734,223,6,0.9431945538974952,1
331,6,5,7,0.9036561948469968,269,6,0.8884502877862838,1
343,6,5,7,0.6967487680184489,298,6,0.9431945538974952,1
304,2,5,7,0.8002024814327229,222,6,0.9431945538974952,1
247,2,5,7,1.0508787870134637,212,6,0.9431945538974952,1
326,6,5,7,0.9116141728019408,265,6,0.8884502877862838,1
397,6,5,7,0.4659674073250686,341,6,0.8884502877862838,1
270,2,5,7,0.7922445034777786,289,6,0.8884502877862838,1
345,6,5,7,0.6848118010860327,293,6,0.9431945538974952,1
327,6,5,7,0.7365386577931696,273,6,0.9431945538974952,1
247,2,5,7,0.8877402389371084,236,6,0.9431945538974952,1
306,6,5,7,0.808160459387667,252,6,0.8884502877862838,1
237,6,5,7,1.070773731900824,188,6,0.9431945538974952,1
327,2,5,7,0.863866305072276,242,6,0.9431945538974952,1
245,2,5,7,0.96732001848655,197,6,0.9431945538974952,1
258,6,5,7,0.96732001848655,248,6,0.9431945538974952,1
265,6,5,7,0.9991519303063264,257,6,0.8884502877862838,1
347,2,5,7,1.1543325004277374,191,6,0.9431945538974952,1
342,2,5,7,0.7882655145003066,252,6,0.9431945538974952,1
350,6,5,7,0.6649168561986724,260,6,0.9431945538974952,1
325,2,5,7,0.8797822609821643,207,6,0.9431945538974952,1
263,2,5,7,1.023025864171159,219,6,0.8884502877862838,1
367,6,5,7,0.7405176467706417,273,6,0.8884502877862838,1
419,6,5,7,0.8399923712074435,266,6,0.9431945538974952,1
240,6,5,7,1.0588367649684076,208,6,0.9431945538974952,1
234,2,5,7,1.0866896878107122,184,6,0.8884502877862838,1
271,2,5,7,0.7723495585904183,261,6,0.8884502877862838,1
380,2,5,7,0.8041814704101949,249,6,0.8884502877862838,1
367,6,5,7,1.0031309192837985,214,6,0.9431945538974952,1
280,6,5,7,0.7723495585904183,263,6,0.9431945538974952,1
347,6,5,7,0.9315091176893012,265,6,0.9431945538974952,1
344,6,5,7,1.0150678862162148,245,6,0.8884502877862838,1
363,2,5,7,0.9354881066667734,263,6,0.9431945538974952,1
296,2,5,7,0.6569588782437281,253,6,0.8884502877862838,1
356,6,5,7,0.8121394483651391,244,6,0.9431945538974952,1
275,2,5,7,0.8479503491623878,198,6,0.9431945538974952,1
220,6,5,7,1.0150678862162148,224,6,0.8884502877862838,1
270,2,5,7,0.9076351838244688,271,6,0.8884502877862838,1
379,2,5,7,0.6410429223338399,274,6,0.8884502877862838,1
261,2,5,7,0.8797822609821643,215,6,0.8884502877862838,1
439,6,5,7,0.6728748341536165,323,6,0.9431945538974952,1
343,2,5,7,0.5535051648294542,268,6,0.9431945538974952,1
333,2,5,7,0.7325596688156976,263,6,0.9431945538974952,1
346,2,5,7,0.7444966357481138,265,6,0.9431945538974952,1
308,6,5,7,0.7842865255228345,259,6,0.8884502877862838,1
300,2,5,7,0.7922445034777786,247,6,0.8884502877862838,1
287,2,5,7,0.9832359743964384,246,6,0.8884502877862838,1
313,6,5,7,0.8837612499596363,216,6,0.8884502877862838,1
272,2,5,7,0.8519293381398598,259,6,0.8884502877862838,1
323,2,5,7,0.8718242830272201,261,6,0.8884502877862838,1
357,2,5,7,0.752454613703058,285,6,0.8884502877862838,1
259,6,5,7,0.863866305072276,218,6,0.9431945538974952,1
377,2,5,7,0.7325596688156976,249,6,0.8884502877862838,1
233,2,5,7,1.023025864171159,207,6,0.9431945538974952,1
280,6,5,7,0.8280554042750273,257,6,0.9431945538974952,1
320,6,5,7,0.5535051648294542,312,6,0.8884502877862838,1
312,6,5,7,0.9434460846217176,251,6,0.9431945538974952,1
265,6,5,7,0.9275301287118292,242,6,0.8884502877862838,1
307,2,5,7,0.9593620405316058,225,6,0.9431945538974952,1
284,6,5,7,0.963341029509078,198,6,0.8884502877862838,1
328,2,5,7,0.9036561948469968,226,6,0.9431945538974952,1
276,6,5,7,0.9315091176893012,238,6,0.8884502877862838,1
331,2,5,7,1.0110888972387428,257,6,0.9431945538974952,1
261,6,5,7,0.8200974263200832,267,6,0.8884502877862838,1
334,6,5,7,0.8877402389371084,254,6,0.9431945538974952,1
259,2,5,7,0.975277996441494,207,6,0.9431945538974952,1
411,6,5,7,0.4619884183475966,347,6,0.9431945538974952,1
317,2,5,7,0.96732001848655,270,6,0.8884502877862838,1
299,6,5,7,0.8956982168920526,254,6,0.9431945538974952,1
320,2,5,7,0.8519293381398598,224,6,0.9431945538974952,1
293,6,5,7,0.9275301287118292,221,6,0.8884502877862838,1
255,6,5,7,1.019046875193687,232,6,0.8884502877862838,1
288,2,5,7,0.8917192279145806,229,6,0.8884502877862838,1
288,6,5,7,0.752454613703058,289,6,0.8884502877862838,1
371,2,5,7,0.7325596688156976,273,6,0.9431945538974952,1
393,2,5,7,0.8678452940497481,295,6,0.8884502877862838,1
360,6,5,7,0.7086857349508652,287,6,0.8884502877862838,1
342,6,5,7,0.7166437129058093,250,6,0.8884502877862838,1
267,6,5,7,0.7604125916580021,244,6,0.9431945538974952,1
234,6,5,7,0.9434460846217176,235,6,0.9431945538974952,1
315,6,5,7,0.9553830515541336,226,6,0.9431945538974952,1
348,6,5,7,0.8240764152975553,253,6,0.9431945538974952,1
235,2,5,7,0.9076351838244688,199,6,0.9431945538974952,1
292,6,5,7,0.7206227018832814,278,6,0.8884502877862838,1
369,2,5,7,0.649000900288784,292,6,0.9431945538974952,1
361,6,5,7,0.7842865255228345,231,6,0.9431945538974952,1
226,6,5,7,0.863866305072276,209,6,0.8884502877862838,1
269,6,5,7,0.7842865255228345,262,6,0.9431945538974952,1
237,6,5,7,1.08271069883324,228,6,0.8884502877862838,1
264,6,5,7,1.1662694673601537,144,6,0.8884502877862838,1
313,2,5,7,0.8161184373426111,273,6,0.8884502877862838,1
254,2,5,7,0.7922445034777786,241,6,0.9431945538974952,1
322,2,5,7,0.8200974263200832,264,6,0.8884502877862838,1
272,2,5,7,1.0031309192837985,208,6,0.9431945538974952,1
333,6,5,7,0.8439713601849157,257,6,0.8884502877862838,1
253,6,5,7,0.9553830515541336,233,6,0.9431945538974952,1
242,2,5,7,1.0150678862162148,191,6,0.8884502877862838,1
304,2,5,7,0.915593161779413,244,6,0.9431945538974952,1
286,6,5,7,0.9514040625766615,243,6,0.8884502877862838,1
404,2,5,7,0.652979889266256,293,6,0.8884502877862838,1
277,2,5,7,0.863866305072276,291,6,0.8884502877862838,1
333,2,5,7,1.1225005886079609,205,6,0.8884502877862838,1
319,6,5,7,0.7325596688156976,256,6,0.8884502877862838,1
290,6,5,7,0.808160459387667,231,6,0.9431945538974952,1
252,2,5,7,0.9036561948469968,244,6,0.8884502877862838,1
224,6,5,7,0.8240764152975553,248,6,0.8884502877862838,1
300,2,5,7,0.8678452940497481,231,6,0.8884502877862838,1
355,6,5,7,0.6768538231310886,302,6,0.9431945538974952,1
223,6,5,7,1.1145426106530167,185,6,0.8884502877862838,1
257,6,5,7,0.8797822609821643,221,6,0.8884502877862838,1
347,6,5,7,1.0110888972387428,240,6,0.8884502877862838,1
378,2,5,7,0.8718242830272201,270,6,0.8884502877862838,1
368,2,5,7,0.7086857349508652,276,6,0.9431945538974952,1
219,2,5,7,0.9553830515541336,190,6,0.9431945538974952,1
363,2,5,7,0.8837612499596363,249,6,0.9431945538974952,1
280,6,5,7,0.7206227018832814,271,6,0.9431945538974952,1
423,6,5,7,0.6450219113113119,286,6,0.8884502877862838,1
262,6,5,7,0.8479503491623878,253,6,0.8884502877862838,1
317,6,5,7,0.8479503491623878,279,6,0.8884502877862838,1
262,2,5,7,0.7882655145003066,250,6,0.8884502877862838,1
333,2,5,7,0.8360133822299715,268,6,0.8884502877862838,1
272,2,5,7,1.070773731900824,191,6,0.8884502877862838,1
268,2,5,7,0.9514040625766615,235,6,0.8884502877862838,1
264,6,5,7,1.027004853148631,181,6,0.9431945538974952,1
288,2,5,7,0.7763285475678904,228,6,0.8884502877862838,1
297,6,5,7,0.7285806798382255,248,6,0.8884502877862838,1
274,6,5,7,0.9872149633739103,176,6,0.9431945538974952,1
252,6,5,7,0.8718242830272201,284,6,0.8884502877862838,1
201,2,5,7,1.070773731900824,191,6,0.9431945538974952,1
367,6,5,7,0.5535051648294542,319,6,0.9431945538974952,1
326,6,5,7,0.7643915806354742,251,6,0.8884502877862838,1
286,6,5,7,1.0389418200810472,210,6,0.9431945538974952,1
278,6,5,7,0.8320343932524994,306,6,0.8884502877862838,1
256,2,5,7,0.919572150756885,219,6,0.9431945538974952,1
282,2,5,7,0.8439713601849157,273,6,0.8884502877862838,1
314,2,5,7,1.0031309192837985,222,6,0.9431945538974952,1
268,2,5,7,0.8718242830272201,251,6,0.8884502877862838,1
324,6,5,7,0.6688958451761444,278,6,0.9431945538974952,1
422,2,5,7,0.8479503491623878,215,6,0.9431945538974952,1
360,2,5,7,0.7882655145003066,317,6,0.8884502877862838,1
303,6,5,7,0.7882655145003066,261,6,0.8884502877862838,1
286,2,5,7,0.8121394483651391,245,6,0.8884502877862838,1
371,6,5,7,0.7723495585904183,294,6,0.8884502877862838,1
317,2,5,7,0.7962234924552508,234,6,0.8884502877862838,1
334,2,5,7,0.9593620405316058,217,6,0.9431945538974952,1
326,2,5,7,0.9394670956442456,222,6,0.9431945538974952,1
261,6,5,7,0.9593620405316058,219,6,0.8884502877862838,1
379,6,5,7,0.652979889266256,294,6,0.8884502877862838,1
269,6,5,7,0.8996772058695247,244,6,0.8884502877862838,1
279,6,5,7,0.7962234924552508,288,6,0.8884502877862838,1
242,2,5,7,0.8479503491623878,217,6,0.9431945538974952,1
267,6,5,7,0.8996772058695247,224,6,0.8884502877862838,1
381,6,5,7,0.593295054604175,301,6,0.9431945538974952,1
255,6,5,7,0.96732001848655,216,6,0.8884502877862838,1
340,2,5,7,0.7683705696129463,248,6,0.9431945538974952,1
257,2,5,7,0.9434460846217176,234,6,0.8884502877862838,1
272,6,5,7,0.808160459387667,244,6,0.8884502877862838,1
326,2,5,7,0.8877402389371084,222,6,0.8884502877862838,1
358,2,5,7,0.8320343932524994,254,6,0.8884502877862838,1
350,6,5,7,0.8161184373426111,253,6,0.8884502877862838,1
426,2,5,7,0.5535051648294542,290,6,0.8884502877862838,1
280,6,5,7,0.8718242830272201,220,6,0.9431945538974952,1
307,2,5,7,0.6211479774464795,314,6,0.8884502877862838,1
306,2,5,7,0.7604125916580021,305,6,0.8884502877862838,1
268,2,5,7,0.96732001848655,221,6,0.8884502877862838,1
352,2,5,7,0.8678452940497481,232,6,0.9431945538974952,1
208,6,5,7,0.9235511397343572,164,6,0.8884502877862838,1
326,6,5,7,0.963341029509078,239,6,0.9431945538974952,1
276,2,5,7,1.0110888972387428,206,6,0.9431945538974952,1
386,2,5,7,0.7126647239283372,260,6,0.8884502877862838,1
401,2,5,7,0.8200974263200832,266,6,0.9431945538974952,1
345,2,5,7,0.6728748341536165,259,6,0.9431945538974952,1
421,2,5,7,0.6450219113113119,289,6,0.8884502877862838,1
291,6,5,7,0.859887316094804,244,6,0.9431945538974952,1
330,6,5,7,0.7484756247255858,319,6,0.8884502877862838,1
206,6,5,7,0.96732001848655,222,6,0.8884502877862838,1
297,6,5,7,0.863866305072276,257,6,0.8884502877862838,1
282,2,5,7,0.8240764152975553,265,6,0.8884502877862838,1
312,6,5,7,0.6291059554014237,286,6,0.8884502877862838,1
320,2,5,7,0.8837612499596363,203,6,0.9431945538974952,1
367,2,5,7,0.7126647239283372,265,6,0.8884502877862838,1
336,2,5,7,0.5614631427843984,310,6,0.9431945538974952,1
288,6,5,7,0.859887316094804,230,6,0.9431945538974952,1
308,6,5,7,0.9076351838244688,265,6,0.9431945538974952,1
309,2,5,7,0.7166437129058093,280,6,0.9431945538974952,1
293,2,5,7,0.975277996441494,222,6,0.8884502877862838,1
374,6,5,7,0.8956982168920526,250,6,0.8884502877862838,1
252,2,5,7,0.8996772058695247,214,6,0.8884502877862838,1
400,2,5,7,0.7246016908607534,308,6,0.9431945538974952,1
333,2,5,7,0.8002024814327229,258,6,0.9431945538974952,1
252,2,5,7,0.7882655145003066,289,6,0.8884502877862838,1
312,6,5,7,0.9235511397343572,282,6,0.9431945538974952,1
353,6,5,7,0.9235511397343572,254,6,0.8884502877862838,1
218,6,5,7,0.7842865255228345,242,6,0.9431945538974952,1
339,6,5,7,0.6848118010860327,261,6,0.8884502877862838,1
284,6,5,7,0.7325596688156976,201,6,0.9431945538974952,1
259,2,5,7,1.023025864171159,201,6,0.9431945538974952,1
283,2,5,7,0.8797822609821643,233,6,0.8884502877862838,1
297,6,5,7,0.9951729413288544,247,6,0.8884502877862838,1
308,2,5,7,0.7962234924552508,253,6,0.9431945538974952,1
324,6,5,7,1.0866896878107122,201,6,0.8884502877862838,1
283,6,5,7,0.971299007464022,212,6,0.8884502877862838,1
403,6,5,7,0.8399923712074435,273,6,0.8884502877862838,1
248,6,5,7,1.0389418200810472,210,6,0.9431945538974952,1
264,6,5,7,0.96732001848655,201,6,0.9431945538974952,1
244,6,5,7,0.915593161779413,263,6,0.8884502877862838,1
326,6,5,7,0.96732001848655,215,6,0.9431945538974952,1
340,6,5,7,0.7246016908607534,237,6,0.8884502877862838,1
304,6,5,7,0.919572150756885,249,6,0.9431945538974952,1
269,6,5,7,0.8797822609821643,203,6,0.8884502877862838,1
427,6,5,7,0.7962234924552508,258,6,0.9431945538974952,1
385,2,5,7,0.6967487680184489,251,6,0.9431945538974952,1
307,6,5,7,0.7405176467706417,243,6,0.8884502877862838,1
335,2,5,7,0.8559083271173319,259,6,0.9431945538974952,1
252,6,5,7,0.8479503491623878,274,6,0.8884502877862838,1
170,2,5,7,0.9553830515541336,198,6,0.8884502877862838,1
272,2,5,7,0.915593161779413,220,6,0.9431945538974952,1
273,6,5,7,0.963341029509078,216,6,0.9431945538974952,1
345,6,5,7,0.7206227018832814,285,6,0.9431945538974952,1
264,6,5,7,0.96732001848655,227,6,0.8884502877862838,1
279,6,5,7,0.915593161779413,278,6,0.8884502877862838,1
317,2,5,7,0.9116141728019408,205,6,0.9431945538974952,1
365,2,5,7,0.8161184373426111,304,6,0.9431945538974952,1
320,2,5,7,0.8320343932524994,255,6,0.8884502877862838,1
348,6,5,7,0.8758032720046922,293,6,0.9431945538974952,1
373,6,5,7,0.9116141728019408,261,6,0.8884502877862838,1
233,6,5,7,0.915593161779413,227,6,0.8884502877862838,1
276,6,5,7,0.979256985418966,230,6,0.8884502877862838,1
269,2,5,7,1.0110888972387428,243,6,0.9431945538974952,1
271,6,5,7,1.007109908261271,256,6,0.8884502877862838,1
383,2,5,7,0.808160459387667,208,6,0.8884502877862838,1
167,6,5,7,1.090668676788184,178,6,0.8884502877862838,1
268,2,5,7,0.7882655145003066,239,6,0.9431945538974952,1
266,6,5,7,0.9832359743964384,222,6,0.9431945538974952,1
273,6,5,7,0.915593161779413,239,6,0.9431945538974952,1
340,6,5,7,0.8041814704101949,254,6,0.8884502877862838,1
310,2,5,7,0.7047067459733931,286,6,0.9431945538974952,1
284,2,5,7,0.9275301287118292,224,6,0.8884502877862838,1
233,2,5,7,1.2179963240672906,125,6,0.9431945538974952,1
363,2,5,7,0.9354881066667734,221,6,0.8884502877862838,1
303,2,5,7,0.8240764152975553,229,6,0.8884502877862838,1
343,6,5,7,0.7604125916580021,238,6,0.8884502877862838,1
263,6,5,7,1.078731709855768,214,6,0.9431945538974952,1
332,6,5,7,0.9275301287118292,237,6,0.8884502877862838,1
316,6,5,7,0.8479503491623878,236,6,0.8884502877862838,1
235,6,5,7,0.9434460846217176,222,6,0.9431945538974952,1
372,6,5,7,0.963341029509078,239,6,0.8884502877862838,1
226,2,5,7,0.971299007464022,222,6,0.8884502877862838,1
300,2,5,7,0.9036561948469968,249,6,0.9431945538974952,1
244,2,5,7,0.9593620405316058,231,6,0.8884502877862838,1
312,6,5,7,0.919572150756885,208,6,0.9431945538974952,1
356,2,5,7,0.8200974263200832,257,6,0.8884502877862838,1
306,6,5,7,0.7683705696129463,273,6,0.8884502877862838,1
392,2,5,7,0.6450219113113119,304,6,0.9431945538974952,1
246,6,5,7,0.9394670956442456,211,6,0.9431945538974952,1
259,6,5,7,0.9593620405316058,202,6,0.9431945538974952,1
283,6,5,7,0.9354881066667734,174,6,0.9431945538974952,1
313,6,5,7,0.6967487680184489,255,6,0.8884502877862838,1
361,2,5,7,0.8479503491623878,231,6,0.9431945538974952,1
272,2,5,7,0.919572150756885,220,6,0.9431945538974952,1
326,2,6,7,0.1476482891273027,371,6,0.8884502877862838,1
281,0,6,7,0.0879634544652216,365,6,0.8884502877862838,1
374,2,6,7,0.2948708812937694,344,6,0.9431945538974952,1
340,0,6,7,0.0035532920166361,341,3,0.9431945538974952,1
389,0,6,7,0.2471230135641045,481,3,0.8884502877862838,1
340,2,6,7,0.4102615616404595,378,6,0.9431945538974952,1
387,0,6,7,0.1516272781047747,452,6,0.9431945538974952,1
333,2,6,7,0.1755012119696072,354,3,0.9431945538974952,1
326,0,6,7,0.3505767269783785,295,6,0.9431945538974952,1
329,0,6,7,0.1436693001498306,411,3,0.9431945538974952,1
301,2,6,7,0.2948708812937694,306,3,0.8884502877862838,1
357,0,6,7,0.2621875755523209,438,3,0.8884502877862838,1
371,2,6,7,0.0163416528707242,427,3,0.8884502877862838,1
366,0,6,7,0.1945447629352956,437,3,0.9431945538974952,1
302,0,6,7,0.5296312309646218,317,3,0.8884502877862838,1
365,0,6,7,0.111837388330054,425,3,0.8884502877862838,1
341,0,6,7,0.4739253852800127,322,3,0.9431945538974952,1
341,0,6,7,0.1197953662849981,423,6,0.8884502877862838,1
343,0,6,7,0.004404685938308,332,6,0.9431945538974952,1
327,2,6,7,0.0680685095778612,340,6,0.9431945538974952,1
336,0,6,7,0.3258513991918741,394,3,0.8884502877862838,1
344,0,6,7,0.2542295975973768,433,3,0.9431945538974952,1
331,0,6,7,0.1038794103751098,347,3,0.9431945538974952,1
329,0,6,7,0.2113121127668558,331,3,0.8884502877862838,1
353,2,6,7,0.2829339143613532,389,6,0.9431945538974952,1
379,0,6,7,0.1706708290704632,391,6,0.9431945538974952,1
340,2,6,7,0.111837388330054,374,6,0.9431945538974952,1
377,0,6,7,0.0314062148589406,433,6,0.9431945538974952,1
363,2,6,7,0.004404685938308,359,6,0.9431945538974952,1
300,2,6,7,0.6688958451761444,412,3,0.8884502877862838,1
337,0,6,7,0.1874381789020234,369,6,0.9431945538974952,1
290,2,6,7,0.4142405506179316,323,6,0.8884502877862838,1
343,0,6,7,0.1308809392957424,353,6,0.9431945538974952,1
316,0,6,7,0.3068078482261857,400,6,0.9431945538974952,1
398,0,6,7,0.0433431817913568,379,6,0.8884502877862838,1
330,0,6,7,0.485862352212429,368,6,0.8884502877862838,1
332,0,6,7,0.3585347049333226,421,6,0.8884502877862838,1
333,0,6,7,0.1396903111723585,429,6,0.9431945538974952,1
355,2,6,7,0.0990490274759658,481,3,0.8884502877862838,1
331,0,6,7,0.5017783081223173,302,6,0.8884502877862838,1
328,2,6,7,0.2104607188451839,347,6,0.9431945538974952,1
322,2,6,7,0.1277533442399423,389,3,0.8884502877862838,1
343,2,6,7,0.2431440245866324,345,6,0.9431945538974952,1
350,0,6,7,0.0919424434426936,407,3,0.8884502877862838,1
333,2,6,7,0.2900404983946254,408,6,0.9431945538974952,1
354,0,6,7,0.3465977380009064,354,3,0.9431945538974952,1
329,2,6,7,0.0473221707688289,371,6,0.8884502877862838,1
375,0,6,7,0.10700700543091,352,6,0.9431945538974952,1
301,0,6,7,0.2948708812937694,375,3,0.8884502877862838,1
401,0,6,7,0.0791540825886055,567,3,0.9431945538974952,1
364,0,6,7,0.4580094293701244,283,6,0.9431945538974952,1
354,2,6,7,0.1308809392957424,402,6,0.8884502877862838,1
329,2,6,7,0.3903666167530992,361,6,0.8884502877862838,1
385,2,6,7,0.1507758841831028,412,3,0.9431945538974952,1
392,0,6,7,0.1388389172506866,467,6,0.8884502877862838,1
319,0,6,7,0.5137152750547335,427,6,0.8884502877862838,1
336,2,6,7,0.4619884183475966,343,3,0.8884502877862838,1
323,2,6,7,0.3187448151586018,352,3,0.8884502877862838,1
384,0,6,7,0.1149649833858541,430,3,0.8884502877862838,1
326,2,6,7,0.3585347049333226,329,6,0.8884502877862838,1
351,2,6,7,0.2590599804965208,423,3,0.9431945538974952,1
325,0,6,7,0.1595852560597189,352,3,0.9431945538974952,1
373,2,6,7,0.0433431817913568,386,3,0.9431945538974952,1
385,2,6,7,0.1595852560597189,453,6,0.8884502877862838,1
353,0,6,7,0.3426187490234343,340,6,0.8884502877862838,1
324,2,6,7,0.4301565065278199,315,6,0.9431945538974952,1
325,0,6,7,0.1953961568569676,339,3,0.9431945538974952,1
353,2,6,7,0.0632381266787172,427,3,0.9431945538974952,1
351,0,6,7,0.2232490796992721,434,3,0.9431945538974952,1
377,2,6,7,0.0393641928138847,428,6,0.8884502877862838,1
373,2,6,7,0.1985237519127677,473,6,0.9431945538974952,1
393,0,6,7,0.0632381266787172,439,3,0.9431945538974952,1
383,2,6,7,0.485862352212429,359,3,0.8884502877862838,1
412,0,6,7,0.2064817298677118,442,6,0.9431945538974952,1
346,0,6,7,0.0672171156561892,380,6,0.8884502877862838,1
383,2,6,7,0.2184186968001281,392,3,0.8884502877862838,1
270,2,6,7,0.4898413411899011,288,6,0.9431945538974952,1
357,2,6,7,0.004404685938308,391,3,0.8884502877862838,1
369,0,6,7,0.3298303881693462,416,6,0.9431945538974952,1
389,0,6,7,0.1547548731605749,438,6,0.9431945538974952,1
365,2,6,7,0.1666918400929911,431,6,0.8884502877862838,1
402,2,6,7,0.0751750936111334,396,3,0.8884502877862838,1
381,2,6,7,0.0839844654877495,404,6,0.8884502877862838,1
348,2,6,7,0.5574841538069263,324,6,0.8884502877862838,1
340,2,6,7,0.0919424434426936,378,6,0.9431945538974952,1
366,2,6,7,0.2908918923162973,364,6,0.9431945538974952,1
301,0,6,7,0.0592591377012451,361,3,0.9431945538974952,1
336,2,6,7,0.0871120605435496,366,3,0.8884502877862838,1
354,0,6,7,0.537589208919566,326,3,0.8884502877862838,1
386,0,6,7,0.0672171156561892,438,6,0.8884502877862838,1
373,0,6,7,0.0521525536679729,435,6,0.8884502877862838,1
360,2,6,7,0.5097362860772614,339,3,0.9431945538974952,1
383,2,6,7,0.1794802009470793,396,3,0.9431945538974952,1
342,0,6,7,0.1953961568569676,334,3,0.9431945538974952,1
343,2,6,7,0.2272280686767442,340,3,0.8884502877862838,1
363,0,6,7,0.2073331237893838,295,6,0.9431945538974952,1
337,0,6,7,0.4540304403926524,371,6,0.9431945538974952,1
310,2,6,7,0.6291059554014237,351,3,0.9431945538974952,1
348,0,6,7,0.2312070576542162,374,3,0.8884502877862838,1
377,0,6,7,0.0203206418481963,419,3,0.8884502877862838,1
326,2,6,7,0.2590599804965208,381,6,0.8884502877862838,1
378,2,6,7,0.1755012119696072,389,3,0.8884502877862838,1
283,0,6,7,0.1914171678794955,381,3,0.9431945538974952,1
353,0,6,7,0.0274272258814685,430,6,0.8884502877862838,1
302,2,6,7,0.3664926828882667,394,3,0.9431945538974952,1
330,2,6,7,0.0680685095778612,379,3,0.8884502877862838,1
320,0,6,7,0.485862352212429,268,3,0.9431945538974952,1
392,2,6,7,0.0274272258814685,424,6,0.8884502877862838,1
377,0,6,7,0.2781035314622092,462,6,0.9431945538974952,1
368,2,6,7,0.0402155867355567,361,6,0.8884502877862838,1
396,0,6,7,0.0035532920166361,419,3,0.9431945538974952,1
465,0,6,7,0.2223976857776001,509,6,0.9431945538974952,1
352,2,6,7,0.2940194873720975,402,3,0.9431945538974952,1
388,2,6,7,0.1189439723633262,387,3,0.9431945538974952,1
348,0,6,7,0.060110531622917,453,3,0.8884502877862838,1
359,2,6,7,0.2860615094171533,488,3,0.9431945538974952,1
290,2,6,7,0.5813580876717588,279,3,0.9431945538974952,1
348,0,6,7,0.0800054765102774,357,3,0.9431945538974952,1
327,2,6,7,0.0083836749157801,387,3,0.8884502877862838,1
327,0,6,7,0.4221985285728758,298,6,0.9431945538974952,1
336,2,6,7,0.3704716718657388,371,6,0.8884502877862838,1
319,2,6,7,0.4023035836855154,294,3,0.9431945538974952,1
403,2,6,7,0.0990490274759658,419,6,0.9431945538974952,1
354,2,6,7,0.3497253330567065,457,6,0.9431945538974952,1
382,0,6,7,0.5566327598852544,530,6,0.8884502877862838,1
390,0,6,7,0.0871120605435496,447,3,0.8884502877862838,1
352,0,6,7,0.2232490796992721,352,6,0.8884502877862838,1
349,2,6,7,0.3426187490234343,350,3,0.8884502877862838,1
345,0,6,7,0.0513011597463009,459,3,0.9431945538974952,1
368,0,6,7,0.3068078482261857,409,3,0.8884502877862838,1
328,0,6,7,0.4619884183475966,340,3,0.9431945538974952,1
327,0,6,7,0.1428179062281586,462,3,0.9431945538974952,1
343,0,6,7,0.0950700384984938,373,3,0.8884502877862838,1
357,0,6,7,0.0879634544652216,353,3,0.9431945538974952,1
376,0,6,7,0.1269019503182704,420,6,0.9431945538974952,1
345,0,6,7,0.3068078482261857,369,3,0.9431945538974952,1
417,2,6,7,0.1308809392957424,419,3,0.9431945538974952,1
358,2,6,7,0.2590599804965208,345,6,0.8884502877862838,1
334,0,6,7,0.1556062670822468,365,3,0.9431945538974952,1
329,0,6,7,0.5694211207393426,317,3,0.8884502877862838,1
395,2,6,7,0.2621875755523209,477,6,0.8884502877862838,1
342,0,6,7,0.0839844654877495,415,3,0.8884502877862838,1
379,2,6,7,0.0910910495210217,437,6,0.8884502877862838,1
321,2,6,7,0.3983245947080434,295,6,0.8884502877862838,1
365,2,6,7,0.167543234014663,372,6,0.8884502877862838,1
339,0,6,7,0.1755012119696072,359,6,0.8884502877862838,1
310,0,6,7,0.060110531622917,391,3,0.9431945538974952,1
338,2,6,7,0.1467968952056307,394,3,0.8884502877862838,1
389,2,6,7,0.0035532920166361,450,3,0.8884502877862838,1
359,2,6,7,0.2232490796992721,306,3,0.9431945538974952,1
371,0,6,7,0.111837388330054,363,6,0.8884502877862838,1
394,2,6,7,0.163564245037191,421,3,0.8884502877862838,1
405,0,6,7,0.0234482369039964,434,6,0.8884502877862838,1
320,0,6,7,0.4619884183475966,301,3,0.9431945538974952,1
340,0,6,7,0.0194692479265244,444,6,0.9431945538974952,1
373,0,6,7,0.0800054765102774,366,6,0.9431945538974952,1
317,0,6,7,0.2073331237893838,418,6,0.9431945538974952,1
376,2,6,7,0.4779043742574848,323,6,0.9431945538974952,1
371,2,6,7,0.1428179062281586,438,6,0.8884502877862838,1
400,2,6,7,0.0075322809941081,482,3,0.8884502877862838,1
357,2,6,7,0.0680685095778612,384,6,0.8884502877862838,1
364,0,6,7,0.1149649833858541,386,3,0.9431945538974952,1
331,0,6,7,0.2988498702712415,352,3,0.9431945538974952,1
382,2,6,7,0.3306817820910181,308,6,0.8884502877862838,1
366,0,6,7,0.0433431817913568,455,6,0.9431945538974952,1
388,2,6,7,0.2431440245866324,446,3,0.8884502877862838,1
331,2,6,7,0.163564245037191,346,3,0.9431945538974952,1
376,2,6,7,0.0959214324201657,388,3,0.9431945538974952,1
320,2,6,7,0.3664926828882667,394,3,0.9431945538974952,1
354,0,6,7,0.1476482891273027,387,6,0.8884502877862838,1
315,2,6,7,0.4142405506179316,314,6,0.9431945538974952,1
429,2,6,7,0.0393641928138847,407,6,0.8884502877862838,1
351,0,6,7,0.0640895206003891,415,6,0.8884502877862838,1
294,0,6,7,0.485862352212429,309,6,0.8884502877862838,1
294,2,6,7,0.4301565065278199,343,3,0.8884502877862838,1
337,2,6,7,0.1158163773075261,377,3,0.9431945538974952,1
405,2,6,7,0.1755012119696072,419,3,0.9431945538974952,1
371,0,6,7,0.1865867849803515,413,6,0.8884502877862838,1
294,0,6,7,0.5057572970997893,340,6,0.8884502877862838,1
294,0,6,7,0.6211479774464795,295,6,0.8884502877862838,1
293,2,6,7,0.4301565065278199,289,6,0.8884502877862838,1
325,2,6,7,0.4301565065278199,352,6,0.8884502877862838,1
321,2,6,7,0.6131899994915354,314,6,0.8884502877862838,1
358,2,6,7,0.1706708290704632,441,6,0.8884502877862838,1
339,0,6,7,0.004404685938308,430,3,0.8884502877862838,1
347,2,6,7,0.0234482369039964,434,6,0.9431945538974952,1
338,0,6,7,0.3576833110116507,399,3,0.8884502877862838,1
320,0,6,7,0.6012530325591191,343,6,0.8884502877862838,1
367,2,6,7,0.0075322809941081,373,3,0.9431945538974952,1
371,0,6,7,0.2064817298677118,407,3,0.8884502877862838,1
357,2,6,7,0.2948708812937694,319,3,0.9431945538974952,1
309,2,6,7,0.2073331237893838,334,3,0.8884502877862838,1
378,2,6,7,0.0999004213976378,374,6,0.9431945538974952,1
356,2,6,7,0.0672171156561892,426,6,0.9431945538974952,1
324,2,6,7,0.0314062148589406,421,6,0.8884502877862838,1
380,0,6,7,0.1786288070254073,449,6,0.9431945538974952,1
361,0,6,7,0.0242996308256684,386,3,0.8884502877862838,1
356,0,6,7,0.0481735646905008,420,3,0.9431945538974952,1
373,0,6,7,0.2590599804965208,363,3,0.8884502877862838,1
403,0,6,7,0.4014521897638435,476,6,0.9431945538974952,1
374,0,6,7,0.2908918923162973,416,3,0.9431945538974952,1
353,2,6,7,0.2908918923162973,405,3,0.8884502877862838,1
380,2,6,7,0.162712851115519,446,3,0.8884502877862838,1
355,2,6,7,0.6052320215365912,367,6,0.9431945538974952,1
359,2,6,7,0.2192700907218,341,3,0.8884502877862838,1
336,0,6,7,0.1786288070254073,435,6,0.8884502877862838,1
302,0,6,7,0.1436693001498306,314,6,0.9431945538974952,1
350,2,6,7,0.2590599804965208,323,3,0.8884502877862838,1
319,2,6,7,0.2073331237893838,343,6,0.9431945538974952,1
394,0,6,7,0.0751750936111334,417,6,0.8884502877862838,1
334,2,6,7,0.2590599804965208,346,6,0.9431945538974952,1
312,0,6,7,0.6808328121085606,357,3,0.9431945538974952,1
372,0,6,7,0.2542295975973768,425,6,0.9431945538974952,1
351,0,6,7,0.111837388330054,409,6,0.8884502877862838,1
379,2,6,7,0.0441945757130287,460,6,0.8884502877862838,1
337,2,6,7,0.5057572970997893,379,6,0.8884502877862838,1
337,0,6,7,0.3545557159558505,380,3,0.8884502877862838,1
345,0,6,7,0.4739253852800127,348,3,0.8884502877862838,1
323,0,6,7,0.485862352212429,321,6,0.8884502877862838,1
211,0,6,7,0.5256522419871498,274,3,0.9431945538974952,1
376,0,6,7,0.0362365977580846,439,6,0.8884502877862838,1
385,2,6,7,0.1595852560597189,360,3,0.8884502877862838,1
397,0,6,7,0.0871120605435496,418,6,0.9431945538974952,1
276,2,6,7,0.3744506608432109,330,6,0.8884502877862838,1
349,0,6,7,0.1038794103751098,356,6,0.9431945538974952,1
381,0,6,7,0.0353852038364127,453,6,0.8884502877862838,1
359,2,6,7,0.1794802009470793,346,6,0.9431945538974952,1
288,0,6,7,0.537589208919566,340,3,0.9431945538974952,1
358,2,6,7,0.2422926306649605,394,6,0.8884502877862838,1
286,0,6,7,0.3664926828882667,347,6,0.8884502877862838,1
294,0,6,7,0.2869129033388253,424,6,0.8884502877862838,1
321,2,6,7,0.2590599804965208,355,6,0.9431945538974952,1
290,2,6,7,0.167543234014663,324,6,0.8884502877862838,1
349,2,6,7,0.0513011597463009,404,6,0.9431945538974952,1
337,0,6,7,0.0632381266787172,384,6,0.9431945538974952,1
309,2,6,7,0.056131542645445,315,3,0.8884502877862838,1
353,2,6,7,0.3346607710684902,393,6,0.9431945538974952,1
339,0,6,7,0.1794802009470793,406,6,0.8884502877862838,1
359,2,6,7,0.1547548731605749,424,3,0.8884502877862838,1
358,0,6,7,0.1078583993525819,390,3,0.9431945538974952,1
335,2,6,7,0.0680685095778612,417,6,0.8884502877862838,1
381,0,6,7,0.0910910495210217,412,6,0.9431945538974952,1
330,0,6,7,0.0441945757130287,400,6,0.8884502877862838,1
381,2,6,7,0.2383136416874884,468,3,0.9431945538974952,1
296,2,6,7,0.5137152750547335,338,6,0.8884502877862838,1
336,2,6,7,0.1834591899245513,363,6,0.9431945538974952,1
396,0,6,7,0.0990490274759658,461,6,0.9431945538974952,1
320,2,6,7,0.1308809392957424,403,6,0.9431945538974952,1
383,0,6,7,0.0242996308256684,380,6,0.8884502877862838,1
372,0,6,7,0.0800054765102774,425,3,0.8884502877862838,1
349,0,6,7,0.1197953662849981,383,6,0.9431945538974952,1
338,2,6,7,0.0163416528707242,387,6,0.8884502877862838,1
386,0,6,7,0.4332841015836201,514,6,0.9431945538974952,1
408,2,6,7,0.0274272258814685,371,3,0.9431945538974952,1
313,0,6,7,0.1556062670822468,316,3,0.8884502877862838,1
334,2,6,7,0.0322576087806125,329,3,0.9431945538974952,1
354,2,6,7,0.0990490274759658,417,3,0.8884502877862838,1
269,2,6,7,0.3505767269783785,325,6,0.9431945538974952,1
366,2,6,7,0.1030280164534379,403,3,0.9431945538974952,1
398,0,6,7,0.1436693001498306,381,3,0.9431945538974952,1
376,2,6,7,0.111837388330054,413,3,0.9431945538974952,1
327,0,6,7,0.1229229613407983,469,3,0.9431945538974952,1
322,0,6,7,0.0800054765102774,406,6,0.8884502877862838,1
354,0,6,7,0.2471230135641045,394,3,0.9431945538974952,1
373,2,6,7,0.1396903111723585,432,6,0.8884502877862838,1
328,0,6,7,0.2223976857776001,473,6,0.8884502877862838,1
315,2,6,7,0.0362365977580846,354,3,0.8884502877862838,1
372,2,6,7,0.3815572448764831,455,6,0.8884502877862838,1
391,2,6,7,0.3147658261811298,271,6,0.9431945538974952,1
387,0,6,7,0.1197953662849981,432,3,0.8884502877862838,1
380,0,6,7,0.055280148723773,456,3,0.9431945538974952,1
332,2,6,7,0.2422926306649605,342,3,0.9431945538974952,1
297,0,6,7,0.2550809915190487,321,3,0.9431945538974952,1
399,2,6,7,0.1149649833858541,435,3,0.8884502877862838,1
369,0,6,7,0.3227238041360739,340,6,0.8884502877862838,1
350,0,6,7,0.055280148723773,390,6,0.9431945538974952,1
380,0,6,7,0.1595852560597189,435,6,0.9431945538974952,1
381,2,6,7,0.2343346527100163,520,3,0.9431945538974952,1
396,2,6,7,0.0592591377012451,423,6,0.9431945538974952,1
324,2,6,7,0.6649168561986724,352,6,0.9431945538974952,1
392,0,6,7,0.4094101677187876,404,3,0.9431945538974952,1
396,0,6,7,0.3298303881693462,399,6,0.8884502877862838,1
353,2,6,7,0.4611370244259246,466,6,0.9431945538974952,1
299,0,6,7,0.5017783081223173,331,3,0.8884502877862838,1
301,2,6,7,0.2550809915190487,317,3,0.8884502877862838,1
349,0,6,7,0.0242996308256684,443,3,0.9431945538974952,1
390,2,6,7,0.3019774653270416,454,3,0.8884502877862838,1
379,2,6,7,0.2621875755523209,475,3,0.8884502877862838,1
369,0,6,7,0.1905657739578236,417,6,0.8884502877862838,1
372,2,6,7,0.060110531622917,424,3,0.8884502877862838,1
352,0,6,7,0.2670179584514649,379,6,0.9431945538974952,1
333,2,6,7,0.2869129033388253,367,6,0.8884502877862838,1
367,2,6,7,0.1595852560597189,367,3,0.9431945538974952,1
294,0,6,7,0.2073331237893838,395,3,0.9431945538974952,1
309,2,6,7,0.5614631427843984,322,3,0.9431945538974952,1
352,2,6,7,0.3028288592487136,374,6,0.8884502877862838,1
310,0,6,7,0.0720474985553333,386,6,0.8884502877862838,1
343,0,6,7,0.5495261758519822,297,3,0.9431945538974952,1
360,0,6,7,0.2073331237893838,334,6,0.8884502877862838,1
403,0,6,7,0.2462716196424326,476,6,0.9431945538974952,1
339,0,6,7,0.3068078482261857,354,6,0.8884502877862838,1
354,2,6,7,0.3664926828882667,364,6,0.8884502877862838,1
308,0,6,7,0.0322576087806125,357,3,0.9431945538974952,1
359,2,6,7,0.0521525536679729,377,6,0.8884502877862838,1
343,2,6,7,0.0720474985553333,393,6,0.9431945538974952,1
402,2,6,7,0.1237743552624702,396,6,0.8884502877862838,1
385,2,6,7,0.163564245037191,352,6,0.9431945538974952,1
393,0,6,7,0.1109859944083821,396,6,0.9431945538974952,1
400,0,6,7,0.1078583993525819,457,3,0.9431945538974952,1
332,0,6,7,0.0760264875328053,379,6,0.9431945538974952,1
405,2,6,7,0.0402155867355567,461,6,0.9431945538974952,1
399,0,6,7,0.0481735646905008,379,3,0.8884502877862838,1
304,0,6,7,0.3943456057305713,319,6,0.9431945538974952,1
374,0,6,7,0.0115112699715802,441,6,0.8884502877862838,1
388,0,6,7,0.1348599282732145,466,3,0.9431945538974952,1
328,2,6,7,0.1357113221948865,327,6,0.9431945538974952,1
331,2,6,7,0.3625136939107947,398,6,0.9431945538974952,1
346,0,6,7,0.0004256969608359,422,3,0.8884502877862838,1
388,2,6,7,0.373599266921539,446,6,0.9431945538974952,1
362,2,6,7,0.3258513991918741,451,3,0.8884502877862838,1
428,2,6,7,0.0999004213976378,381,6,0.9431945538974952,1
367,2,6,7,0.1229229613407983,430,6,0.9431945538974952,1
349,2,6,7,0.1348599282732145,420,3,0.9431945538974952,1
346,2,6,7,0.1277533442399423,422,3,0.9431945538974952,1
394,2,6,7,0.060110531622917,435,6,0.9431945538974952,1
340,2,6,7,0.0800054765102774,392,3,0.9431945538974952,1
334,0,6,7,0.378429649820683,400,3,0.8884502877862838,1
352,0,6,7,0.2263766747550722,395,6,0.9431945538974952,1
346,0,6,7,0.0035532920166361,405,3,0.8884502877862838,1
341,2,6,7,0.0919424434426936,450,3,0.8884502877862838,1
348,2,6,7,0.0751750936111334,415,3,0.8884502877862838,1
304,2,6,7,0.541568197897038,300,6,0.8884502877862838,1
369,0,6,7,0.4023035836855154,380,3,0.9431945538974952,1
332,0,6,7,0.2351860466316883,399,6,0.9431945538974952,1
416,2,6,7,0.10700700543091,447,3,0.9431945538974952,1
316,0,6,7,0.4619884183475966,390,6,0.9431945538974952,1
362,2,6,7,0.1237743552624702,364,3,0.9431945538974952,1
347,2,6,7,0.3664926828882667,380,3,0.8884502877862838,1
301,0,6,7,0.4938203301673731,306,3,0.8884502877862838,1
327,2,6,7,0.1516272781047747,381,6,0.9431945538974952,1
330,0,6,7,0.1078583993525819,423,6,0.8884502877862838,1
404,2,6,7,0.2073331237893838,297,6,0.9431945538974952,1
331,2,6,7,0.0990490274759658,502,3,0.9431945538974952,1
395,0,6,7,0.1428179062281586,413,3,0.8884502877862838,1
305,0,6,7,0.3107868372036577,387,6,0.9431945538974952,1
378,2,6,7,0.163564245037191,459,6,0.8884502877862838,1
325,2,6,7,0.056131542645445,419,6,0.8884502877862838,1
349,0,6,7,0.3704716718657388,355,6,0.8884502877862838,1
351,2,6,7,0.0154902589490523,459,3,0.9431945538974952,1
321,0,6,7,0.1953961568569676,352,6,0.8884502877862838,1
374,0,6,7,0.266166564529793,452,6,0.9431945538974952,1
344,2,6,7,0.1507758841831028,428,3,0.9431945538974952,1
327,0,6,7,0.0791540825886055,393,3,0.8884502877862838,1
229,6,1,7,1.5482524091974728,173,11,0.8884502877862838,1
248,5,1,10,1.08271069883324,206,11,0.9431945538974952,1
195,6,0,10,1.281660147706844,164,11,0.9431945538974952,1
264,6,1,7,0.9036561948469968,210,11,0.8884502877862838,1
292,6,0,10,0.96732001848655,193,11,0.8884502877862838,1
239,5,0,7,1.1463745224727933,198,11,0.8884502877862838,1
259,6,0,7,0.8002024814327229,207,11,0.9431945538974952,1
238,6,1,10,1.130458566562905,210,11,0.8884502877862838,1
223,5,1,10,1.0150678862162148,201,11,0.8884502877862838,1
250,5,0,10,1.3811348721436456,165,11,0.9431945538974952,1
209,6,1,10,1.0429208090585194,209,11,0.8884502877862838,1
207,6,0,10,1.078731709855768,203,11,0.9431945538974952,1
261,6,1,7,0.8399923712074435,205,11,0.9431945538974952,1
346,6,0,10,0.5535051648294542,239,11,0.8884502877862838,1
209,5,0,10,1.345323971346397,172,11,0.9431945538974952,1
273,6,1,10,1.0667947429233515,199,11,0.8884502877862838,1
295,5,1,10,0.9593620405316058,219,11,0.8884502877862838,1
309,5,1,10,1.0429208090585194,189,11,0.9431945538974952,1
222,6,0,10,1.134437555540377,188,11,0.8884502877862838,1
267,5,1,10,1.2219753130447626,206,11,0.8884502877862838,1
230,5,1,10,1.349302960323869,187,11,0.9431945538974952,1
274,5,1,10,1.0429208090585194,191,11,0.9431945538974952,1
249,6,1,10,0.859887316094804,203,11,0.8884502877862838,1
240,5,1,7,1.1702484563376256,168,11,0.9431945538974952,1
196,6,0,10,1.4487776847606708,166,11,0.8884502877862838,1
269,6,0,10,1.0667947429233515,194,11,0.9431945538974952,1
243,6,1,10,1.1543325004277374,197,11,0.8884502877862838,1
215,5,1,10,1.1026056437206004,218,11,0.9431945538974952,1
204,5,1,10,1.0667947429233515,196,11,0.9431945538974952,1
273,6,1,10,0.9116141728019408,206,11,0.8884502877862838,1
266,5,1,7,0.6211479774464795,225,11,0.9431945538974952,1
275,5,1,10,1.007109908261271,197,11,0.9431945538974952,1
229,5,1,7,1.2100383461123465,187,11,0.8884502877862838,1
242,5,0,10,1.0667947429233515,175,11,0.9431945538974952,1
308,6,1,10,0.8678452940497481,214,11,0.9431945538974952,1
224,6,1,7,0.9553830515541336,188,11,0.9431945538974952,1
283,5,0,7,1.019046875193687,203,11,0.8884502877862838,1
310,5,0,10,1.0866896878107122,214,11,0.8884502877862838,1
259,5,1,7,0.752454613703058,198,11,0.9431945538974952,1
251,5,0,10,0.859887316094804,217,11,0.8884502877862838,1
245,6,0,10,1.1981013791799302,175,11,0.8884502877862838,1
242,6,0,7,1.0986266547431285,182,11,0.8884502877862838,1
286,5,0,7,1.0429208090585194,206,11,0.9431945538974952,1
211,5,0,10,1.0946476657656563,189,11,0.8884502877862838,1
283,5,1,7,0.915593161779413,225,11,0.9431945538974952,1
259,5,1,10,1.3214500374815643,186,11,0.9431945538974952,1
208,6,0,10,1.074752720878296,196,11,0.8884502877862838,1
264,5,1,7,1.078731709855768,225,11,0.9431945538974952,1
343,5,1,7,0.6330849443788957,213,11,0.8884502877862838,1
281,6,0,7,1.1742274453150978,209,11,0.8884502877862838,1
224,5,0,10,1.1742274453150978,174,11,0.8884502877862838,1
241,5,0,10,0.9872149633739103,212,11,0.8884502877862838,1
270,5,0,7,1.2458492469095952,168,11,0.9431945538974952,1
241,5,1,10,1.078731709855768,193,11,0.8884502877862838,1
252,6,1,7,1.1702484563376256,188,11,0.9431945538974952,1
265,5,0,10,1.2140173350898185,195,11,0.8884502877862838,1
279,6,1,10,1.2060593571348743,170,11,0.8884502877862838,1
237,5,0,7,0.8479503491623878,188,11,0.9431945538974952,1
299,5,1,10,0.8041814704101949,239,11,0.8884502877862838,1
223,6,0,7,0.9911939523513824,198,11,0.9431945538974952,1
236,6,0,7,1.3294080154365089,186,11,0.9431945538974952,1
226,6,1,7,0.971299007464022,212,11,0.9431945538974952,1
271,5,1,10,1.0508787870134637,191,11,0.8884502877862838,1
246,5,1,10,0.9991519303063264,204,11,0.8884502877862838,1
275,6,0,7,1.297576103616732,172,11,0.8884502877862838,1
237,6,1,10,1.0150678862162148,206,11,0.9431945538974952,1
286,5,1,10,1.301555092594204,192,11,0.8884502877862838,1
212,5,1,10,1.1742274453150978,180,11,0.8884502877862838,1
270,5,0,10,1.1782064342925698,190,11,0.8884502877862838,1
302,5,0,7,0.8519293381398598,237,11,0.8884502877862838,1
301,5,0,7,0.8360133822299715,213,11,0.8884502877862838,1
239,5,0,10,1.2776811587293715,181,11,0.8884502877862838,1
225,5,1,7,1.297576103616732,188,11,0.8884502877862838,1
197,5,0,10,1.2140173350898185,173,11,0.8884502877862838,1
228,5,1,10,1.1622904783826815,189,11,0.8884502877862838,1
283,5,1,7,0.6967487680184489,222,11,0.8884502877862838,1
236,5,1,7,1.297576103616732,155,11,0.8884502877862838,1
302,5,1,10,0.9832359743964384,207,11,0.9431945538974952,1
294,5,0,7,1.2219753130447626,184,11,0.9431945538974952,1
219,6,0,7,0.979256985418966,204,11,0.9431945538974952,1
226,6,0,7,1.241870257932123,178,11,0.9431945538974952,1
255,5,0,7,1.0866896878107122,194,11,0.8884502877862838,1
225,5,1,10,1.130458566562905,193,11,0.8884502877862838,1
235,5,0,7,0.6012530325591191,206,11,0.8884502877862838,1
221,6,0,7,1.182185423270042,187,11,0.9431945538974952,1
246,6,0,10,1.301555092594204,190,11,0.9431945538974952,1
260,5,1,7,0.9275301287118292,205,11,0.9431945538974952,1
256,6,1,7,1.3890928500985895,183,11,0.8884502877862838,1
236,5,1,7,1.237891268954651,183,11,0.8884502877862838,1
286,6,1,10,0.8718242830272201,207,11,0.9431945538974952,1
254,5,1,10,1.237891268954651,187,11,0.9431945538974952,1
237,6,0,7,0.9315091176893012,195,11,0.9431945538974952,1
262,5,1,10,1.030983842126103,176,11,0.9431945538974952,1
233,6,1,10,0.6887907900635047,215,11,0.9431945538974952,1
268,5,0,10,0.9434460846217176,199,11,0.8884502877862838,1
271,5,1,10,1.0866896878107122,221,11,0.8884502877862838,1
224,6,0,7,1.2259543020222348,195,11,0.8884502877862838,1
234,6,0,7,1.452756673738143,172,11,0.8884502877862838,1
254,6,1,7,1.130458566562905,182,11,0.8884502877862838,1
290,5,1,7,0.6688958451761444,210,11,0.9431945538974952,1
269,5,1,10,0.6927697790409768,208,11,0.8884502877862838,1
273,5,0,10,1.289618125661788,206,11,0.8884502877862838,1
264,6,0,7,0.9832359743964384,214,11,0.9431945538974952,1
265,6,0,7,0.8240764152975553,209,11,0.9431945538974952,1
226,6,1,7,1.0548577759909357,207,11,0.8884502877862838,1
270,5,1,10,0.8837612499596363,202,11,0.8884502877862838,1
223,5,1,10,1.3652189162337574,193,11,0.8884502877862838,1
242,5,0,7,1.023025864171159,193,11,0.9431945538974952,1
341,5,0,7,0.8678452940497481,209,11,0.9431945538974952,1
239,5,1,7,0.7604125916580021,204,11,0.8884502877862838,1
273,5,0,7,0.863866305072276,203,11,0.8884502877862838,1
260,5,0,10,1.3055340815716765,194,11,0.9431945538974952,1
236,5,0,10,1.1583114894052096,169,11,0.8884502877862838,1
165,6,1,7,1.241870257932123,174,11,0.8884502877862838,1
211,6,0,7,1.130458566562905,179,11,0.8884502877862838,1
275,6,0,7,0.8360133822299715,206,11,0.8884502877862838,1
256,5,0,10,1.090668676788184,201,11,0.8884502877862838,1
268,5,0,10,1.0110888972387428,216,11,0.9431945538974952,1
287,6,0,10,0.9036561948469968,203,11,0.9431945538974952,1
238,6,1,10,0.9872149633739103,198,11,0.9431945538974952,1
239,5,1,10,1.1622904783826815,205,11,0.8884502877862838,1
303,5,0,10,0.6848118010860327,226,11,0.9431945538974952,1
311,5,1,10,1.0548577759909357,193,11,0.8884502877862838,1
194,5,0,7,1.3373659933914528,188,11,0.8884502877862838,1
246,6,0,7,0.8797822609821643,198,11,0.9431945538974952,1
257,5,1,7,0.8797822609821643,201,11,0.8884502877862838,1
254,5,0,7,1.0110888972387428,184,11,0.8884502877862838,1
270,6,0,10,0.8399923712074435,205,11,0.9431945538974952,1
309,5,1,7,0.7564336026805301,207,11,0.8884502877862838,1
219,5,1,10,1.1622904783826815,187,11,0.8884502877862838,1
209,6,1,7,1.3851138611211178,176,11,0.8884502877862838,1
274,5,0,10,1.1981013791799302,182,11,0.8884502877862838,1
210,6,0,10,1.3731768941887017,184,11,0.8884502877862838,1
270,5,1,10,1.08271069883324,201,11,0.9431945538974952,1
205,5,1,10,1.2657441917969554,177,11,0.8884502877862838,1
241,6,1,10,0.9434460846217176,196,11,0.8884502877862838,1
225,6,0,7,1.046899798035991,189,11,0.9431945538974952,1
247,6,1,7,1.08271069883324,183,11,0.8884502877862838,1
248,6,1,10,0.8559083271173319,227,11,0.9431945538974952,1
262,5,1,10,1.1583114894052096,203,11,0.8884502877862838,1
282,6,1,7,0.6370639333563678,227,11,0.9431945538974952,1
175,6,0,10,1.190143401224986,211,11,0.8884502877862838,1
231,6,0,7,1.1662694673601537,183,11,0.9431945538974952,1
262,6,1,10,0.863866305072276,193,11,0.8884502877862838,1
278,5,0,7,1.182185423270042,191,11,0.9431945538974952,1
239,5,0,7,0.9593620405316058,184,11,0.8884502877862838,1
310,6,1,7,0.7763285475678904,240,11,0.8884502877862838,1
291,5,1,10,1.1384165445178491,213,11,0.8884502877862838,1
276,5,0,10,1.1662694673601537,175,11,0.8884502877862838,1
271,5,0,7,1.3055340815716765,203,11,0.9431945538974952,1
280,5,0,7,0.979256985418966,211,11,0.8884502877862838,1
271,5,1,7,1.074752720878296,215,11,0.9431945538974952,1
216,6,1,10,1.281660147706844,175,11,0.9431945538974952,1
313,6,1,10,0.9076351838244688,216,11,0.9431945538974952,1
275,6,0,10,0.8161184373426111,211,11,0.8884502877862838,1
307,5,1,10,0.6887907900635047,215,11,0.9431945538974952,1
272,5,1,7,1.1225005886079609,201,11,0.9431945538974952,1
252,5,1,7,1.2776811587293715,172,11,0.9431945538974952,1
244,5,0,10,0.9116141728019408,195,11,0.9431945538974952,1
239,6,0,7,0.915593161779413,206,11,0.8884502877862838,1
267,6,0,7,1.019046875193687,185,11,0.9431945538974952,1
228,5,0,10,1.281660147706844,205,11,0.8884502877862838,1
213,5,1,7,0.9832359743964384,201,11,0.9431945538974952,1
309,6,0,10,1.1503535114502654,197,11,0.8884502877862838,1
214,5,1,10,1.2020803681574024,194,11,0.8884502877862838,1
224,6,0,10,1.027004853148631,203,11,0.8884502877862838,1
312,6,1,7,0.7047067459733931,230,11,0.8884502877862838,1
250,5,1,7,1.030983842126103,217,11,0.9431945538974952,1
266,5,1,7,0.9553830515541336,219,11,0.8884502877862838,1
276,5,1,7,0.8678452940497481,201,11,0.9431945538974952,1
235,5,0,7,1.0031309192837985,181,11,0.9431945538974952,1
249,6,1,10,1.08271069883324,210,11,0.9431945538974952,1
236,5,1,7,0.9514040625766615,216,11,0.9431945538974952,1
225,5,0,10,1.027004853148631,178,11,0.8884502877862838,1
303,6,0,10,0.8797822609821643,224,11,0.8884502877862838,1
283,5,1,10,1.0628157539458798,211,11,0.9431945538974952,1
232,5,1,7,1.0031309192837985,200,11,0.8884502877862838,1
298,6,1,7,1.1463745224727933,191,11,0.9431945538974952,1
256,5,0,7,0.7842865255228345,225,11,0.8884502877862838,1
291,5,0,7,0.9514040625766615,221,11,0.9431945538974952,1
270,5,0,10,0.9911939523513824,205,11,0.8884502877862838,1
267,5,0,10,1.0110888972387428,214,11,0.8884502877862838,1
234,6,1,7,1.253807224864539,203,11,0.8884502877862838,1
239,6,1,7,1.289618125661788,183,11,0.9431945538974952,1
208,6,0,7,1.186164412247514,165,11,0.8884502877862838,1
232,6,0,10,1.3851138611211178,170,11,0.8884502877862838,1
222,6,0,10,0.9394670956442456,212,11,0.9431945538974952,1
273,5,1,7,0.808160459387667,191,11,0.8884502877862838,1
291,6,0,7,0.8360133822299715,190,11,0.8884502877862838,1
228,5,0,7,1.233912279977179,188,11,0.9431945538974952,1
271,5,0,10,0.7086857349508652,252,11,0.9431945538974952,1
291,6,1,7,1.134437555540377,209,11,0.8884502877862838,1
221,5,0,7,0.9593620405316058,202,11,0.8884502877862838,1
281,5,0,10,0.8280554042750273,207,11,0.9431945538974952,1
263,6,1,7,1.0588367649684076,223,11,0.8884502877862838,1
310,5,1,7,0.6410429223338399,225,11,0.8884502877862838,1
238,5,0,10,1.0429208090585194,202,11,0.9431945538974952,1
228,5,0,7,1.0429208090585194,208,11,0.9431945538974952,1
250,5,1,7,1.2060593571348743,195,11,0.8884502877862838,1
257,6,1,10,0.8917192279145806,211,11,0.8884502877862838,1
240,5,0,10,1.3333870044139808,179,11,0.8884502877862838,1
209,5,1,7,1.5283574643101123,169,11,0.9431945538974952,1
291,6,1,7,1.0667947429233515,180,11,0.9431945538974952,1
333,5,1,10,0.7007277569959209,210,11,0.8884502877862838,1
293,6,1,10,1.1941223902024585,188,11,0.9431945538974952,1
269,5,1,10,1.0429208090585194,201,11,0.8884502877862838,1
236,5,0,7,1.023025864171159,207,11,0.9431945538974952,1
253,5,0,10,0.8837612499596363,196,11,0.9431945538974952,1
290,5,1,10,0.5256522419871498,230,11,0.9431945538974952,1
283,6,0,7,1.078731709855768,225,11,0.8884502877862838,1
242,6,1,7,0.979256985418966,185,11,0.8884502877862838,1
239,6,0,7,1.0946476657656563,192,11,0.9431945538974952,1
256,5,1,7,0.7444966357481138,216,11,0.8884502877862838,1
308,5,0,7,0.9553830515541336,215,11,0.8884502877862838,1
275,5,0,10,1.2020803681574024,195,11,0.8884502877862838,1
263,5,0,7,1.030983842126103,185,11,0.9431945538974952,1
234,6,0,10,1.019046875193687,198,11,0.9431945538974952,1
228,5,0,7,1.2060593571348743,189,11,0.9431945538974952,1
222,6,1,10,1.2657441917969554,192,11,0.8884502877862838,1
241,5,1,10,1.241870257932123,181,11,0.8884502877862838,1
268,5,0,7,1.1583114894052096,198,11,0.8884502877862838,1
235,6,0,10,0.9911939523513824,190,11,0.9431945538974952,1
231,5,0,10,1.2299332909997067,199,11,0.8884502877862838,1
250,6,1,7,1.0389418200810472,200,11,0.8884502877862838,1
258,5,0,10,1.3691979052112293,180,11,0.8884502877862838,1
264,6,1,10,0.7484756247255858,213,11,0.8884502877862838,1
285,6,0,10,0.9872149633739103,199,11,0.8884502877862838,1
269,5,0,7,0.8280554042750273,216,11,0.8884502877862838,1
288,6,0,7,0.9474250735991896,198,11,0.9431945538974952,1
233,5,1,7,1.1185215996304887,201,11,0.8884502877862838,1
240,5,1,10,1.2737021697518995,166,11,0.9431945538974952,1
264,5,0,10,1.3254290264590365,201,11,0.9431945538974952,1
273,6,0,10,0.9832359743964384,194,11,0.8884502877862838,1
245,5,0,7,1.1384165445178491,204,11,0.8884502877862838,1
206,5,1,7,1.233912279977179,196,11,0.9431945538974952,1
256,5,1,10,1.0150678862162148,186,11,0.9431945538974952,1
228,5,1,10,1.1941223902024585,183,11,0.9431945538974952,1
239,6,0,10,1.0588367649684076,186,11,0.8884502877862838,1
220,5,1,10,1.341344982368925,173,11,0.8884502877862838,1
242,5,1,10,0.9593620405316058,192,11,0.8884502877862838,1
211,5,1,7,1.1026056437206004,214,11,0.9431945538974952,1
352,5,0,7,0.7922445034777786,221,11,0.9431945538974952,1
225,5,0,7,0.9474250735991896,217,11,0.9431945538974952,1
283,6,1,7,1.2219753130447626,184,11,0.9431945538974952,1
215,5,0,10,1.1782064342925698,179,11,0.9431945538974952,1
221,5,1,7,1.074752720878296,192,11,0.9431945538974952,1
267,6,0,7,1.070773731900824,190,11,0.9431945538974952,1
270,6,0,7,0.8559083271173319,214,11,0.8884502877862838,1
202,6,1,10,1.2140173350898185,168,11,0.8884502877862838,1
285,5,0,10,0.915593161779413,207,11,0.8884502877862838,1
274,6,0,7,1.1225005886079609,174,11,0.9431945538974952,1
272,6,1,10,1.237891268954651,193,11,0.9431945538974952,1
316,6,1,7,0.6728748341536165,216,11,0.8884502877862838,1
259,5,1,7,1.1463745224727933,171,11,0.8884502877862838,1
212,5,0,10,1.0628157539458798,194,11,0.8884502877862838,1
240,6,1,10,1.186164412247514,190,11,0.9431945538974952,1
296,6,1,10,1.0986266547431285,207,11,0.9431945538974952,1
252,5,0,10,0.8917192279145806,197,11,0.9431945538974952,1
231,5,1,7,1.0866896878107122,183,11,0.9431945538974952,1
289,6,1,10,0.9474250735991896,202,11,0.8884502877862838,1
308,5,1,7,0.8280554042750273,225,11,0.9431945538974952,1
215,6,1,7,1.5840633099947214,166,11,0.8884502877862838,1
190,6,1,10,1.50448353044528,156,11,0.8884502877862838,1
243,6,0,7,1.1065846326980726,187,11,0.9431945538974952,1
214,5,1,10,1.1463745224727933,189,11,0.8884502877862838,1
307,5,1,10,0.9116141728019408,179,11,0.9431945538974952,1
217,5,0,10,1.341344982368925,181,11,0.8884502877862838,1
243,5,0,10,1.3174710485040924,168,11,0.9431945538974952,1
245,5,0,10,1.1423955334953213,201,11,0.8884502877862838,1
291,6,0,10,1.0866896878107122,189,11,0.8884502877862838,1
274,6,0,7,1.301555092594204,188,11,0.9431945538974952,1
247,6,1,7,1.1981013791799302,194,11,0.8884502877862838,1
218,5,1,10,1.1463745224727933,189,11,0.8884502877862838,1
246,6,1,7,0.9275301287118292,191,11,0.8884502877862838,1
237,6,0,10,1.090668676788184,196,11,0.8884502877862838,1
288,5,1,7,0.7365386577931696,221,11,0.8884502877862838,1
230,5,0,10,0.8956982168920526,219,11,0.9431945538974952,1
218,5,0,10,1.130458566562905,154,11,0.8884502877862838,1
217,6,1,7,1.1145426106530167,212,11,0.9431945538974952,1
195,6,0,7,0.9474250735991896,205,11,0.8884502877862838,1
264,6,1,7,0.9354881066667734,209,11,0.9431945538974952,1
308,5,1,10,1.1583114894052096,192,11,0.9431945538974952,1
255,5,1,7,1.1264795775854328,207,11,0.9431945538974952,1
243,6,0,7,1.301555092594204,175,11,0.9431945538974952,1
214,5,1,10,1.1264795775854328,203,11,0.8884502877862838,1
214,6,0,10,1.297576103616732,190,11,0.9431945538974952,1
256,5,1,10,0.8996772058695247,213,11,0.9431945538974952,1
209,6,0,7,1.08271069883324,181,11,0.8884502877862838,1
203,6,0,7,0.808160459387667,213,11,0.8884502877862838,1
251,5,0,7,1.297576103616732,183,11,0.9431945538974952,1
318,6,0,7,1.0548577759909357,193,11,0.8884502877862838,1
291,5,1,7,0.859887316094804,204,11,0.9431945538974952,1
227,6,0,7,1.08271069883324,188,11,0.9431945538974952,1
234,6,1,7,0.9434460846217176,186,11,0.9431945538974952,1
252,6,0,10,1.0628157539458798,203,11,0.9431945538974952,1
281,6,0,7,1.046899798035991,184,11,0.8884502877862838,1
253,5,1,10,1.030983842126103,203,11,0.8884502877862838,1
224,5,1,7,0.9235511397343572,183,11,0.9431945538974952,1
206,6,1,10,1.1225005886079609,183,11,0.8884502877862838,1
324,5,0,10,0.8399923712074435,211,11,0.8884502877862838,1
222,6,1,7,1.0031309192837985,193,11,0.9431945538974952,1
177,5,1,7,0.919572150756885,199,11,0.8884502877862838,1
223,5,1,7,1.1503535114502654,210,11,0.9431945538974952,1
260,6,0,7,1.019046875193687,206,11,0.8884502877862838,1
224,6,1,10,0.752454613703058,216,11,0.9431945538974952,1
266,6,1,7,1.1981013791799302,177,11,0.9431945538974952,1
323,6,0,7,1.186164412247514,193,11,0.8884502877862838,1
230,5,0,7,1.3691979052112293,180,11,0.9431945538974952,1
247,6,0,10,1.233912279977179,182,11,0.9431945538974952,1
270,5,1,10,0.8360133822299715,206,11,0.8884502877862838,1
280,6,1,10,1.030983842126103,212,11,0.9431945538974952,1
255,5,0,10,1.0031309192837985,189,11,0.8884502877862838,1
217,5,0,7,1.393071839076062,184,11,0.9431945538974952,1
305,6,0,7,0.7444966357481138,228,11,0.8884502877862838,1
283,6,1,10,0.9514040625766615,197,11,0.9431945538974952,1
362,5,1,10,0.808160459387667,226,11,0.9431945538974952,1
269,6,0,10,1.0389418200810472,210,11,0.8884502877862838,1
237,5,0,10,1.2100383461123465,185,11,0.8884502877862838,1
304,5,0,7,0.8797822609821643,229,11,0.9431945538974952,1
276,6,0,10,1.1105636216755446,203,11,0.9431945538974952,1
253,5,0,10,0.9872149633739103,214,11,0.9431945538974952,1
272,6,1,7,0.859887316094804,217,11,0.9431945538974952,1
217,5,0,7,1.027004853148631,196,11,0.8884502877862838,1
245,6,1,10,1.1742274453150978,193,11,0.9431945538974952,1
278,6,0,10,0.6450219113113119,222,11,0.9431945538974952,1
238,6,0,7,0.9354881066667734,198,11,0.9431945538974952,1
266,5,0,10,1.1145426106530167,203,11,0.9431945538974952,1
256,5,0,7,1.2060593571348743,206,11,0.8884502877862838,1
305,6,1,7,0.8399923712074435,196,11,0.9431945538974952,1
228,6,0,10,1.401029817031006,184,11,0.8884502877862838,1
255,6,0,10,0.6092110105140632,213,11,0.9431945538974952,1
290,6,1,10,0.9116141728019408,212,11,0.9431945538974952,1
233,5,1,10,1.1225005886079609,180,11,0.8884502877862838,1
264,6,0,7,0.8519293381398598,210,11,0.8884502877862838,1
263,6,0,10,1.1065846326980726,209,11,0.8884502877862838,1
305,6,1,10,1.0110888972387428,211,11,0.9431945538974952,1
264,5,0,10,1.0946476657656563,217,11,0.9431945538974952,1
271,5,1,10,1.0110888972387428,206,11,0.8884502877862838,1
281,6,1,10,1.2020803681574024,196,11,0.9431945538974952,1
283,6,0,7,1.1105636216755446,204,11,0.8884502877862838,1
239,5,0,7,1.0946476657656563,188,11,0.9431945538974952,1
296,5,0,7,0.9116141728019408,221,11,0.8884502877862838,1
259,5,0,7,1.0150678862162148,209,11,0.8884502877862838,1
280,5,1,7,1.090668676788184,201,11,0.9431945538974952,1
238,5,1,10,1.1662694673601537,193,11,0.9431945538974952,1
288,6,1,7,0.6967487680184489,192,11,0.8884502877862838,1
270,6,1,10,0.8877402389371084,192,11,0.8884502877862838,1
273,6,0,10,1.2259543020222348,182,11,0.9431945538974952,1
307,6,0,10,1.182185423270042,205,11,0.9431945538974952,1
270,5,0,7,1.341344982368925,185,11,0.9431945538974952,1
303,6,0,7,0.8877402389371084,213,11,0.8884502877862838,1
222,5,1,10,1.2060593571348743,180,11,0.8884502877862838,1
220,6,1,10,1.2060593571348743,191,11,0.8884502877862838,1
119,6,0,7,0.8240764152975553,167,11,0.8884502877862838,1
143,6,0,7,0.593295054604175,225,11,0.9431945538974952,1
164,2,0,10,0.6251269664239516,201,11,0.9431945538974952,1
69,2,0,10,1.727306913183716,156,11,0.8884502877862838,1
159,2,0,7,0.7086857349508652,227,11,0.8884502877862838,1
171,6,0,10,0.8797822609821643,188,11,0.8884502877862838,1
193,6,0,10,0.6370639333563678,207,11,0.8884502877862838,1
118,2,0,7,0.971299007464022,182,11,0.9431945538974952,1
142,6,0,10,0.9872149633739103,199,11,0.9431945538974952,1
117,2,0,7,1.1702484563376256,197,11,0.9431945538974952,1
141,2,0,7,1.007109908261271,188,11,0.9431945538974952,1
207,2,0,10,0.6171689884690075,188,11,0.9431945538974952,1
134,6,0,10,0.9116141728019408,182,11,0.9431945538974952,1
117,6,0,10,0.96732001848655,210,11,0.9431945538974952,1
62,2,0,10,1.301555092594204,187,11,0.9431945538974952,1
184,2,0,10,0.7922445034777786,188,11,0.8884502877862838,1
188,6,0,7,0.808160459387667,212,11,0.8884502877862838,1
218,2,0,10,0.1516272781047747,239,11,0.8884502877862838,1
172,6,0,7,0.7723495585904183,212,11,0.8884502877862838,1
147,2,0,7,0.7803075365453624,209,11,0.8884502877862838,1
138,2,0,7,0.6450219113113119,193,11,0.9431945538974952,1
152,6,0,7,0.9354881066667734,205,11,0.8884502877862838,1
117,6,0,10,0.9275301287118292,202,11,0.9431945538974952,1
143,6,0,7,1.2219753130447626,179,11,0.9431945538974952,1
175,6,0,10,0.6887907900635047,220,11,0.9431945538974952,1
183,2,0,7,0.5813580876717588,225,11,0.8884502877862838,1
144,6,0,10,1.0110888972387428,178,11,0.8884502877862838,1
166,6,0,7,0.8678452940497481,201,11,0.9431945538974952,1
155,6,0,10,1.090668676788184,196,11,0.9431945538974952,1
165,6,0,10,0.5574841538069263,214,11,0.8884502877862838,1
118,2,0,7,0.9991519303063264,173,11,0.9431945538974952,1
146,6,0,10,0.8360133822299715,189,11,0.8884502877862838,1
122,6,0,7,1.1225005886079609,196,11,0.8884502877862838,1
137,2,0,10,0.7365386577931696,199,11,0.9431945538974952,1
201,2,0,7,0.6887907900635047,192,11,0.8884502877862838,1
142,6,0,10,0.6688958451761444,196,11,0.9431945538974952,1
75,2,0,10,0.9832359743964384,170,11,0.9431945538974952,1
179,6,0,7,0.5694211207393426,208,11,0.8884502877862838,1
245,6,0,10,0.6370639333563678,219,11,0.8884502877862838,1
138,2,0,7,0.971299007464022,178,11,0.9431945538974952,1
135,2,0,7,0.5694211207393426,209,11,0.8884502877862838,1
169,6,0,10,0.8877402389371084,198,11,0.9431945538974952,1
112,2,0,10,1.1145426106530167,175,11,0.8884502877862838,1
103,6,0,7,0.808160459387667,172,11,0.9431945538974952,1
106,2,0,7,1.0588367649684076,180,11,0.8884502877862838,1
165,2,0,7,0.3426187490234343,233,11,0.9431945538974952,1
162,6,0,10,0.537589208919566,219,11,0.8884502877862838,1
160,6,0,10,0.541568197897038,227,11,0.8884502877862838,1
157,6,0,7,0.7325596688156976,187,11,0.8884502877862838,1
142,2,0,7,0.5654421317618704,210,11,0.9431945538974952,1
202,6,0,7,0.4261775175503479,226,11,0.8884502877862838,1
183,6,0,10,0.9394670956442456,187,11,0.9431945538974952,1
176,6,0,10,0.5256522419871498,210,11,0.8884502877862838,1
202,6,0,10,0.5574841538069263,209,11,0.8884502877862838,1
186,2,0,7,0.6211479774464795,219,11,0.8884502877862838,1
155,6,0,7,0.3943456057305713,220,11,0.9431945538974952,1
187,6,0,10,0.597274043581647,219,11,0.9431945538974952,1
170,6,0,7,0.5535051648294542,215,11,0.8884502877862838,1
216,6,0,7,0.7086857349508652,205,11,0.9431945538974952,1
140,2,0,7,0.9474250735991896,188,11,0.8884502877862838,1
181,6,0,10,0.9235511397343572,194,11,0.9431945538974952,1
166,6,0,10,1.0110888972387428,183,11,0.9431945538974952,1
175,6,0,7,0.9553830515541336,194,11,0.8884502877862838,1
168,6,0,7,1.0986266547431285,191,11,0.8884502877862838,1
165,6,0,10,1.070773731900824,181,11,0.9431945538974952,1
183,6,0,10,0.9991519303063264,200,11,0.8884502877862838,1
141,6,0,10,0.4739253852800127,188,11,0.8884502877862838,1
113,6,0,7,0.7604125916580021,205,11,0.8884502877862838,1
161,2,0,10,0.971299007464022,187,11,0.9431945538974952,1
201,2,0,10,0.6410429223338399,215,11,0.8884502877862838,1
179,2,0,10,0.8240764152975553,182,11,0.8884502877862838,1
167,2,0,10,0.6131899994915354,229,11,0.9431945538974952,1
162,2,0,10,0.6688958451761444,218,11,0.8884502877862838,1
201,2,0,7,0.7086857349508652,196,11,0.8884502877862838,1
140,2,0,10,0.8240764152975553,197,11,0.9431945538974952,1
106,2,0,7,1.405008806008478,165,11,0.9431945538974952,1
120,2,0,10,1.3055340815716765,181,11,0.8884502877862838,1
201,6,0,10,0.6410429223338399,217,11,0.9431945538974952,1
137,6,0,10,1.405008806008478,161,11,0.8884502877862838,1
117,2,0,7,1.3055340815716765,195,11,0.8884502877862838,1
193,2,0,7,0.6887907900635047,188,11,0.9431945538974952,1
165,2,0,10,0.6092110105140632,213,11,0.9431945538974952,1
84,2,0,7,1.1503535114502654,178,11,0.9431945538974952,1
190,6,0,7,0.4938203301673731,225,11,0.8884502877862838,1
181,2,0,10,0.7604125916580021,222,11,0.9431945538974952,1
141,2,0,10,1.007109908261271,193,11,0.8884502877862838,1
124,2,0,7,0.979256985418966,195,11,0.9431945538974952,1
182,2,0,10,0.1277533442399423,213,11,0.9431945538974952,1
146,6,0,7,0.9354881066667734,207,11,0.8884502877862838,1
136,6,0,10,1.0508787870134637,201,11,0.9431945538974952,1
163,6,0,7,0.6927697790409768,209,11,0.8884502877862838,1
188,6,0,7,0.9434460846217176,207,11,0.8884502877862838,1
139,2,0,7,1.2776811587293715,183,11,0.9431945538974952,1
142,2,0,10,0.9593620405316058,201,11,0.8884502877862838,1
121,6,0,10,0.8320343932524994,181,11,0.8884502877862838,1
184,2,0,7,0.4818833632349569,221,11,0.9431945538974952,1
141,6,0,10,1.0986266547431285,193,11,0.8884502877862838,1
101,6,0,7,0.9872149633739103,190,11,0.9431945538974952,1
115,2,0,10,0.863866305072276,191,11,0.9431945538974952,1
166,6,0,7,0.5137152750547335,221,11,0.8884502877862838,1
161,6,0,7,0.8758032720046922,207,11,0.8884502877862838,1
153,6,0,7,1.030983842126103,168,11,0.8884502877862838,1
136,6,0,10,1.090668676788184,178,11,0.9431945538974952,1
169,6,0,7,0.8399923712074435,178,11,0.8884502877862838,1
112,6,0,10,1.1583114894052096,165,11,0.9431945538974952,1
103,2,0,10,0.9553830515541336,170,11,0.9431945538974952,1
135,6,0,7,1.2458492469095952,184,11,0.8884502877862838,1
126,2,0,7,0.6092110105140632,200,11,0.8884502877862838,1
118,2,0,10,1.2577862138420113,173,11,0.9431945538974952,1
203,2,0,10,0.4381144844827641,232,11,0.8884502877862838,1
135,2,0,7,0.9514040625766615,184,11,0.9431945538974952,1
130,2,0,10,0.8837612499596363,196,11,0.8884502877862838,1
178,6,0,10,0.971299007464022,201,11,0.9431945538974952,1
150,2,0,10,0.649000900288784,210,11,0.9431945538974952,1
132,2,0,10,0.9514040625766615,204,11,0.9431945538974952,1
156,6,0,10,0.6927697790409768,186,11,0.8884502877862838,1
219,6,0,7,0.2272280686767442,247,11,0.8884502877862838,1
127,2,0,10,1.019046875193687,179,11,0.8884502877862838,1
129,2,0,10,0.963341029509078,200,11,0.8884502877862838,1
160,6,0,10,0.485862352212429,222,11,0.8884502877862838,1
161,6,0,10,1.412966783963422,160,11,0.9431945538974952,1
89,6,0,7,0.975277996441494,211,11,0.9431945538974952,1
163,2,0,10,1.0548577759909357,179,11,0.9431945538974952,1
146,2,0,10,0.5256522419871498,202,11,0.8884502877862838,1
159,2,0,7,0.4818833632349569,233,11,0.8884502877862838,1
145,6,0,10,0.7007277569959209,190,11,0.9431945538974952,1
143,2,0,10,1.297576103616732,165,11,0.9431945538974952,1
157,6,0,7,0.5495261758519822,182,11,0.8884502877862838,1
134,6,0,10,1.2020803681574024,178,11,0.9431945538974952,1
94,6,0,10,1.0946476657656563,176,11,0.9431945538974952,1
163,6,0,7,0.9514040625766615,176,11,0.8884502877862838,1
176,6,0,7,0.7007277569959209,189,11,0.8884502877862838,1
151,6,0,10,1.2259543020222348,185,11,0.8884502877862838,1
122,2,0,10,0.5614631427843984,212,11,0.8884502877862838,1
71,6,0,10,1.253807224864539,177,11,0.8884502877862838,1
157,6,0,10,0.2431440245866324,222,11,0.8884502877862838,1
166,2,0,7,0.3386397600459622,232,11,0.9431945538974952,1
150,2,0,10,1.4249037508958384,164,11,0.9431945538974952,1
132,2,0,10,0.975277996441494,198,11,0.8884502877862838,1
116,6,0,10,1.046899798035991,170,11,0.8884502877862838,1
161,2,0,7,0.7962234924552508,236,11,0.8884502877862838,1
155,6,0,7,0.9235511397343572,173,11,0.8884502877862838,1
172,2,0,7,1.0588367649684076,183,11,0.9431945538974952,1
160,2,0,10,1.1065846326980726,182,11,0.9431945538974952,1
78,6,0,10,1.440819706805727,171,11,0.8884502877862838,1
148,2,0,7,0.4023035836855154,192,11,0.8884502877862838,1
141,2,0,10,0.8996772058695247,208,11,0.8884502877862838,1
151,2,0,10,1.1941223902024585,177,11,0.8884502877862838,1
155,6,0,10,1.130458566562905,183,11,0.9431945538974952,1
140,6,0,7,0.8439713601849157,181,11,0.8884502877862838,1
209,2,0,10,0.6410429223338399,186,11,0.8884502877862838,1
165,2,0,10,0.4102615616404595,209,11,0.9431945538974952,1
134,6,0,10,1.130458566562905,183,11,0.9431945538974952,1
160,2,0,7,0.8360133822299715,195,11,0.8884502877862838,1
149,6,0,10,0.6410429223338399,219,11,0.8884502877862838,1
194,6,0,7,0.0362365977580846,247,11,0.8884502877862838,1
148,6,0,7,1.0946476657656563,200,11,0.9431945538974952,1
209,2,0,7,0.4420934734602362,218,11,0.8884502877862838,1
180,6,0,10,0.808160459387667,208,11,0.9431945538974952,1
139,6,0,7,1.0548577759909357,201,11,0.8884502877862838,1
163,6,0,7,0.5017783081223173,216,11,0.8884502877862838,1
169,6,0,10,0.7086857349508652,210,11,0.9431945538974952,1
151,6,0,10,0.8002024814327229,210,11,0.9431945538974952,1
184,2,0,7,0.5694211207393426,216,11,0.8884502877862838,1
139,6,0,10,1.019046875193687,195,11,0.8884502877862838,1
168,2,0,10,0.9593620405316058,200,11,0.9431945538974952,1
200,2,0,10,0.915593161779413,209,11,0.9431945538974952,1
188,6,0,7,0.5057572970997893,211,11,0.8884502877862838,1
146,6,0,10,0.6808328121085606,184,11,0.9431945538974952,1
167,6,0,7,0.9235511397343572,192,11,0.8884502877862838,1
131,6,0,10,0.8360133822299715,189,11,0.9431945538974952,1
124,2,0,7,1.2697231807744276,165,11,0.8884502877862838,1
211,2,0,7,0.4381144844827641,215,11,0.9431945538974952,1
129,2,0,7,1.1065846326980726,199,11,0.8884502877862838,1
112,6,0,7,1.1543325004277374,174,11,0.8884502877862838,1
108,6,0,7,0.6967487680184489,197,11,0.9431945538974952,1
104,2,0,7,1.2219753130447626,177,11,0.9431945538974952,1
138,2,0,7,0.7882655145003066,197,11,0.9431945538974952,1
126,2,0,10,0.9911939523513824,178,11,0.8884502877862838,1
227,2,0,7,0.6211479774464795,229,11,0.9431945538974952,1
147,2,0,7,0.9553830515541336,185,11,0.9431945538974952,1
128,6,0,10,1.50448353044528,162,11,0.9431945538974952,1
144,2,0,10,0.7922445034777786,203,11,0.8884502877862838,1
191,2,0,10,0.8320343932524994,198,11,0.9431945538974952,1
139,6,0,7,0.7842865255228345,186,11,0.9431945538974952,1
152,6,0,7,1.0389418200810472,186,11,0.8884502877862838,1
161,2,0,7,0.7166437129058093,196,11,0.8884502877862838,1
126,2,0,7,1.1463745224727933,175,11,0.9431945538974952,1
125,6,0,10,1.2060593571348743,205,11,0.9431945538974952,1
141,2,0,10,0.9116141728019408,195,11,0.8884502877862838,1
181,6,0,10,1.0031309192837985,192,11,0.9431945538974952,1
138,2,0,10,1.0150678862162148,168,11,0.8884502877862838,1
210,6,0,7,0.7962234924552508,179,11,0.9431945538974952,1
148,6,0,7,1.412966783963422,164,11,0.9431945538974952,1
139,6,0,7,0.8996772058695247,188,11,0.9431945538974952,1
169,6,0,7,0.6688958451761444,198,11,0.8884502877862838,1
192,6,0,10,0.652979889266256,220,11,0.9431945538974952,1
235,6,0,7,0.3943456057305713,224,11,0.9431945538974952,1
157,2,0,10,0.7405176467706417,200,11,0.8884502877862838,1
146,6,0,10,1.090668676788184,180,11,0.9431945538974952,1
181,2,0,10,0.9832359743964384,186,11,0.9431945538974952,1
105,6,0,7,0.8240764152975553,171,11,0.9431945538974952,1
181,6,0,7,1.0946476657656563,188,11,0.8884502877862838,1
182,6,0,7,0.6768538231310886,194,11,0.8884502877862838,1
110,2,0,7,1.007109908261271,189,11,0.8884502877862838,1
133,2,0,10,0.9394670956442456,204,11,0.9431945538974952,1
168,6,0,10,0.8917192279145806,210,11,0.9431945538974952,1
140,2,0,7,0.8360133822299715,199,11,0.8884502877862838,1
66,6,0,7,1.08271069883324,200,11,0.9431945538974952,1
105,2,0,7,1.090668676788184,200,11,0.9431945538974952,1
149,6,0,7,1.289618125661788,175,11,0.8884502877862838,1
134,6,0,7,0.7643915806354742,195,11,0.8884502877862838,1
182,6,0,7,0.6052320215365912,218,11,0.8884502877862838,1
46,6,0,7,1.301555092594204,169,11,0.8884502877862838,1
159,6,0,10,0.9036561948469968,205,11,0.8884502877862838,1
160,2,0,10,1.186164412247514,147,11,0.8884502877862838,1
203,6,0,7,0.6649168561986724,196,11,0.9431945538974952,1
192,6,0,10,1.08271069883324,197,11,0.8884502877862838,1
155,2,0,10,1.1185215996304887,214,11,0.8884502877862838,1
84,6,0,7,1.456735662715615,169,11,0.8884502877862838,1
153,6,0,7,0.593295054604175,192,11,0.8884502877862838,1
158,2,0,7,0.8559083271173319,193,11,0.9431945538974952,1
152,2,0,7,0.859887316094804,202,11,0.9431945538974952,1
128,6,0,7,1.281660147706844,174,11,0.8884502877862838,1
137,2,0,10,0.9036561948469968,193,11,0.9431945538974952,1
183,6,0,7,0.8479503491623878,197,11,0.8884502877862838,1
141,2,0,7,1.070773731900824,189,11,0.9431945538974952,1
187,2,0,10,0.9076351838244688,190,11,0.9431945538974952,1
150,2,0,10,0.9315091176893012,188,11,0.9431945538974952,1
173,6,0,10,1.130458566562905,200,11,0.9431945538974952,1
124,6,0,7,0.9354881066667734,185,11,0.8884502877862838,1
191,2,0,7,0.7405176467706417,214,11,0.8884502877862838,1
141,2,0,7,0.9434460846217176,205,11,0.8884502877862838,1
124,2,0,7,0.9116141728019408,176,11,0.8884502877862838,1
175,2,0,10,1.1742274453150978,176,11,0.9431945538974952,1
78,6,0,10,1.353281949301341,192,11,0.8884502877862838,1
164,6,0,7,0.5455471868745101,195,11,0.8884502877862838,1
170,2,0,7,1.297576103616732,202,11,0.9431945538974952,1
180,2,0,7,0.6450219113113119,198,11,0.9431945538974952,1
171,2,0,7,0.8399923712074435,202,11,0.9431945538974952,1
160,2,0,10,0.7723495585904183,208,11,0.8884502877862838,1
201,2,0,7,0.6410429223338399,188,11,0.8884502877862838,1
169,2,0,10,0.5535051648294542,203,11,0.9431945538974952,1
159,2,0,7,0.434135495505292,212,11,0.9431945538974952,1
179,6,0,10,0.7047067459733931,205,11,0.8884502877862838,1
102,6,0,7,1.1742274453150978,189,11,0.8884502877862838,1
149,6,0,7,1.0946476657656563,200,11,0.9431945538974952,1
141,2,0,10,1.3095130705491482,188,11,0.9431945538974952,1
97,6,0,7,0.915593161779413,197,11,0.8884502877862838,1
149,6,0,7,0.5296312309646218,223,11,0.9431945538974952,1
149,6,0,10,1.090668676788184,179,11,0.8884502877862838,1
147,6,0,10,1.0628157539458798,208,11,0.8884502877862838,1
182,6,0,10,0.6092110105140632,217,11,0.8884502877862838,1
181,6,0,7,1.1543325004277374,181,11,0.8884502877862838,1
129,2,0,10,1.0110888972387428,192,11,0.9431945538974952,1
157,6,0,7,0.8200974263200832,196,11,0.8884502877862838,1
117,2,0,10,0.5853370766492308,208,11,0.8884502877862838,1
174,2,0,10,0.7763285475678904,199,11,0.9431945538974952,1
191,2,0,7,0.6012530325591191,203,11,0.9431945538974952,1
197,6,0,10,0.6649168561986724,228,11,0.9431945538974952,1
241,2,0,7,0.4420934734602362,214,11,0.8884502877862838,1
153,2,0,10,0.652979889266256,198,11,0.9431945538974952,1
206,2,0,10,0.4500514514151803,234,11,0.9431945538974952,1
209,2,0,7,0.5216732530096777,213,11,0.9431945538974952,1
134,2,0,10,1.2020803681574024,194,11,0.8884502877862838,1
115,6,0,7,1.0429208090585194,194,11,0.8884502877862838,1
206,2,0,10,0.7405176467706417,193,11,0.8884502877862838,1
194,2,0,10,0.4500514514151803,216,11,0.9431945538974952,1
139,6,0,7,0.6251269664239516,201,11,0.9431945538974952,1
190,2,0,7,0.6848118010860327,203,11,0.8884502877862838,1
166,6,0,7,0.3704716718657388,223,11,0.9431945538974952,1
115,2,0,7,1.0588367649684076,149,11,0.9431945538974952,1
147,6,0,7,0.8559083271173319,208,11,0.9431945538974952,1
188,6,0,7,0.5057572970997893,224,11,0.9431945538974952,1
185,2,0,10,0.8121394483651391,208,11,0.8884502877862838,1
117,6,0,7,0.8678452940497481,172,11,0.8884502877862838,1
133,2,0,10,1.130458566562905,195,11,0.8884502877862838,1
201,2,0,10,1.0946476657656563,185,11,0.8884502877862838,1
179,6,0,10,0.7564336026805301,199,11,0.8884502877862838,1
171,2,0,7,0.9235511397343572,196,11,0.9431945538974952,1
153,6,0,10,0.4898413411899011,192,11,0.8884502877862838,1
96,6,0,10,1.4885675745353917,173,11,0.9431945538974952,1
149,6,0,7,0.6609378672212003,196,11,0.8884502877862838,1
132,6,0,10,0.919572150756885,195,11,0.8884502877862838,1
187,6,0,7,0.4102615616404595,218,11,0.9431945538974952,1
192,2,0,7,0.6450219113113119,209,11,0.8884502877862838,1
133,2,0,7,1.078731709855768,179,11,0.8884502877862838,1
136,6,0,7,0.8320343932524994,199,11,0.8884502877862838,1
160,2,0,10,1.078731709855768,194,11,0.8884502877862838,1
162,6,0,10,0.5773790986942867,188,11,0.9431945538974952,1
186,2,0,10,0.8797822609821643,224,11,0.8884502877862838,1
144,2,0,7,1.0389418200810472,176,11,0.9431945538974952,1
79,2,0,10,1.3095130705491482,156,11,0.9431945538974952,1
77,2,0,7,1.6318111777243862,156,11,0.9431945538974952,1
155,6,0,7,0.915593161779413,202,11,0.9431945538974952,1
149,6,0,7,0.9036561948469968,183,11,0.8884502877862838,1
166,2,0,7,0.6887907900635047,200,11,0.8884502877862838,1
145,6,0,7,1.090668676788184,165,11,0.8884502877862838,1
101,2,0,10,1.2657441917969554,183,11,0.9431945538974952,1
123,6,0,7,0.9394670956442456,175,11,0.8884502877862838,1
159,2,0,10,0.6649168561986724,218,11,0.9431945538974952,1
116,6,0,7,0.8917192279145806,206,11,0.9431945538974952,1
144,2,0,10,1.0150678862162148,187,11,0.8884502877862838,1
156,6,0,10,0.8161184373426111,185,11,0.9431945538974952,1
164,2,0,10,0.593295054604175,205,11,0.8884502877862838,1
183,2,0,7,1.046899798035991,195,11,0.8884502877862838,1
146,2,0,10,0.6092110105140632,212,11,0.9431945538974952,1
155,2,0,7,0.6251269664239516,193,11,0.8884502877862838,1
160,2,0,7,0.7365386577931696,215,11,0.9431945538974952,1
165,6,0,10,1.0389418200810472,192,11,0.9431945538974952,1
171,2,0,7,0.6291059554014237,203,11,0.9431945538974952,1
165,6,0,10,0.8280554042750273,183,11,0.9431945538974952,1
179,6,0,10,0.3625136939107947,230,11,0.8884502877862838,1
152,2,0,10,1.2100383461123465,175,11,0.9431945538974952,1
130,2,0,10,1.027004853148631,213,11,0.8884502877862838,1
148,6,0,10,1.1503535114502654,203,11,0.8884502877862838,1
105,6,0,10,0.6927697790409768,194,11,0.8884502877862838,1
184,2,0,10,0.6291059554014237,213,11,0.8884502877862838,1
159,6,0,10,0.9991519303063264,195,11,0.8884502877862838,1
178,2,0,10,0.6848118010860327,210,11,0.8884502877862838,1
195,2,0,7,0.7285806798382255,206,11,0.8884502877862838,1
174,6,0,7,1.0031309192837985,210,11,0.9431945538974952,1
145,6,0,7,0.7246016908607534,194,11,0.9431945538974952,1
129,2,0,7,0.5017783081223173,203,11,0.9431945538974952,1
120,2,0,10,0.808160459387667,208,11,0.8884502877862838,1
204,2,0,7,1.1622904783826815,217,11,0.8884502877862838,1
115,6,0,7,0.5614631427843984,198,11,0.9431945538974952,1
105,6,0,7,1.5721263430623051,171,11,0.9431945538974952,1
116,6,0,10,1.2577862138420113,177,11,0.9431945538974952,1
169,6,0,10,0.8200974263200832,209,11,0.8884502877862838,1
221,6,0,10,0.5535051648294542,207,11,0.8884502877862838,1
184,2,0,7,1.08271069883324,207,11,0.9431945538974952,1
98,6,0,7,1.0110888972387428,190,11,0.8884502877862838,1
181,6,0,7,0.7683705696129463,192,11,0.9431945538974952,1
167,6,0,10,0.6370639333563678,203,11,0.8884502877862838,1
130,6,0,7,0.7325596688156976,208,11,0.9431945538974952,1
142,6,0,10,0.7962234924552508,200,11,0.9431945538974952,1
170,6,0,7,0.6688958451761444,199,11,0.9431945538974952,1
171,6,0,7,1.1981013791799302,175,11,0.8884502877862838,1
134,6,0,10,1.019046875193687,203,11,0.9431945538974952,1
164,2,0,10,0.5893160656267029,225,11,0.8884502877862838,1
183,6,0,7,0.7962234924552508,216,11,0.9431945538974952,1
178,2,0,7,0.7007277569959209,216,11,0.9431945538974952,1
189,6,0,7,0.7047067459733931,211,11,0.8884502877862838,1
135,6,0,7,0.6848118010860327,196,11,0.8884502877862838,1
168,6,0,7,1.019046875193687,204,11,0.8884502877862838,1
137,6,0,10,0.9951729413288544,194,11,0.9431945538974952,1
155,6,0,10,0.7325596688156976,176,11,0.9431945538974952,1
144,6,0,7,1.030983842126103,184,11,0.8884502877862838,1
204,2,0,7,1.289618125661788,194,11,0.9431945538974952,1
94,2,0,7,0.8559083271173319,192,11,0.9431945538974952,1
128,6,0,7,1.2776811587293715,160,11,0.9431945538974952,1
139,2,0,7,0.9116141728019408,189,11,0.9431945538974952,1
826,6,5,11,0.0800054765102774,1568,6,0.9431945538974952,1
967,6,5,11,0.0831330715660775,1594,6,0.9431945538974952,1
1313,6,5,7,0.910762778880269,1777,6,0.9431945538974952,1
1195,6,5,7,0.6083596165923914,1699,6,0.8884502877862838,1
1034,6,5,7,0.1945447629352956,1536,6,0.9431945538974952,1
1018,6,5,7,0.1945447629352956,1646,6,0.9431945538974952,1
1099,6,5,7,0.9226997458126852,1682,6,0.9431945538974952,1
1634,6,5,11,0.97044761354235,1790,6,0.8884502877862838,1
1128,6,5,11,0.6282545614797517,1767,6,0.8884502877862838,1
1220,6,5,11,0.2621875755523209,1622,6,0.9431945538974952,1
1181,6,5,7,0.4651160134033967,1658,6,0.8884502877862838,1
1075,6,5,7,0.3696202779440669,1612,6,0.9431945538974952,1
856,6,5,7,0.2303556637325443,1617,6,0.9431945538974952,1
1124,6,5,11,0.5725487157951427,1771,6,0.9431945538974952,1
1025,6,5,7,0.0163416528707242,1697,6,0.9431945538974952,1
919,6,5,7,0.7038553520517211,1641,6,0.8884502877862838,1
1174,6,5,11,0.3497253330567065,1705,6,0.9431945538974952,1
1061,6,5,11,0.8112880544434671,1713,6,0.9431945538974952,1
811,6,5,11,0.0123626638932521,1538,6,0.9431945538974952,1
1493,6,5,7,1.014216492294543,1805,6,0.8884502877862838,1
1372,6,5,7,0.7277292859165536,1747,6,0.9431945538974952,1
1417,6,5,7,0.8272040103533554,1887,6,0.8884502877862838,1
1541,6,5,11,0.8709728891055483,1754,6,0.9431945538974952,1
1326,6,5,11,0.2263766747550722,1565,6,0.8884502877862838,1
902,6,5,11,0.1038794103751098,1497,6,0.8884502877862838,1
1086,6,5,11,0.373599266921539,1582,6,0.9431945538974952,1
1147,6,5,7,0.6680444512544724,1738,6,0.8884502877862838,1
916,6,5,7,0.3855362338539552,1734,6,0.8884502877862838,1
1092,6,5,11,0.2223976857776001,1584,6,0.8884502877862838,1
1187,6,5,11,0.8669939001280762,1785,6,0.8884502877862838,1
1130,6,5,7,0.3497253330567065,1641,6,0.9431945538974952,1
1441,6,5,7,0.695897374096777,1763,6,0.9431945538974952,1
1308,6,5,11,0.699876363074249,1634,6,0.8884502877862838,1
621,6,5,7,0.4571580354484525,1558,6,0.8884502877862838,1
1027,6,5,11,0.4094101677187876,1685,6,0.8884502877862838,1
754,6,5,7,0.6919183851193049,1709,6,0.9431945538974952,1
1219,6,5,7,0.270145553507265,1637,6,0.9431945538974952,1
999,6,5,11,0.429305112606148,1659,6,0.8884502877862838,1
1276,6,5,7,1.0341114371819031,1593,6,0.8884502877862838,1
899,6,5,11,0.2542295975973768,1553,6,0.9431945538974952,1
1038,6,5,11,0.0751750936111334,1539,6,0.9431945538974952,1
1170,6,5,7,0.1109859944083821,1647,6,0.9431945538974952,1
954,6,5,7,0.4651160134033967,1748,6,0.9431945538974952,1
1355,6,5,7,0.910762778880269,1798,6,0.9431945538974952,1
1039,6,5,7,1.0540063820692636,1797,6,0.9431945538974952,1
1089,6,5,7,0.540716803975366,1648,6,0.9431945538974952,1
1055,6,5,11,0.0035532920166361,1649,6,0.8884502877862838,1
1274,6,5,7,0.214439707822656,1502,6,0.8884502877862838,1
873,6,5,7,0.6481495063671121,1670,6,0.8884502877862838,1
1178,6,5,7,0.266166564529793,1692,6,0.9431945538974952,1
1198,6,5,7,0.3934942118088994,1745,6,0.8884502877862838,1
991,6,5,11,0.3545557159558505,1531,6,0.9431945538974952,1
1187,6,5,7,0.7874141205786347,1747,6,0.8884502877862838,1
1146,6,5,11,0.7237502969390814,1766,6,0.9431945538974952,1
1123,6,5,7,0.4889899472682291,1671,6,0.9431945538974952,1
1408,6,5,7,0.9784055914972942,1863,6,0.9431945538974952,1
820,6,5,11,0.3019774653270416,1623,6,0.8884502877862838,1
1352,6,5,11,0.8192460323984113,1726,6,0.8884502877862838,1
1363,6,5,11,0.9067837899027968,1809,6,0.9431945538974952,1
1125,6,5,11,0.6879393961418329,1707,6,0.8884502877862838,1
1051,6,5,7,0.4173681456737318,1744,6,0.9431945538974952,1
1278,6,5,11,0.4850109582907571,1695,6,0.9431945538974952,1
944,6,5,7,0.0083836749157801,1581,6,0.8884502877862838,1
1229,6,5,7,0.3934942118088994,1733,6,0.8884502877862838,1
1245,6,5,11,0.8550569331956599,1787,6,0.8884502877862838,1
847,6,5,7,0.10700700543091,1591,6,0.9431945538974952,1
1343,6,5,7,0.8192460323984113,1728,6,0.9431945538974952,1
1305,6,5,7,0.8470989552407158,1871,6,0.9431945538974952,1
1041,6,5,7,0.5327588260204219,1708,6,0.9431945538974952,1
1571,6,5,7,1.0977752608214564,1779,6,0.9431945538974952,1
1281,6,5,7,0.6163175945473355,1710,6,0.9431945538974952,1
1334,6,5,7,0.4730739913583408,1666,6,0.9431945538974952,1
1133,6,5,7,0.2940194873720975,1663,6,0.8884502877862838,1
1037,6,5,11,0.3815572448764831,1659,6,0.9431945538974952,1
1333,6,5,7,1.0341114371819031,1824,6,0.8884502877862838,1
884,6,5,11,0.2860615094171533,1573,6,0.9431945538974952,1
1237,6,5,11,0.2781035314622092,1738,6,0.8884502877862838,1
717,6,5,7,0.5287798370429498,1690,6,0.8884502877862838,1
1424,6,5,11,0.3537043220341786,1613,6,0.8884502877862838,1
967,6,5,11,0.695897374096777,1687,6,0.8884502877862838,1
1235,6,5,7,1.0062585143395988,1732,6,0.8884502877862838,1
1257,6,5,7,0.3696202779440669,1741,6,0.9431945538974952,1
1059,6,5,7,0.540716803975366,1823,6,0.8884502877862838,1
1163,6,5,7,0.5287798370429498,1696,6,0.8884502877862838,1
1159,6,5,7,0.0879634544652216,1641,6,0.8884502877862838,1
1299,6,5,7,0.9823845804747664,1765,6,0.8884502877862838,1
1318,6,5,11,0.9187207568352131,1811,6,0.8884502877862838,1
1297,6,5,7,0.9744266025198222,1769,6,0.8884502877862838,1
1637,6,5,7,0.5327588260204219,1791,6,0.9431945538974952,1
1360,6,5,11,0.7555822087588581,1833,6,0.8884502877862838,1
1239,6,5,11,0.4770529803358129,1591,6,0.8884502877862838,1
1394,6,5,7,0.7754771536462185,1635,6,0.8884502877862838,1
1635,6,5,11,1.567295960163161,1792,6,0.8884502877862838,1
990,6,5,11,0.6561074843220562,1748,6,0.9431945538974952,1
1200,6,5,7,0.5248008480654778,1675,6,0.8884502877862838,1
1138,6,5,7,0.2025027408902398,1677,6,0.9431945538974952,1
1173,6,5,11,0.540716803975366,1719,6,0.8884502877862838,1
1150,6,5,11,0.6362125394346959,1718,6,0.9431945538974952,1
1219,6,5,11,0.3537043220341786,1626,6,0.8884502877862838,1
1201,6,5,11,0.3974732007863714,1696,6,0.8884502877862838,1
1028,6,5,11,0.7714981646687463,1739,6,0.8884502877862838,1
1314,6,5,7,0.3576833110116507,1667,6,0.9431945538974952,1
1317,6,5,7,0.8908678339929086,1760,6,0.8884502877862838,1
938,6,5,7,0.4173681456737318,1625,6,0.8884502877862838,1
1174,6,5,11,0.1666918400929911,1694,6,0.9431945538974952,1
1091,6,5,7,0.1985237519127677,1583,6,0.8884502877862838,1
1706,6,5,7,0.5725487157951427,1701,6,0.9431945538974952,1
947,6,5,11,0.2820825204396813,1594,6,0.8884502877862838,1
946,6,5,7,0.3537043220341786,1652,6,0.8884502877862838,1
1119,6,5,7,0.7635401867138022,1702,6,0.9431945538974952,1
977,6,5,11,0.5248008480654778,1676,6,0.9431945538974952,1
1283,6,5,11,0.5486747819303103,1732,6,0.9431945538974952,1
1186,6,5,7,0.6163175945473355,1728,6,0.8884502877862838,1
1281,6,5,11,0.8311829993308275,1783,6,0.9431945538974952,1
1019,6,5,11,0.1277533442399423,1638,6,0.8884502877862838,1
1213,6,5,11,0.1786288070254073,1660,6,0.8884502877862838,1
1559,6,5,11,1.2171449301456188,1777,6,0.9431945538974952,1
1158,6,5,7,0.6163175945473355,1647,6,0.8884502877862838,1
1022,6,5,11,0.5088848921555895,1669,6,0.8884502877862838,1
827,6,5,11,0.3298303881693462,1642,6,0.9431945538974952,1
1391,6,5,11,0.6481495063671121,1790,6,0.9431945538974952,1
1195,6,5,11,0.5844856827275589,1689,6,0.9431945538974952,1
1411,6,5,11,0.958510646609934,1771,6,0.8884502877862838,1
897,6,5,11,0.1516272781047747,1584,6,0.8884502877862838,1
988,6,5,7,0.0632381266787172,1689,6,0.8884502877862838,1
1281,6,5,11,0.7993510875110509,1830,6,0.9431945538974952,1
1060,6,5,11,0.6004016386374472,1741,6,0.9431945538974952,1
966,6,5,7,0.7396662528489698,1682,6,0.9431945538974952,1
1142,6,5,7,0.7834351316011626,1685,6,0.9431945538974952,1
1261,6,5,11,0.5645907378401985,1721,6,0.8884502877862838,1
1038,6,5,11,0.863014911150604,1777,6,0.9431945538974952,1
1256,6,5,11,0.373599266921539,1662,6,0.9431945538974952,1
631,6,5,11,0.5685697268176706,1524,6,0.9431945538974952,1
1350,6,5,7,0.751603219781386,1602,6,0.8884502877862838,1
1163,6,5,7,0.1547548731605749,1630,6,0.9431945538974952,1
1104,6,5,7,0.270996947428937,1575,6,0.8884502877862838,1
1136,6,5,11,0.8351619883082996,1731,6,0.8884502877862838,1
1642,6,5,7,0.3696202779440669,1677,6,0.8884502877862838,1
925,6,5,11,0.0672171156561892,1663,6,0.8884502877862838,1
1143,6,5,7,0.588464671705031,1756,6,0.9431945538974952,1
1495,6,5,7,1.0858382938890403,1804,6,0.9431945538974952,1
1171,6,5,7,0.5009269142006454,1753,6,0.8884502877862838,1
1239,6,5,7,0.6640654622770004,1720,6,0.8884502877862838,1
1356,6,5,7,0.5168428701105336,1690,6,0.9431945538974952,1
1211,6,5,7,0.9187207568352131,1722,6,0.9431945538974952,1
1235,6,5,7,0.3934942118088994,1644,6,0.9431945538974952,1
1129,6,5,7,0.6839604071643608,1673,6,0.9431945538974952,1
1202,6,5,11,0.4173681456737318,1670,6,0.9431945538974952,1
998,6,5,11,0.3895152228314272,1655,6,0.8884502877862838,1
1174,6,5,11,0.640191528412168,1671,6,0.9431945538974952,1
1382,6,5,11,1.0380904261593753,1786,6,0.9431945538974952,1
1135,6,5,11,0.0123626638932521,1691,6,0.9431945538974952,1
1199,6,5,7,0.9784055914972942,1700,6,0.9431945538974952,1
1010,6,5,7,0.377578255899011,1651,6,0.9431945538974952,1
1060,6,5,7,0.9465736796775176,1673,6,0.9431945538974952,1
1316,6,5,7,0.6083596165923914,1750,6,0.8884502877862838,1
1191,6,5,7,0.7714981646687463,1759,6,0.8884502877862838,1
850,6,5,7,0.7476242308039139,1707,6,0.8884502877862838,1
1245,6,5,7,0.4372630905610921,1628,6,0.9431945538974952,1
1375,6,5,11,0.8988258119478527,1719,6,0.8884502877862838,1
828,6,5,7,0.0879634544652216,1567,6,0.9431945538974952,1
984,6,5,11,0.6163175945473355,1696,6,0.8884502877862838,1
964,6,5,11,0.4372630905610921,1636,6,0.9431945538974952,1
1199,6,5,7,0.7078343410291932,1721,6,0.9431945538974952,1
1163,6,5,7,0.6521284953445842,1804,6,0.9431945538974952,1
1028,6,5,11,0.7595611977363301,1790,6,0.8884502877862838,1
1564,6,5,11,0.4730739913583408,1752,6,0.8884502877862838,1
1285,6,5,7,0.6799814181868887,1807,6,0.8884502877862838,1
942,6,5,7,1.0699223379791518,1741,6,0.8884502877862838,1
1125,6,5,7,0.4452210685160363,1746,6,0.8884502877862838,1
1157,6,5,11,0.6640654622770004,1768,6,0.9431945538974952,1
1208,6,5,7,0.8669939001280762,1736,6,0.8884502877862838,1
934,6,5,7,0.7396662528489698,1673,6,0.8884502877862838,1
986,6,5,11,0.4412420795385642,1712,6,0.8884502877862838,1
817,6,5,11,0.3895152228314272,1608,6,0.8884502877862838,1
1177,6,5,7,0.7237502969390814,1716,6,0.9431945538974952,1
1115,6,5,11,0.6242755725022796,1617,6,0.8884502877862838,1
1177,6,5,7,0.5287798370429498,1750,6,0.8884502877862838,1
619,6,5,7,0.0919424434426936,1452,6,0.8884502877862838,1
1422,6,5,11,0.803330076488523,1694,6,0.8884502877862838,1
1448,6,5,7,0.958510646609934,1789,6,0.8884502877862838,1
1102,6,5,7,0.373599266921539,1604,6,0.9431945538974952,1
1633,6,5,7,0.5327588260204219,1710,6,0.9431945538974952,1
860,6,5,11,0.2232490796992721,1672,6,0.8884502877862838,1
1388,6,5,11,0.4690950023808687,1705,6,0.8884502877862838,1
902,6,5,11,0.2025027408902398,1679,6,0.9431945538974952,1
1288,6,5,7,0.9903425584297104,1712,6,0.9431945538974952,1
969,6,5,11,0.6799814181868887,1738,6,0.9431945538974952,1
1243,6,5,11,0.4969479252231732,1822,6,0.9431945538974952,1
1236,6,5,11,1.1654180734384818,1854,6,0.8884502877862838,1
982,6,5,7,0.4133891566962597,1620,6,0.8884502877862838,1
1024,6,5,11,0.4253261236286759,1673,6,0.9431945538974952,1
1332,6,5,7,0.2979984763495695,1706,6,0.9431945538974952,1
1056,6,5,11,0.2741245424847371,1562,6,0.8884502877862838,1
1677,6,5,11,0.6600864732995283,1678,6,0.8884502877862838,1
1032,6,5,11,0.3537043220341786,1623,6,0.9431945538974952,1
1158,6,5,7,0.4213471346512039,1723,6,0.9431945538974952,1
1102,6,5,7,0.2900404983946254,1656,6,0.9431945538974952,1
993,6,5,11,0.0919424434426936,1557,6,0.9431945538974952,1
1492,6,5,11,0.6282545614797517,1818,6,0.8884502877862838,1
1158,6,5,11,0.3059564543045137,1694,6,0.9431945538974952,1
1003,6,5,7,0.4531790464709804,1753,6,0.9431945538974952,1
1277,6,5,11,0.7197713079616094,1814,6,0.8884502877862838,1
1255,6,5,11,0.8152670434209391,1655,6,0.8884502877862838,1
1444,6,5,7,0.4571580354484525,1722,6,0.9431945538974952,1
876,6,5,7,0.1794802009470793,1574,6,0.9431945538974952,1
851,6,5,7,0.1826077960028794,1616,6,0.9431945538974952,1
1236,6,5,11,0.7953720985335788,1772,6,0.8884502877862838,1
1113,6,5,11,0.2820825204396813,1565,6,0.9431945538974952,1
1360,6,5,7,0.8669939001280762,1710,6,0.8884502877862838,1
1193,6,5,11,0.9823845804747664,1665,6,0.8884502877862838,1
1375,6,5,7,0.5685697268176706,1645,6,0.9431945538974952,1
1319,6,5,11,0.2582085865748488,1647,6,0.9431945538974952,1
1259,6,5,11,0.4372630905610921,1673,6,0.8884502877862838,1
1223,6,5,11,0.5049059031781175,1744,6,0.8884502877862838,1
1412,6,5,7,0.3934942118088994,1665,6,0.9431945538974952,1
1144,6,5,7,0.373599266921539,1605,6,0.8884502877862838,1
1022,6,5,7,0.6799814181868887,1620,6,0.8884502877862838,1
1338,6,5,7,0.6242755725022796,1869,6,0.9431945538974952,1
1292,6,5,7,0.0521525536679729,1660,6,0.9431945538974952,1
1244,6,5,7,0.4850109582907571,1671,6,0.8884502877862838,1
954,6,5,11,0.3855362338539552,1631,6,0.8884502877862838,1
882,6,5,11,0.3019774653270416,1621,6,0.9431945538974952,1
969,6,5,7,0.3178934212369299,1572,6,0.8884502877862838,1
921,6,5,11,0.0242996308256684,1615,6,0.8884502877862838,1
1226,6,5,11,0.0314062148589406,1685,6,0.8884502877862838,1
1428,6,5,7,0.7157923189841373,1820,6,0.9431945538974952,1
967,6,5,7,0.6680444512544724,1635,6,0.9431945538974952,1
1173,6,5,7,0.8908678339929086,1692,6,0.8884502877862838,1
1287,6,5,7,0.3616622999891227,1711,6,0.8884502877862838,1
983,6,5,11,0.4452210685160363,1591,6,0.9431945538974952,1
1171,6,5,11,0.8311829993308275,1667,6,0.9431945538974952,1
987,6,5,11,0.2064817298677118,1522,6,0.8884502877862838,1
1519,6,5,11,1.18133402934837,1890,6,0.9431945538974952,1
1139,6,5,11,0.5327588260204219,1679,6,0.8884502877862838,1
1161,6,5,11,0.7874141205786347,1725,6,0.8884502877862838,1
726,6,5,11,0.1786288070254073,1625,6,0.9431945538974952,1
1015,6,5,7,0.4094101677187876,1588,6,0.8884502877862838,1
1377,6,5,7,0.6123386055698634,1797,6,0.8884502877862838,1
1297,6,5,7,0.962489635587406,1753,6,0.9431945538974952,1
1414,6,5,7,0.9067837899027968,1779,6,0.9431945538974952,1
1249,6,5,7,0.5128638811330616,1632,6,0.9431945538974952,1
1123,6,5,7,0.5248008480654778,1638,6,0.9431945538974952,1
1419,6,5,7,0.6919183851193049,1753,6,0.9431945538974952,1
900,6,5,11,0.7118133300066652,1694,6,0.9431945538974952,1
1244,6,5,7,0.4969479252231732,1672,6,0.9431945538974952,1
1495,6,5,7,0.9943215474071824,1728,6,0.9431945538974952,1
814,6,5,11,0.4730739913583408,1614,6,0.8884502877862838,1
1038,6,5,11,0.7317082748940257,1760,6,0.8884502877862838,1
1279,6,5,11,0.0473221707688289,1745,6,0.9431945538974952,1
1303,6,5,7,0.4730739913583408,1698,6,0.9431945538974952,1
1175,6,5,11,0.7157923189841373,1691,6,0.8884502877862838,1
1054,6,5,11,0.3855362338539552,1717,6,0.8884502877862838,1
1088,6,5,7,0.1396903111723585,1584,6,0.8884502877862838,1
1307,6,5,11,0.2303556637325443,1634,6,0.8884502877862838,1
1268,6,5,7,0.4571580354484525,1761,6,0.8884502877862838,1
936,6,5,11,0.6561074843220562,1757,6,0.9431945538974952,1
1028,6,5,11,0.0919424434426936,1747,6,0.8884502877862838,1
974,6,5,7,0.1985237519127677,1710,6,0.9431945538974952,1
1044,6,5,11,0.270145553507265,1713,6,0.9431945538974952,1
1081,6,5,11,0.0441945757130287,1524,6,0.8884502877862838,1
872,6,5,7,0.1197953662849981,1518,6,0.9431945538974952,1
1185,6,5,11,0.9823845804747664,1719,6,0.8884502877862838,1
972,6,5,11,0.4173681456737318,1656,6,0.9431945538974952,1
1000,6,5,11,0.0274272258814685,1544,6,0.9431945538974952,1
1260,6,5,7,0.8232250213758834,1731,6,0.9431945538974952,1
1507,6,5,7,0.5685697268176706,1765,6,0.9431945538974952,1
802,6,5,7,0.3139144322594578,1689,6,0.8884502877862838,1
1244,6,5,11,0.699876363074249,1636,6,0.8884502877862838,1
998,6,5,11,1.4081364010642785,1788,6,0.8884502877862838,1
921,6,5,7,0.537589208919566,1485,6,0.8884502877862838,1
1002,6,5,11,0.4213471346512039,1660,6,0.9431945538974952,1
950,6,5,7,0.056131542645445,1557,6,0.9431945538974952,1
1105,6,5,7,0.4611370244259246,1667,6,0.8884502877862838,1
1037,6,5,7,0.2343346527100163,1620,6,0.8884502877862838,1
1655,6,5,7,0.8470989552407158,1831,6,0.8884502877862838,1
864,6,5,11,0.5088848921555895,1701,6,0.8884502877862838,1
1198,6,5,7,0.1516272781047747,1601,6,0.9431945538974952,1
1315,6,5,7,1.3205986435598926,1807,6,0.8884502877862838,1
962,6,5,11,0.0521525536679729,1540,6,0.8884502877862838,1
1230,6,5,7,0.2940194873720975,1596,6,0.8884502877862838,1
1266,6,5,7,0.5645907378401985,1789,6,0.9431945538974952,1
1261,6,5,7,0.8988258119478527,1767,6,0.9431945538974952,1
863,6,5,7,0.0473221707688289,1511,6,0.9431945538974952,1
1251,6,5,7,0.7595611977363301,1691,6,0.9431945538974952,1
1059,6,5,7,0.1706708290704632,1627,6,0.9431945538974952,1
1431,6,5,11,0.7356872638714977,1823,6,0.9431945538974952,1
1116,6,5,11,0.4372630905610921,1782,6,0.9431945538974952,1
1094,6,5,11,0.0950700384984938,1600,6,0.9431945538974952,1
1107,6,5,7,0.2303556637325443,1612,6,0.9431945538974952,1
1324,6,5,7,0.6242755725022796,1706,6,0.8884502877862838,1
1280,6,5,7,1.1415441395736492,1801,6,0.8884502877862838,1
1115,6,5,11,0.859035922173132,1842,6,0.8884502877862838,1
1099,6,5,7,0.5009269142006454,1698,6,0.9431945538974952,1
1484,6,5,11,0.540716803975366,1773,6,0.8884502877862838,1
956,6,5,11,0.4929689362457012,1641,6,0.9431945538974952,1
1192,6,5,7,0.6123386055698634,1773,6,0.8884502877862838,1
1452,6,5,7,0.4969479252231732,1667,6,0.9431945538974952,1
1041,6,5,11,0.2343346527100163,1633,6,0.8884502877862838,1
1069,6,5,11,0.5009269142006454,1661,6,0.8884502877862838,1
958,6,5,11,0.1078583993525819,1659,6,0.8884502877862838,1
1286,6,5,11,0.7157923189841373,1737,6,0.9431945538974952,1
626,6,5,7,0.0115112699715802,1640,6,0.8884502877862838,1
929,6,5,7,0.6640654622770004,1627,6,0.8884502877862838,1
1093,6,5,11,0.6481495063671121,1884,6,0.9431945538974952,1
1265,6,5,11,0.7157923189841373,1817,6,0.8884502877862838,1
1311,6,5,11,0.5645907378401985,1720,6,0.9431945538974952,1
711,6,5,7,0.0990490274759658,1605,6,0.8884502877862838,1
1020,6,5,11,0.6561074843220562,1712,6,0.8884502877862838,1
918,6,5,7,0.2343346527100163,1653,6,0.8884502877862838,1
1300,6,5,11,0.5446957929528382,1585,6,0.8884502877862838,1
1116,6,5,11,0.7118133300066652,1773,6,0.8884502877862838,1
1124,6,5,7,0.9823845804747664,1779,6,0.9431945538974952,1
1104,6,5,11,0.8510779442181878,1808,6,0.8884502877862838,1
1320,6,5,7,0.270145553507265,1616,6,0.8884502877862838,1
1010,6,5,7,0.4611370244259246,1680,6,0.9431945538974952,1
680,6,5,11,0.0592591377012451,1672,6,0.9431945538974952,1
1508,6,5,11,0.8470989552407158,1808,6,0.8884502877862838,1
1161,6,5,7,0.5327588260204219,1665,6,0.9431945538974952,1
1250,6,5,7,0.373599266921539,1705,6,0.9431945538974952,1
1145,6,5,11,0.4094101677187876,1753,6,0.9431945538974952,1
1290,6,5,11,0.6362125394346959,1697,6,0.8884502877862838,1
918,6,5,11,0.2263766747550722,1527,6,0.8884502877862838,1
1104,6,5,7,0.4492000574935084,1702,6,0.8884502877862838,1
990,6,5,7,0.2940194873720975,1720,6,0.9431945538974952,1
1299,6,5,11,0.8669939001280762,1690,6,0.8884502877862838,1
1274,6,5,11,0.3139144322594578,1699,6,0.9431945538974952,1
1198,6,5,7,0.6242755725022796,1679,6,0.9431945538974952,1
973,6,5,7,0.3974732007863714,1633,6,0.9431945538974952,1
1199,6,5,11,0.1874381789020234,1665,6,0.9431945538974952,1
1323,6,5,11,0.7356872638714977,1715,6,0.8884502877862838,1
1109,6,5,11,0.0083836749157801,1653,6,0.8884502877862838,1
910,6,5,11,0.1428179062281586,1582,6,0.9431945538974952,1
853,6,5,7,0.1388389172506866,1660,6,0.9431945538974952,1
966,6,5,7,0.4412420795385642,1600,6,0.8884502877862838,1
1437,6,5,7,0.8232250213758834,1749,6,0.8884502877862838,1
1146,6,5,7,0.5088848921555895,1630,6,0.9431945538974952,1
1357,6,5,7,0.695897374096777,1750,6,0.9431945538974952,1
896,6,5,11,0.0672171156561892,1662,6,0.8884502877862838,1
679,6,5,7,0.0402155867355567,1646,6,0.9431945538974952,1
1540,6,5,11,1.2728507758302277,1869,6,0.8884502877862838,1
1080,6,5,11,0.3338093771468182,1713,6,0.8884502877862838,1
937,6,5,7,0.1038794103751098,1534,6,0.9431945538974952,1
1278,6,5,11,0.863014911150604,1769,6,0.9431945538974952,1
1211,6,5,11,0.6799814181868887,1803,6,0.8884502877862838,1
1358,6,5,7,0.4611370244259246,1680,6,0.8884502877862838,1
939,6,5,11,0.4850109582907571,1555,6,0.9431945538974952,1
1253,6,5,7,0.4213471346512039,1825,6,0.9431945538974952,1
828,6,5,11,0.4889899472682291,1557,6,0.8884502877862838,1
1354,6,5,11,0.807309065465995,1688,6,0.9431945538974952,1
1203,6,5,11,0.7794561426236906,1747,6,0.8884502877862838,1
1186,6,5,7,0.7675191756912743,1635,6,0.9431945538974952,1
972,6,5,7,0.5287798370429498,1701,6,0.8884502877862838,1
494,5,1,10,1.130458566562905,696,11,0.9431945538974952,0
819,6,1,10,1.0548577759909357,926,11,0.8884502877862838,0
735,5,1,7,1.1185215996304887,713,11,0.8884502877862838,0
709,5,1,10,1.0389418200810472,790,11,0.8884502877862838,0
625,5,1,10,1.1662694673601537,739,11,0.8884502877862838,0
594,5,1,7,1.0349628311035752,945,11,0.9431945538974952,0
638,6,1,10,1.130458566562905,744,11,0.9431945538974952,0
707,6,1,7,1.046899798035991,913,11,0.9431945538974952,0
682,5,1,7,1.0667947429233515,881,11,0.8884502877862838,0
672,6,1,10,1.1185215996304887,752,11,0.8884502877862838,0
546,6,1,10,1.074752720878296,836,11,0.9431945538974952,0
701,5,1,10,1.0628157539458798,925,11,0.8884502877862838,0
741,6,1,10,0.96732001848655,1031,11,0.8884502877862838,0
613,5,1,7,1.0588367649684076,763,11,0.9431945538974952,0
475,5,1,7,1.0548577759909357,906,11,0.9431945538974952,0
658,5,1,10,1.0548577759909357,803,11,0.8884502877862838,0
684,5,1,10,1.007109908261271,725,11,0.9431945538974952,0
753,5,1,7,1.046899798035991,864,11,0.9431945538974952,0
651,5,1,7,1.1225005886079609,759,11,0.9431945538974952,0
611,5,1,10,1.1543325004277374,735,11,0.9431945538974952,0
667,6,1,10,1.0150678862162148,871,11,0.9431945538974952,0
573,5,1,7,1.1026056437206004,876,11,0.8884502877862838,0
868,5,1,7,0.919572150756885,966,11,0.9431945538974952,0
659,6,1,7,1.0110888972387428,962,11,0.9431945538974952,0
634,5,1,7,1.0628157539458798,893,11,0.9431945538974952,0
788,5,1,7,1.1225005886079609,679,11,0.9431945538974952,0
591,6,1,10,1.0508787870134637,774,11,0.8884502877862838,0
682,6,1,10,1.023025864171159,867,11,0.9431945538974952,0
686,6,1,7,1.023025864171159,815,11,0.9431945538974952,0
683,6,1,7,1.019046875193687,741,11,0.9431945538974952,0
758,6,1,7,1.0110888972387428,1018,11,0.8884502877862838,0
715,5,1,10,1.030983842126103,885,11,0.8884502877862838,0
809,5,1,7,0.963341029509078,979,11,0.9431945538974952,0
716,6,1,7,1.1225005886079609,734,11,0.8884502877862838,0
748,6,1,10,1.1622904783826815,766,11,0.8884502877862838,0
808,5,1,7,1.0588367649684076,830,11,0.9431945538974952,0
645,6,1,10,0.9593620405316058,949,11,0.8884502877862838,0
607,6,1,10,1.0429208090585194,791,11,0.9431945538974952,0
810,5,1,10,0.971299007464022,964,11,0.8884502877862838,0
587,5,1,7,1.1463745224727933,669,11,0.9431945538974952,0
539,6,1,10,1.1225005886079609,787,11,0.8884502877862838,0
785,5,1,7,1.0588367649684076,924,11,0.9431945538974952,0
543,6,1,7,1.1782064342925698,799,11,0.9431945538974952,0
783,6,1,7,1.023025864171159,962,11,0.8884502877862838,0
613,5,1,7,1.1026056437206004,844,11,0.9431945538974952,0
626,5,1,7,1.0349628311035752,828,11,0.8884502877862838,0
704,5,1,7,1.027004853148631,846,11,0.9431945538974952,0
551,5,1,10,1.030983842126103,1074,11,0.9431945538974952,0
534,6,1,10,1.190143401224986,644,11,0.8884502877862838,0
431,5,1,7,1.1543325004277374,736,11,0.8884502877862838,0
670,6,1,7,1.023025864171159,834,11,0.9431945538974952,0
688,5,1,10,0.975277996441494,989,11,0.9431945538974952,0
708,6,1,10,1.08271069883324,808,11,0.9431945538974952,0
506,5,1,10,1.1384165445178491,812,11,0.8884502877862838,0
533,6,1,7,1.130458566562905,686,11,0.9431945538974952,0
724,5,1,7,1.08271069883324,813,11,0.9431945538974952,0
721,5,1,10,1.070773731900824,977,11,0.8884502877862838,0
668,6,1,7,1.1026056437206004,708,11,0.8884502877862838,0
624,6,1,10,1.0031309192837985,744,11,0.8884502877862838,0
707,6,1,10,1.0429208090585194,835,11,0.8884502877862838,0
660,5,1,10,1.0389418200810472,858,11,0.8884502877862838,0
712,5,1,10,1.0588367649684076,935,11,0.8884502877862838,0
381,5,1,7,1.1384165445178491,797,11,0.8884502877862838,0
588,6,1,7,0.9991519303063264,862,11,0.8884502877862838,0
597,5,1,10,1.1622904783826815,911,11,0.8884502877862838,0
710,5,1,10,1.0628157539458798,821,11,0.8884502877862838,0
758,5,1,7,0.9951729413288544,889,11,0.8884502877862838,0
661,6,1,10,1.019046875193687,968,11,0.8884502877862838,0
527,5,1,10,1.134437555540377,713,11,0.9431945538974952,0
724,5,1,10,1.090668676788184,905,11,0.8884502877862838,0
673,5,1,10,1.0110888972387428,884,11,0.9431945538974952,0
625,5,1,7,1.1145426106530167,708,11,0.9431945538974952,0
717,5,1,10,1.046899798035991,724,11,0.9431945538974952,0
645,6,1,7,1.2100383461123465,742,11,0.8884502877862838,0
637,6,1,7,1.08271069883324,825,11,0.8884502877862838,0
700,5,1,10,1.0866896878107122,749,11,0.9431945538974952,0
597,5,1,10,1.1264795775854328,638,11,0.8884502877862838,0
589,5,1,7,1.0986266547431285,725,11,0.8884502877862838,0
762,5,1,10,0.979256985418966,925,11,0.8884502877862838,0
657,5,1,7,1.0508787870134637,775,11,0.8884502877862838,0
497,5,1,10,1.1105636216755446,876,11,0.8884502877862838,0
728,5,1,7,0.9832359743964384,881,11,0.9431945538974952,0
570,5,1,7,1.1065846326980726,737,11,0.8884502877862838,0
649,6,1,10,1.0866896878107122,811,11,0.9431945538974952,0
686,6,1,10,1.1105636216755446,781,11,0.9431945538974952,0
701,6,1,10,1.078731709855768,976,11,0.8884502877862838,0
606,5,1,7,1.0628157539458798,891,11,0.9431945538974952,0
641,5,1,7,0.9911939523513824,978,11,0.9431945538974952,0
479,6,1,10,1.2060593571348743,559,11,0.8884502877862838,0
712,6,1,7,1.070773731900824,772,11,0.8884502877862838,0
584,5,1,10,1.0429208090585194,793,11,0.8884502877862838,0
743,6,1,10,1.1185215996304887,820,11,0.8884502877862838,0
616,5,1,10,1.0508787870134637,920,11,0.8884502877862838,0
763,5,1,7,1.0628157539458798,1021,11,0.9431945538974952,0
690,6,1,10,1.1065846326980726,726,11,0.8884502877862838,0
560,5,1,7,1.0986266547431285,828,11,0.9431945538974952,0
746,6,1,10,1.1185215996304887,839,11,0.8884502877862838,0
740,5,1,7,1.1105636216755446,827,11,0.8884502877862838,0
637,5,1,7,1.0986266547431285,795,11,0.9431945538974952,0
703,5,1,10,1.030983842126103,796,11,0.9431945538974952,0
746,5,1,10,0.9911939523513824,962,11,0.8884502877862838,0
495,6,1,10,0.9394670956442456,943,11,0.8884502877862838,0
766,5,1,10,1.023025864171159,973,11,0.8884502877862838,0
672,5,1,7,1.027004853148631,889,11,0.9431945538974952,0
725,6,1,7,0.9553830515541336,1072,11,0.8884502877862838,0
548,6,1,10,1.078731709855768,728,11,0.9431945538974952,0
670,5,1,10,1.1065846326980726,784,11,0.8884502877862838,0
653,6,1,7,1.078731709855768,818,11,0.9431945538974952,0
622,6,1,10,0.971299007464022,862,11,0.9431945538974952,0
527,6,1,10,1.090668676788184,949,11,0.8884502877862838,0
477,5,1,10,1.074752720878296,866,11,0.9431945538974952,0
595,5,1,7,1.0667947429233515,746,11,0.9431945538974952,0
741,6,1,10,0.963341029509078,1096,11,0.9431945538974952,0
737,5,1,7,1.0946476657656563,841,11,0.9431945538974952,0
729,6,1,10,0.8956982168920526,958,11,0.8884502877862838,0
524,6,1,7,1.1503535114502654,684,11,0.9431945538974952,0
882,5,1,7,0.9235511397343572,984,11,0.8884502877862838,0
554,6,1,7,1.1105636216755446,689,11,0.9431945538974952,0
642,5,1,10,1.1662694673601537,716,11,0.9431945538974952,0
541,6,1,7,0.9593620405316058,874,11,0.9431945538974952,0
451,5,1,7,1.0986266547431285,795,11,0.8884502877862838,0
608,6,1,7,1.007109908261271,1029,11,0.9431945538974952,0
626,5,1,7,0.971299007464022,969,11,0.8884502877862838,0
657,5,1,7,1.1026056437206004,741,11,0.8884502877862838,0
713,5,1,7,1.027004853148631,888,11,0.9431945538974952,0
676,6,1,10,1.007109908261271,864,11,0.8884502877862838,0
571,5,1,7,1.1503535114502654,788,11,0.9431945538974952,0
680,6,1,10,1.0866896878107122,766,11,0.8884502877862838,0
579,6,1,10,1.0667947429233515,809,11,0.9431945538974952,0
338,6,1,7,1.182185423270042,557,11,0.8884502877862838,0
611,5,1,7,1.1225005886079609,761,11,0.8884502877862838,0
529,6,1,10,1.2179963240672906,647,11,0.8884502877862838,0
692,6,1,7,1.0508787870134637,912,11,0.8884502877862838,0
593,6,1,7,1.1384165445178491,867,11,0.9431945538974952,0
647,6,1,10,1.0588367649684076,890,11,0.8884502877862838,0
677,6,1,7,1.1225005886079609,754,11,0.8884502877862838,0
826,6,1,7,1.0628157539458798,890,11,0.8884502877862838,0
594,5,1,7,1.1065846326980726,838,11,0.8884502877862838,0
762,6,1,10,1.023025864171159,964,11,0.8884502877862838,0
592,5,1,7,1.074752720878296,809,11,0.9431945538974952,0
635,6,1,7,1.0866896878107122,775,11,0.8884502877862838,0
697,5,1,10,1.0389418200810472,809,11,0.8884502877862838,0
420,5,1,7,1.1463745224727933,786,11,0.9431945538974952,0
864,5,1,10,1.0986266547431285,858,11,0.9431945538974952,0
621,5,1,10,1.08271069883324,895,11,0.8884502877862838,0
801,6,1,7,0.9514040625766615,956,11,0.9431945538974952,0
737,5,1,7,1.1463745224727933,790,11,0.8884502877862838,0
701,6,1,7,0.9832359743964384,1014,11,0.9431945538974952,0
624,6,1,10,1.0349628311035752,747,11,0.8884502877862838,0
434,5,1,7,1.0628157539458798,890,11,0.9431945538974952,0
796,5,1,7,1.046899798035991,828,11,0.9431945538974952,0
628,5,1,7,0.9872149633739103,875,11,0.9431945538974952,0
725,6,1,10,0.9991519303063264,822,11,0.9431945538974952,0
762,6,1,7,0.9514040625766615,942,11,0.9431945538974952,0
674,5,1,7,1.134437555540377,846,11,0.8884502877862838,0
597,6,1,10,1.0667947429233515,834,11,0.8884502877862838,0
581,5,1,10,1.090668676788184,849,11,0.9431945538974952,0
764,5,1,10,1.019046875193687,1022,11,0.9431945538974952,0
623,6,1,10,1.074752720878296,825,11,0.8884502877862838,0
688,5,1,10,0.979256985418966,875,11,0.8884502877862838,0
687,6,1,10,1.030983842126103,914,11,0.9431945538974952,0
678,5,1,7,1.0349628311035752,889,11,0.8884502877862838,0
657,5,1,7,1.023025864171159,784,11,0.8884502877862838,0
723,6,1,10,1.046899798035991,995,11,0.8884502877862838,0
727,5,1,7,0.9235511397343572,996,11,0.8884502877862838,0
573,6,1,7,1.090668676788184,797,11,0.8884502877862838,0
748,6,1,10,1.1105636216755446,885,11,0.8884502877862838,0
674,6,1,7,1.2060593571348743,832,11,0.8884502877862838,0
623,6,1,10,1.0429208090585194,864,11,0.9431945538974952,0
570,5,1,10,1.1264795775854328,820,11,0.8884502877862838,0
732,5,1,7,1.0548577759909357,975,11,0.8884502877862838,0
595,5,1,10,1.046899798035991,974,11,0.8884502877862838,0
518,6,1,10,1.0031309192837985,837,11,0.8884502877862838,0
804,6,1,7,0.9394670956442456,1066,11,0.8884502877862838,0
613,5,1,7,1.030983842126103,972,11,0.8884502877862838,0
777,5,1,7,1.0389418200810472,964,11,0.8884502877862838,0
871,5,1,7,1.1105636216755446,887,11,0.9431945538974952,0
724,6,1,7,1.0628157539458798,830,11,0.9431945538974952,0
627,5,1,7,1.0628157539458798,841,11,0.9431945538974952,0
576,5,1,10,1.0110888972387428,919,11,0.8884502877862838,0
578,5,1,10,1.0389418200810472,817,11,0.9431945538974952,0
705,5,1,7,1.046899798035991,909,11,0.9431945538974952,0
774,6,1,10,1.1145426106530167,849,11,0.8884502877862838,0
555,5,1,10,0.979256985418966,853,11,0.9431945538974952,0
751,5,1,7,1.0150678862162148,873,11,0.9431945538974952,0
693,5,1,7,1.1463745224727933,833,11,0.8884502877862838,0
646,6,1,10,1.1105636216755446,765,11,0.9431945538974952,0
815,6,1,10,1.0508787870134637,850,11,0.9431945538974952,0
843,6,1,7,1.0349628311035752,980,11,0.9431945538974952,0
707,6,1,7,0.975277996441494,1043,11,0.8884502877862838,0
683,5,1,10,0.96732001848655,1069,11,0.8884502877862838,0
750,6,1,10,1.023025864171159,928,11,0.9431945538974952,0
691,5,1,10,1.090668676788184,806,11,0.8884502877862838,0
868,6,1,10,1.019046875193687,963,11,0.8884502877862838,0
697,5,1,10,1.0429208090585194,922,11,0.9431945538974952,0
736,6,1,10,1.0150678862162148,923,11,0.9431945538974952,0
661,5,1,10,1.074752720878296,856,11,0.8884502877862838,0
677,6,1,10,1.019046875193687,906,11,0.9431945538974952,0
682,6,1,10,1.0150678862162148,848,11,0.9431945538974952,0
587,6,1,7,1.030983842126103,813,11,0.8884502877862838,0
679,6,1,7,1.070773731900824,758,11,0.9431945538974952,0
779,5,1,10,1.046899798035991,922,11,0.9431945538974952,0
599,5,1,7,1.130458566562905,826,11,0.8884502877862838,0
627,6,1,10,1.023025864171159,863,11,0.9431945538974952,0
608,5,1,10,1.078731709855768,844,11,0.9431945538974952,0
521,6,1,10,1.078731709855768,805,11,0.8884502877862838,0
667,6,1,7,1.0548577759909357,784,11,0.8884502877862838,0
642,5,1,10,1.130458566562905,776,11,0.8884502877862838,0
845,6,1,7,0.9593620405316058,876,11,0.8884502877862838,0
590,6,1,10,1.1662694673601537,657,11,0.8884502877862838,0
750,5,1,10,1.0548577759909357,834,11,0.8884502877862838,0
720,5,1,10,1.0946476657656563,967,11,0.9431945538974952,0
616,5,1,7,1.1026056437206004,856,11,0.8884502877862838,0
713,5,1,10,1.019046875193687,958,11,0.8884502877862838,0
509,5,1,10,1.0508787870134637,969,11,0.8884502877862838,0
556,6,1,10,1.1105636216755446,713,11,0.8884502877862838,0
547,5,1,10,1.1026056437206004,760,11,0.9431945538974952,0
589,6,1,7,1.130458566562905,853,11,0.8884502877862838,0
628,5,1,10,1.070773731900824,846,11,0.9431945538974952,0
650,6,1,10,1.0667947429233515,759,11,0.8884502877862838,0
656,6,1,7,1.030983842126103,837,11,0.8884502877862838,0
598,6,1,7,1.130458566562905,826,11,0.8884502877862838,0
530,5,1,7,1.1065846326980726,791,11,0.8884502877862838,0
737,6,1,10,1.0508787870134637,889,11,0.9431945538974952,0
705,5,1,7,0.9514040625766615,986,11,0.9431945538974952,0
622,6,1,7,1.078731709855768,706,11,0.8884502877862838,0
552,6,1,7,1.0349628311035752,730,11,0.8884502877862838,0
623,5,1,10,1.1662694673601537,781,11,0.8884502877862838,0
668,6,1,10,1.1185215996304887,772,11,0.8884502877862838,0
772,6,1,10,1.0110888972387428,930,11,0.8884502877862838,0
797,6,1,7,1.0429208090585194,912,11,0.8884502877862838,0
744,6,1,7,1.130458566562905,701,11,0.9431945538974952,0
580,6,1,7,0.9911939523513824,821,11,0.8884502877862838,0
542,6,1,10,1.1264795775854328,668,11,0.9431945538974952,0
609,5,1,10,0.979256985418966,890,11,0.8884502877862838,0
718,6,1,10,0.859887316094804,1086,11,0.9431945538974952,0
615,5,1,10,1.130458566562905,772,11,0.9431945538974952,0
701,6,1,7,1.1105636216755446,669,11,0.9431945538974952,0
741,5,1,7,1.046899798035991,1040,11,0.9431945538974952,0
498,6,1,7,1.0946476657656563,823,11,0.9431945538974952,0
894,5,1,7,1.1065846326980726,761,11,0.8884502877862838,0
654,6,1,7,0.9315091176893012,980,11,0.9431945538974952,0
586,6,1,10,1.0986266547431285,831,11,0.9431945538974952,0
718,6,1,10,0.9991519303063264,946,11,0.8884502877862838,0
560,5,1,7,1.1543325004277374,709,11,0.8884502877862838,0
614,6,1,7,1.2458492469095952,774,11,0.9431945538974952,0
761,6,1,10,0.9911939523513824,907,11,0.9431945538974952,0
544,5,1,7,1.1423955334953213,694,11,0.8884502877862838,0
725,5,1,7,0.9832359743964384,883,11,0.8884502877862838,0
615,6,1,7,1.0548577759909357,806,11,0.8884502877862838,0
668,5,1,7,1.046899798035991,908,11,0.9431945538974952,0
723,6,1,10,1.0429208090585194,880,11,0.8884502877862838,0
602,6,1,10,1.0946476657656563,848,11,0.8884502877862838,0
651,5,1,10,1.0986266547431285,757,11,0.9431945538974952,0
640,6,1,10,0.9911939523513824,992,11,0.8884502877862838,0
655,6,1,7,1.1145426106530167,832,11,0.9431945538974952,0
471,6,1,10,1.1583114894052096,733,11,0.9431945538974952,0
677,5,1,7,1.074752720878296,901,11,0.9431945538974952,0
514,6,1,7,0.9911939523513824,896,11,0.8884502877862838,0
672,5,1,7,1.0389418200810472,869,11,0.8884502877862838,0
574,6,1,10,1.0389418200810472,832,11,0.8884502877862838,0
757,5,1,10,0.919572150756885,983,11,0.8884502877862838,0
516,6,1,10,1.130458566562905,842,11,0.8884502877862838,0
798,6,1,10,1.0588367649684076,775,11,0.8884502877862838,0
595,5,1,10,1.0389418200810472,841,11,0.8884502877862838,0
492,5,1,10,1.0986266547431285,902,11,0.8884502877862838,0
543,5,1,10,1.0389418200810472,920,11,0.8884502877862838,0
629,6,1,10,1.090668676788184,813,11,0.9431945538974952,0
497,5,1,10,1.1662694673601537,668,11,0.8884502877862838,0
772,6,1,7,0.963341029509078,1059,11,0.9431945538974952,0
785,6,1,7,1.0150678862162148,941,11,0.9431945538974952,0
687,5,1,7,1.0667947429233515,883,11,0.9431945538974952,0
696,6,1,7,1.08271069883324,855,11,0.9431945538974952,0
525,5,1,7,1.027004853148631,802,11,0.9431945538974952,0
570,5,1,7,1.090668676788184,824,11,0.9431945538974952,0
774,6,1,10,1.0508787870134637,1001,11,0.9431945538974952,0
804,5,1,7,1.074752720878296,820,11,0.8884502877862838,0
693,6,1,10,1.0548577759909357,743,11,0.8884502877862838,0
801,6,1,10,1.0150678862162148,903,11,0.9431945538974952,0
640,5,1,7,1.070773731900824,666,11,0.9431945538974952,0
761,5,1,10,1.0667947429233515,830,11,0.9431945538974952,0
703,6,1,10,1.023025864171159,859,11,0.9431945538974952,0
665,5,1,10,1.0588367649684076,897,11,0.9431945538974952,0
685,6,1,10,1.0389418200810472,876,11,0.8884502877862838,0
633,5,1,7,1.1185215996304887,857,11,0.9431945538974952,0
730,5,1,7,1.078731709855768,781,11,0.8884502877862838,0
669,5,1,7,0.9911939523513824,849,11,0.8884502877862838,0
758,6,1,10,1.0588367649684076,829,11,0.9431945538974952,0
627,5,1,10,1.1543325004277374,602,11,0.9431945538974952,0
711,6,1,10,1.007109908261271,938,11,0.9431945538974952,0
584,6,1,7,1.0866896878107122,822,11,0.8884502877862838,0
491,6,1,7,1.0667947429233515,815,11,0.9431945538974952,0
681,6,1,10,1.0588367649684076,982,11,0.9431945538974952,0
585,5,1,10,1.1264795775854328,789,11,0.9431945538974952,0
524,6,1,10,1.0508787870134637,893,11,0.8884502877862838,0
854,5,1,10,0.9951729413288544,984,11,0.8884502877862838,0
791,6,1,10,1.078731709855768,834,11,0.8884502877862838,0
740,5,1,10,1.027004853148631,778,11,0.8884502877862838,0
613,6,1,10,1.1702484563376256,754,11,0.9431945538974952,0
621,5,1,10,1.0389418200810472,844,11,0.9431945538974952,0
805,6,1,10,1.019046875193687,893,11,0.9431945538974952,0
619,6,1,7,0.979256985418966,905,11,0.9431945538974952,0
601,6,1,10,1.074752720878296,890,11,0.8884502877862838,0
556,5,1,10,0.9911939523513824,744,11,0.8884502877862838,0
649,5,1,10,1.1423955334953213,746,11,0.8884502877862838,0
708,6,1,10,1.078731709855768,836,11,0.9431945538974952,0
614,6,1,7,1.0150678862162148,952,11,0.9431945538974952,0
598,5,1,10,1.090668676788184,877,11,0.8884502877862838,0
691,6,1,7,1.0389418200810472,937,11,0.8884502877862838,0
683,6,1,7,0.9991519303063264,854,11,0.8884502877862838,0
713,6,1,10,1.1065846326980726,894,11,0.9431945538974952,0
603,6,1,10,1.1105636216755446,756,11,0.8884502877862838,0
541,5,1,7,1.1583114894052096,825,11,0.9431945538974952,0
615,6,1,10,1.08271069883324,832,11,0.9431945538974952,0
606,5,1,7,1.030983842126103,844,11,0.9431945538974952,0
922,5,1,7,0.971299007464022,931,11,0.8884502877862838,0
742,5,1,7,1.0110888972387428,933,11,0.9431945538974952,0
854,5,1,7,0.8996772058695247,1130,11,0.8884502877862838,0
518,6,1,7,0.963341029509078,800,11,0.8884502877862838,0
720,5,1,10,1.1105636216755446,728,11,0.8884502877862838,0
615,6,1,7,0.9991519303063264,929,11,0.8884502877862838,0
634,5,1,10,1.019046875193687,866,11,0.8884502877862838,0
649,6,1,7,1.0548577759909357,827,11,0.9431945538974952,0
422,5,1,10,1.1742274453150978,711,11,0.8884502877862838,0
788,6,1,7,1.0667947429233515,775,11,0.9431945538974952,0
541,5,1,7,1.1384165445178491,764,11,0.9431945538974952,0
598,6,1,10,1.007109908261271,945,11,0.9431945538974952,0
514,5,1,7,1.0946476657656563,861,11,0.9431945538974952,0
626,6,1,10,1.078731709855768,728,11,0.8884502877862838,0
816,6,1,10,1.027004853148631,878,11,0.8884502877862838,0
580,5,1,10,1.1463745224727933,808,11,0.8884502877862838,0
673,5,1,10,1.0548577759909357,819,11,0.8884502877862838,0
642,5,1,10,1.08271069883324,762,11,0.9431945538974952,0
622,5,1,7,0.971299007464022,951,11,0.9431945538974952,0
732,5,1,10,0.975277996441494,1063,11,0.9431945538974952,0
827,6,1,7,0.971299007464022,951,11,0.9431945538974952,0
711,6,1,7,1.1065846326980726,697,11,0.8884502877862838,0
638,5,1,7,0.9514040625766615,1073,11,0.8884502877862838,0
639,6,1,7,1.1065846326980726,832,11,0.9431945538974952,0
652,5,1,10,1.1105636216755446,736,11,0.9431945538974952,0
717,6,1,10,1.0667947429233515,722,11,0.9431945538974952,0
530,6,1,7,1.2219753130447626,573,11,0.9431945538974952,0
705,6,1,7,1.0946476657656563,747,11,0.9431945538974952,0
507,6,1,10,1.070773731900824,819,11,0.8884502877862838,0
569,6,1,7,1.08271069883324,856,11,0.8884502877862838,0
539,5,1,10,1.1105636216755446,721,11,0.9431945538974952,0
579,6,1,10,1.023025864171159,829,11,0.9431945538974952,0
792,6,1,10,0.9832359743964384,932,11,0.9431945538974952,0
523,5,1,10,1.1065846326980726,825,11,0.9431945538974952,0
732,5,1,10,1.0508787870134637,793,11,0.9431945538974952,0
646,5,1,10,1.070773731900824,669,11,0.8884502877862838,0
786,5,1,10,1.046899798035991,946,11,0.8884502877862838,0
570,5,1,7,1.1145426106530167,743,11,0.9431945538974952,0
789,6,5,7,0.8280554042750273,966,8,1.804272708628173,1
829,2,5,7,0.1516272781047747,1024,8,0.9431945538974952,1
519,2,5,7,0.6808328121085606,932,8,1.804272708628173,1
658,2,5,7,0.975277996441494,824,8,0.9431945538974952,1
837,2,5,7,0.1476482891273027,1016,8,0.9431945538974952,1
704,6,5,7,0.7086857349508652,863,8,0.9431945538974952,1
716,6,5,7,0.5654421317618704,1013,8,0.9431945538974952,1
635,6,5,7,0.7842865255228345,815,8,1.804272708628173,1
680,2,5,7,0.6967487680184489,975,8,1.804272708628173,1
729,2,5,7,0.6131899994915354,940,8,1.804272708628173,1
686,2,5,7,0.5495261758519822,970,8,0.9431945538974952,1
746,2,5,7,0.7007277569959209,960,8,0.9431945538974952,1
703,6,5,7,0.2789549253838811,991,8,1.804272708628173,1
739,2,5,7,0.5495261758519822,956,8,0.9431945538974952,1
625,2,5,7,0.7166437129058093,854,8,0.9431945538974952,1
736,6,5,7,0.5853370766492308,1064,8,1.804272708628173,1
662,6,5,7,1.0389418200810472,827,8,1.804272708628173,1
695,6,5,7,0.8280554042750273,923,8,0.9431945538974952,1
734,6,5,7,0.3187448151586018,978,8,0.9431945538974952,1
650,6,5,7,0.8797822609821643,831,8,1.804272708628173,1
733,6,5,7,0.4739253852800127,978,8,1.804272708628173,1
807,2,5,7,0.7882655145003066,965,8,0.9431945538974952,1
647,2,5,7,1.090668676788184,848,8,1.804272708628173,1
731,2,5,7,0.652979889266256,956,8,1.804272708628173,1
575,2,5,7,0.7842865255228345,939,8,1.804272708628173,1
726,6,5,7,0.5853370766492308,931,8,1.804272708628173,1
746,6,5,7,0.6052320215365912,948,8,1.804272708628173,1
706,2,5,7,0.649000900288784,927,8,0.9431945538974952,1
747,2,5,7,0.2312070576542162,1046,8,0.9431945538974952,1
747,6,5,7,0.4301565065278199,944,8,0.9431945538974952,1
555,6,5,7,0.7723495585904183,918,8,0.9431945538974952,1
568,2,5,7,1.0429208090585194,779,8,1.804272708628173,1
675,2,5,7,0.3585347049333226,974,8,0.9431945538974952,1
865,6,5,7,0.7246016908607534,977,8,0.9431945538974952,1
863,2,5,7,0.3744506608432109,975,8,0.9431945538974952,1
673,6,5,7,0.4221985285728758,996,8,1.804272708628173,1
750,6,5,7,0.649000900288784,889,8,1.804272708628173,1
528,6,5,7,1.134437555540377,879,8,0.9431945538974952,1
713,2,5,7,0.6649168561986724,986,8,1.804272708628173,1
748,2,5,7,0.5535051648294542,946,8,1.804272708628173,1
568,6,5,7,0.6967487680184489,920,8,0.9431945538974952,1
642,2,5,7,0.9991519303063264,875,8,0.9431945538974952,1
574,6,5,7,0.9116141728019408,888,8,0.9431945538974952,1
840,6,5,7,0.6967487680184489,961,8,1.804272708628173,1
588,6,5,7,0.752454613703058,957,8,1.804272708628173,1
810,2,5,7,0.6728748341536165,1020,8,1.804272708628173,1
670,2,5,7,0.434135495505292,1019,8,0.9431945538974952,1
599,2,5,7,1.08271069883324,844,8,1.804272708628173,1
582,2,5,7,0.6092110105140632,897,8,0.9431945538974952,1
830,2,5,7,0.1237743552624702,1078,8,1.804272708628173,1
629,6,5,7,0.8877402389371084,874,8,0.9431945538974952,1
880,2,5,7,0.8002024814327229,988,8,0.9431945538974952,1
770,2,5,7,0.485862352212429,986,8,0.9431945538974952,1
670,6,5,7,0.6171689884690075,874,8,0.9431945538974952,1
702,6,5,7,0.6808328121085606,898,8,0.9431945538974952,1
691,2,5,7,0.6131899994915354,887,8,1.804272708628173,1
663,2,5,7,0.6330849443788957,966,8,1.804272708628173,1
860,2,5,7,0.9593620405316058,876,8,1.804272708628173,1
630,6,5,7,0.7604125916580021,857,8,1.804272708628173,1
608,2,5,7,1.1145426106530167,876,8,1.804272708628173,1
691,2,5,7,0.963341029509078,926,8,0.9431945538974952,1
703,2,5,7,0.4182195395954037,1054,8,0.9431945538974952,1
600,2,5,7,0.6927697790409768,997,8,1.804272708628173,1
753,2,5,7,0.915593161779413,828,8,1.804272708628173,1
696,2,5,7,0.8360133822299715,906,8,0.9431945538974952,1
628,6,5,7,0.6370639333563678,955,8,1.804272708628173,1
588,2,5,7,0.96732001848655,920,8,0.9431945538974952,1
756,2,5,7,0.4062825726629875,1082,8,0.9431945538974952,1
716,6,5,7,0.6092110105140632,1023,8,0.9431945538974952,1
642,2,5,7,0.6211479774464795,892,8,1.804272708628173,1
698,2,5,7,0.8320343932524994,892,8,1.804272708628173,1
686,2,5,7,0.6450219113113119,930,8,1.804272708628173,1
530,6,5,7,0.9434460846217176,865,8,1.804272708628173,1
746,2,5,7,0.7007277569959209,985,8,1.804272708628173,1
794,2,5,7,0.5495261758519822,998,8,0.9431945538974952,1
803,2,5,7,0.7047067459733931,969,8,1.804272708628173,1
792,2,5,7,0.8956982168920526,856,8,0.9431945538974952,1
631,6,5,7,0.96732001848655,833,8,0.9431945538974952,1
826,2,5,7,0.4500514514151803,911,8,0.9431945538974952,1
743,6,5,7,0.2431440245866324,1059,8,0.9431945538974952,1
614,2,5,7,0.7405176467706417,949,8,1.804272708628173,1
623,2,5,7,0.5137152750547335,1062,8,1.804272708628173,1
783,2,5,7,0.4779043742574848,952,8,1.804272708628173,1
658,6,5,7,0.7484756247255858,924,8,1.804272708628173,1
543,6,5,7,1.0508787870134637,830,8,1.804272708628173,1
676,2,5,7,0.7604125916580021,976,8,1.804272708628173,1
612,2,5,7,0.8996772058695247,886,8,0.9431945538974952,1
734,6,5,7,0.5296312309646218,982,8,0.9431945538974952,1
936,2,5,7,0.0640895206003891,1104,8,0.9431945538974952,1
672,2,5,7,0.5017783081223173,1017,8,0.9431945538974952,1
608,6,5,7,0.6848118010860327,861,8,1.804272708628173,1
626,6,5,7,0.5574841538069263,1012,8,1.804272708628173,1
787,6,5,7,0.6330849443788957,962,8,0.9431945538974952,1
628,2,5,7,0.8280554042750273,929,8,0.9431945538974952,1
721,6,5,7,1.030983842126103,866,8,0.9431945538974952,1
858,2,5,7,0.6092110105140632,1004,8,1.804272708628173,1
648,2,5,7,0.7246016908607534,929,8,1.804272708628173,1
837,2,5,7,0.3863876277756271,1068,8,0.9431945538974952,1
600,6,5,7,0.8161184373426111,854,8,0.9431945538974952,1
697,2,5,7,0.6370639333563678,901,8,1.804272708628173,1
628,6,5,7,0.8360133822299715,863,8,1.804272708628173,1
654,2,5,7,0.7206227018832814,946,8,0.9431945538974952,1
730,6,5,7,0.752454613703058,1042,8,0.9431945538974952,1
630,2,5,7,0.6728748341536165,884,8,0.9431945538974952,1
891,2,5,7,0.1874381789020234,945,8,1.804272708628173,1
846,6,5,7,0.6171689884690075,1059,8,0.9431945538974952,1
794,2,5,7,0.485862352212429,987,8,0.9431945538974952,1
704,2,5,7,1.1264795775854328,768,8,0.9431945538974952,1
814,6,5,7,0.5017783081223173,946,8,0.9431945538974952,1
835,6,5,7,0.2988498702712415,1130,8,0.9431945538974952,1
744,6,5,7,0.2908918923162973,974,8,1.804272708628173,1
634,2,5,7,0.8519293381398598,881,8,1.804272708628173,1
622,6,5,7,0.8479503491623878,916,8,0.9431945538974952,1
615,2,5,7,0.541568197897038,941,8,0.9431945538974952,1
670,2,5,7,0.485862352212429,976,8,0.9431945538974952,1
652,6,5,7,0.8280554042750273,898,8,1.804272708628173,1
816,2,5,7,0.4619884183475966,1048,8,0.9431945538974952,1
723,6,5,7,0.8439713601849157,826,8,0.9431945538974952,1
572,6,5,7,0.971299007464022,785,8,1.804272708628173,1
781,6,5,7,0.8797822609821643,899,8,1.804272708628173,1
553,2,5,7,0.7086857349508652,847,8,1.804272708628173,1
783,2,5,7,0.7922445034777786,904,8,1.804272708628173,1
779,2,5,7,0.6808328121085606,979,8,0.9431945538974952,1
829,2,5,7,0.2908918923162973,1041,8,0.9431945538974952,1
696,6,5,7,0.5813580876717588,1007,8,0.9431945538974952,1
672,2,5,7,0.6728748341536165,868,8,0.9431945538974952,1
805,6,5,7,0.6848118010860327,905,8,0.9431945538974952,1
826,6,5,7,0.378429649820683,987,8,1.804272708628173,1
529,2,5,7,0.7643915806354742,914,8,1.804272708628173,1
733,6,5,7,0.8002024814327229,941,8,0.9431945538974952,1
680,6,5,7,0.863866305072276,895,8,1.804272708628173,1
594,2,5,7,0.7325596688156976,885,8,0.9431945538974952,1
696,6,5,7,0.4938203301673731,957,8,0.9431945538974952,1
637,6,5,7,0.7803075365453624,1022,8,0.9431945538974952,1
594,2,5,7,1.0110888972387428,781,8,1.804272708628173,1
656,6,5,7,0.9593620405316058,915,8,1.804272708628173,1
865,2,5,7,0.4818833632349569,1014,8,1.804272708628173,1
792,2,5,7,0.808160459387667,871,8,1.804272708628173,1
567,2,5,7,0.7086857349508652,889,8,1.804272708628173,1
743,6,5,7,0.7047067459733931,961,8,0.9431945538974952,1
628,2,5,7,0.9593620405316058,929,8,1.804272708628173,1
724,6,5,7,1.1225005886079609,787,8,1.804272708628173,1
688,2,5,7,0.652979889266256,1037,8,1.804272708628173,1
738,6,5,7,0.5455471868745101,1016,8,1.804272708628173,1
799,2,5,7,0.4659674073250686,958,8,1.804272708628173,1
744,6,5,7,0.4619884183475966,998,8,1.804272708628173,1
707,2,5,7,0.5694211207393426,998,8,1.804272708628173,1
547,2,5,7,0.7922445034777786,941,8,1.804272708628173,1
560,6,5,7,1.070773731900824,802,8,0.9431945538974952,1
755,2,5,7,0.5057572970997893,987,8,0.9431945538974952,1
815,6,5,7,0.5176942640322055,1018,8,1.804272708628173,1
648,2,5,7,0.6967487680184489,853,8,0.9431945538974952,1
729,6,5,7,0.4381144844827641,878,8,1.804272708628173,1
689,6,5,7,0.8360133822299715,975,8,0.9431945538974952,1
779,2,5,7,0.7763285475678904,993,8,1.804272708628173,1
788,6,5,7,0.649000900288784,1027,8,0.9431945538974952,1
716,6,5,7,0.5773790986942867,911,8,0.9431945538974952,1
773,2,5,7,0.5256522419871498,953,8,1.804272708628173,1
661,2,5,7,0.8360133822299715,863,8,0.9431945538974952,1
704,2,5,7,0.7007277569959209,952,8,0.9431945538974952,1
723,6,5,7,0.7365386577931696,942,8,1.804272708628173,1
658,6,5,7,0.6211479774464795,1006,8,1.804272708628173,1
672,2,5,7,0.4699463963025407,1010,8,0.9431945538974952,1
795,2,5,7,0.5455471868745101,1020,8,0.9431945538974952,1
650,2,5,7,0.7047067459733931,890,8,0.9431945538974952,1
718,2,5,7,0.4500514514151803,1023,8,1.804272708628173,1
750,2,5,7,0.9593620405316058,928,8,1.804272708628173,1
709,2,5,7,0.593295054604175,988,8,1.804272708628173,1
674,6,5,7,0.8240764152975553,864,8,1.804272708628173,1
674,2,5,7,0.6052320215365912,987,8,1.804272708628173,1
686,6,5,7,0.541568197897038,1067,8,1.804272708628173,1
639,2,5,7,0.8002024814327229,899,8,0.9431945538974952,1
861,6,5,7,0.1197953662849981,1090,8,0.9431945538974952,1
691,6,5,7,0.8559083271173319,916,8,1.804272708628173,1
621,2,5,7,0.7007277569959209,920,8,0.9431945538974952,1
838,6,5,7,0.4699463963025407,981,8,1.804272708628173,1
620,2,5,7,0.752454613703058,815,8,1.804272708628173,1
751,2,5,7,0.6688958451761444,950,8,0.9431945538974952,1
575,2,5,7,0.6052320215365912,894,8,1.804272708628173,1
783,6,5,7,0.5216732530096777,940,8,0.9431945538974952,1
776,6,5,7,0.6927697790409768,957,8,0.9431945538974952,1
622,6,5,7,0.9474250735991896,830,8,0.9431945538974952,1
766,6,5,7,0.5256522419871498,1026,8,1.804272708628173,1
784,2,5,7,0.6251269664239516,931,8,0.9431945538974952,1
819,2,5,7,0.2869129033388253,1077,8,1.804272708628173,1
711,6,5,7,0.6012530325591191,903,8,1.804272708628173,1
692,2,5,7,0.5574841538069263,906,8,1.804272708628173,1
893,6,5,7,0.6370639333563678,938,8,0.9431945538974952,1
749,2,5,7,0.6887907900635047,943,8,1.804272708628173,1
738,2,5,7,0.5893160656267029,984,8,1.804272708628173,1
718,6,5,7,0.5694211207393426,995,8,0.9431945538974952,1
660,2,5,7,0.8559083271173319,877,8,0.9431945538974952,1
695,6,5,7,1.1622904783826815,887,8,1.804272708628173,1
496,6,5,7,0.9832359743964384,852,8,0.9431945538974952,1
818,2,5,7,0.4739253852800127,949,8,0.9431945538974952,1
789,6,5,7,0.5773790986942867,950,8,1.804272708628173,1
674,6,5,7,1.186164412247514,820,8,0.9431945538974952,1
692,6,5,7,0.8996772058695247,811,8,1.804272708628173,1
656,6,5,7,0.6569588782437281,851,8,0.9431945538974952,1
671,6,5,7,0.4898413411899011,973,8,1.804272708628173,1
734,6,5,7,0.7803075365453624,910,8,1.804272708628173,1
731,6,5,7,0.6927697790409768,979,8,1.804272708628173,1
737,2,5,7,0.8399923712074435,931,8,1.804272708628173,1
652,2,5,7,0.859887316094804,870,8,0.9431945538974952,1
715,6,5,7,0.7723495585904183,963,8,0.9431945538974952,1
819,2,5,7,0.4699463963025407,1040,8,1.804272708628173,1
684,6,5,7,0.6211479774464795,959,8,0.9431945538974952,1
609,2,5,7,0.6848118010860327,936,8,1.804272708628173,1
674,6,5,7,0.7325596688156976,951,8,1.804272708628173,1
744,6,5,7,0.3704716718657388,948,8,0.9431945538974952,1
696,6,5,7,0.6410429223338399,980,8,1.804272708628173,1
733,2,5,7,0.4977993191448452,981,8,0.9431945538974952,1
804,2,5,7,0.8479503491623878,779,8,0.9431945538974952,1
834,2,5,7,0.5017783081223173,990,8,1.804272708628173,1
714,2,5,7,0.7683705696129463,884,8,1.804272708628173,1
709,2,5,7,0.7683705696129463,866,8,1.804272708628173,1
665,6,5,7,0.6927697790409768,858,8,1.804272708628173,1
635,2,5,7,0.5455471868745101,936,8,1.804272708628173,1
701,2,5,7,0.597274043581647,920,8,0.9431945538974952,1
673,6,5,7,1.0667947429233515,901,8,0.9431945538974952,1
878,6,5,7,0.3744506608432109,1125,8,1.804272708628173,1
630,2,5,7,0.7604125916580021,871,8,1.804272708628173,1
549,6,5,7,0.4500514514151803,973,8,0.9431945538974952,1
729,6,5,7,0.7564336026805301,970,8,0.9431945538974952,1
675,2,5,7,0.8280554042750273,918,8,0.9431945538974952,1
734,2,5,7,0.5057572970997893,944,8,1.804272708628173,1
684,2,5,7,0.7842865255228345,874,8,0.9431945538974952,1
621,2,5,7,0.8280554042750273,927,8,1.804272708628173,1
644,2,5,7,0.7643915806354742,956,8,1.804272708628173,1
666,6,5,7,0.8479503491623878,848,8,0.9431945538974952,1
745,6,5,7,0.7723495585904183,904,8,0.9431945538974952,1
648,2,5,7,0.6768538231310886,938,8,0.9431945538974952,1
800,2,5,7,0.4938203301673731,1089,8,1.804272708628173,1
832,2,5,7,0.7246016908607534,1034,8,1.804272708628173,1
749,2,5,7,0.3465977380009064,1009,8,1.804272708628173,1
653,2,5,7,0.5495261758519822,930,8,0.9431945538974952,1
776,2,5,7,0.4699463963025407,955,8,1.804272708628173,1
757,6,5,7,0.7564336026805301,985,8,1.804272708628173,1
624,2,5,7,0.752454613703058,956,8,1.804272708628173,1
659,2,5,7,0.8479503491623878,877,8,0.9431945538974952,1
906,2,5,7,0.5654421317618704,1038,8,0.9431945538974952,1
535,6,5,7,0.9514040625766615,833,8,0.9431945538974952,1
843,2,5,7,0.6450219113113119,946,8,0.9431945538974952,1
672,2,5,7,0.7962234924552508,998,8,1.804272708628173,1
741,2,5,7,0.6211479774464795,914,8,0.9431945538974952,1
811,6,5,7,0.3306817820910181,968,8,0.9431945538974952,1
760,2,5,7,0.3704716718657388,981,8,0.9431945538974952,1
857,6,5,7,0.5893160656267029,1014,8,1.804272708628173,1
692,2,5,7,0.6927697790409768,991,8,0.9431945538974952,1
657,2,5,7,0.7683705696129463,933,8,0.9431945538974952,1
882,2,5,7,0.2232490796992721,1111,8,1.804272708628173,1
790,2,5,7,0.863866305072276,827,8,0.9431945538974952,1
737,6,5,7,0.5853370766492308,976,8,1.804272708628173,1
571,6,5,7,0.6967487680184489,922,8,0.9431945538974952,1
576,2,5,7,0.7683705696129463,881,8,0.9431945538974952,1
638,6,5,7,0.7564336026805301,982,8,0.9431945538974952,1
718,6,5,7,0.5773790986942867,980,8,0.9431945538974952,1
633,6,5,7,0.5176942640322055,851,8,1.804272708628173,1
710,2,5,7,0.7126647239283372,1014,8,0.9431945538974952,1
571,2,5,7,1.046899798035991,860,8,0.9431945538974952,1
625,2,5,7,0.6171689884690075,858,8,1.804272708628173,1
684,6,5,7,0.8519293381398598,958,8,1.804272708628173,1
735,6,5,7,0.5813580876717588,975,8,1.804272708628173,1
744,6,5,7,0.8121394483651391,981,8,1.804272708628173,1
589,6,5,7,0.7126647239283372,907,8,1.804272708628173,1
664,6,5,7,0.8161184373426111,948,8,0.9431945538974952,1
769,6,5,7,0.919572150756885,852,8,1.804272708628173,1
657,2,5,7,0.5057572970997893,1014,8,0.9431945538974952,1
773,6,5,7,0.6092110105140632,974,8,0.9431945538974952,1
906,2,5,7,0.4023035836855154,940,8,0.9431945538974952,1
684,6,5,7,0.9354881066667734,931,8,1.804272708628173,1
673,6,5,7,0.975277996441494,830,8,0.9431945538974952,1
584,6,5,7,0.7325596688156976,959,8,0.9431945538974952,1
678,6,5,7,0.6251269664239516,884,8,1.804272708628173,1
648,6,5,7,0.971299007464022,856,8,1.804272708628173,1
708,6,5,7,0.752454613703058,924,8,0.9431945538974952,1
729,2,5,7,0.5455471868745101,937,8,1.804272708628173,1
588,2,5,7,0.6808328121085606,940,8,1.804272708628173,1
643,2,5,7,0.8320343932524994,932,8,1.804272708628173,1
778,6,5,7,0.6251269664239516,936,8,1.804272708628173,1
705,6,5,7,0.6251269664239516,973,8,1.804272708628173,1
677,2,5,7,0.8559083271173319,920,8,0.9431945538974952,1
741,6,5,7,0.652979889266256,899,8,1.804272708628173,1
698,6,5,7,0.7842865255228345,933,8,0.9431945538974952,1
666,2,5,7,0.8161184373426111,907,8,0.9431945538974952,1
610,6,5,7,0.7246016908607534,952,8,0.9431945538974952,1
534,2,5,7,0.859887316094804,867,8,0.9431945538974952,1
672,6,5,7,0.8678452940497481,873,8,1.804272708628173,1
646,6,5,7,0.971299007464022,814,8,0.9431945538974952,1
679,6,5,7,0.6848118010860327,898,8,0.9431945538974952,1
634,2,5,7,0.9275301287118292,883,8,1.804272708628173,1
755,2,5,7,0.6330849443788957,958,8,1.804272708628173,1
529,6,5,7,0.5017783081223173,976,8,1.804272708628173,1
795,6,5,7,0.541568197897038,939,8,0.9431945538974952,1
777,6,5,7,0.5535051648294542,951,8,1.804272708628173,1
736,2,5,7,0.6808328121085606,979,8,0.9431945538974952,1
741,2,5,7,0.8121394483651391,935,8,0.9431945538974952,1
682,6,5,7,0.6967487680184489,913,8,0.9431945538974952,1
745,6,5,7,0.6410429223338399,1017,8,1.804272708628173,1
681,6,5,7,0.5813580876717588,900,8,0.9431945538974952,1
654,6,5,7,0.8200974263200832,914,8,1.804272708628173,1
676,2,5,7,0.6609378672212003,954,8,0.9431945538974952,1
813,6,5,7,0.9832359743964384,897,8,1.804272708628173,1
705,2,5,7,0.5654421317618704,979,8,0.9431945538974952,1
617,2,5,7,0.7962234924552508,890,8,0.9431945538974952,1
616,6,5,7,0.8718242830272201,941,8,0.9431945538974952,1
677,2,5,7,0.5455471868745101,919,8,0.9431945538974952,1
532,6,5,7,1.074752720878296,868,8,1.804272708628173,1
614,2,5,7,0.7325596688156976,885,8,0.9431945538974952,1
738,6,5,7,0.4699463963025407,1004,8,1.804272708628173,1
725,6,5,7,0.7365386577931696,897,8,0.9431945538974952,1
680,2,5,7,0.7604125916580021,897,8,1.804272708628173,1
692,6,5,7,0.7842865255228345,977,8,0.9431945538974952,1
745,6,5,7,0.6410429223338399,1018,8,1.804272708628173,1
810,6,5,7,0.7643915806354742,926,8,1.804272708628173,1
691,2,5,7,0.9911939523513824,862,8,1.804272708628173,1
724,2,5,7,0.5176942640322055,991,8,1.804272708628173,1
791,2,5,7,0.2351860466316883,1036,8,1.804272708628173,1
634,2,5,7,0.7604125916580021,932,8,1.804272708628173,1
670,6,5,7,0.6450219113113119,998,8,0.9431945538974952,1
570,6,5,7,0.8917192279145806,896,8,1.804272708628173,1
806,6,5,7,0.6052320215365912,914,8,1.804272708628173,1
781,6,5,7,0.5614631427843984,1053,8,0.9431945538974952,1
825,2,5,7,0.485862352212429,1037,8,0.9431945538974952,1
750,6,5,7,0.3386397600459622,1003,8,0.9431945538974952,1
729,6,5,7,0.6768538231310886,911,8,1.804272708628173,1
721,2,5,7,0.7683705696129463,961,8,1.804272708628173,1
654,2,5,7,0.7683705696129463,912,8,1.804272708628173,1
759,2,5,7,0.382408638798155,1073,8,1.804272708628173,1
657,6,5,7,0.6609378672212003,944,8,1.804272708628173,1
808,6,5,7,0.4580094293701244,971,8,1.804272708628173,1
525,6,5,7,0.7922445034777786,926,8,1.804272708628173,1
721,6,5,7,0.4420934734602362,944,8,1.804272708628173,1
769,6,5,7,0.5455471868745101,1001,8,1.804272708628173,1
741,6,5,7,0.6410429223338399,1074,8,0.9431945538974952,1
682,2,5,7,0.8479503491623878,903,8,0.9431945538974952,1
709,6,5,7,0.6688958451761444,958,8,0.9431945538974952,1
690,2,5,7,0.485862352212429,954,8,1.804272708628173,1
591,6,5,7,0.652979889266256,840,8,0.9431945538974952,1
779,2,5,7,0.8200974263200832,965,8,1.804272708628173,1
680,6,5,7,0.5893160656267029,974,8,0.9431945538974952,1
670,6,5,7,0.7047067459733931,946,8,0.9431945538974952,1
647,6,5,7,0.8280554042750273,868,8,0.9431945538974952,1
719,2,5,7,0.8519293381398598,797,8,0.9431945538974952,1
811,6,5,7,0.6927697790409768,893,8,1.804272708628173,1
760,6,5,7,0.752454613703058,970,8,1.804272708628173,1
748,2,5,7,0.3903666167530992,977,8,0.9431945538974952,1
640,6,5,7,0.6649168561986724,922,8,1.804272708628173,1
771,6,5,7,0.7444966357481138,963,8,1.804272708628173,1
680,2,5,7,0.4938203301673731,1021,8,1.804272708628173,1
577,6,5,7,0.6330849443788957,977,8,0.9431945538974952,1
669,2,5,7,0.7365386577931696,816,8,1.804272708628173,1
717,2,5,7,0.8837612499596363,853,8,1.804272708628173,1
55,2,0,5,0.3417673551017623,201,12,0.8884502877862838,1
153,1,0,5,0.4571580354484525,230,12,0.8884502877862838,1
135,1,0,5,0.2223976857776001,264,12,0.9431945538974952,1
158,2,0,11,1.0977752608214564,276,12,0.8884502877862838,1
121,1,0,5,0.5566327598852544,230,12,0.8884502877862838,1
201,2,0,11,1.0181954812720149,252,12,0.9431945538974952,1
182,2,0,11,0.4850109582907571,225,12,0.9431945538974952,1
176,2,0,5,0.5645907378401985,234,12,0.9431945538974952,1
184,2,0,5,0.7754771536462185,273,12,0.9431945538974952,1
167,2,0,11,1.2052079632132024,240,12,0.8884502877862838,1
117,1,0,5,0.3298303881693462,219,12,0.8884502877862838,1
169,2,0,5,0.807309065465995,268,12,0.9431945538974952,1
91,1,0,11,0.2940194873720975,226,12,0.9431945538974952,1
174,2,0,11,1.0699223379791518,266,12,0.8884502877862838,1
212,1,0,5,0.7595611977363301,237,12,0.8884502877862838,1
249,2,0,11,0.807309065465995,283,12,0.8884502877862838,1
188,1,0,11,0.5088848921555895,255,12,0.8884502877862838,1
196,2,0,5,0.859035922173132,270,12,0.8884502877862838,1
148,1,0,11,0.4571580354484525,258,12,0.9431945538974952,1
140,1,0,11,0.3576833110116507,225,12,0.8884502877862838,1
159,2,0,5,1.3763044892445015,331,12,0.9431945538974952,1
171,1,0,5,0.64417051738964,285,12,0.9431945538974952,1
193,1,0,11,0.6322335504572237,223,12,0.9431945538974952,1
195,1,0,11,0.9983005363846544,274,12,0.9431945538974952,1
133,2,0,5,0.536737814997894,278,12,0.9431945538974952,1
154,2,0,11,0.5924436606825031,217,12,0.9431945538974952,1
90,1,0,5,0.3465977380009064,203,12,0.8884502877862838,1
145,1,0,5,0.2383136416874884,216,12,0.8884502877862838,1
95,2,0,11,0.1030280164534379,218,12,0.9431945538974952,1
130,1,0,11,0.4690950023808687,241,12,0.8884502877862838,1
217,1,0,5,0.6640654622770004,277,12,0.8884502877862838,1
197,1,0,5,0.751603219781386,277,12,0.9431945538974952,1
148,2,0,5,0.8112880544434671,211,12,0.8884502877862838,1
202,2,0,11,0.1189439723633262,205,12,0.8884502877862838,1
143,1,0,11,0.5964226496599752,259,12,0.9431945538974952,1
88,1,0,11,0.2940194873720975,197,12,0.8884502877862838,1
197,1,0,5,0.2223976857776001,219,12,0.9431945538974952,1
136,1,0,11,0.2582085865748488,207,12,0.8884502877862838,1
176,2,0,11,0.5645907378401985,265,12,0.9431945538974952,1
162,2,0,5,0.3059564543045137,221,12,0.9431945538974952,1
153,2,0,11,0.7317082748940257,233,12,0.9431945538974952,1
189,1,0,5,0.6521284953445842,244,12,0.8884502877862838,1
165,2,0,11,0.1030280164534379,222,12,0.9431945538974952,1
212,1,0,11,1.177355040370898,276,12,0.9431945538974952,1
203,1,0,5,0.6123386055698634,241,12,0.9431945538974952,1
178,1,0,5,0.9306577237676292,279,12,0.9431945538974952,1
164,2,0,11,0.8391409772857716,270,12,0.8884502877862838,1
203,1,0,11,1.2410188640104511,316,12,0.8884502877862838,1
128,2,0,5,0.0402155867355567,168,12,0.8884502877862838,1
109,2,0,11,0.1237743552624702,242,12,0.8884502877862838,1
120,1,0,11,0.7118133300066652,236,12,0.9431945538974952,1
134,1,0,5,0.4452210685160363,252,12,0.8884502877862838,1
131,2,0,5,0.0999004213976378,207,12,0.8884502877862838,1
115,2,0,11,0.6680444512544724,233,12,0.8884502877862838,1
133,1,0,5,0.4332841015836201,237,12,0.9431945538974952,1
140,1,0,5,0.7038553520517211,241,12,0.9431945538974952,1
124,2,0,5,0.6680444512544724,208,12,0.9431945538974952,1
145,1,0,11,1.0380904261593753,249,12,0.8884502877862838,1
176,2,0,5,0.6720234402319445,233,12,0.8884502877862838,1
174,1,0,5,0.7635401867138022,250,12,0.8884502877862838,1
136,2,0,11,0.4452210685160363,261,12,0.8884502877862838,1
168,2,0,11,0.0322576087806125,251,12,0.8884502877862838,1
122,2,0,11,0.5805066937500868,190,12,0.8884502877862838,1
213,2,0,11,0.8988258119478527,274,12,0.8884502877862838,1
155,1,0,5,0.4213471346512039,238,12,0.9431945538974952,1
200,2,0,11,0.7277292859165536,272,12,0.8884502877862838,1
90,2,0,11,0.0362365977580846,188,12,0.9431945538974952,1
139,2,0,11,0.3895152228314272,242,12,0.9431945538974952,1
151,2,0,11,0.8988258119478527,335,12,0.9431945538974952,1
143,1,0,11,0.5486747819303103,280,12,0.8884502877862838,1
172,1,0,11,0.1786288070254073,239,12,0.8884502877862838,1
95,2,0,5,0.4452210685160363,203,12,0.8884502877862838,1
156,2,0,11,0.3497253330567065,225,12,0.9431945538974952,1
153,2,0,5,0.8749518780830203,261,12,0.9431945538974952,1
192,2,0,5,0.0800054765102774,235,12,0.9431945538974952,1
158,2,0,11,0.7038553520517211,280,12,0.8884502877862838,1
152,1,0,5,0.1229229613407983,178,12,0.9431945538974952,1
135,1,0,11,0.4054311787413155,270,12,0.9431945538974952,1
128,1,0,5,0.0154902589490523,224,12,0.8884502877862838,1
145,1,0,5,0.5526537709077823,258,12,0.8884502877862838,1
152,2,0,11,0.3298303881693462,221,12,0.8884502877862838,1
122,1,0,5,0.5208218590880057,272,12,0.8884502877862838,1
151,2,0,11,0.4651160134033967,219,12,0.9431945538974952,1
55,2,0,5,0.3178934212369299,204,12,0.8884502877862838,1
159,2,0,11,0.3187448151586018,183,12,0.8884502877862838,1
177,2,0,5,0.6481495063671121,231,12,0.9431945538974952,1
167,2,0,11,0.699876363074249,297,12,0.8884502877862838,1
130,2,0,5,0.4690950023808687,278,12,0.8884502877862838,1
150,1,0,11,0.2303556637325443,202,12,0.9431945538974952,1
182,2,0,11,0.8112880544434671,285,12,0.9431945538974952,1
88,1,0,11,0.7356872638714977,234,12,0.8884502877862838,1
135,1,0,5,0.321872410214402,265,12,0.8884502877862838,1
87,1,0,5,0.377578255899011,183,12,0.8884502877862838,1
110,2,0,5,0.0242996308256684,204,12,0.8884502877862838,1
185,2,0,5,0.6202965835248075,281,12,0.9431945538974952,1
107,1,0,11,0.4332841015836201,247,12,0.9431945538974952,1
173,1,0,11,0.9386157017225736,252,12,0.8884502877862838,1
154,2,0,5,0.4253261236286759,245,12,0.8884502877862838,1
106,1,0,11,0.6362125394346959,260,12,0.8884502877862838,1
144,1,0,11,0.1985237519127677,225,12,0.9431945538974952,1
171,2,0,11,0.5248008480654778,259,12,0.8884502877862838,1
190,2,0,11,0.5685697268176706,257,12,0.9431945538974952,1
238,1,0,11,1.2171449301456188,259,12,0.8884502877862838,1
164,1,0,5,0.2820825204396813,239,12,0.9431945538974952,1
172,1,0,11,1.0380904261593753,275,12,0.9431945538974952,1
158,2,0,11,0.4213471346512039,256,12,0.9431945538974952,1
167,2,0,5,0.7874141205786347,267,12,0.8884502877862838,1
133,1,0,5,0.4173681456737318,242,12,0.8884502877862838,1
168,2,0,11,0.3537043220341786,231,12,0.9431945538974952,1
198,1,0,11,0.6123386055698634,307,12,0.9431945538974952,1
118,2,0,11,0.3576833110116507,181,12,0.8884502877862838,1
134,1,0,11,0.3497253330567065,253,12,0.9431945538974952,1
122,1,0,11,0.6839604071643608,259,12,0.9431945538974952,1
143,2,0,5,0.6561074843220562,266,12,0.9431945538974952,1
121,1,0,5,0.7913931095561068,259,12,0.9431945538974952,1
99,1,0,5,0.5645907378401985,250,12,0.8884502877862838,1
165,2,0,5,0.4213471346512039,251,12,0.8884502877862838,1
180,2,0,5,0.3099354432819858,244,12,0.8884502877862838,1
210,2,0,5,0.7356872638714977,292,12,0.8884502877862838,1
104,2,0,11,0.8510779442181878,267,12,0.8884502877862838,1
169,2,0,5,0.1547548731605749,256,12,0.9431945538974952,1
122,1,0,5,0.4213471346512039,263,12,0.8884502877862838,1
238,2,0,5,1.0460484041143194,253,12,0.8884502877862838,1
144,1,0,5,0.5128638811330616,271,12,0.9431945538974952,1
186,1,0,11,0.6521284953445842,207,12,0.9431945538974952,1
157,2,0,5,0.4850109582907571,252,12,0.8884502877862838,1
121,1,0,5,0.64417051738964,211,12,0.8884502877862838,1
156,2,0,11,0.5526537709077823,288,12,0.8884502877862838,1
152,1,0,5,0.4173681456737318,267,12,0.9431945538974952,1
131,1,0,11,0.1269019503182704,191,12,0.8884502877862838,1
222,1,0,11,1.0102375033170707,307,12,0.8884502877862838,1
124,1,0,11,0.6282545614797517,240,12,0.9431945538974952,1
138,1,0,11,0.4850109582907571,199,12,0.9431945538974952,1
112,2,0,5,0.3258513991918741,200,12,0.8884502877862838,1
138,1,0,11,0.540716803975366,202,12,0.9431945538974952,1
135,1,0,11,0.3377883661242903,212,12,0.9431945538974952,1
151,1,0,5,0.4213471346512039,244,12,0.9431945538974952,1
152,1,0,5,0.3178934212369299,226,12,0.9431945538974952,1
159,2,0,11,1.2171449301456188,293,12,0.9431945538974952,1
169,1,0,5,0.5009269142006454,275,12,0.8884502877862838,1
158,2,0,11,0.3178934212369299,227,12,0.9431945538974952,1
185,2,0,5,0.2223976857776001,221,12,0.9431945538974952,1
118,2,0,5,0.2025027408902398,232,12,0.9431945538974952,1
145,1,0,5,0.6043806276149193,228,12,0.9431945538974952,1
139,2,0,11,0.7237502969390814,246,12,0.9431945538974952,1
171,2,0,11,1.1972499852582583,323,12,0.8884502877862838,1
144,2,0,5,0.3696202779440669,226,12,0.8884502877862838,1
142,1,0,5,0.5526537709077823,219,12,0.8884502877862838,1
157,2,0,11,0.7555822087588581,271,12,0.9431945538974952,1
198,2,0,11,0.4054311787413155,255,12,0.8884502877862838,1
141,2,0,5,0.5606117488627265,248,12,0.9431945538974952,1
156,1,0,5,0.6083596165923914,231,12,0.8884502877862838,1
104,1,0,11,0.3019774653270416,240,12,0.9431945538974952,1
165,2,0,11,0.3417673551017623,237,12,0.9431945538974952,1
62,1,0,5,0.0990490274759658,197,12,0.8884502877862838,1
178,2,0,5,0.9545316576324616,301,12,0.9431945538974952,1
187,1,0,5,1.4797582026587754,320,12,0.8884502877862838,1
137,2,0,5,0.266166564529793,200,12,0.8884502877862838,1
145,2,0,5,0.1786288070254073,236,12,0.8884502877862838,1
174,1,0,11,0.6760024292094166,280,12,0.8884502877862838,1
159,2,0,5,0.4611370244259246,234,12,0.8884502877862838,1
112,1,0,11,0.1507758841831028,211,12,0.9431945538974952,1
89,1,0,11,0.1547548731605749,216,12,0.9431945538974952,1
138,2,0,11,0.6043806276149193,261,12,0.9431945538974952,1
161,1,0,5,0.5765277047726147,245,12,0.8884502877862838,1
207,2,0,5,0.1985237519127677,238,12,0.8884502877862838,1
182,2,0,11,0.8749518780830203,239,12,0.8884502877862838,1
174,1,0,5,0.9306577237676292,256,12,0.8884502877862838,1
148,1,0,11,0.4730739913583408,277,12,0.9431945538974952,1
167,1,0,5,0.1826077960028794,235,12,0.9431945538974952,1
165,1,0,5,0.7118133300066652,238,12,0.9431945538974952,1
172,2,0,11,0.9306577237676292,245,12,0.8884502877862838,1
147,2,0,5,0.2184186968001281,232,12,0.8884502877862838,1
106,1,0,5,0.3258513991918741,172,12,0.9431945538974952,1
155,1,0,11,0.2621875755523209,271,12,0.8884502877862838,1
117,2,0,11,0.4452210685160363,288,12,0.9431945538974952,1
68,1,0,11,0.0282786198031404,224,12,0.9431945538974952,1
154,2,0,11,0.0393641928138847,227,12,0.8884502877862838,1
147,1,0,5,0.2383136416874884,239,12,0.9431945538974952,1
132,2,0,5,0.5009269142006454,281,12,0.8884502877862838,1
193,2,0,5,0.8272040103533554,305,12,0.8884502877862838,1
125,2,0,5,0.8311829993308275,243,12,0.9431945538974952,1
97,2,0,11,0.162712851115519,226,12,0.8884502877862838,1
151,1,0,11,0.0154902589490523,175,12,0.9431945538974952,1
177,2,0,11,0.6043806276149193,258,12,0.8884502877862838,1
139,1,0,11,0.4969479252231732,241,12,0.9431945538974952,1
189,1,0,11,0.4213471346512039,246,12,0.8884502877862838,1
170,1,0,11,0.2582085865748488,231,12,0.9431945538974952,1
212,2,0,5,1.2251029081005629,279,12,0.9431945538974952,1
145,1,0,11,0.6242755725022796,273,12,0.8884502877862838,1
109,2,0,5,0.0950700384984938,208,12,0.8884502877862838,1
157,2,0,5,0.9067837899027968,263,12,0.9431945538974952,1
146,1,0,5,0.9505526686549896,259,12,0.9431945538974952,1
134,2,0,11,0.6919183851193049,296,12,0.8884502877862838,1
136,2,0,5,0.5009269142006454,225,12,0.8884502877862838,1
215,1,0,5,0.4690950023808687,282,12,0.9431945538974952,1
156,2,0,5,0.373599266921539,203,12,0.9431945538974952,1
197,1,0,5,0.8709728891055483,222,12,0.9431945538974952,1
128,2,0,11,0.536737814997894,245,12,0.8884502877862838,1
147,1,0,5,0.5725487157951427,240,12,0.8884502877862838,1
134,2,0,11,0.2383136416874884,197,12,0.8884502877862838,1
187,2,0,5,0.3855362338539552,207,12,0.8884502877862838,1
91,1,0,11,0.4810319693132849,259,12,0.9431945538974952,1
136,2,0,5,0.1158163773075261,227,12,0.8884502877862838,1
156,1,0,5,0.5486747819303103,219,12,0.9431945538974952,1
159,2,0,5,0.5685697268176706,265,12,0.9431945538974952,1
207,2,0,11,0.7913931095561068,281,12,0.8884502877862838,1
111,2,0,5,0.1715222229921351,177,12,0.8884502877862838,1
146,2,0,11,1.06594334900168,241,12,0.8884502877862838,1
157,2,0,5,0.8232250213758834,281,12,0.9431945538974952,1
184,2,0,11,0.699876363074249,293,12,0.9431945538974952,1
211,1,0,11,1.3245776325373646,362,12,0.9431945538974952,1
182,1,0,11,0.4372630905610921,241,12,0.9431945538974952,1
155,2,0,5,0.5924436606825031,266,12,0.9431945538974952,1
205,1,0,5,0.6083596165923914,293,12,0.8884502877862838,1
163,1,0,5,0.588464671705031,253,12,0.9431945538974952,1
174,2,0,5,0.8829098560379645,314,12,0.8884502877862838,1
115,1,0,11,0.8988258119478527,227,12,0.8884502877862838,1
185,2,0,5,0.4690950023808687,248,12,0.9431945538974952,1
174,2,0,11,0.2860615094171533,260,12,0.9431945538974952,1
133,2,0,5,0.3497253330567065,216,12,0.8884502877862838,1
190,2,0,5,0.6163175945473355,259,12,0.9431945538974952,1
114,1,0,5,0.0999004213976378,218,12,0.9431945538974952,1
152,2,0,11,0.7197713079616094,239,12,0.9431945538974952,1
135,2,0,11,0.4492000574935084,251,12,0.9431945538974952,1
119,1,0,5,0.2860615094171533,230,12,0.9431945538974952,1
141,2,0,5,0.699876363074249,254,12,0.9431945538974952,1
206,1,0,11,1.0460484041143194,286,12,0.9431945538974952,1
138,2,0,5,0.2781035314622092,197,12,0.9431945538974952,1
172,2,0,11,0.5287798370429498,227,12,0.9431945538974952,1
136,2,0,11,0.1428179062281586,280,12,0.9431945538974952,1
189,1,0,5,0.5765277047726147,257,12,0.8884502877862838,1
164,2,0,5,0.536737814997894,244,12,0.8884502877862838,1
174,1,0,5,0.9744266025198222,279,12,0.9431945538974952,1
186,1,0,11,1.0022795253621266,301,12,0.8884502877862838,1
164,2,0,5,0.7157923189841373,302,12,0.8884502877862838,1
140,2,0,11,0.321872410214402,213,12,0.8884502877862838,1
185,1,0,5,0.6282545614797517,278,12,0.8884502877862838,1
165,1,0,5,0.8550569331956599,267,12,0.8884502877862838,1
190,1,0,11,0.9346367127451014,260,12,0.8884502877862838,1
213,2,0,11,1.1614390844610096,282,12,0.8884502877862838,1
175,2,0,11,0.7317082748940257,247,12,0.8884502877862838,1
145,2,0,5,1.1415441395736492,276,12,0.8884502877862838,1
216,1,0,5,0.7356872638714977,285,12,0.8884502877862838,1
210,2,0,5,0.863014911150604,278,12,0.9431945538974952,1
174,2,0,11,0.7118133300066652,295,12,0.9431945538974952,1
186,2,0,11,1.193270996280786,266,12,0.8884502877862838,1
193,2,0,5,0.5606117488627265,284,12,0.9431945538974952,1
127,1,0,5,0.4929689362457012,222,12,0.8884502877862838,1
171,2,0,11,0.9266787347901572,256,12,0.9431945538974952,1
139,2,0,11,0.373599266921539,231,12,0.8884502877862838,1
150,2,0,5,0.3497253330567065,234,12,0.8884502877862838,1
144,1,0,5,0.4054311787413155,245,12,0.8884502877862838,1
138,2,0,11,0.3576833110116507,226,12,0.8884502877862838,1
103,1,0,5,0.1556062670822468,183,12,0.9431945538974952,1
190,1,0,11,0.6322335504572237,239,12,0.9431945538974952,1
162,1,0,11,0.3855362338539552,240,12,0.8884502877862838,1
204,1,0,5,1.06594334900168,265,12,0.9431945538974952,1
166,1,0,5,0.1348599282732145,238,12,0.8884502877862838,1
126,2,0,5,0.2979984763495695,265,12,0.8884502877862838,1
168,1,0,5,0.5924436606825031,245,12,0.8884502877862838,1
172,2,0,5,1.1892920073033142,258,12,0.8884502877862838,1
147,1,0,5,0.5964226496599752,192,12,0.9431945538974952,1
155,1,0,11,0.6640654622770004,237,12,0.9431945538974952,1
154,1,0,5,0.1197953662849981,150,12,0.9431945538974952,1
129,1,0,11,0.0194692479265244,216,12,0.9431945538974952,1
124,2,0,5,0.962489635587406,258,12,0.9431945538974952,1
161,1,0,11,0.6879393961418329,246,12,0.8884502877862838,1
109,2,0,5,0.4492000574935084,209,12,0.9431945538974952,1
144,2,0,11,0.6839604071643608,217,12,0.8884502877862838,1
126,2,0,5,0.3338093771468182,236,12,0.9431945538974952,1
178,2,0,5,0.1507758841831028,243,12,0.9431945538974952,1
172,2,0,5,0.9465736796775176,263,12,0.9431945538974952,1
128,2,0,11,0.8152670434209391,254,12,0.9431945538974952,1
183,1,0,11,0.958510646609934,286,12,0.8884502877862838,1
160,1,0,11,1.4160943790192224,349,12,0.8884502877862838,1
142,1,0,11,0.7993510875110509,253,12,0.8884502877862838,1
230,2,0,5,0.6163175945473355,312,12,0.8884502877862838,1
155,2,0,5,0.0433431817913568,241,12,0.9431945538974952,1
185,2,0,11,0.8550569331956599,257,12,0.9431945538974952,1
192,2,0,5,0.8351619883082996,264,12,0.9431945538974952,1
136,2,0,5,0.5009269142006454,223,12,0.9431945538974952,1
177,1,0,11,0.7913931095561068,283,12,0.8884502877862838,1
125,1,0,11,0.3059564543045137,219,12,0.9431945538974952,1
200,2,0,5,0.6202965835248075,224,12,0.9431945538974952,1
178,1,0,11,0.3934942118088994,259,12,0.8884502877862838,1
97,2,0,5,0.0751750936111334,225,12,0.9431945538974952,1
159,2,0,5,0.5805066937500868,256,12,0.9431945538974952,1
157,1,0,11,0.863014911150604,259,12,0.8884502877862838,1
169,1,0,11,0.4770529803358129,197,12,0.9431945538974952,1
153,2,0,5,0.3377883661242903,236,12,0.8884502877862838,1
170,2,0,5,0.3099354432819858,230,12,0.9431945538974952,1
165,1,0,5,1.0261534592269592,236,12,0.8884502877862838,1
178,1,0,5,0.6799814181868887,277,12,0.9431945538974952,1
120,1,0,11,0.3895152228314272,218,12,0.9431945538974952,1
139,1,0,11,0.4969479252231732,214,12,0.8884502877862838,1
124,2,0,11,0.4850109582907571,270,12,0.9431945538974952,1
135,1,0,5,0.8152670434209391,268,12,0.9431945538974952,1
159,2,0,11,0.7675191756912743,229,12,0.9431945538974952,1
197,2,0,5,1.1375651505961772,305,12,0.8884502877862838,1
117,1,0,11,0.4651160134033967,221,12,0.9431945538974952,1
230,2,0,5,0.7635401867138022,268,12,0.9431945538974952,1
115,2,0,5,0.6720234402319445,259,12,0.9431945538974952,1
202,1,0,5,0.3974732007863714,250,12,0.9431945538974952,1
95,1,0,11,0.270145553507265,206,12,0.9431945538974952,1
155,1,0,11,0.2263766747550722,222,12,0.8884502877862838,1
197,1,0,5,0.7356872638714977,235,12,0.9431945538974952,1
146,2,0,5,0.5009269142006454,230,12,0.8884502877862838,1
138,1,0,5,0.6839604071643608,276,12,0.8884502877862838,1
142,1,0,11,0.214439707822656,224,12,0.8884502877862838,1
204,1,0,5,1.3007036986725322,331,12,0.8884502877862838,1
188,2,0,11,0.6561074843220562,229,12,0.9431945538974952,1
249,2,0,5,1.2091869521906744,270,12,0.9431945538974952,1
188,2,0,5,0.8510779442181878,251,12,0.8884502877862838,1
145,2,0,5,0.0751750936111334,189,12,0.8884502877862838,1
116,2,0,11,0.2741245424847371,224,12,0.9431945538974952,1
91,2,0,11,0.2351860466316883,179,12,0.8884502877862838,1
187,1,0,5,0.6282545614797517,240,12,0.8884502877862838,1
170,1,0,11,0.6322335504572237,266,12,0.9431945538974952,1
154,2,0,11,0.5725487157951427,229,12,0.9431945538974952,1
191,2,0,5,0.7595611977363301,257,12,0.9431945538974952,1
148,2,0,11,0.8232250213758834,269,12,0.9431945538974952,1
104,1,0,5,0.3895152228314272,225,12,0.8884502877862838,1
118,2,0,11,0.4412420795385642,233,12,0.9431945538974952,1
125,2,0,5,0.0242996308256684,203,12,0.8884502877862838,1
143,2,0,5,0.4372630905610921,206,12,0.9431945538974952,1
119,2,0,5,0.0839844654877495,211,12,0.8884502877862838,1
82,2,0,5,0.004404685938308,209,12,0.9431945538974952,1
171,1,0,5,1.1614390844610096,312,12,0.9431945538974952,1
148,1,0,5,0.536737814997894,284,12,0.8884502877862838,1
130,2,0,5,0.8351619883082996,230,12,0.9431945538974952,1
132,2,0,5,0.4889899472682291,252,12,0.8884502877862838,1
184,2,0,11,0.5526537709077823,256,12,0.8884502877862838,1
150,2,0,11,0.3298303881693462,233,12,0.9431945538974952,1
175,2,0,11,0.966468624564878,277,12,0.9431945538974952,1
187,1,0,5,0.4531790464709804,257,12,0.9431945538974952,1
190,1,0,11,0.7277292859165536,260,12,0.8884502877862838,1
163,2,0,11,0.5168428701105336,277,12,0.9431945538974952,1
156,1,0,11,0.4770529803358129,237,12,0.9431945538974952,1
189,2,0,5,0.8470989552407158,301,12,0.9431945538974952,1
116,1,0,11,0.5526537709077823,230,12,0.9431945538974952,1
152,2,0,11,0.1428179062281586,194,12,0.9431945538974952,1
166,1,0,5,0.1985237519127677,268,12,0.8884502877862838,1
145,2,0,5,0.5088848921555895,237,12,0.8884502877862838,1
164,2,0,5,0.3417673551017623,163,12,0.8884502877862838,1
137,2,0,5,0.6123386055698634,252,12,0.8884502877862838,1
107,2,0,11,0.537589208919566,158,12,0.8884502877862838,1
85,2,0,5,0.2025027408902398,221,12,0.8884502877862838,1
133,2,0,11,0.5327588260204219,257,12,0.9431945538974952,1
182,2,0,5,0.7874141205786347,294,12,0.8884502877862838,1
173,2,0,5,0.540716803975366,251,12,0.9431945538974952,1
168,2,0,11,0.6481495063671121,268,12,0.8884502877862838,1
181,1,0,5,0.7157923189841373,285,12,0.8884502877862838,1
174,0,0,5,0.1666918400929911,331,6,0.9431945538974952,1
66,0,0,5,0.382408638798155,193,6,0.0273721330556057,1
212,0,0,5,0.0632381266787172,299,6,0.0273721330556057,1
123,0,0,5,0.434135495505292,189,6,0.0273721330556057,1
222,0,0,5,0.1229229613407983,270,6,0.8884502877862838,1
185,0,0,5,0.274975936406409,252,6,0.9431945538974952,1
142,0,0,5,0.2630389694739928,211,6,0.0273721330556057,1
189,0,0,5,0.0322576087806125,240,6,0.0273721330556057,1
185,0,0,5,0.3059564543045137,261,6,0.8884502877862838,1
107,0,0,5,0.6092110105140632,217,6,0.8884502877862838,1
112,0,0,5,0.6768538231310886,207,6,0.0273721330556057,1
188,0,0,5,0.0402155867355567,249,6,0.9431945538974952,1
217,0,0,5,0.2303556637325443,294,6,0.8884502877862838,1
146,0,0,5,0.2073331237893838,227,6,0.9431945538974952,1
199,0,0,5,0.0314062148589406,295,6,0.8884502877862838,1
46,0,0,5,0.434135495505292,220,6,0.0273721330556057,1
208,0,0,5,0.1109859944083821,225,6,0.0273721330556057,1
78,0,0,5,0.6131899994915354,192,6,0.8884502877862838,1
171,0,0,5,0.1547548731605749,239,6,0.9431945538974952,1
129,0,0,5,0.3107868372036577,226,6,0.8884502877862838,1
129,0,0,5,0.1348599282732145,286,6,0.0273721330556057,1
147,0,0,5,0.2312070576542162,281,6,0.8884502877862838,1
159,0,0,5,0.3576833110116507,290,6,0.9431945538974952,1
80,0,0,5,0.4023035836855154,192,6,0.9431945538974952,1
165,0,0,5,0.2630389694739928,272,6,0.0273721330556057,1
141,0,0,5,0.8360133822299715,153,6,0.0273721330556057,1
170,0,0,5,0.0990490274759658,265,6,0.0273721330556057,1
188,0,0,5,0.0711961046336613,284,6,0.0273721330556057,1
163,0,0,5,0.0640895206003891,220,6,0.8884502877862838,1
169,0,0,5,0.2152911017443279,223,6,0.0273721330556057,1
119,0,0,5,0.2550809915190487,254,6,0.8884502877862838,1
133,0,0,5,0.2670179584514649,235,6,0.8884502877862838,1
155,0,0,5,0.0441945757130287,244,6,0.0273721330556057,1
139,0,0,5,0.1030280164534379,243,6,0.8884502877862838,1
173,0,0,5,0.1595852560597189,281,6,0.9431945538974952,1
144,0,0,5,0.1189439723633262,227,6,0.0273721330556057,1
184,0,0,5,0.0154902589490523,273,6,0.9431945538974952,1
130,0,0,5,0.2033541348119117,235,6,0.0273721330556057,1
182,0,0,5,0.1547548731605749,256,6,0.8884502877862838,1
162,0,0,5,0.1945447629352956,262,6,0.0273721330556057,1
148,0,0,5,0.0242996308256684,276,6,0.0273721330556057,1
146,0,0,5,0.163564245037191,206,6,0.8884502877862838,1
177,0,0,5,0.0004256969608359,253,6,0.9431945538974952,1
166,0,0,5,0.0163416528707242,268,6,0.0273721330556057,1
162,0,0,5,0.1388389172506866,269,6,0.8884502877862838,1
247,0,0,5,0.3258513991918741,327,6,0.8884502877862838,1
173,0,0,5,0.1746498180479352,268,6,0.0273721330556057,1
202,0,0,5,0.3616622999891227,305,6,0.9431945538974952,1
151,0,0,5,0.0083836749157801,249,6,0.0273721330556057,1
118,0,0,5,0.2829339143613532,233,6,0.0273721330556057,1
117,0,0,5,0.3903666167530992,207,6,0.9431945538974952,1
158,0,0,5,0.2223976857776001,280,6,0.9431945538974952,1
134,0,0,5,0.2511020025415766,255,6,0.0273721330556057,1
155,0,0,5,0.3059564543045137,314,6,0.0273721330556057,1
190,0,0,5,0.1317323332174144,251,6,0.8884502877862838,1
144,0,0,5,0.0234482369039964,246,6,0.8884502877862838,1
189,0,0,5,0.111837388330054,253,6,0.8884502877862838,1
100,0,0,5,0.2908918923162973,216,6,0.8884502877862838,1
135,0,0,5,0.4969479252231732,256,6,0.8884502877862838,1
187,0,0,5,0.1277533442399423,233,6,0.0273721330556057,1
183,0,0,5,0.1706708290704632,266,6,0.8884502877862838,1
152,0,0,5,0.0513011597463009,279,6,0.0273721330556057,1
172,0,0,5,0.0831330715660775,329,6,0.8884502877862838,1
201,0,0,5,0.1715222229921351,261,6,0.0273721330556057,1
161,0,0,5,0.2550809915190487,246,6,0.9431945538974952,1
216,0,0,5,0.0194692479265244,224,6,0.8884502877862838,1
187,0,0,5,0.0800054765102774,239,6,0.9431945538974952,1
126,0,0,5,0.1189439723633262,260,6,0.0273721330556057,1
100,0,0,5,0.5654421317618704,166,6,0.9431945538974952,1
166,0,0,5,0.3028288592487136,214,6,0.9431945538974952,1
161,0,0,5,0.1874381789020234,209,6,0.8884502877862838,1
163,0,0,5,0.3656412889665948,277,6,0.9431945538974952,1
153,0,0,5,0.1755012119696072,219,6,0.9431945538974952,1
147,0,0,5,0.1317323332174144,196,6,0.8884502877862838,1
150,0,0,5,0.2184186968001281,291,6,0.8884502877862838,1
182,0,0,5,0.0680685095778612,253,6,0.8884502877862838,1
195,0,0,5,0.2272280686767442,249,6,0.0273721330556057,1
115,0,0,5,0.1755012119696072,260,6,0.8884502877862838,1
190,0,0,5,0.2582085865748488,271,6,0.8884502877862838,1
135,0,0,5,0.0353852038364127,243,6,0.8884502877862838,1
131,0,0,5,0.3059564543045137,292,6,0.8884502877862838,1
75,0,0,5,0.537589208919566,174,6,0.0273721330556057,1
98,0,0,5,0.3625136939107947,216,6,0.9431945538974952,1
204,0,0,5,0.1547548731605749,271,6,0.0273721330556057,1
107,0,0,5,0.4699463963025407,194,6,0.9431945538974952,1
191,0,0,5,0.0791540825886055,265,6,0.9431945538974952,1
197,0,0,5,0.1953961568569676,238,6,0.9431945538974952,1
180,0,0,5,0.2192700907218,232,6,0.8884502877862838,1
187,0,0,5,0.0234482369039964,254,6,0.8884502877862838,1
171,0,0,5,0.6052320215365912,188,6,0.0273721330556057,1
196,0,0,5,0.4253261236286759,294,6,0.9431945538974952,1
125,0,0,5,0.1516272781047747,236,6,0.8884502877862838,1
199,0,0,5,0.0632381266787172,285,6,0.8884502877862838,1
156,0,0,5,0.2550809915190487,215,6,0.9431945538974952,1
109,0,0,5,0.6728748341536165,221,6,0.9431945538974952,1
170,0,0,5,0.0871120605435496,264,6,0.9431945538974952,1
196,0,0,5,0.3616622999891227,318,6,0.0273721330556057,1
206,0,0,5,0.0154902589490523,236,6,0.9431945538974952,1
119,0,0,5,0.1786288070254073,231,6,0.9431945538974952,1
167,0,0,5,0.0154902589490523,272,6,0.8884502877862838,1
82,0,0,5,0.5893160656267029,186,6,0.9431945538974952,1
177,0,0,5,0.0473221707688289,279,6,0.0273721330556057,1
126,0,0,5,0.1715222229921351,210,6,0.9431945538974952,1
199,0,0,5,0.0035532920166361,281,6,0.8884502877862838,1
124,0,0,5,0.6163175945473355,295,6,0.8884502877862838,1
161,0,0,5,0.1308809392957424,252,6,0.9431945538974952,1
166,0,0,5,0.0521525536679729,241,6,0.9431945538974952,1
153,0,0,5,0.4500514514151803,230,6,0.0273721330556057,1
206,0,0,5,0.055280148723773,263,6,0.9431945538974952,1
178,0,0,5,0.1189439723633262,238,6,0.9431945538974952,1
166,0,0,5,0.1078583993525819,247,6,0.8884502877862838,1
231,0,0,5,0.158733862138047,290,6,0.0273721330556057,1
167,0,0,5,0.3863876277756271,212,6,0.8884502877862838,1
154,0,0,5,0.0760264875328053,255,6,0.9431945538974952,1
205,0,0,5,0.2025027408902398,303,6,0.0273721330556057,1
155,0,0,5,0.3028288592487136,226,6,0.9431945538974952,1
102,0,0,5,0.2232490796992721,252,6,0.0273721330556057,1
112,0,0,5,0.2033541348119117,232,6,0.8884502877862838,1
176,0,0,5,0.1229229613407983,268,6,0.9431945538974952,1
143,0,0,5,0.3028288592487136,184,6,0.8884502877862838,1
160,0,0,5,0.1396903111723585,230,6,0.9431945538974952,1
125,0,0,5,0.5137152750547335,194,6,0.9431945538974952,1
118,0,0,5,0.1078583993525819,273,6,0.8884502877862838,1
102,0,0,5,0.2869129033388253,240,6,0.0273721330556057,1
177,0,0,5,0.1666918400929911,236,6,0.9431945538974952,1
137,0,0,5,0.4500514514151803,204,6,0.8884502877862838,1
114,0,0,5,0.0075322809941081,258,6,0.0273721330556057,1
157,0,0,5,0.2064817298677118,270,6,0.0273721330556057,1
152,0,0,5,0.0999004213976378,272,6,0.9431945538974952,1
174,0,0,5,0.1547548731605749,264,6,0.8884502877862838,1
154,0,0,5,0.2272280686767442,254,6,0.9431945538974952,1
134,0,0,5,0.0672171156561892,236,6,0.0273721330556057,1
199,0,0,5,0.0481735646905008,241,6,0.8884502877862838,1
152,0,0,5,0.0959214324201657,164,6,0.0273721330556057,1
176,0,0,5,0.3576833110116507,314,6,0.0273721330556057,1
139,0,0,5,0.0362365977580846,228,6,0.0273721330556057,1
123,0,0,5,0.3019774653270416,290,6,0.9431945538974952,1
134,0,0,5,0.2312070576542162,235,6,0.8884502877862838,1
182,0,0,5,0.4054311787413155,272,6,0.8884502877862838,1
190,0,0,5,0.2343346527100163,310,6,0.0273721330556057,1
150,0,0,5,0.2391650356091604,262,6,0.8884502877862838,1
57,0,0,5,0.9315091176893012,195,6,0.0273721330556057,1
159,0,0,5,0.2104607188451839,264,6,0.8884502877862838,1
146,0,0,5,0.2312070576542162,281,6,0.8884502877862838,1
136,0,0,5,0.2312070576542162,221,6,0.8884502877862838,1
175,0,0,5,0.1595852560597189,237,6,0.8884502877862838,1
147,0,0,5,0.3019774653270416,312,6,0.0273721330556057,1
187,0,0,5,0.0839844654877495,268,6,0.0273721330556057,1
140,0,0,5,0.2550809915190487,244,6,0.0273721330556057,1
164,0,0,5,0.0203206418481963,231,6,0.0273721330556057,1
122,0,0,5,0.3903666167530992,171,6,0.8884502877862838,1
172,0,0,5,0.1436693001498306,230,6,0.9431945538974952,1
145,0,0,5,0.1388389172506866,308,6,0.9431945538974952,1
134,0,0,5,0.0999004213976378,226,6,0.9431945538974952,1
163,0,0,5,0.1237743552624702,273,6,0.0273721330556057,1
204,0,0,5,0.3656412889665948,310,6,0.8884502877862838,1
131,0,0,5,0.2829339143613532,201,6,0.9431945538974952,1
123,0,0,5,0.2272280686767442,230,6,0.8884502877862838,1
193,0,0,5,0.2860615094171533,255,6,0.0273721330556057,1
138,0,0,5,0.0154902589490523,261,6,0.0273721330556057,1
211,0,0,5,0.0640895206003891,281,6,0.9431945538974952,1
126,0,0,5,0.4261775175503479,201,6,0.0273721330556057,1
196,0,0,5,0.0194692479265244,282,6,0.0273721330556057,1
161,0,0,5,0.1277533442399423,194,6,0.8884502877862838,1
152,0,0,5,0.4580094293701244,211,6,0.0273721330556057,1
150,0,0,5,0.537589208919566,188,6,0.9431945538974952,1
83,0,0,5,0.2152911017443279,307,6,0.0273721330556057,1
150,0,0,5,0.1507758841831028,269,6,0.9431945538974952,1
150,0,0,5,0.2670179584514649,231,6,0.8884502877862838,1
102,0,0,5,0.0481735646905008,238,6,0.0273721330556057,1
175,0,0,5,0.2073331237893838,225,6,0.8884502877862838,1
172,0,0,5,0.1277533442399423,239,6,0.9431945538974952,1
155,0,0,5,0.0521525536679729,208,6,0.8884502877862838,1
107,0,0,5,0.1158163773075261,226,6,0.9431945538974952,1
153,0,0,5,0.0473221707688289,172,6,0.8884502877862838,1
131,0,0,5,0.2908918923162973,244,6,0.9431945538974952,1
123,0,0,5,0.2431440245866324,232,6,0.8884502877862838,1
107,0,0,5,0.5734001097168147,163,6,0.0273721330556057,1
156,0,0,5,0.0314062148589406,225,6,0.0273721330556057,1
125,0,0,5,0.2351860466316883,216,6,0.0273721330556057,1
139,0,0,5,0.0282786198031404,232,6,0.0273721330556057,1
152,0,0,5,0.1595852560597189,256,6,0.9431945538974952,1
174,0,0,5,0.1786288070254073,226,6,0.8884502877862838,1
142,0,0,5,0.1516272781047747,239,6,0.0273721330556057,1
181,0,0,5,0.0322576087806125,256,6,0.9431945538974952,1
138,0,0,5,0.0115112699715802,202,6,0.0273721330556057,1
150,0,0,5,0.0433431817913568,265,6,0.0273721330556057,1
174,0,0,5,0.1348599282732145,289,6,0.9431945538974952,1
126,0,0,5,0.5097362860772614,201,6,0.8884502877862838,1
147,0,0,5,0.0999004213976378,237,6,0.9431945538974952,1
182,0,0,5,0.1746498180479352,243,6,0.8884502877862838,1
198,0,0,5,0.5009269142006454,296,6,0.0273721330556057,1
229,0,0,5,0.0473221707688289,284,6,0.8884502877862838,1
169,0,0,5,0.056131542645445,245,6,0.9431945538974952,1
104,0,0,5,0.2391650356091604,226,6,0.0273721330556057,1
164,0,0,5,0.0640895206003891,235,6,0.8884502877862838,1
214,0,0,5,0.2979984763495695,280,6,0.8884502877862838,1
93,0,0,5,0.8320343932524994,181,6,0.9431945538974952,1
135,0,0,5,0.4420934734602362,207,6,0.0273721330556057,1
185,0,0,5,0.3426187490234343,275,6,0.0273721330556057,1
243,0,0,5,0.4213471346512039,282,6,0.0273721330556057,1
225,0,0,5,0.1985237519127677,289,6,0.0273721330556057,1
157,0,0,5,0.0075322809941081,255,6,0.9431945538974952,1
151,0,0,5,0.3863876277756271,222,6,0.8884502877862838,1
107,0,0,5,0.6131899994915354,144,6,0.8884502877862838,1
184,0,0,5,0.0831330715660775,310,6,0.9431945538974952,1
98,0,0,5,0.3227238041360739,237,6,0.9431945538974952,1
153,0,0,5,0.1914171678794955,233,6,0.8884502877862838,1
153,0,0,5,0.004404685938308,262,6,0.9431945538974952,1
184,0,0,5,0.1865867849803515,253,6,0.8884502877862838,1
158,0,0,5,0.1229229613407983,276,6,0.8884502877862838,1
133,0,0,5,0.1516272781047747,254,6,0.9431945538974952,1
132,0,0,5,0.0203206418481963,271,6,0.9431945538974952,1
161,0,0,5,0.0163416528707242,211,6,0.0273721330556057,1
196,0,0,5,0.6887907900635047,174,6,0.9431945538974952,1
210,0,0,5,0.0274272258814685,261,6,0.8884502877862838,1
125,0,0,5,0.0004256969608359,229,6,0.8884502877862838,1
180,0,0,5,0.1556062670822468,271,6,0.8884502877862838,1
183,0,0,5,0.0123626638932521,297,6,0.0273721330556057,1
206,0,0,5,0.3974732007863714,316,6,0.9431945538974952,1
150,0,0,5,0.1755012119696072,238,6,0.8884502877862838,1
151,0,0,5,0.2312070576542162,252,6,0.8884502877862838,1
178,0,0,5,0.1467968952056307,261,6,0.9431945538974952,1
176,0,0,5,0.0234482369039964,268,6,0.8884502877862838,1
130,0,0,5,0.3386397600459622,240,6,0.8884502877862838,1
164,0,0,5,0.0711961046336613,288,6,0.9431945538974952,1
121,0,0,5,0.6609378672212003,204,6,0.0273721330556057,1
74,0,0,5,0.6688958451761444,171,6,0.0273721330556057,1
181,0,0,5,0.1269019503182704,253,6,0.0273721330556057,1
174,0,0,5,0.0402155867355567,229,6,0.9431945538974952,1
171,0,0,5,0.0871120605435496,307,6,0.8884502877862838,1
197,0,0,5,0.1229229613407983,255,6,0.0273721330556057,1
167,0,0,5,0.1317323332174144,255,6,0.9431945538974952,1
165,0,0,5,0.2550809915190487,235,6,0.8884502877862838,1
164,0,0,5,0.1197953662849981,268,6,0.0273721330556057,1
54,0,0,5,0.3068078482261857,219,6,0.8884502877862838,1
179,0,0,5,0.2789549253838811,231,6,0.0273721330556057,1
178,0,0,5,0.0720474985553333,233,6,0.9431945538974952,1
139,0,0,5,0.0402155867355567,237,6,0.9431945538974952,1
133,0,0,5,0.0680685095778612,271,6,0.8884502877862838,1
85,0,0,5,0.4221985285728758,196,6,0.9431945538974952,1
165,0,0,5,0.2940194873720975,236,6,0.9431945538974952,1
216,0,0,5,0.1149649833858541,272,6,0.8884502877862838,1
149,0,0,5,0.0004256969608359,241,6,0.0273721330556057,1
97,0,0,5,0.3943456057305713,197,6,0.0273721330556057,1
183,0,0,5,0.4253261236286759,334,6,0.0273721330556057,1
151,0,0,5,0.2351860466316883,193,6,0.8884502877862838,1
138,0,0,5,0.1547548731605749,292,6,0.0273721330556057,1
182,0,0,5,0.0990490274759658,268,6,0.8884502877862838,1
129,0,0,5,0.4221985285728758,221,6,0.0273721330556057,1
137,0,0,5,0.0274272258814685,231,6,0.9431945538974952,1
166,0,0,5,0.2064817298677118,283,6,0.9431945538974952,1
141,0,0,5,0.2502506086199046,282,6,0.8884502877862838,1
159,0,0,5,0.5685697268176706,310,6,0.9431945538974952,1
118,0,0,5,0.382408638798155,229,6,0.8884502877862838,1
138,0,0,5,0.0393641928138847,236,6,0.8884502877862838,1
127,0,0,5,0.4182195395954037,264,6,0.9431945538974952,1
206,0,0,5,0.2263766747550722,281,6,0.8884502877862838,1
202,0,0,5,0.0871120605435496,245,6,0.9431945538974952,1
125,0,0,5,0.1516272781047747,231,6,0.0273721330556057,1
188,0,0,5,0.2860615094171533,285,6,0.9431945538974952,1
156,0,0,5,0.0632381266787172,242,6,0.0273721330556057,1
133,0,0,5,0.1396903111723585,213,6,0.0273721330556057,1
167,0,0,5,0.3306817820910181,238,6,0.8884502877862838,1
171,0,0,5,0.2263766747550722,294,6,0.0273721330556057,1
129,0,0,5,0.0115112699715802,225,6,0.0273721330556057,1
128,0,0,5,0.2829339143613532,259,6,0.9431945538974952,1
129,0,0,5,0.537589208919566,136,6,0.0273721330556057,1
160,0,0,5,0.2113121127668558,246,6,0.9431945538974952,1
173,0,0,5,0.0521525536679729,256,6,0.8884502877862838,1
139,0,0,5,0.2312070576542162,240,6,0.9431945538974952,1
185,0,0,5,0.695897374096777,320,6,0.0273721330556057,1
139,0,0,5,0.2351860466316883,273,6,0.0273721330556057,1
150,0,0,5,0.0473221707688289,201,6,0.8884502877862838,1
195,0,0,5,0.3895152228314272,312,6,0.9431945538974952,1
150,0,0,5,0.1436693001498306,222,6,0.9431945538974952,1
139,0,0,5,0.060110531622917,244,6,0.8884502877862838,1
150,0,0,5,0.2781035314622092,275,6,0.0273721330556057,1
179,0,0,5,0.0513011597463009,285,6,0.9431945538974952,1
121,0,0,5,0.0194692479265244,296,6,0.8884502877862838,1
134,0,0,5,0.1755012119696072,270,6,0.8884502877862838,1
137,0,0,5,0.4659674073250686,242,6,0.0273721330556057,1
106,0,0,5,0.4182195395954037,221,6,0.9431945538974952,1
180,0,0,5,0.1467968952056307,274,6,0.0273721330556057,1
204,0,0,5,0.1547548731605749,271,6,0.0273721330556057,1
229,0,0,5,0.3417673551017623,267,6,0.0273721330556057,1
187,0,0,5,0.0950700384984938,239,6,0.8884502877862838,1
151,0,0,5,0.1229229613407983,285,6,0.0273721330556057,1
138,0,0,5,0.0839844654877495,236,6,0.9431945538974952,1
145,0,0,5,0.1038794103751098,288,6,0.9431945538974952,1
171,0,0,5,0.2502506086199046,312,6,0.0273721330556057,1
176,0,0,5,0.0919424434426936,283,6,0.9431945538974952,1
138,0,0,5,0.3815572448764831,289,6,0.0273721330556057,1
119,0,0,5,0.0760264875328053,226,6,0.8884502877862838,1
215,0,0,5,0.3377883661242903,308,6,0.8884502877862838,1
164,0,0,5,0.1277533442399423,298,6,0.9431945538974952,1
110,0,0,5,0.3696202779440669,285,6,0.8884502877862838,1
177,0,0,5,0.0791540825886055,293,6,0.0273721330556057,1
138,0,0,5,0.3744506608432109,199,6,0.8884502877862838,1
187,0,0,5,0.3417673551017623,280,6,0.8884502877862838,1
185,0,0,5,0.0314062148589406,218,6,0.8884502877862838,1
207,0,0,5,0.3855362338539552,286,6,0.9431945538974952,1
157,0,0,5,0.0521525536679729,264,6,0.8884502877862838,1
150,0,0,5,0.0115112699715802,237,6,0.8884502877862838,1
179,0,0,5,0.0831330715660775,311,6,0.8884502877862838,1
105,0,0,5,0.5017783081223173,253,6,0.8884502877862838,1
173,0,0,5,0.1715222229921351,247,6,0.9431945538974952,1
229,0,0,5,0.1953961568569676,247,6,0.9431945538974952,1
204,0,0,5,0.0004256969608359,285,6,0.9431945538974952,1
115,0,0,5,0.0919424434426936,255,6,0.9431945538974952,1
173,0,0,5,0.4571580354484525,314,6,0.8884502877862838,1
102,0,0,5,0.5694211207393426,221,6,0.8884502877862838,1
181,0,0,5,0.1865867849803515,259,6,0.9431945538974952,1
139,0,0,5,0.0910910495210217,272,6,0.9431945538974952,1
192,0,0,5,0.3616622999891227,280,6,0.9431945538974952,1
151,0,0,5,0.2869129033388253,256,6,0.8884502877862838,1
181,0,0,5,0.3576833110116507,317,6,0.8884502877862838,1
177,0,0,5,0.1595852560597189,250,6,0.8884502877862838,1
177,0,0,5,0.2900404983946254,334,6,0.8884502877862838,1
152,0,0,5,0.1348599282732145,264,6,0.8884502877862838,1
115,0,0,5,0.5654421317618704,212,6,0.8884502877862838,1
156,0,0,5,0.3497253330567065,280,6,0.8884502877862838,1
166,0,0,5,0.1038794103751098,248,6,0.8884502877862838,1
169,0,0,5,0.1914171678794955,270,6,0.8884502877862838,1
161,0,0,5,0.0004256969608359,321,6,0.9431945538974952,1
146,0,0,5,0.2192700907218,240,6,0.0273721330556057,1
179,0,0,5,0.0680685095778612,216,6,0.8884502877862838,1
174,0,0,5,0.1945447629352956,303,6,0.8884502877862838,1
140,0,0,5,0.2431440245866324,275,6,0.8884502877862838,1
101,0,0,5,0.4739253852800127,210,6,0.8884502877862838,1
146,0,0,5,0.5336102199420939,199,6,0.9431945538974952,1
170,0,0,5,0.4062825726629875,206,6,0.0273721330556057,1
127,0,0,5,0.214439707822656,254,6,0.9431945538974952,1
194,0,0,5,0.0680685095778612,290,6,0.0273721330556057,1
153,0,0,5,0.0910910495210217,254,6,0.0273721330556057,1
167,0,0,5,0.167543234014663,261,6,0.9431945538974952,1
167,0,0,5,0.2511020025415766,259,6,0.0273721330556057,1
148,0,0,5,0.0839844654877495,236,6,0.0273721330556057,1
123,0,0,5,0.0194692479265244,217,6,0.9431945538974952,1
99,0,0,5,0.649000900288784,186,6,0.0273721330556057,1
171,0,0,5,0.2630389694739928,222,6,0.0273721330556057,1
105,0,0,5,0.752454613703058,191,6,0.9431945538974952,1
178,0,0,5,0.0751750936111334,263,6,0.9431945538974952,1
197,0,0,5,0.2263766747550722,243,6,0.8884502877862838,1
189,0,0,5,0.2860615094171533,287,6,0.0273721330556057,1
185,0,0,5,0.0362365977580846,274,6,0.8884502877862838,1
109,0,0,5,0.7484756247255858,188,6,0.9431945538974952,1
165,0,0,5,0.4213471346512039,227,6,0.0273721330556057,1
130,0,0,5,0.3147658261811298,260,6,0.8884502877862838,1
135,0,0,5,0.056131542645445,207,6,0.9431945538974952,1
124,0,0,5,0.0751750936111334,245,6,0.8884502877862838,1
167,0,0,5,0.1467968952056307,298,6,0.0273721330556057,1
182,0,0,5,0.0999004213976378,237,6,0.8884502877862838,1
435,6,6,10,0.807309065465995,1029,11,0.0273721330556057,0
382,6,6,5,0.7476242308039139,1010,6,0.0273721330556057,0
401,6,6,10,0.6004016386374472,734,11,0.8884502877862838,0
411,6,6,10,0.7396662528489698,838,11,0.0273721330556057,0
339,6,6,10,0.6600864732995283,809,11,0.9431945538974952,0
504,6,6,5,0.9545316576324616,982,6,0.0273721330556057,0
402,6,6,5,0.6561074843220562,776,6,0.8884502877862838,0
435,6,6,10,1.0261534592269592,1018,11,0.0273721330556057,0
440,6,6,10,0.7237502969390814,867,11,0.9431945538974952,0
389,6,6,5,0.6839604071643608,892,11,0.8884502877862838,0
404,6,6,5,0.7754771536462185,791,6,0.8884502877862838,0
394,6,6,10,0.8510779442181878,955,6,0.0273721330556057,0
298,6,6,5,0.6561074843220562,728,6,0.8884502877862838,0
375,6,6,5,0.5964226496599752,766,11,0.8884502877862838,0
324,6,6,10,0.540716803975366,724,6,0.8884502877862838,0
433,6,6,5,0.9147417678577412,964,11,0.9431945538974952,0
320,6,6,5,0.8192460323984113,921,11,0.0273721330556057,0
533,6,6,5,0.9744266025198222,1029,6,0.8884502877862838,0
402,6,6,10,0.8232250213758834,855,6,0.9431945538974952,0
330,6,6,5,0.5327588260204219,729,6,0.0273721330556057,0
437,6,6,10,0.8749518780830203,912,6,0.9431945538974952,0
408,6,6,10,0.7396662528489698,833,6,0.9431945538974952,0
429,6,6,5,0.8789308670604924,922,11,0.8884502877862838,0
343,6,6,10,0.5128638811330616,664,6,0.0273721330556057,0
301,6,6,5,0.4810319693132849,732,6,0.8884502877862838,0
529,6,6,5,0.9863635694522384,967,6,0.9431945538974952,0
338,6,6,10,0.6720234402319445,838,11,0.9431945538974952,0
436,6,6,10,0.6879393961418329,731,6,0.8884502877862838,0
473,6,6,5,0.6202965835248075,681,6,0.9431945538974952,0
336,6,6,5,0.699876363074249,957,6,0.9431945538974952,0
397,6,6,10,0.7794561426236906,746,11,0.9431945538974952,0
374,6,6,5,0.5844856827275589,734,6,0.0273721330556057,0
438,6,6,5,0.8351619883082996,919,6,0.0273721330556057,0
426,6,6,10,0.8431199662632437,866,11,0.0273721330556057,0
315,6,6,5,0.751603219781386,826,11,0.0273721330556057,0
358,6,6,10,0.7635401867138022,795,6,0.9431945538974952,0
354,6,6,10,0.7078343410291932,728,6,0.8884502877862838,0
376,6,6,10,0.7993510875110509,943,11,0.8884502877862838,0
426,6,6,5,0.7038553520517211,740,6,0.8884502877862838,0
402,6,6,10,0.7078343410291932,854,11,0.0273721330556057,0
421,6,6,5,0.6879393961418329,687,11,0.9431945538974952,0
300,6,6,5,0.6879393961418329,948,6,0.9431945538974952,0
354,6,6,5,0.4969479252231732,670,6,0.9431945538974952,0
344,6,6,5,0.64417051738964,719,11,0.0273721330556057,0
397,6,6,10,0.863014911150604,950,6,0.9431945538974952,0
337,6,6,10,0.5685697268176706,880,6,0.9431945538974952,0
429,6,6,5,0.7317082748940257,858,11,0.8884502877862838,0
466,6,6,10,0.7237502969390814,744,11,0.9431945538974952,0
319,6,6,5,0.640191528412168,739,6,0.0273721330556057,0
371,6,6,10,0.8272040103533554,956,11,0.9431945538974952,0
390,6,6,10,0.699876363074249,655,6,0.0273721330556057,0
447,6,6,10,0.8908678339929086,885,11,0.0273721330556057,0
353,6,6,10,0.4651160134033967,743,6,0.8884502877862838,0
420,6,6,5,0.6163175945473355,723,6,0.9431945538974952,0
456,6,6,5,0.6521284953445842,720,6,0.9431945538974952,0
406,6,6,10,0.751603219781386,800,6,0.9431945538974952,0
417,6,6,5,0.9784055914972942,894,6,0.0273721330556057,0
401,6,6,5,0.6720234402319445,778,11,0.9431945538974952,0
426,6,6,5,0.8311829993308275,965,11,0.8884502877862838,0
374,6,6,10,0.640191528412168,803,6,0.9431945538974952,0
417,6,6,10,0.7277292859165536,889,11,0.9431945538974952,0
379,6,6,5,0.5248008480654778,745,11,0.9431945538974952,0
412,6,6,5,1.0301324482044312,887,11,0.9431945538974952,0
377,6,6,10,0.6839604071643608,785,6,0.0273721330556057,0
342,6,6,10,0.6919183851193049,843,11,0.0273721330556057,0
350,6,6,5,0.4770529803358129,650,6,0.9431945538974952,0
336,6,6,10,0.5327588260204219,658,11,0.0273721330556057,0
431,6,6,10,0.7953720985335788,859,6,0.0273721330556057,0
575,6,6,5,0.8311829993308275,968,11,0.8884502877862838,0
389,6,6,5,0.695897374096777,874,6,0.8884502877862838,0
516,6,6,10,0.910762778880269,955,6,0.0273721330556057,0
355,6,6,10,0.7317082748940257,788,6,0.9431945538974952,0
356,6,6,10,0.6202965835248075,776,11,0.9431945538974952,0
404,6,6,10,0.803330076488523,877,11,0.8884502877862838,0
370,6,6,10,0.7993510875110509,966,11,0.0273721330556057,0
374,6,6,5,0.6561074843220562,844,6,0.0273721330556057,0
492,6,6,10,0.6760024292094166,1027,11,0.0273721330556057,0
369,6,6,5,0.4571580354484525,806,11,0.0273721330556057,0
486,6,6,10,0.7436452418264419,714,6,0.9431945538974952,0
394,6,6,10,0.7197713079616094,805,11,0.0273721330556057,0
450,6,6,5,0.807309065465995,896,11,0.8884502877862838,0
346,6,6,5,0.8152670434209391,739,11,0.8884502877862838,0
454,6,6,5,0.8988258119478527,1011,11,0.8884502877862838,0
423,6,6,5,0.8192460323984113,664,6,0.0273721330556057,0
374,6,6,10,0.7476242308039139,868,11,0.0273721330556057,0
414,6,6,5,0.6799814181868887,870,6,0.8884502877862838,0
354,6,6,10,0.4850109582907571,676,6,0.9431945538974952,0
407,6,6,10,0.8749518780830203,749,6,0.8884502877862838,0
311,6,6,5,0.536737814997894,818,6,0.9431945538974952,0
300,6,6,5,0.8192460323984113,832,11,0.9431945538974952,0
410,6,6,10,0.8112880544434671,937,11,0.9431945538974952,0
395,6,6,10,0.6004016386374472,708,11,0.9431945538974952,0
347,6,6,10,0.7714981646687463,894,11,0.8884502877862838,0
417,6,6,5,0.8510779442181878,853,11,0.9431945538974952,0
370,6,6,10,0.6600864732995283,718,11,0.0273721330556057,0
363,6,6,10,0.5486747819303103,822,11,0.0273721330556057,0
482,6,6,5,0.9744266025198222,1000,6,0.8884502877862838,0
425,6,6,5,0.8152670434209391,807,6,0.0273721330556057,0
453,6,6,10,0.8391409772857716,918,6,0.8884502877862838,0
357,6,6,10,0.7913931095561068,762,6,0.8884502877862838,0
317,6,6,5,0.6839604071643608,841,11,0.0273721330556057,0
468,6,6,5,0.9784055914972942,915,6,0.9431945538974952,0
438,6,6,10,0.8351619883082996,912,11,0.8884502877862838,0
332,6,6,10,0.7157923189841373,951,6,0.8884502877862838,0
420,6,6,5,0.6879393961418329,896,6,0.0273721330556057,0
522,6,6,10,1.0062585143395988,952,11,0.0273721330556057,0
344,6,6,10,0.3019774653270416,635,6,0.0273721330556057,0
388,6,6,5,0.8470989552407158,901,6,0.0273721330556057,0
459,6,6,10,0.7436452418264419,891,11,0.8884502877862838,0
350,6,6,10,0.4253261236286759,605,11,0.8884502877862838,0
415,6,6,5,0.803330076488523,851,11,0.0273721330556057,0
318,6,6,5,0.4571580354484525,679,6,0.8884502877862838,0
451,6,6,10,0.7714981646687463,938,11,0.8884502877862838,0
434,6,6,10,0.803330076488523,797,11,0.9431945538974952,0
405,6,6,10,1.022174470249487,926,6,0.9431945538974952,0
356,6,6,5,0.6163175945473355,740,11,0.9431945538974952,0
353,6,6,5,0.6322335504572237,692,6,0.8884502877862838,0
451,6,6,10,0.9187207568352131,981,11,0.0273721330556057,0
400,6,6,5,0.7197713079616094,889,6,0.0273721330556057,0
398,6,6,10,0.7118133300066652,880,11,0.0273721330556057,0
544,6,6,5,0.807309065465995,952,11,0.8884502877862838,0
515,6,6,10,0.859035922173132,966,6,0.9431945538974952,0
378,6,6,5,0.6521284953445842,639,6,0.0273721330556057,0
361,6,6,5,0.6680444512544724,765,11,0.8884502877862838,0
528,6,6,5,0.8272040103533554,860,11,0.9431945538974952,0
405,6,6,10,0.8272040103533554,901,11,0.0273721330556057,0
461,6,6,5,0.8192460323984113,1006,11,0.8884502877862838,0
454,6,6,5,0.7396662528489698,873,6,0.0273721330556057,0
467,6,6,10,0.7874141205786347,1012,11,0.9431945538974952,0
406,6,6,10,0.6879393961418329,882,6,0.0273721330556057,0
425,6,6,10,0.863014911150604,937,11,0.9431945538974952,0
351,6,6,5,0.536737814997894,761,6,0.8884502877862838,0
415,6,6,5,0.9425946907000456,965,6,0.9431945538974952,0
427,6,6,10,1.0301324482044312,1021,11,0.0273721330556057,0
486,6,6,5,1.0062585143395988,977,11,0.9431945538974952,0
447,6,6,10,0.8232250213758834,930,6,0.9431945538974952,0
399,6,6,10,0.6640654622770004,784,6,0.8884502877862838,0
370,6,6,5,0.6043806276149193,721,11,0.8884502877862838,0
368,6,6,10,0.6521284953445842,888,11,0.0273721330556057,0
427,6,6,10,0.8112880544434671,883,6,0.8884502877862838,0
392,6,6,5,0.6282545614797517,740,11,0.8884502877862838,0
448,6,6,5,0.958510646609934,873,11,0.9431945538974952,0
390,6,6,5,0.7874141205786347,811,11,0.0273721330556057,0
354,6,6,5,0.8311829993308275,830,11,0.8884502877862838,0
471,6,6,5,0.6839604071643608,807,6,0.8884502877862838,0
458,6,6,10,0.8510779442181878,881,11,0.9431945538974952,0
433,6,6,10,0.8311829993308275,766,11,0.0273721330556057,0
411,6,6,10,0.640191528412168,758,11,0.0273721330556057,0
473,6,6,10,0.8192460323984113,845,6,0.0273721330556057,0
501,6,6,10,0.8391409772857716,883,11,0.0273721330556057,0
459,6,6,10,0.8272040103533554,848,6,0.9431945538974952,0
339,6,6,5,0.6481495063671121,768,11,0.9431945538974952,0
350,6,6,10,0.5287798370429498,534,11,0.8884502877862838,0
450,6,6,10,0.8192460323984113,840,6,0.0273721330556057,0
428,6,6,10,0.8391409772857716,919,6,0.9431945538974952,0
364,6,6,10,0.5844856827275589,762,11,0.0273721330556057,0
365,6,6,10,0.5168428701105336,741,11,0.9431945538974952,0
356,6,6,10,0.807309065465995,910,6,0.0273721330556057,0
319,6,6,10,0.7396662528489698,919,11,0.9431945538974952,0
301,6,6,5,0.5486747819303103,834,11,0.0273721330556057,0
420,6,6,10,0.8152670434209391,879,6,0.0273721330556057,0
462,6,6,5,0.7714981646687463,927,6,0.9431945538974952,0
443,6,6,10,0.8709728891055483,811,11,0.8884502877862838,0
353,6,6,10,0.5088848921555895,780,11,0.0273721330556057,0
410,6,6,5,0.699876363074249,903,6,0.8884502877862838,0
452,6,6,10,0.8789308670604924,988,6,0.0273721330556057,0
353,6,6,10,0.5287798370429498,641,6,0.9431945538974952,0
405,6,6,10,0.9386157017225736,997,6,0.8884502877862838,0
504,6,6,5,0.8789308670604924,973,6,0.8884502877862838,0
407,6,6,5,0.6123386055698634,752,11,0.9431945538974952,0
455,6,6,10,0.7714981646687463,956,11,0.8884502877862838,0
456,6,6,10,0.5088848921555895,774,11,0.8884502877862838,0
436,6,6,5,0.8351619883082996,779,11,0.9431945538974952,0
453,6,6,5,0.751603219781386,879,6,0.8884502877862838,0
416,6,6,10,0.5844856827275589,780,11,0.9431945538974952,0
362,6,6,5,0.6242755725022796,723,11,0.8884502877862838,0
452,6,6,5,0.9425946907000456,1057,11,0.9431945538974952,0
416,6,6,10,0.9067837899027968,903,11,0.9431945538974952,0
319,6,6,5,0.7675191756912743,798,11,0.9431945538974952,0
468,6,6,10,0.9784055914972942,953,6,0.9431945538974952,0
391,6,6,10,0.8669939001280762,764,11,0.9431945538974952,0
385,6,6,10,0.9425946907000456,966,11,0.8884502877862838,0
446,6,6,10,0.863014911150604,883,11,0.8884502877862838,0
412,6,6,10,0.8470989552407158,954,11,0.0273721330556057,0
340,6,6,5,0.5486747819303103,716,6,0.0273721330556057,0
313,6,6,10,0.6083596165923914,617,11,0.8884502877862838,0
401,6,6,5,0.5645907378401985,781,6,0.9431945538974952,0
383,6,6,5,0.807309065465995,907,6,0.0273721330556057,0
424,6,6,10,0.8868888450154365,1023,11,0.9431945538974952,0
494,6,6,5,0.751603219781386,918,11,0.0273721330556057,0
354,6,6,5,0.803330076488523,984,11,0.8884502877862838,0
408,6,6,10,0.7714981646687463,886,11,0.0273721330556057,0
379,6,6,5,0.6760024292094166,836,11,0.8884502877862838,0
421,6,6,5,0.7913931095561068,940,11,0.0273721330556057,0
382,6,6,10,0.7874141205786347,847,6,0.0273721330556057,0
404,6,6,10,0.7396662528489698,901,11,0.0273721330556057,0
307,6,6,10,0.640191528412168,703,6,0.9431945538974952,0
447,6,6,5,0.97044761354235,930,6,0.9431945538974952,0
490,6,6,10,0.9744266025198222,1082,6,0.9431945538974952,0
440,6,6,10,0.6362125394346959,839,11,0.8884502877862838,0
423,6,6,10,0.8192460323984113,905,6,0.8884502877862838,0
376,6,6,5,0.7277292859165536,780,11,0.8884502877862838,0
395,6,6,10,0.7555822087588581,958,6,0.9431945538974952,0
355,6,6,5,0.7714981646687463,804,6,0.9431945538974952,0
379,6,6,5,0.6919183851193049,696,6,0.9431945538974952,0
414,6,6,10,0.7436452418264419,891,11,0.9431945538974952,0
399,6,6,5,0.8112880544434671,869,6,0.8884502877862838,0
458,6,6,10,0.6600864732995283,955,6,0.8884502877862838,0
344,6,6,5,0.6362125394346959,737,11,0.0273721330556057,0
349,6,6,5,0.6282545614797517,740,6,0.8884502877862838,0
436,6,6,5,0.7118133300066652,720,11,0.9431945538974952,0
411,6,6,10,0.6720234402319445,872,11,0.0273721330556057,0
404,6,6,10,0.699876363074249,853,11,0.8884502877862838,0
355,6,6,10,0.6202965835248075,845,6,0.9431945538974952,0
391,6,6,10,0.6839604071643608,730,6,0.8884502877862838,0
407,6,6,10,0.7555822087588581,764,11,0.9431945538974952,0
445,6,6,10,0.7118133300066652,830,11,0.8884502877862838,0
348,6,6,10,0.7476242308039139,850,6,0.8884502877862838,0
409,6,6,5,0.5725487157951427,803,11,0.0273721330556057,0
431,6,6,10,0.7913931095561068,852,6,0.8884502877862838,0
378,6,6,5,0.6481495063671121,772,6,0.9431945538974952,0
415,6,6,10,0.6123386055698634,747,6,0.9431945538974952,0
411,6,6,5,0.7237502969390814,792,11,0.0273721330556057,0
524,6,6,5,0.5964226496599752,862,6,0.8884502877862838,0
415,6,6,10,0.6879393961418329,760,6,0.0273721330556057,0
420,6,6,5,0.8391409772857716,826,11,0.9431945538974952,0
438,6,6,10,0.9147417678577412,973,6,0.8884502877862838,0
446,6,6,5,0.9465736796775176,982,6,0.0273721330556057,0
404,6,6,5,0.7277292859165536,765,6,0.9431945538974952,0
326,6,6,10,0.4651160134033967,743,11,0.9431945538974952,0
307,6,6,10,0.588464671705031,685,11,0.0273721330556057,0
361,6,6,5,0.6600864732995283,749,11,0.0273721330556057,0
357,6,6,5,0.7754771536462185,722,6,0.8884502877862838,0
317,6,6,5,0.7396662528489698,866,6,0.0273721330556057,0
359,6,6,5,0.4651160134033967,740,6,0.8884502877862838,0
434,6,6,10,0.8470989552407158,1025,6,0.0273721330556057,0
342,6,6,10,0.7874141205786347,829,11,0.9431945538974952,0
410,6,6,5,0.7277292859165536,959,11,0.8884502877862838,0
408,6,6,5,0.8669939001280762,845,11,0.0273721330556057,0
356,6,6,10,0.4054311787413155,756,6,0.9431945538974952,0
470,6,6,10,0.7834351316011626,830,6,0.9431945538974952,0
323,6,6,5,0.6521284953445842,778,6,0.0273721330556057,0
423,6,6,5,0.751603219781386,900,6,0.9431945538974952,0
394,6,6,5,0.6879393961418329,829,11,0.9431945538974952,0
397,6,6,5,0.5805066937500868,820,6,0.0273721330556057,0
383,6,6,10,0.7675191756912743,906,11,0.9431945538974952,0
321,6,6,5,0.6760024292094166,766,6,0.9431945538974952,0
483,6,6,5,0.9147417678577412,1086,11,0.9431945538974952,0
430,6,6,10,0.7754771536462185,788,6,0.8884502877862838,0
407,6,6,10,0.5685697268176706,788,6,0.9431945538974952,0
420,6,6,10,0.8669939001280762,817,6,0.9431945538974952,0
339,6,6,5,0.6362125394346959,763,6,0.9431945538974952,0
360,6,6,5,0.7754771536462185,886,11,0.8884502877862838,0
462,6,6,5,0.6680444512544724,799,6,0.0273721330556057,0
393,6,6,10,0.6242755725022796,827,6,0.9431945538974952,0
365,6,6,5,0.6202965835248075,968,6,0.8884502877862838,0
425,6,6,10,0.8112880544434671,936,6,0.8884502877862838,0
368,6,6,5,0.6839604071643608,733,6,0.9431945538974952,0
312,6,6,5,0.6282545614797517,717,11,0.0273721330556057,0
388,6,6,5,0.6879393961418329,651,6,0.8884502877862838,0
403,6,6,5,0.6760024292094166,854,11,0.0273721330556057,0
414,6,6,10,0.7197713079616094,891,6,0.9431945538974952,0
385,6,6,5,0.7635401867138022,832,11,0.0273721330556057,0
434,6,6,10,0.7157923189841373,774,6,0.0273721330556057,0
351,6,6,10,0.6282545614797517,766,11,0.0273721330556057,0
375,6,6,5,0.8192460323984113,842,11,0.0273721330556057,0
450,6,6,10,0.8709728891055483,913,6,0.9431945538974952,0
353,6,6,5,0.9067837899027968,890,6,0.0273721330556057,0
433,6,6,10,0.699876363074249,859,11,0.0273721330556057,0
329,6,6,5,0.6043806276149193,814,11,0.8884502877862838,0
386,6,6,10,0.7078343410291932,863,6,0.9431945538974952,0
371,6,6,10,0.7913931095561068,934,6,0.9431945538974952,0
372,6,6,10,0.5924436606825031,747,11,0.8884502877862838,0
451,6,6,10,0.9306577237676292,1012,11,0.0273721330556057,0
404,6,6,10,0.64417051738964,895,6,0.9431945538974952,0
443,6,6,5,0.8510779442181878,1021,6,0.9431945538974952,0
413,6,6,5,0.699876363074249,782,11,0.0273721330556057,0
459,6,6,10,0.8550569331956599,858,11,0.0273721330556057,0
498,6,6,10,0.8431199662632437,950,6,0.9431945538974952,0
408,6,6,5,0.8152670434209391,920,11,0.9431945538974952,0
350,6,6,5,0.7754771536462185,905,6,0.0273721330556057,0
429,6,6,10,0.699876363074249,779,11,0.8884502877862838,0
370,6,6,5,0.962489635587406,953,6,0.9431945538974952,0
405,6,6,10,0.6202965835248075,767,11,0.8884502877862838,0
375,6,6,10,0.7953720985335788,821,11,0.9431945538974952,0
345,6,6,10,0.5327588260204219,768,11,0.9431945538974952,0
419,6,6,5,0.6202965835248075,823,6,0.0273721330556057,0
397,6,6,5,0.7038553520517211,897,6,0.0273721330556057,0
358,6,6,5,0.5844856827275589,744,11,0.0273721330556057,0
515,6,6,10,0.8749518780830203,955,6,0.8884502877862838,0
387,6,6,5,0.5088848921555895,688,11,0.9431945538974952,0
360,6,6,10,0.7874141205786347,1064,6,0.8884502877862838,0
415,6,6,5,0.7237502969390814,776,6,0.0273721330556057,0
296,6,6,5,0.5765277047726147,873,6,0.0273721330556057,0
451,6,6,10,0.7237502969390814,846,6,0.0273721330556057,0
418,6,6,5,0.6561074843220562,894,6,0.0273721330556057,0
506,6,6,10,0.8391409772857716,828,6,0.8884502877862838,0
386,6,6,5,0.7237502969390814,827,11,0.9431945538974952,0
471,6,6,5,0.8391409772857716,856,11,0.9431945538974952,0
473,6,6,10,0.8510779442181878,889,6,0.9431945538974952,0
335,6,6,5,0.5725487157951427,708,11,0.9431945538974952,0
477,6,6,10,0.9545316576324616,914,11,0.9431945538974952,0
353,6,6,5,0.5446957929528382,612,6,0.9431945538974952,0
429,6,6,10,0.7317082748940257,859,11,0.9431945538974952,0
468,6,6,5,0.6760024292094166,895,6,0.0273721330556057,0
372,6,6,5,0.5248008480654778,770,11,0.9431945538974952,0
445,6,6,5,0.97044761354235,850,6,0.9431945538974952,0
401,6,6,5,0.6123386055698634,773,11,0.9431945538974952,0
424,6,6,5,0.695897374096777,870,6,0.0273721330556057,0
362,6,6,5,0.5725487157951427,704,11,0.9431945538974952,0
527,6,6,10,0.7356872638714977,990,6,0.0273721330556057,0
387,6,6,5,0.5805066937500868,828,6,0.0273721330556057,0
374,6,6,10,0.751603219781386,725,11,0.8884502877862838,0
415,6,6,5,0.8192460323984113,899,11,0.9431945538974952,0
322,6,6,5,0.5725487157951427,631,11,0.9431945538974952,0
329,6,6,5,0.9744266025198222,954,6,0.8884502877862838,0
437,6,6,5,0.97044761354235,1004,6,0.9431945538974952,0
338,6,6,10,0.8152670434209391,833,11,0.9431945538974952,0
376,6,6,10,0.7555822087588581,902,11,0.0273721330556057,0
396,6,6,10,0.6720234402319445,875,11,0.9431945538974952,0
394,6,6,5,0.8431199662632437,957,11,0.0273721330556057,0
362,6,6,10,0.5208218590880057,636,11,0.8884502877862838,0
412,6,6,10,0.7237502969390814,781,11,0.9431945538974952,0
372,6,6,5,0.540716803975366,737,11,0.0273721330556057,0
386,6,6,5,0.7078343410291932,907,11,0.9431945538974952,0
367,6,6,5,0.6600864732995283,894,6,0.0273721330556057,0
295,6,6,10,0.8192460323984113,902,11,0.0273721330556057,0
424,6,6,5,0.8749518780830203,903,6,0.8884502877862838,0
459,6,6,5,0.6481495063671121,766,6,0.9431945538974952,0
437,6,6,5,0.8391409772857716,918,11,0.0273721330556057,0
372,6,6,5,0.536737814997894,678,6,0.8884502877862838,0
468,6,6,5,1.0261534592269592,1161,11,0.9431945538974952,0
426,6,6,5,0.7675191756912743,919,11,0.9431945538974952,0
312,6,6,5,0.7436452418264419,892,6,0.0273721330556057,0
414,6,6,5,0.7157923189841373,753,11,0.0273721330556057,0
430,6,6,5,0.5566327598852544,794,11,0.9431945538974952,0
458,6,6,10,0.8550569331956599,874,6,0.9431945538974952,0
457,6,6,5,0.751603219781386,960,6,0.9431945538974952,0
454,6,6,10,1.0699223379791518,1133,6,0.8884502877862838,0
489,6,6,10,1.0460484041143194,991,6,0.8884502877862838,0
416,6,6,10,0.7834351316011626,998,6,0.9431945538974952,0
420,6,6,10,0.807309065465995,942,6,0.8884502877862838,0
411,6,6,10,0.7834351316011626,876,6,0.0273721330556057,0
433,6,6,10,0.7595611977363301,925,6,0.8884502877862838,0
419,6,6,10,0.8272040103533554,933,11,0.0273721330556057,0
395,6,6,5,0.4332841015836201,783,11,0.0273721330556057,0
400,6,6,5,0.8152670434209391,874,11,0.0273721330556057,0
413,6,6,10,0.9226997458126852,963,6,0.8884502877862838,0
403,6,6,5,0.8829098560379645,997,11,0.0273721330556057,0
361,6,6,5,0.536737814997894,702,11,0.8884502877862838,0
424,6,6,5,0.5805066937500868,855,11,0.8884502877862838,0
331,6,6,10,0.6083596165923914,721,11,0.9431945538974952,0
378,6,6,10,0.7157923189841373,757,6,0.9431945538974952,0
907,6,0,5,3.011668958985524,1528,6,0.9431945538974952,1
868,6,0,11,1.666770684599963,1079,12,0.8884502877862838,1
669,6,0,11,1.770224398014237,1002,12,0.9431945538974952,1
725,6,0,5,1.404157412086806,896,12,0.9431945538974952,1
511,6,0,5,0.5844856827275589,992,6,0.9431945538974952,1
651,6,0,5,1.7463504641494043,1074,6,0.8884502877862838,1
990,6,0,5,2.426757579297129,1172,12,0.9431945538974952,1
560,6,0,11,1.3802834782219735,1014,12,0.8884502877862838,1
628,6,0,5,1.925404968135648,1191,6,0.8884502877862838,1
668,6,0,11,1.193270996280786,901,12,0.8884502877862838,1
802,6,0,5,1.889594067338399,1048,6,0.9431945538974952,1
597,6,0,5,1.4280313459516385,896,6,0.9431945538974952,1
951,6,0,11,2.3034089209954947,1100,6,0.9431945538974952,1
888,6,0,11,2.0129427256400336,1149,12,0.9431945538974952,1
770,6,0,11,2.028858681549922,953,6,0.9431945538974952,1
753,6,0,5,2.653559951013037,1100,12,0.8884502877862838,1
768,6,0,11,2.267598020198246,1045,6,0.8884502877862838,1
773,6,0,11,1.3086616766274763,862,12,0.9431945538974952,1
966,6,0,11,2.721202763630062,1330,12,0.8884502877862838,1
827,6,0,11,2.566022193508652,1106,12,0.8884502877862838,1
778,6,0,5,1.567295960163161,1022,6,0.9431945538974952,1
674,6,0,5,1.336514599469781,961,6,0.8884502877862838,1
823,6,0,11,1.7383924861944604,1012,12,0.8884502877862838,1
858,6,0,5,2.323303865882856,1079,12,0.8884502877862838,1
788,6,0,5,1.5394430373208567,1151,6,0.8884502877862838,1
623,6,0,5,2.144249361896612,981,6,0.8884502877862838,1
763,6,0,11,1.288766731740116,1010,6,0.8884502877862838,1
841,6,0,11,2.2755559981531905,1236,6,0.8884502877862838,1
922,6,0,11,3.278261220476153,1369,6,0.8884502877862838,1
850,6,0,11,1.7622664200592928,995,6,0.8884502877862838,1
887,6,0,11,1.6389177617576585,1024,6,0.8884502877862838,1
871,6,0,5,2.315345887927911,1170,6,0.8884502877862838,1
722,6,0,11,1.8856150783609271,941,12,0.8884502877862838,1
872,6,0,11,2.0845645272345306,1163,6,0.8884502877862838,1
988,6,0,11,2.315345887927911,1276,12,0.8884502877862838,1
803,6,0,11,2.0845645272345306,1170,12,0.9431945538974952,1
760,6,0,5,2.168123295761444,1125,12,0.9431945538974952,1
707,6,0,11,1.3245776325373646,1132,12,0.9431945538974952,1
600,6,0,5,1.8975520452933432,992,12,0.9431945538974952,1
511,6,0,5,1.0500273930917916,970,6,0.9431945538974952,1
892,6,0,5,0.6640654622770004,913,6,0.8884502877862838,1
1059,6,0,11,2.418799601342185,1183,12,0.8884502877862838,1
795,6,0,11,1.5832119160730496,1320,12,0.9431945538974952,1
711,6,0,11,1.50761112550108,988,6,0.8884502877862838,1
482,6,0,5,1.185313018325842,860,12,0.9431945538974952,1
600,6,0,11,0.8948468229703807,857,12,0.8884502877862838,1
595,6,0,11,1.4359893239065826,981,6,0.8884502877862838,1
728,6,0,11,1.6946236074422676,1050,6,0.9431945538974952,1
798,6,0,5,1.8617411444960947,916,6,0.9431945538974952,1
570,6,0,5,1.6627916956224909,975,12,0.8884502877862838,1
502,6,0,5,2.1999552075812208,1063,6,0.9431945538974952,1
1008,6,0,11,2.37105173361252,1321,6,0.8884502877862838,1
579,6,0,11,1.3325356104923087,1081,12,0.9431945538974952,1
836,6,0,11,2.271577009175718,1316,6,0.8884502877862838,1
892,6,0,11,2.538169270666347,1055,6,0.9431945538974952,1
639,6,0,5,2.020900703594977,1062,6,0.9431945538974952,1
637,6,0,11,1.396199434131862,998,6,0.9431945538974952,1
896,6,0,11,1.6627916956224909,864,12,0.8884502877862838,1
657,6,0,5,1.133586161618705,1139,12,0.9431945538974952,1
841,6,0,5,1.3922204451543898,918,6,0.8884502877862838,1
802,6,0,5,1.9731528358653128,1080,12,0.9431945538974952,1
771,6,0,5,1.432010334929111,1021,6,0.9431945538974952,1
713,6,0,11,0.9266787347901572,899,12,0.8884502877862838,1
664,6,0,5,2.7689506313597274,1355,6,0.8884502877862838,1
729,6,0,11,1.455884268793943,1184,12,0.8884502877862838,1
997,6,0,5,1.8060352988114856,1007,12,0.8884502877862838,1
673,6,0,11,0.8868888450154365,775,6,0.9431945538974952,1
793,6,0,5,1.989068791775201,1143,6,0.9431945538974952,1
999,6,0,11,2.323303865882856,1092,12,0.8884502877862838,1
781,6,0,11,1.06594334900168,973,6,0.8884502877862838,1
719,6,0,11,1.2569348199203394,1088,12,0.8884502877862838,1
778,6,0,5,2.1999552075812208,1230,6,0.9431945538974952,1
576,6,0,11,1.9532578909779523,976,6,0.9431945538974952,1
864,6,0,11,2.673454895900398,1113,12,0.9431945538974952,1
545,6,0,5,1.5235270814109685,935,12,0.9431945538974952,1
628,6,0,5,1.5314850593659124,988,12,0.8884502877862838,1
833,6,0,5,2.4466525241844894,1343,12,0.8884502877862838,1
665,6,0,11,0.803330076488523,934,12,0.9431945538974952,1
665,6,0,11,1.1654180734384818,890,6,0.8884502877862838,1
1019,6,0,11,2.3790097115674644,1340,6,0.9431945538974952,1
748,6,0,11,1.5195480924334963,1018,6,0.8884502877862838,1
946,6,0,5,3.67616011822336,1331,6,0.9431945538974952,1
755,6,0,5,1.4280313459516385,1056,12,0.9431945538974952,1
652,6,0,5,1.7821613649466532,1080,6,0.9431945538974952,1
586,6,0,5,0.9744266025198222,834,6,0.9431945538974952,1
505,6,0,5,0.4014521897638435,802,6,0.9431945538974952,1
677,6,0,11,1.4757792136813035,992,12,0.8884502877862838,1
812,6,0,11,1.022174470249487,890,6,0.9431945538974952,1
682,6,0,5,1.404157412086806,979,6,0.9431945538974952,1
937,6,0,5,3.461294713439868,1508,6,0.9431945538974952,1
718,6,0,11,1.8100142877889576,851,12,0.9431945538974952,1
864,6,0,5,1.0181954812720149,890,6,0.9431945538974952,1
666,6,0,11,1.4240523569741663,933,6,0.9431945538974952,1
908,6,0,5,1.336514599469781,968,12,0.9431945538974952,1
741,6,0,5,0.7675191756912743,921,6,0.9431945538974952,1
839,6,0,5,2.0845645272345306,1006,12,0.8884502877862838,1
718,6,0,11,0.7913931095561068,916,6,0.8884502877862838,1
765,6,0,5,1.9970267697301447,1084,6,0.8884502877862838,1
819,6,0,5,2.1163964390543075,977,12,0.8884502877862838,1
837,6,0,11,1.5871909050505215,1075,12,0.9431945538974952,1
629,6,0,11,0.6720234402319445,852,12,0.9431945538974952,1
570,6,0,5,1.3723255002670296,1123,12,0.9431945538974952,1
939,6,0,5,1.770224398014237,1148,12,0.8884502877862838,1
702,6,0,5,2.191997229626277,912,12,0.8884502877862838,1
525,6,0,5,2.367072744635048,1044,6,0.8884502877862838,1
934,6,0,5,2.733139730562479,1142,6,0.9431945538974952,1
738,6,0,11,1.4200733679966944,993,6,0.8884502877862838,1
1048,6,0,11,2.9320891794360824,1295,12,0.8884502877862838,1
575,6,0,5,1.4399683128840548,916,12,0.8884502877862838,1
767,6,0,11,1.2012289742357305,827,12,0.9431945538974952,1
740,6,0,5,0.8868888450154365,966,12,0.9431945538974952,1
800,6,0,11,2.96392109125586,1130,12,0.9431945538974952,1
615,6,0,11,1.3484515664021972,793,12,0.8884502877862838,1
852,6,0,5,1.7543084421043489,1101,6,0.8884502877862838,1
609,6,0,5,1.4399683128840548,889,6,0.8884502877862838,1
852,6,0,5,2.2835139761081344,1232,6,0.8884502877862838,1
746,6,0,11,1.3484515664021972,1002,6,0.9431945538974952,1
739,6,0,11,2.4028836454322966,1053,6,0.8884502877862838,1
735,6,0,5,1.284787742762644,1057,12,0.8884502877862838,1
660,6,0,5,1.6031068609604098,1111,12,0.8884502877862838,1
661,6,0,5,1.3404935884472529,979,6,0.8884502877862838,1
654,6,0,5,2.088543516212003,1039,12,0.9431945538974952,1
843,6,0,11,1.5434220262983287,998,6,0.9431945538974952,1
900,6,0,11,2.2795349871306625,1054,6,0.9431945538974952,1
844,6,0,5,1.8498041775636784,951,6,0.8884502877862838,1
599,6,0,5,0.958510646609934,830,12,0.8884502877862838,1
824,6,0,11,2.5023583698690985,1026,6,0.8884502877862838,1
615,6,0,5,2.410841623387241,948,12,0.8884502877862838,1
756,6,0,5,2.1283334059867234,1103,12,0.8884502877862838,1
765,6,0,5,2.04477463745981,1151,6,0.9431945538974952,1
705,6,0,11,2.048753626437282,977,12,0.9431945538974952,1
727,6,0,5,1.3325356104923087,1017,6,0.9431945538974952,1
626,6,0,5,1.495674158568664,1070,6,0.8884502877862838,1
687,6,0,5,1.3524305553796692,1022,6,0.9431945538974952,1
680,6,0,11,1.1375651505961772,1042,12,0.8884502877862838,1
646,6,0,5,0.588464671705031,990,6,0.8884502877862838,1
814,6,0,5,1.8139932767664293,1163,12,0.8884502877862838,1
573,6,0,11,1.237039875032979,924,12,0.9431945538974952,1
827,6,0,5,1.989068791775201,1081,12,0.9431945538974952,1
936,6,0,5,1.925404968135648,1232,12,0.9431945538974952,1
807,6,0,5,2.132312394964196,963,6,0.9431945538974952,1
532,6,0,5,1.0500273930917916,921,12,0.9431945538974952,1
891,6,0,5,1.937341935068064,1105,12,0.9431945538974952,1
752,6,0,5,2.096501494166947,1162,12,0.9431945538974952,1
754,6,0,11,2.6257070281707326,1098,12,0.9431945538974952,1
663,6,0,5,0.9903425584297104,936,6,0.9431945538974952,1
918,6,0,11,2.2874929650856064,1114,12,0.9431945538974952,1
706,6,0,5,1.778182375969181,973,6,0.9431945538974952,1
1067,6,0,11,2.25566105326583,1270,6,0.8884502877862838,1
1069,6,0,11,3.2583662755887928,1384,6,0.9431945538974952,1
715,6,0,5,2.0169217146175056,1059,12,0.9431945538974952,1
850,6,0,5,1.6230018058477702,1128,6,0.9431945538974952,1
789,6,0,11,1.4916951695911915,1074,6,0.9431945538974952,1
676,6,0,11,0.9744266025198222,853,6,0.8884502877862838,1
1058,6,0,11,1.8418461996087343,1133,6,0.9431945538974952,1
787,6,0,5,1.8498041775636784,1051,6,0.8884502877862838,1
656,6,0,11,1.5513800042532728,914,12,0.9431945538974952,1
734,6,0,11,0.8112880544434671,918,12,0.9431945538974952,1
620,6,0,5,0.9465736796775176,853,6,0.8884502877862838,1
754,6,0,5,2.008963736662561,1080,6,0.9431945538974952,1
629,6,0,11,2.10048048314442,1022,6,0.9431945538974952,1
973,6,0,11,2.6814128738553418,1090,12,0.9431945538974952,1
780,6,0,11,0.7834351316011626,853,12,0.9431945538974952,1
964,6,0,5,3.2623452645662647,1287,6,0.9431945538974952,1
717,6,0,11,2.0646695823471704,882,6,0.9431945538974952,1
676,6,0,11,1.615043827892826,1059,6,0.8884502877862838,1
762,6,0,5,1.7025815853972115,943,12,0.8884502877862838,1
585,6,0,5,0.9983005363846544,812,12,0.8884502877862838,1
1064,6,0,5,2.514295336801515,1334,12,0.9431945538974952,1
636,6,0,11,1.3802834782219735,1072,6,0.9431945538974952,1
723,6,0,11,1.4757792136813035,1103,12,0.9431945538974952,1
823,6,0,5,2.327282854860328,1232,6,0.9431945538974952,1
632,6,0,5,0.9266787347901572,1017,12,0.8884502877862838,1
1025,6,0,5,2.737118719539951,1045,12,0.8884502877862838,1
731,6,0,11,2.2317871194009977,1117,6,0.9431945538974952,1
805,6,0,5,2.375030722589992,1146,12,0.8884502877862838,1
705,6,0,5,2.7013078187427024,1193,12,0.8884502877862838,1
621,6,0,11,1.6428967507351306,1034,6,0.8884502877862838,1
696,6,0,11,1.5951488830054656,930,6,0.8884502877862838,1
769,6,0,11,2.0646695823471704,1205,6,0.8884502877862838,1
865,6,0,11,1.3922204451543898,1217,12,0.8884502877862838,1
873,6,0,5,1.6548337176675467,1119,12,0.8884502877862838,1
845,6,0,5,1.6389177617576585,1083,12,0.8884502877862838,1
516,6,0,5,1.4240523569741663,1098,12,0.9431945538974952,1
935,6,0,5,2.215871163491109,1124,12,0.8884502877862838,1
586,6,0,11,1.941320924045536,1015,6,0.8884502877862838,1
795,6,0,11,1.7861403539241252,1225,12,0.9431945538974952,1
643,6,0,5,1.829909232676318,1076,6,0.9431945538974952,1
650,6,0,5,1.0858382938890403,945,6,0.8884502877862838,1
929,6,0,5,2.3989046564548246,1113,6,0.9431945538974952,1
965,6,0,5,2.832614454999281,1302,6,0.8884502877862838,1
868,6,0,11,1.7503294531268765,1100,6,0.9431945538974952,1
915,6,0,5,2.032837670527394,1248,6,0.8884502877862838,1
889,6,0,11,2.438694546229545,941,12,0.8884502877862838,1
860,6,0,11,1.9492789020004804,1101,12,0.8884502877862838,1
886,6,0,11,2.215871163491109,1018,12,0.8884502877862838,1
896,6,0,11,1.5394430373208567,1090,6,0.8884502877862838,1
488,6,0,11,2.2317871194009977,1070,12,0.9431945538974952,1
766,6,0,11,2.721202763630062,1135,6,0.8884502877862838,1
766,6,0,5,1.829909232676318,1103,6,0.8884502877862838,1
833,6,0,5,1.3643675223120857,930,6,0.8884502877862838,1
632,6,0,11,1.185313018325842,970,12,0.8884502877862838,1
667,6,0,11,1.4359893239065826,899,6,0.8884502877862838,1
717,6,0,11,2.024879692572449,1109,6,0.9431945538974952,1
881,6,0,5,1.1892920073033142,965,12,0.9431945538974952,1
691,6,0,11,0.5924436606825031,916,6,0.9431945538974952,1
844,6,0,11,1.7145185523296278,1175,12,0.9431945538974952,1
730,6,0,11,1.9612158689328965,1010,12,0.8884502877862838,1
991,6,0,11,2.1601653178065003,1116,12,0.8884502877862838,1
463,6,0,11,1.7622664200592928,951,6,0.9431945538974952,1
689,6,0,5,1.2489768419653953,929,6,0.8884502877862838,1
905,6,0,5,2.048753626437282,1103,6,0.9431945538974952,1
905,6,0,11,1.388241456176918,948,12,0.9431945538974952,1
736,6,0,11,1.2688717868527557,1040,12,0.8884502877862838,1
772,6,0,11,1.7861403539241252,991,12,0.9431945538974952,1
901,6,0,5,1.0341114371819031,1079,6,0.8884502877862838,1
836,6,0,5,1.8060352988114856,1101,6,0.9431945538974952,1
787,6,0,11,2.048753626437282,1054,12,0.8884502877862838,1
984,6,0,5,1.6309597838027143,1048,12,0.9431945538974952,1
696,6,0,5,1.5115901144785522,833,12,0.9431945538974952,1
850,6,0,5,2.4585894911169057,1076,12,0.8884502877862838,1
1010,6,0,5,2.363093755657576,1360,12,0.8884502877862838,1
789,6,0,5,1.865720133473567,1141,6,0.8884502877862838,1
782,6,0,11,1.8975520452933432,1090,6,0.8884502877862838,1
753,6,0,5,0.97044761354235,1006,6,0.9431945538974952,1
1049,6,0,11,2.1203754280317795,1074,12,0.9431945538974952,1
807,6,0,5,1.9771318248427847,1130,12,0.9431945538974952,1
750,6,0,11,1.4240523569741663,1213,12,0.9431945538974952,1
468,6,0,11,1.2808087537851718,1110,12,0.8884502877862838,1
697,6,0,5,0.958510646609934,1097,6,0.9431945538974952,1
904,6,0,5,2.2994299320180227,1057,6,0.9431945538974952,1
574,6,0,5,0.9823845804747664,1022,6,0.9431945538974952,1
711,6,0,5,2.096501494166947,1011,12,0.8884502877862838,1
687,6,0,5,1.5275060703884404,917,12,0.9431945538974952,1
788,6,0,5,3.075332782625077,1407,6,0.8884502877862838,1
965,6,0,5,2.737118719539951,1056,6,0.9431945538974952,1
665,6,0,11,0.97044761354235,971,12,0.8884502877862838,1
747,6,0,11,1.1654180734384818,998,12,0.8884502877862838,1
802,6,0,11,1.7463504641494043,1103,12,0.9431945538974952,1
442,6,0,11,0.9903425584297104,845,6,0.8884502877862838,1
611,6,0,11,1.5195480924334963,1004,6,0.8884502877862838,1
719,6,0,11,1.4240523569741663,1124,12,0.8884502877862838,1
831,6,0,5,2.3909466784998803,1109,12,0.8884502877862838,1
766,6,0,5,1.817972265743902,1019,12,0.9431945538974952,1
759,6,0,5,1.4160943790192224,908,6,0.8884502877862838,1
667,6,0,11,1.5991278719829378,948,6,0.8884502877862838,1
899,6,0,11,2.3790097115674644,1226,12,0.8884502877862838,1
793,6,0,5,2.37105173361252,964,12,0.8884502877862838,1
735,6,0,5,1.8100142877889576,1067,12,0.8884502877862838,1
591,6,0,11,2.0805855382570586,902,12,0.9431945538974952,1
838,6,0,5,2.478484436004266,1224,12,0.9431945538974952,1
705,6,0,5,1.5235270814109685,1111,6,0.9431945538974952,1
809,6,0,11,3.1509335731970465,1293,12,0.9431945538974952,1
496,6,0,5,0.6600864732995283,641,12,0.8884502877862838,1
746,6,0,5,1.989068791775201,985,12,0.8884502877862838,1
748,6,0,11,1.9811108138202569,928,6,0.8884502877862838,1
1101,6,0,11,2.518274325778987,966,6,0.9431945538974952,1
676,6,0,5,1.6309597838027143,1030,12,0.8884502877862838,1
889,6,0,5,1.6707496735774352,1109,12,0.9431945538974952,1
811,6,0,5,2.6058120832833724,1070,12,0.8884502877862838,1
869,6,0,11,2.67743388487787,1224,12,0.9431945538974952,1
975,6,0,11,2.737118719539951,1120,6,0.8884502877862838,1
707,6,0,11,1.499653147546136,1038,6,0.9431945538974952,1
819,6,0,5,0.9823845804747664,1032,6,0.8884502877862838,1
676,6,0,5,1.1654180734384818,935,12,0.9431945538974952,1
628,6,0,11,1.244997852987923,746,12,0.9431945538974952,1
833,6,0,5,2.0129427256400336,1037,6,0.9431945538974952,1
1006,6,0,5,2.856488388864113,1238,12,0.9431945538974952,1
866,6,0,5,2.6018330943059005,1087,6,0.9431945538974952,1
646,6,0,5,1.4121153900417502,1055,6,0.9431945538974952,1
811,6,0,5,2.4506315131619614,1152,12,0.9431945538974952,1
740,6,0,5,1.7344134972169882,1014,12,0.9431945538974952,1
770,6,0,5,1.4121153900417502,1056,12,0.8884502877862838,1
898,6,0,5,1.244997852987923,1043,6,0.8884502877862838,1
782,6,0,11,1.9691738468878408,1157,6,0.9431945538974952,1
947,6,0,11,2.112417450076835,1220,6,0.8884502877862838,1
725,6,0,11,0.8948468229703807,866,12,0.9431945538974952,1
1011,6,0,5,2.4028836454322966,1245,12,0.9431945538974952,1
823,6,0,5,1.9612158689328965,1294,6,0.9431945538974952,1
863,6,0,5,2.7092657966976463,1098,6,0.8884502877862838,1
624,6,0,5,2.8286354660218085,1203,12,0.9431945538974952,1
975,6,0,11,1.774203386991709,996,6,0.8884502877862838,1
776,6,0,5,2.136291383941668,1212,12,0.9431945538974952,1
943,6,0,11,2.518274325778987,1296,6,0.8884502877862838,1
818,6,0,11,0.5645907378401985,922,6,0.9431945538974952,1
540,6,0,11,2.5063373588465705,1211,12,0.9431945538974952,1
703,6,0,5,1.2052079632132024,1162,6,0.9431945538974952,1
633,6,0,5,0.8988258119478527,1010,12,0.8884502877862838,1
606,6,0,5,2.036816659504866,1070,12,0.9431945538974952,1
1023,6,0,5,2.9718790692108032,1513,6,0.9431945538974952,1
783,6,0,11,1.615043827892826,1017,12,0.8884502877862838,1
907,6,0,11,2.108438461099363,1021,6,0.9431945538974952,1
928,6,0,11,1.881636089383455,1208,12,0.8884502877862838,1
722,6,0,11,1.1455231285511214,999,6,0.9431945538974952,1
748,6,0,5,1.7543084421043489,1056,6,0.9431945538974952,1
784,6,0,11,1.4359893239065826,931,12,0.8884502877862838,1
768,6,0,11,0.9863635694522384,1057,12,0.8884502877862838,1
694,6,0,5,2.180060262693861,1127,12,0.9431945538974952,1
507,6,0,11,1.6986025964197395,1112,6,0.9431945538974952,1
764,6,0,11,2.4546105021394338,1102,12,0.8884502877862838,1
954,6,0,11,2.673454895900398,1210,6,0.8884502877862838,1
720,6,0,5,1.6906446184647954,962,6,0.9431945538974952,1
1002,6,0,5,2.331261843837799,1004,6,0.9431945538974952,1
728,6,0,5,1.7304345082395165,1049,12,0.8884502877862838,1
1021,6,0,5,2.4466525241844894,1092,6,0.9431945538974952,1
649,6,0,5,1.3683465112895574,1064,12,0.9431945538974952,1
1065,6,0,5,2.4546105021394338,1039,12,0.8884502877862838,1
939,6,0,11,2.613770061238317,1221,6,0.9431945538974952,1
708,6,0,11,1.559337982208217,973,6,0.9431945538974952,1
736,6,0,11,1.29672470969506,1239,12,0.9431945538974952,1
796,6,0,11,1.8537831665411504,1249,12,0.8884502877862838,1
703,6,0,11,1.3484515664021972,960,6,0.8884502877862838,1
701,6,0,5,0.9028048009253248,929,6,0.9431945538974952,1
578,6,0,5,1.3723255002670296,1125,12,0.8884502877862838,1
680,6,0,5,0.4332841015836201,1012,6,0.9431945538974952,1
1013,6,0,11,1.6309597838027143,1100,6,0.8884502877862838,1
636,6,0,5,1.5195480924334963,1016,12,0.9431945538974952,1
593,6,0,11,0.4690950023808687,838,6,0.8884502877862838,1
740,6,0,5,1.1375651505961772,898,12,0.8884502877862838,1
531,6,0,11,0.5844856827275589,893,12,0.8884502877862838,1
789,6,0,11,1.722476530284572,1056,6,0.8884502877862838,1
798,6,0,11,2.470526458049322,1178,6,0.9431945538974952,1
860,6,0,11,1.2569348199203394,991,12,0.9431945538974952,1
531,6,0,5,0.3457463440792345,777,12,0.8884502877862838,1
826,6,0,5,1.3723255002670296,905,12,0.8884502877862838,1
818,6,0,11,3.1031857054673817,1154,12,0.8884502877862838,1
786,6,0,5,2.172102284738916,1003,12,0.9431945538974952,1
677,6,0,11,2.259640042243302,1164,6,0.8884502877862838,1
751,6,0,5,1.837867210631262,1116,12,0.8884502877862838,1
649,6,0,11,1.0579853710467355,903,6,0.9431945538974952,1
674,6,0,5,0.9465736796775176,962,6,0.8884502877862838,1
864,6,0,5,1.8139932767664293,970,12,0.9431945538974952,1
552,6,0,5,0.8232250213758834,856,12,0.9431945538974952,1
735,6,0,5,2.6018330943059005,1246,12,0.9431945538974952,1
764,6,0,11,1.2768297648076998,1037,12,0.9431945538974952,1
611,6,0,11,1.0898172828665122,957,12,0.9431945538974952,1
704,6,0,11,1.829909232676318,989,12,0.9431945538974952,1
538,6,0,11,1.567295960163161,827,12,0.8884502877862838,1
860,6,0,11,1.837867210631262,1071,6,0.9431945538974952,1
647,6,0,11,1.2171449301456188,973,12,0.8884502877862838,1
962,6,0,11,2.291471954063079,1363,12,0.8884502877862838,1
691,6,0,11,1.0261534592269592,1084,12,0.9431945538974952,1
926,6,0,11,2.1203754280317795,1053,12,0.9431945538974952,1
809,6,0,11,1.6627916956224909,1137,12,0.8884502877862838,1
447,6,0,11,1.8458251885862065,1085,12,0.8884502877862838,1
792,6,0,5,1.4877161806137198,1002,6,0.8884502877862838,1
855,6,0,11,2.4904214029366822,1146,12,0.8884502877862838,1
537,6,0,11,0.3099354432819858,824,12,0.9431945538974952,1
897,6,0,5,2.6575389399905096,1114,12,0.9431945538974952,1
977,6,0,5,2.1283334059867234,1118,12,0.9431945538974952,1
718,6,0,5,1.666770684599963,957,12,0.9431945538974952,1
768,6,0,11,1.4200733679966944,949,12,0.9431945538974952,1
615,6,0,11,1.443947301861527,991,6,0.9431945538974952,1
395,0,5,5,0.1189439723633262,779,11,0.8884502877862838,1
293,0,5,3,0.0203206418481963,719,6,0.8884502877862838,1
264,6,5,3,0.3227238041360739,563,6,0.8884502877862838,1
416,6,5,3,0.1706708290704632,675,5,0.9431945538974952,1
276,6,5,5,0.8002024814327229,493,11,0.9431945538974952,1
240,6,5,9,0.2104607188451839,700,11,0.9431945538974952,1
365,0,5,5,0.0154902589490523,607,11,0.8884502877862838,1
307,6,5,9,0.0035532920166361,658,6,0.8884502877862838,1
343,0,5,3,0.326702793113546,639,11,0.9431945538974952,1
340,0,5,5,0.1507758841831028,784,11,0.8884502877862838,1
339,6,5,9,0.3377883661242903,795,6,0.8884502877862838,1
424,6,5,5,0.0274272258814685,749,11,0.8884502877862838,1
405,6,5,9,0.1038794103751098,710,6,0.9431945538974952,1
398,0,5,9,0.2192700907218,674,11,0.8884502877862838,1
368,0,5,9,0.4580094293701244,657,11,0.9431945538974952,1
220,6,5,3,0.5574841538069263,482,11,0.9431945538974952,1
363,6,5,9,0.0640895206003891,706,5,0.8884502877862838,1
271,0,5,3,0.0083836749157801,773,6,0.9431945538974952,1
414,6,5,9,0.0640895206003891,729,5,0.8884502877862838,1
315,0,5,9,0.2511020025415766,699,5,0.9431945538974952,1
400,0,5,3,0.0282786198031404,672,5,0.8884502877862838,1
395,6,5,5,0.0473221707688289,653,11,0.8884502877862838,1
449,0,5,9,0.2781035314622092,803,11,0.8884502877862838,1
417,6,5,3,0.1308809392957424,784,11,0.9431945538974952,1
408,0,5,3,0.2979984763495695,844,11,0.9431945538974952,1
264,0,5,9,0.1556062670822468,709,6,0.8884502877862838,1
211,0,5,3,0.2948708812937694,605,11,0.9431945538974952,1
364,0,5,5,0.0282786198031404,679,6,0.8884502877862838,1
319,0,5,5,0.1158163773075261,595,5,0.8884502877862838,1
409,6,5,3,0.0950700384984938,778,6,0.9431945538974952,1
324,6,5,3,0.1357113221948865,650,5,0.9431945538974952,1
329,0,5,9,0.2462716196424326,656,11,0.9431945538974952,1
237,6,5,3,0.5336102199420939,535,5,0.9431945538974952,1
404,6,5,9,0.1945447629352956,720,11,0.9431945538974952,1
428,0,5,5,0.004404685938308,762,5,0.9431945538974952,1
427,6,5,3,0.0839844654877495,655,5,0.8884502877862838,1
402,0,5,5,0.3417673551017623,815,5,0.9431945538974952,1
291,6,5,3,0.1993751458344396,686,6,0.8884502877862838,1
254,6,5,3,0.4301565065278199,524,6,0.8884502877862838,1
281,6,5,3,0.0640895206003891,695,5,0.8884502877862838,1
405,6,5,3,0.162712851115519,778,11,0.8884502877862838,1
410,6,5,5,0.3576833110116507,762,11,0.9431945538974952,1
285,6,5,5,0.0760264875328053,564,5,0.9431945538974952,1
382,6,5,5,0.056131542645445,683,11,0.8884502877862838,1
438,0,5,9,0.2184186968001281,918,5,0.8884502877862838,1
454,6,5,9,0.0513011597463009,769,11,0.9431945538974952,1
283,0,5,5,0.0322576087806125,609,6,0.8884502877862838,1
426,6,5,5,0.2940194873720975,798,6,0.9431945538974952,1
281,0,5,5,0.0154902589490523,632,11,0.9431945538974952,1
363,0,5,3,0.5017783081223173,620,11,0.9431945538974952,1
241,0,5,5,0.0481735646905008,759,5,0.8884502877862838,1
277,0,5,3,0.111837388330054,562,6,0.8884502877862838,1
395,6,5,3,0.1109859944083821,725,5,0.8884502877862838,1
384,0,5,5,0.0274272258814685,631,6,0.8884502877862838,1
264,6,5,9,0.4779043742574848,584,11,0.8884502877862838,1
407,0,5,9,0.1467968952056307,760,6,0.8884502877862838,1
308,6,5,5,0.3664926828882667,625,6,0.8884502877862838,1
362,0,5,3,0.1556062670822468,663,5,0.8884502877862838,1
455,6,5,3,0.3656412889665948,922,5,0.9431945538974952,1
346,6,5,9,0.2113121127668558,678,11,0.8884502877862838,1
335,6,5,3,0.2908918923162973,572,5,0.8884502877862838,1
411,0,5,9,0.2343346527100163,712,11,0.9431945538974952,1
409,0,5,5,0.0115112699715802,812,11,0.8884502877862838,1
385,6,5,3,0.3019774653270416,799,5,0.9431945538974952,1
378,0,5,3,0.2630389694739928,651,6,0.8884502877862838,1
345,6,5,3,0.10700700543091,623,11,0.8884502877862838,1
339,0,5,3,0.1158163773075261,723,11,0.8884502877862838,1
365,6,5,5,0.3178934212369299,844,6,0.8884502877862838,1
243,6,5,9,0.3625136939107947,550,6,0.9431945538974952,1
452,0,5,9,0.1547548731605749,751,11,0.9431945538974952,1
333,0,5,9,0.1993751458344396,699,6,0.9431945538974952,1
371,0,5,5,0.1197953662849981,682,6,0.9431945538974952,1
314,6,5,9,0.3187448151586018,645,5,0.8884502877862838,1
421,6,5,5,0.4301565065278199,703,5,0.9431945538974952,1
309,6,5,9,0.1905657739578236,804,5,0.8884502877862838,1
336,0,5,5,0.0751750936111334,718,11,0.8884502877862838,1
358,0,5,9,0.1277533442399423,838,5,0.9431945538974952,1
445,0,5,3,0.0592591377012451,652,5,0.9431945538974952,1
380,0,5,9,0.1985237519127677,877,11,0.9431945538974952,1
407,6,5,5,0.1914171678794955,643,11,0.9431945538974952,1
382,0,5,5,0.0831330715660775,823,11,0.9431945538974952,1
375,0,5,9,0.2351860466316883,549,11,0.9431945538974952,1
380,6,5,9,0.1030280164534379,764,5,0.8884502877862838,1
362,0,5,9,0.652979889266256,532,5,0.8884502877862838,1
358,6,5,9,0.6680444512544724,928,6,0.8884502877862838,1
359,6,5,9,0.2781035314622092,780,6,0.9431945538974952,1
320,6,5,9,0.485862352212429,523,5,0.9431945538974952,1
430,0,5,9,0.2113121127668558,763,6,0.8884502877862838,1
417,6,5,9,0.1229229613407983,711,11,0.8884502877862838,1
311,0,5,5,0.1348599282732145,745,6,0.9431945538974952,1
323,6,5,9,0.3545557159558505,591,11,0.9431945538974952,1
378,6,5,5,0.1746498180479352,586,11,0.9431945538974952,1
408,6,5,3,0.1467968952056307,736,6,0.8884502877862838,1
312,0,5,9,0.4460724624377082,639,5,0.9431945538974952,1
359,6,5,5,0.1865867849803515,733,5,0.8884502877862838,1
403,6,5,5,0.1666918400929911,738,11,0.8884502877862838,1
257,0,5,9,0.5296312309646218,536,11,0.8884502877862838,1
207,6,5,5,0.0083836749157801,692,11,0.9431945538974952,1
308,6,5,5,0.4938203301673731,724,11,0.8884502877862838,1
254,6,5,3,0.378429649820683,594,5,0.9431945538974952,1
281,0,5,5,0.0282786198031404,632,5,0.8884502877862838,1
340,6,5,3,0.060110531622917,729,11,0.8884502877862838,1
321,6,5,5,0.2104607188451839,828,6,0.9431945538974952,1
232,6,5,3,0.3505767269783785,561,6,0.8884502877862838,1
268,0,5,9,0.1388389172506866,741,6,0.9431945538974952,1
382,6,5,3,0.0282786198031404,719,5,0.9431945538974952,1
369,6,5,5,0.0513011597463009,734,6,0.9431945538974952,1
318,6,5,5,0.0672171156561892,685,5,0.9431945538974952,1
240,6,5,9,0.434135495505292,663,6,0.8884502877862838,1
312,0,5,9,0.1317323332174144,699,5,0.9431945538974952,1
390,0,5,5,0.0751750936111334,768,11,0.9431945538974952,1
278,6,5,3,0.4420934734602362,639,5,0.9431945538974952,1
342,6,5,5,0.163564245037191,639,5,0.8884502877862838,1
327,6,5,5,0.2113121127668558,561,5,0.8884502877862838,1
421,6,5,3,0.167543234014663,677,6,0.8884502877862838,1
450,6,5,9,0.0035532920166361,717,6,0.9431945538974952,1
441,0,5,3,0.1237743552624702,617,11,0.8884502877862838,1
424,6,5,5,0.4770529803358129,906,6,0.8884502877862838,1
327,6,5,5,0.0800054765102774,676,11,0.9431945538974952,1
243,6,5,9,0.4818833632349569,568,5,0.8884502877862838,1
372,0,5,5,0.0521525536679729,733,6,0.9431945538974952,1
385,0,5,5,0.2789549253838811,691,5,0.8884502877862838,1
378,0,5,5,0.0680685095778612,778,5,0.8884502877862838,1
282,6,5,5,0.2152911017443279,579,6,0.9431945538974952,1
408,0,5,9,0.1794802009470793,708,5,0.8884502877862838,1
283,0,5,5,0.4142405506179316,601,6,0.8884502877862838,1
270,6,5,5,0.6967487680184489,450,6,0.8884502877862838,1
204,6,5,5,0.4779043742574848,632,11,0.9431945538974952,1
402,0,5,5,0.214439707822656,801,11,0.8884502877862838,1
363,0,5,3,0.1030280164534379,618,11,0.8884502877862838,1
261,0,5,3,0.0521525536679729,658,5,0.9431945538974952,1
333,6,5,3,0.3306817820910181,565,11,0.9431945538974952,1
243,6,5,5,0.3147658261811298,674,11,0.8884502877862838,1
390,0,5,9,0.2582085865748488,707,6,0.9431945538974952,1
427,0,5,9,0.2232490796992721,762,11,0.9431945538974952,1
356,0,5,3,0.1357113221948865,685,5,0.8884502877862838,1
467,0,5,3,0.1666918400929911,740,5,0.9431945538974952,1
442,0,5,5,0.1149649833858541,752,6,0.8884502877862838,1
233,6,5,3,0.3187448151586018,606,6,0.8884502877862838,1
286,6,5,9,0.2272280686767442,547,5,0.9431945538974952,1
393,6,5,3,0.1985237519127677,783,11,0.8884502877862838,1
326,6,5,5,0.055280148723773,754,5,0.8884502877862838,1
281,0,5,3,0.0800054765102774,678,6,0.8884502877862838,1
419,0,5,3,0.0760264875328053,640,5,0.9431945538974952,1
369,6,5,3,0.0999004213976378,624,6,0.9431945538974952,1
260,6,5,9,0.5773790986942867,587,5,0.8884502877862838,1
298,6,5,5,0.3187448151586018,653,5,0.8884502877862838,1
369,0,5,5,0.2073331237893838,690,6,0.9431945538974952,1
322,6,5,5,0.2431440245866324,618,11,0.9431945538974952,1
175,6,5,3,0.4182195395954037,658,6,0.8884502877862838,1
424,6,5,9,0.6330849443788957,608,5,0.9431945538974952,1
275,0,5,5,0.6171689884690075,661,11,0.8884502877862838,1
436,0,5,5,0.3744506608432109,700,6,0.9431945538974952,1
337,6,5,3,0.2590599804965208,618,5,0.8884502877862838,1
468,6,5,5,0.1357113221948865,820,6,0.8884502877862838,1
449,0,5,9,0.4094101677187876,813,6,0.8884502877862838,1
291,6,5,5,0.1357113221948865,707,5,0.8884502877862838,1
395,0,5,9,0.2431440245866324,578,11,0.8884502877862838,1
355,0,5,5,0.4213471346512039,764,6,0.8884502877862838,1
378,0,5,9,0.266166564529793,748,5,0.8884502877862838,1
279,6,5,3,0.2351860466316883,671,5,0.9431945538974952,1
322,6,5,5,0.4699463963025407,584,6,0.8884502877862838,1
305,6,5,3,0.0592591377012451,785,11,0.8884502877862838,1
379,6,5,9,0.2343346527100163,704,11,0.8884502877862838,1
366,0,5,9,0.1826077960028794,851,6,0.9431945538974952,1
418,0,5,3,0.378429649820683,554,11,0.9431945538974952,1
374,0,5,9,0.4381144844827641,635,11,0.9431945538974952,1
329,0,5,5,0.3943456057305713,683,6,0.9431945538974952,1
241,0,5,5,0.4977993191448452,555,5,0.8884502877862838,1
378,6,5,3,0.0592591377012451,590,5,0.9431945538974952,1
163,0,5,3,0.5654421317618704,562,11,0.9431945538974952,1
212,0,5,5,0.2232490796992721,634,5,0.8884502877862838,1
399,0,5,3,0.0513011597463009,780,5,0.8884502877862838,1
406,6,5,9,0.4412420795385642,790,6,0.9431945538974952,1
393,6,5,5,0.2781035314622092,776,6,0.8884502877862838,1
312,0,5,3,0.5813580876717588,629,11,0.8884502877862838,1
217,0,5,3,0.8002024814327229,556,11,0.8884502877862838,1
432,6,5,9,0.1229229613407983,766,6,0.9431945538974952,1
416,6,5,9,0.162712851115519,700,11,0.8884502877862838,1
276,6,5,5,0.2988498702712415,592,5,0.9431945538974952,1
228,0,5,3,0.6887907900635047,571,11,0.8884502877862838,1
270,0,5,5,0.4699463963025407,606,5,0.9431945538974952,1
361,0,5,3,0.0083836749157801,666,11,0.9431945538974952,1
332,0,5,5,0.111837388330054,638,11,0.8884502877862838,1
384,6,5,5,0.1874381789020234,699,6,0.9431945538974952,1
320,6,5,5,0.3465977380009064,647,5,0.9431945538974952,1
393,0,5,3,0.270145553507265,739,6,0.8884502877862838,1
371,6,5,3,0.2351860466316883,643,11,0.8884502877862838,1
362,6,5,9,0.214439707822656,754,6,0.8884502877862838,1
294,0,5,9,0.1308809392957424,733,5,0.9431945538974952,1
351,0,5,5,0.3306817820910181,537,5,0.8884502877862838,1
415,6,5,3,0.3298303881693462,755,11,0.8884502877862838,1
389,0,5,9,0.0720474985553333,598,11,0.9431945538974952,1
459,6,5,3,0.5805066937500868,856,5,0.9431945538974952,1
405,6,5,9,0.1985237519127677,681,5,0.9431945538974952,1
390,0,5,9,0.0123626638932521,796,5,0.8884502877862838,1
266,6,5,3,0.4977993191448452,622,11,0.8884502877862838,1
445,6,5,5,0.4253261236286759,881,6,0.8884502877862838,1
300,6,5,3,0.0680685095778612,633,6,0.8884502877862838,1
427,6,5,5,0.2033541348119117,687,11,0.9431945538974952,1
360,0,5,9,0.5137152750547335,650,6,0.9431945538974952,1
375,6,5,9,0.111837388330054,636,5,0.8884502877862838,1
512,0,5,9,0.0831330715660775,781,5,0.9431945538974952,1
479,6,5,5,0.0839844654877495,762,6,0.9431945538974952,1
353,0,5,5,0.2232490796992721,681,5,0.9431945538974952,1
232,6,5,5,0.537589208919566,590,6,0.9431945538974952,1
369,0,5,3,0.0203206418481963,767,6,0.8884502877862838,1
434,0,5,9,0.0004256969608359,746,11,0.8884502877862838,1
449,6,5,5,0.1905657739578236,758,5,0.8884502877862838,1
324,6,5,3,0.1197953662849981,672,5,0.9431945538974952,1
388,6,5,3,0.1556062670822468,714,11,0.8884502877862838,1
247,6,5,3,0.7922445034777786,481,5,0.9431945538974952,1
323,0,5,9,0.0194692479265244,742,5,0.8884502877862838,1
361,6,5,5,0.060110531622917,788,11,0.8884502877862838,1
305,6,5,9,0.3059564543045137,742,11,0.8884502877862838,1
416,0,5,9,0.2590599804965208,738,5,0.9431945538974952,1
290,0,5,3,0.0433431817913568,614,11,0.9431945538974952,1
254,0,5,3,0.0402155867355567,698,5,0.8884502877862838,1
378,6,5,5,0.3664926828882667,545,5,0.9431945538974952,1
409,0,5,3,0.1985237519127677,740,5,0.9431945538974952,1
347,6,5,3,0.7476242308039139,793,6,0.9431945538974952,1
405,6,5,5,0.0680685095778612,748,5,0.8884502877862838,1
412,6,5,3,0.0760264875328053,678,6,0.8884502877862838,1
408,6,5,9,0.2471230135641045,657,6,0.8884502877862838,1
320,6,5,9,0.2829339143613532,651,5,0.9431945538974952,1
384,6,5,9,0.1786288070254073,702,6,0.9431945538974952,1
302,6,5,9,0.056131542645445,681,11,0.8884502877862838,1
230,6,5,3,0.4739253852800127,569,5,0.8884502877862838,1
336,0,5,3,0.2343346527100163,718,6,0.8884502877862838,1
384,6,5,9,0.0035532920166361,754,5,0.8884502877862838,1
341,6,5,5,0.0203206418481963,751,11,0.8884502877862838,1
382,6,5,9,0.2820825204396813,714,5,0.9431945538974952,1
394,0,5,5,0.2940194873720975,669,6,0.8884502877862838,1
420,6,5,3,0.2383136416874884,812,11,0.8884502877862838,1
307,6,5,9,0.3585347049333226,551,5,0.9431945538974952,1
337,0,5,5,0.4889899472682291,777,5,0.9431945538974952,1
286,0,5,9,0.5336102199420939,633,5,0.8884502877862838,1
486,6,5,3,0.2590599804965208,644,6,0.8884502877862838,1
355,0,5,5,0.1277533442399423,662,5,0.9431945538974952,1
415,0,5,3,0.0203206418481963,605,11,0.9431945538974952,1
270,6,5,9,0.2471230135641045,630,11,0.9431945538974952,1
399,6,5,5,0.0871120605435496,727,6,0.9431945538974952,1
316,6,5,3,0.0711961046336613,734,5,0.8884502877862838,1
408,6,5,3,0.0194692479265244,631,6,0.8884502877862838,1
296,6,5,5,0.1038794103751098,638,6,0.9431945538974952,1
411,0,5,3,0.0513011597463009,698,5,0.9431945538974952,1
363,0,5,3,0.0672171156561892,669,6,0.9431945538974952,1
406,6,5,9,0.1109859944083821,849,6,0.9431945538974952,1
341,0,5,5,0.0282786198031404,744,5,0.9431945538974952,1
404,0,5,9,0.0632381266787172,738,11,0.9431945538974952,1
447,0,5,9,0.1396903111723585,667,6,0.8884502877862838,1
347,6,5,5,0.3068078482261857,644,5,0.9431945538974952,1
428,6,5,9,0.1874381789020234,707,5,0.8884502877862838,1
396,0,5,5,0.1348599282732145,733,11,0.9431945538974952,1
434,6,5,3,0.4571580354484525,896,11,0.8884502877862838,1
340,0,5,3,0.3227238041360739,634,5,0.8884502877862838,1
275,0,5,9,0.2511020025415766,736,5,0.9431945538974952,1
520,0,5,5,0.0672171156561892,792,5,0.9431945538974952,1
282,0,5,5,0.0393641928138847,727,5,0.9431945538974952,1
365,0,5,3,0.1516272781047747,712,6,0.9431945538974952,1
352,0,5,3,0.1865867849803515,662,11,0.9431945538974952,1
354,0,5,9,0.5614631427843984,606,11,0.8884502877862838,1
262,6,5,9,0.1357113221948865,677,6,0.8884502877862838,1
464,6,5,5,0.2462716196424326,747,6,0.8884502877862838,1
558,6,5,5,0.0720474985553333,736,11,0.8884502877862838,1
291,0,5,9,0.158733862138047,633,11,0.9431945538974952,1
358,6,5,5,0.0083836749157801,721,5,0.8884502877862838,1
478,6,5,3,0.0800054765102774,650,5,0.9431945538974952,1
335,6,5,5,0.5097362860772614,562,6,0.9431945538974952,1
355,6,5,3,0.1953961568569676,579,5,0.8884502877862838,1
253,6,5,5,0.0004256969608359,629,6,0.8884502877862838,1
416,6,5,9,0.0950700384984938,712,6,0.8884502877862838,1
295,0,5,5,0.0521525536679729,657,6,0.9431945538974952,1
276,0,5,3,0.0711961046336613,761,11,0.8884502877862838,1
340,6,5,5,0.1953961568569676,693,5,0.9431945538974952,1
402,0,5,3,0.0999004213976378,760,5,0.9431945538974952,1
317,6,5,9,0.2263766747550722,761,6,0.9431945538974952,1
260,6,5,3,0.6649168561986724,502,11,0.8884502877862838,1
286,6,5,3,0.111837388330054,549,6,0.8884502877862838,1
399,0,5,3,0.0402155867355567,714,11,0.8884502877862838,1
423,6,5,3,0.4611370244259246,668,5,0.9431945538974952,1
275,6,5,9,0.2471230135641045,688,6,0.8884502877862838,1
243,0,5,5,0.3386397600459622,633,5,0.9431945538974952,1
400,0,5,5,0.3505767269783785,629,6,0.9431945538974952,1
286,6,5,9,0.2511020025415766,637,11,0.9431945538974952,1
385,6,5,3,0.2272280686767442,643,5,0.8884502877862838,1
443,6,5,3,0.3696202779440669,716,5,0.8884502877862838,1
449,6,5,3,0.2789549253838811,637,11,0.8884502877862838,1
347,6,5,9,0.0004256969608359,713,6,0.9431945538974952,1
437,6,5,3,0.0760264875328053,696,5,0.9431945538974952,1
412,6,5,9,0.0322576087806125,812,6,0.8884502877862838,1
302,6,5,9,0.4102615616404595,569,11,0.8884502877862838,1
346,6,5,3,0.1030280164534379,785,11,0.8884502877862838,1
380,6,5,3,0.214439707822656,775,6,0.8884502877862838,1
458,0,5,9,0.163564245037191,695,11,0.8884502877862838,1
310,6,5,5,0.1197953662849981,690,6,0.8884502877862838,1
334,6,5,5,0.1317323332174144,648,11,0.9431945538974952,1
362,0,5,3,0.3625136939107947,570,11,0.9431945538974952,1
323,6,5,9,0.1715222229921351,729,5,0.9431945538974952,1
330,6,5,5,0.1993751458344396,552,11,0.9431945538974952,1
320,0,5,9,0.1953961568569676,715,6,0.9431945538974952,1
340,0,5,5,0.2192700907218,700,11,0.8884502877862838,1
390,6,5,5,0.0919424434426936,870,6,0.8884502877862838,1
307,0,5,5,0.0322576087806125,776,5,0.9431945538974952,1
331,0,5,9,0.3983245947080434,618,11,0.9431945538974952,1
369,6,5,3,0.2192700907218,696,11,0.8884502877862838,1
461,0,5,5,0.4253261236286759,746,11,0.9431945538974952,1
457,6,5,5,0.214439707822656,764,6,0.8884502877862838,1
391,6,5,5,0.2900404983946254,819,11,0.9431945538974952,1
368,0,5,3,0.2550809915190487,656,5,0.8884502877862838,1
360,6,5,5,0.2025027408902398,899,11,0.9431945538974952,1
278,6,5,3,0.0473221707688289,733,11,0.9431945538974952,1
349,6,5,9,0.0950700384984938,746,11,0.9431945538974952,1
296,6,5,5,0.1834591899245513,569,6,0.8884502877862838,1
327,6,5,5,0.0402155867355567,736,5,0.8884502877862838,1
379,6,5,9,0.0751750936111334,817,6,0.8884502877862838,1
490,0,5,9,0.2184186968001281,877,5,0.8884502877862838,1
310,0,5,5,0.0274272258814685,665,6,0.9431945538974952,1
440,6,5,5,0.2104607188451839,757,5,0.9431945538974952,1
346,0,5,3,0.004404685938308,748,6,0.9431945538974952,1
355,6,5,3,0.6092110105140632,607,11,0.9431945538974952,1
391,6,5,5,0.0433431817913568,703,5,0.8884502877862838,1
272,0,5,9,0.1476482891273027,557,11,0.9431945538974952,1
290,0,5,3,0.0950700384984938,699,6,0.8884502877862838,1
410,0,5,3,0.1905657739578236,682,6,0.9431945538974952,1
400,6,5,5,0.2073331237893838,630,6,0.8884502877862838,1
444,6,5,3,0.1109859944083821,774,11,0.8884502877862838,1
289,0,5,5,0.1715222229921351,705,11,0.8884502877862838,1
219,0,5,5,0.5296312309646218,578,11,0.8884502877862838,1
402,6,5,3,0.0194692479265244,701,5,0.9431945538974952,1
392,0,5,9,0.0959214324201657,768,5,0.9431945538974952,1
338,0,5,5,0.0481735646905008,644,6,0.8884502877862838,1
423,6,5,3,0.0919424434426936,687,6,0.8884502877862838,1
352,0,5,3,0.1914171678794955,657,5,0.8884502877862838,1
285,6,5,3,0.2869129033388253,616,6,0.9431945538974952,1
255,0,5,5,0.2550809915190487,688,11,0.9431945538974952,1
489,6,5,9,0.2900404983946254,837,11,0.9431945538974952,1
361,6,5,3,0.3863876277756271,595,11,0.9431945538974952,1
406,6,5,9,0.1516272781047747,507,6,0.8884502877862838,1
325,0,5,9,0.1516272781047747,730,6,0.9431945538974952,1
358,6,5,5,0.2073331237893838,687,5,0.9431945538974952,1
371,0,5,3,0.0154902589490523,703,5,0.8884502877862838,1
287,6,5,5,0.1229229613407983,735,6,0.8884502877862838,1
406,6,5,5,0.3974732007863714,812,6,0.9431945538974952,1
449,6,5,9,0.2113121127668558,679,11,0.8884502877862838,1
406,6,5,9,0.2741245424847371,742,11,0.8884502877862838,1
327,0,5,3,0.2869129033388253,632,5,0.9431945538974952,1
271,6,5,5,0.4381144844827641,613,6,0.9431945538974952,1
313,0,5,5,0.0879634544652216,621,5,0.9431945538974952,1
395,0,5,9,0.2073331237893838,661,6,0.8884502877862838,1
301,0,5,9,0.5606117488627265,876,11,0.9431945538974952,1
419,0,5,3,0.0362365977580846,690,6,0.9431945538974952,1
428,6,5,9,0.0640895206003891,705,5,0.8884502877862838,1
174,4,0,5,0.6282545614797517,214,12,0.8884502877862838,1
170,4,0,3,0.3059564543045137,202,12,0.8884502877862838,1
120,4,0,5,0.3258513991918741,191,12,0.8884502877862838,1
149,4,0,3,0.4810319693132849,204,12,0.8884502877862838,1
183,4,0,5,0.1237743552624702,187,12,0.9431945538974952,1
148,4,0,5,0.163564245037191,188,12,0.0273721330556057,1
168,4,0,5,0.588464671705031,214,12,0.8884502877862838,1
127,4,0,3,0.1467968952056307,200,12,0.9431945538974952,1
205,4,0,5,0.0640895206003891,217,12,0.9431945538974952,1
163,4,0,5,0.7635401867138022,198,12,0.9431945538974952,1
195,4,0,3,1.014216492294543,228,12,0.8884502877862838,1
164,4,0,3,0.0123626638932521,205,12,0.8884502877862838,1
148,4,0,5,0.0123626638932521,197,12,0.0273721330556057,1
164,4,0,3,0.3815572448764831,198,12,0.9431945538974952,1
132,4,0,3,0.3019774653270416,179,12,0.9431945538974952,1
189,4,0,5,0.3298303881693462,222,12,0.0273721330556057,1
195,4,0,3,1.1455231285511214,208,12,0.0273721330556057,1
188,4,0,3,0.1348599282732145,191,12,0.0273721330556057,1
185,4,0,3,0.4850109582907571,208,12,0.0273721330556057,1
190,4,0,5,0.3934942118088994,189,12,0.8884502877862838,1
174,4,0,3,0.6083596165923914,207,12,0.8884502877862838,1
171,4,0,5,0.2781035314622092,203,12,0.9431945538974952,1
121,4,0,3,0.163564245037191,197,12,0.9431945538974952,1
109,4,0,3,0.5535051648294542,169,12,0.8884502877862838,1
173,4,0,5,0.1317323332174144,198,12,0.0273721330556057,1
153,4,0,5,0.8431199662632437,192,12,0.8884502877862838,1
171,4,0,5,0.162712851115519,202,12,0.0273721330556057,1
122,4,0,3,0.0203206418481963,189,12,0.9431945538974952,1
152,4,0,5,0.0950700384984938,190,12,0.8884502877862838,1
129,4,0,3,0.1706708290704632,180,12,0.8884502877862838,1
208,4,0,5,0.3616622999891227,202,12,0.9431945538974952,1
105,4,0,5,0.1428179062281586,192,12,0.9431945538974952,1
184,4,0,3,0.6839604071643608,212,12,0.0273721330556057,1
215,4,0,3,1.4638422467488872,221,12,0.0273721330556057,1
178,4,0,3,0.158733862138047,196,12,0.8884502877862838,1
113,4,0,5,0.0632381266787172,208,12,0.9431945538974952,1
129,4,0,3,0.6163175945473355,209,12,0.8884502877862838,1
128,4,0,5,0.060110531622917,193,12,0.8884502877862838,1
168,4,0,3,0.6083596165923914,215,12,0.8884502877862838,1
158,4,0,5,0.4452210685160363,222,12,0.9431945538974952,1
169,4,0,3,0.5725487157951427,196,12,0.9431945538974952,1
212,4,0,3,0.3298303881693462,192,12,0.8884502877862838,1
180,4,0,3,0.3457463440792345,216,12,0.9431945538974952,1
135,4,0,5,0.0592591377012451,187,12,0.8884502877862838,1
139,4,0,5,0.0115112699715802,187,12,0.8884502877862838,1
140,4,0,3,0.3377883661242903,193,12,0.8884502877862838,1
135,4,0,3,0.3338093771468182,207,12,0.0273721330556057,1
158,4,0,5,0.1706708290704632,199,12,0.0273721330556057,1
103,4,0,5,0.2582085865748488,177,12,0.9431945538974952,1
189,4,0,3,0.0592591377012451,193,12,0.8884502877862838,1
148,4,0,3,0.3147658261811298,166,12,0.9431945538974952,1
226,4,0,3,1.0301324482044312,213,12,0.9431945538974952,1
145,4,0,5,0.1277533442399423,186,12,0.9431945538974952,1
202,4,0,5,0.2192700907218,192,12,0.0273721330556057,1
201,4,0,5,0.4969479252231732,211,12,0.9431945538974952,1
143,4,0,5,0.6760024292094166,199,12,0.9431945538974952,1
183,4,0,5,0.1786288070254073,195,12,0.8884502877862838,1
150,4,0,5,0.4531790464709804,205,12,0.0273721330556057,1
160,4,0,5,0.3346607710684902,178,12,0.9431945538974952,1
155,4,0,5,0.1308809392957424,195,12,0.9431945538974952,1
146,4,0,5,0.0163416528707242,196,12,0.9431945538974952,1
110,4,0,5,0.0990490274759658,176,12,0.0273721330556057,1
115,4,0,5,0.0154902589490523,162,12,0.0273721330556057,1
157,4,0,3,0.3338093771468182,194,12,0.9431945538974952,1
185,4,0,5,0.2621875755523209,187,12,0.9431945538974952,1
160,4,0,5,0.2343346527100163,186,12,0.9431945538974952,1
163,4,0,3,0.7356872638714977,216,12,0.0273721330556057,1
112,4,0,5,0.1308809392957424,183,12,0.8884502877862838,1
137,4,0,3,0.0314062148589406,188,12,0.8884502877862838,1
135,4,0,5,0.214439707822656,186,12,0.8884502877862838,1
238,4,0,5,1.0500273930917916,222,12,0.0273721330556057,1
171,4,0,3,0.2422926306649605,203,12,0.9431945538974952,1
130,4,0,3,0.1189439723633262,188,12,0.8884502877862838,1
221,4,0,5,0.7913931095561068,199,12,0.9431945538974952,1
223,4,0,5,0.0950700384984938,205,12,0.8884502877862838,1
220,4,0,5,0.6481495063671121,206,12,0.8884502877862838,1
224,4,0,5,1.3046826876500044,216,12,0.8884502877862838,1
113,4,0,5,0.0473221707688289,182,12,0.0273721330556057,1
130,4,0,5,0.0711961046336613,171,12,0.0273721330556057,1
158,4,0,3,0.0083836749157801,212,12,0.0273721330556057,1
171,4,0,3,0.1985237519127677,192,12,0.9431945538974952,1
191,4,0,3,0.640191528412168,193,12,0.8884502877862838,1
179,4,0,5,0.8510779442181878,227,12,0.8884502877862838,1
198,4,0,5,0.1269019503182704,193,12,0.9431945538974952,1
123,4,0,3,0.1149649833858541,204,12,0.0273721330556057,1
134,4,0,3,0.2431440245866324,196,12,0.8884502877862838,1
157,4,0,5,0.7118133300066652,192,12,0.0273721330556057,1
166,4,0,3,0.3895152228314272,206,12,0.8884502877862838,1
85,4,0,3,0.1826077960028794,174,12,0.0273721330556057,1
88,4,0,5,0.0123626638932521,188,12,0.9431945538974952,1
168,4,0,5,0.321872410214402,196,12,0.9431945538974952,1
193,4,0,3,1.0022795253621266,204,12,0.8884502877862838,1
179,4,0,3,0.5844856827275589,197,12,0.9431945538974952,1
199,4,0,5,0.7237502969390814,207,12,0.0273721330556057,1
143,4,0,3,0.5009269142006454,207,12,0.9431945538974952,1
150,4,0,5,0.377578255899011,192,12,0.0273721330556057,1
167,4,0,5,0.7038553520517211,183,12,0.0273721330556057,1
157,4,0,3,0.0632381266787172,194,12,0.8884502877862838,1
175,4,0,3,0.2064817298677118,192,12,0.0273721330556057,1
176,4,0,3,0.3099354432819858,181,12,0.9431945538974952,1
196,4,0,5,1.0460484041143194,220,12,0.8884502877862838,1
185,4,0,5,0.5009269142006454,211,12,0.8884502877862838,1
129,4,0,5,0.6282545614797517,208,12,0.9431945538974952,1
190,4,0,3,0.3895152228314272,206,12,0.8884502877862838,1
166,4,0,5,0.2422926306649605,207,12,0.0273721330556057,1
130,4,0,5,0.3386397600459622,200,12,0.0273721330556057,1
68,4,0,5,0.7285806798382255,157,12,0.9431945538974952,1
147,4,0,3,0.4253261236286759,216,12,0.9431945538974952,1
167,4,0,3,0.3099354432819858,197,12,0.9431945538974952,1
129,4,0,3,0.2033541348119117,191,12,0.9431945538974952,1
88,4,0,5,0.0711961046336613,173,12,0.0273721330556057,1
157,4,0,3,0.7714981646687463,203,12,0.8884502877862838,1
127,4,0,5,0.4054311787413155,187,12,0.9431945538974952,1
177,4,0,5,0.6879393961418329,203,12,0.9431945538974952,1
158,4,0,3,0.0481735646905008,209,12,0.9431945538974952,1
182,4,0,3,0.4094101677187876,214,12,0.0273721330556057,1
115,4,0,5,0.2232490796992721,176,12,0.0273721330556057,1
192,4,0,5,1.022174470249487,211,12,0.8884502877862838,1
184,4,0,3,0.6521284953445842,212,12,0.0273721330556057,1
165,4,0,5,0.5486747819303103,209,12,0.9431945538974952,1
180,4,0,5,0.158733862138047,195,12,0.0273721330556057,1
171,4,0,5,0.4611370244259246,219,12,0.8884502877862838,1
144,4,0,5,0.4094101677187876,198,12,0.8884502877862838,1
207,4,0,3,1.185313018325842,208,12,0.8884502877862838,1
209,4,0,5,0.4611370244259246,196,12,0.8884502877862838,1
108,4,0,5,0.6251269664239516,178,12,0.9431945538974952,1
159,4,0,5,0.8272040103533554,216,12,0.9431945538974952,1
150,4,0,5,1.0062585143395988,219,12,0.9431945538974952,1
137,4,0,3,0.3585347049333226,185,12,0.0273721330556057,1
213,4,0,3,0.2860615094171533,188,12,0.0273721330556057,1
248,4,0,5,0.8470989552407158,220,12,0.9431945538974952,1
160,4,0,5,0.2383136416874884,192,12,0.0273721330556057,1
193,4,0,3,0.162712851115519,214,12,0.8884502877862838,1
115,4,0,5,0.0083836749157801,191,12,0.9431945538974952,1
177,4,0,3,0.8868888450154365,195,12,0.9431945538974952,1
134,4,0,5,0.6481495063671121,229,12,0.9431945538974952,1
109,4,0,3,0.6919183851193049,206,12,0.9431945538974952,1
183,4,0,3,0.4492000574935084,191,12,0.9431945538974952,1
171,4,0,5,0.0910910495210217,178,12,0.8884502877862838,1
212,4,0,3,0.6242755725022796,209,12,0.0273721330556057,1
181,4,0,5,0.5844856827275589,194,12,0.8884502877862838,1
131,4,0,3,0.3139144322594578,193,12,0.9431945538974952,1
177,4,0,5,0.4531790464709804,202,12,0.9431945538974952,1
101,4,0,3,0.6131899994915354,164,12,0.8884502877862838,1
121,4,0,3,0.0274272258814685,204,12,0.9431945538974952,1
196,4,0,3,0.9505526686549896,208,12,0.8884502877862838,1
127,4,0,3,0.1905657739578236,172,12,0.9431945538974952,1
156,4,0,5,0.2104607188451839,193,12,0.9431945538974952,1
166,4,0,5,0.5725487157951427,194,12,0.8884502877862838,1
177,4,0,5,0.1428179062281586,193,12,0.8884502877862838,1
194,4,0,3,0.4054311787413155,198,12,0.0273721330556057,1
186,4,0,5,0.2820825204396813,204,12,0.0273721330556057,1
175,4,0,3,0.0831330715660775,188,12,0.8884502877862838,1
177,4,0,3,0.1030280164534379,208,12,0.8884502877862838,1
141,4,0,5,0.4142405506179316,164,12,0.9431945538974952,1
158,4,0,3,0.5327588260204219,187,12,0.0273721330556057,1
194,4,0,5,0.3019774653270416,188,12,0.8884502877862838,1
187,4,0,3,0.7675191756912743,210,12,0.8884502877862838,1
158,4,0,3,0.3457463440792345,213,12,0.0273721330556057,1
154,4,0,3,0.2741245424847371,198,12,0.9431945538974952,1
157,4,0,5,0.4850109582907571,187,12,0.0273721330556057,1
159,4,0,5,0.8112880544434671,211,12,0.0273721330556057,1
148,4,0,3,0.214439707822656,207,12,0.0273721330556057,1
126,4,0,3,0.8280554042750273,142,12,0.0273721330556057,1
110,4,0,5,0.2343346527100163,190,12,0.9431945538974952,1
141,4,0,5,0.1834591899245513,182,12,0.9431945538974952,1
106,4,0,5,0.1467968952056307,197,12,0.9431945538974952,1
167,4,0,5,0.7237502969390814,196,12,0.8884502877862838,1
170,4,0,5,0.1786288070254073,180,12,0.0273721330556057,1
154,4,0,3,0.3338093771468182,208,12,0.9431945538974952,1
183,4,0,5,0.7436452418264419,233,12,0.9431945538974952,1
156,4,0,5,0.1269019503182704,175,12,0.8884502877862838,1
141,4,0,5,0.8192460323984113,198,12,0.0273721330556057,1
186,4,0,3,0.4492000574935084,200,12,0.9431945538974952,1
188,4,0,5,0.9187207568352131,228,12,0.0273721330556057,1
191,4,0,5,0.3258513991918741,217,12,0.8884502877862838,1
121,4,0,5,0.3863876277756271,177,12,0.8884502877862838,1
133,4,0,3,0.1078583993525819,181,12,0.8884502877862838,1
100,4,0,3,0.0839844654877495,190,12,0.0273721330556057,1
121,4,0,3,0.2741245424847371,205,12,0.0273721330556057,1
205,4,0,3,1.2489768419653953,220,12,0.0273721330556057,1
155,4,0,3,0.4133891566962597,196,12,0.0273721330556057,1
136,4,0,5,0.0720474985553333,190,12,0.0273721330556057,1
121,4,0,5,0.4540304403926524,179,12,0.8884502877862838,1
148,4,0,3,0.2383136416874884,193,12,0.9431945538974952,1
144,4,0,3,0.0791540825886055,176,12,0.8884502877862838,1
226,4,0,3,1.29672470969506,238,12,0.9431945538974952,1
174,4,0,5,0.3895152228314272,177,12,0.8884502877862838,1
168,4,0,3,0.5765277047726147,194,12,0.8884502877862838,1
158,4,0,3,0.5049059031781175,190,12,0.9431945538974952,1
160,4,0,3,0.7118133300066652,212,12,0.9431945538974952,1
133,4,0,3,0.3099354432819858,205,12,0.9431945538974952,1
130,4,0,5,0.5088848921555895,201,12,0.9431945538974952,1
116,4,0,5,0.4571580354484525,193,12,0.0273721330556057,1
174,4,0,3,0.9147417678577412,238,12,0.9431945538974952,1
149,4,0,3,0.4253261236286759,217,12,0.9431945538974952,1
206,4,0,3,0.8550569331956599,234,12,0.9431945538974952,1
182,4,0,5,0.7157923189841373,239,12,0.9431945538974952,1
119,4,0,3,0.0234482369039964,196,12,0.8884502877862838,1
161,4,0,5,0.2781035314622092,206,12,0.8884502877862838,1
110,4,0,3,0.0234482369039964,188,12,0.8884502877862838,1
109,4,0,3,0.3974732007863714,190,12,0.9431945538974952,1
150,4,0,5,0.6720234402319445,198,12,0.0273721330556057,1
114,4,0,5,0.0441945757130287,183,12,0.9431945538974952,1
137,4,0,5,0.0194692479265244,202,12,0.9431945538974952,1
143,4,0,5,0.7197713079616094,202,12,0.0273721330556057,1
119,4,0,5,0.9863635694522384,204,12,0.9431945538974952,1
173,4,0,5,0.5964226496599752,199,12,0.9431945538974952,1
148,4,0,5,0.4898413411899011,176,12,0.9431945538974952,1
138,4,0,3,0.2272280686767442,181,12,0.9431945538974952,1
141,4,0,3,0.1666918400929911,175,12,0.8884502877862838,1
131,4,0,5,0.7635401867138022,227,12,0.0273721330556057,1
105,4,0,3,0.3059564543045137,179,12,0.9431945538974952,1
193,4,0,5,0.7277292859165536,211,12,0.9431945538974952,1
176,4,0,3,0.4412420795385642,207,12,0.8884502877862838,1
195,4,0,3,0.5486747819303103,198,12,0.9431945538974952,1
117,4,0,5,0.0680685095778612,204,12,0.0273721330556057,1
169,4,0,3,0.4690950023808687,191,12,0.9431945538974952,1
162,4,0,3,1.185313018325842,222,12,0.8884502877862838,1
176,4,0,3,0.4810319693132849,200,12,0.9431945538974952,1
186,4,0,5,0.5208218590880057,189,12,0.0273721330556057,1
163,4,0,5,0.8749518780830203,215,12,0.8884502877862838,1
136,4,0,3,0.1158163773075261,177,12,0.9431945538974952,1
159,4,0,5,0.2502506086199046,221,12,0.8884502877862838,1
187,4,0,3,0.7635401867138022,206,12,0.0273721330556057,1
139,4,0,3,0.0711961046336613,186,12,0.8884502877862838,1
139,4,0,3,0.2025027408902398,220,12,0.9431945538974952,1
145,4,0,5,0.597274043581647,179,12,0.0273721330556057,1
200,4,0,3,0.859035922173132,214,12,0.0273721330556057,1
115,4,0,3,0.270145553507265,196,12,0.9431945538974952,1
123,4,0,3,0.1953961568569676,172,12,0.8884502877862838,1
147,4,0,5,0.3099354432819858,188,12,0.9431945538974952,1
83,4,0,3,0.1953961568569676,192,12,0.9431945538974952,1
172,4,0,3,0.4372630905610921,211,12,0.0273721330556057,1
139,4,0,3,0.5725487157951427,211,12,0.8884502877862838,1
183,4,0,5,0.1985237519127677,217,12,0.8884502877862838,1
180,4,0,5,0.0441945757130287,184,12,0.8884502877862838,1
201,4,0,5,0.4810319693132849,216,12,0.0273721330556057,1
200,4,0,3,0.4571580354484525,212,12,0.8884502877862838,1
159,4,0,5,0.2113121127668558,185,12,0.8884502877862838,1
139,4,0,3,0.2104607188451839,209,12,0.8884502877862838,1
144,4,0,5,0.1038794103751098,187,12,0.0273721330556057,1
144,4,0,5,0.1348599282732145,189,12,0.9431945538974952,1
110,4,0,3,0.1277533442399423,156,12,0.8884502877862838,1
155,4,0,5,0.2303556637325443,207,12,0.9431945538974952,1
170,4,0,5,0.5248008480654778,230,12,0.0273721330556057,1
208,4,0,5,0.7396662528489698,221,12,0.0273721330556057,1
168,4,0,5,0.1715222229921351,181,12,0.8884502877862838,1
175,4,0,3,0.6004016386374472,208,12,0.8884502877862838,1
129,4,0,5,0.3537043220341786,179,12,0.8884502877862838,1
192,4,0,3,0.5805066937500868,218,12,0.0273721330556057,1
177,4,0,5,0.2940194873720975,215,12,0.0273721330556057,1
194,4,0,3,0.0592591377012451,175,12,0.9431945538974952,1
192,4,0,5,0.695897374096777,206,12,0.8884502877862838,1
108,4,0,5,0.1189439723633262,181,12,0.8884502877862838,1
145,4,0,5,0.5645907378401985,201,12,0.8884502877862838,1
192,4,0,5,0.699876363074249,205,12,0.0273721330556057,1
116,4,0,5,0.7476242308039139,186,12,0.8884502877862838,1
146,4,0,5,0.2422926306649605,193,12,0.8884502877862838,1
223,4,0,5,1.109712227753873,239,12,0.8884502877862838,1
170,4,0,5,0.1388389172506866,232,12,0.0273721330556057,1
143,4,0,3,0.2590599804965208,188,12,0.8884502877862838,1
174,4,0,3,0.1666918400929911,194,12,0.0273721330556057,1
155,4,0,5,0.2391650356091604,198,12,0.0273721330556057,1
135,4,0,3,0.3139144322594578,190,12,0.9431945538974952,1
192,4,0,5,0.6561074843220562,219,12,0.8884502877862838,1
196,4,0,3,0.0513011597463009,189,12,0.9431945538974952,1
177,4,0,3,0.6879393961418329,219,12,0.8884502877862838,1
113,4,0,3,0.2351860466316883,202,12,0.8884502877862838,1
175,4,0,5,0.3059564543045137,191,12,0.8884502877862838,1
110,4,0,5,0.5208218590880057,199,12,0.9431945538974952,1
163,4,0,3,0.9187207568352131,208,12,0.9431945538974952,1
156,4,0,3,0.4173681456737318,199,12,0.0273721330556057,1
124,4,0,5,0.0831330715660775,189,12,0.9431945538974952,1
155,4,0,3,0.1905657739578236,213,12,0.9431945538974952,1
158,4,0,5,0.9386157017225736,217,12,0.0273721330556057,1
211,4,0,5,0.4412420795385642,194,12,0.9431945538974952,1
197,4,0,3,0.3855362338539552,203,12,0.0273721330556057,1
146,4,0,3,0.5176942640322055,179,12,0.9431945538974952,1
158,4,0,5,0.158733862138047,224,12,0.9431945538974952,1
97,4,0,5,0.2582085865748488,194,12,0.9431945538974952,1
208,4,0,3,1.4200733679966944,224,12,0.0273721330556057,1
163,4,0,5,0.9187207568352131,217,12,0.9431945538974952,1
144,4,0,3,0.2351860466316883,185,12,0.8884502877862838,1
154,4,0,3,0.2582085865748488,192,12,0.9431945538974952,1
175,4,0,3,0.4571580354484525,190,12,0.0273721330556057,1
153,4,0,3,0.1197953662849981,176,12,0.9431945538974952,1
169,4,0,3,0.5606117488627265,206,12,0.9431945538974952,1
160,4,0,5,0.910762778880269,218,12,0.0273721330556057,1
124,4,0,5,0.1914171678794955,192,12,0.8884502877862838,1
120,4,0,3,0.5844856827275589,174,12,0.0273721330556057,1
151,4,0,3,0.3537043220341786,196,12,0.9431945538974952,1
138,4,0,5,0.1388389172506866,188,12,0.9431945538974952,1
137,4,0,3,0.6202965835248075,206,12,0.0273721330556057,1
134,4,0,3,0.4810319693132849,226,12,0.8884502877862838,1
108,4,0,5,0.2422926306649605,193,12,0.8884502877862838,1
166,4,0,3,0.6839604071643608,216,12,0.8884502877862838,1
153,4,0,3,0.4094101677187876,165,12,0.0273721330556057,1
162,4,0,5,0.4094101677187876,220,12,0.0273721330556057,1
165,4,0,3,0.111837388330054,192,12,0.0273721330556057,1
201,4,0,5,0.3704716718657388,177,12,0.8884502877862838,1
181,4,0,5,0.3377883661242903,204,12,0.0273721330556057,1
154,4,0,3,0.1388389172506866,209,12,0.0273721330556057,1
163,4,0,3,1.0380904261593753,200,12,0.0273721330556057,1
165,4,0,5,0.5009269142006454,179,12,0.8884502877862838,1
134,4,0,5,0.2104607188451839,194,12,0.8884502877862838,1
146,4,0,3,0.1826077960028794,190,12,0.9431945538974952,1
153,4,0,3,0.2630389694739928,189,12,0.0273721330556057,1
193,4,0,5,0.7834351316011626,206,12,0.9431945538974952,1
124,4,0,3,0.2391650356091604,167,12,0.8884502877862838,1
157,4,0,5,0.056131542645445,188,12,0.9431945538974952,1
125,4,0,5,0.1516272781047747,172,12,0.8884502877862838,1
131,4,0,5,0.266166564529793,209,12,0.0273721330556057,1
155,4,0,5,0.1985237519127677,202,12,0.9431945538974952,1
160,4,0,3,0.4850109582907571,213,12,0.9431945538974952,1
154,4,0,5,0.3147658261811298,156,12,0.0273721330556057,1
141,4,0,3,0.274975936406409,185,12,0.8884502877862838,1
174,4,0,3,0.5725487157951427,211,12,0.8884502877862838,1
152,4,0,5,1.2609138088978116,230,12,0.0273721330556057,1
119,4,0,3,0.2462716196424326,195,12,0.8884502877862838,1
122,4,0,5,0.158733862138047,187,12,0.0273721330556057,1
140,4,0,3,0.1308809392957424,188,12,0.8884502877862838,1
91,4,0,3,0.0203206418481963,181,12,0.9431945538974952,1
152,4,0,3,0.3338093771468182,198,12,0.0273721330556057,1
187,4,0,3,0.8232250213758834,200,12,0.0273721330556057,1
152,4,0,3,0.803330076488523,198,12,0.9431945538974952,1
155,4,0,5,0.4651160134033967,212,12,0.9431945538974952,1
173,4,0,3,0.7277292859165536,208,12,0.9431945538974952,1
106,4,0,3,0.3377883661242903,194,12,0.9431945538974952,1
194,4,0,3,0.2781035314622092,209,12,0.9431945538974952,1
119,4,0,5,0.6879393961418329,213,12,0.8884502877862838,1
144,4,0,3,0.377578255899011,207,12,0.0273721330556057,1
164,4,0,5,0.1985237519127677,189,12,0.0273721330556057,1
169,4,0,5,0.8948468229703807,236,12,0.8884502877862838,1
168,4,0,5,0.3497253330567065,205,12,0.8884502877862838,1
186,4,0,5,0.4054311787413155,200,12,0.0273721330556057,1
217,4,0,5,0.6720234402319445,217,12,0.9431945538974952,1
150,4,0,3,0.6123386055698634,197,12,0.8884502877862838,1
195,4,0,5,0.9943215474071824,220,12,0.9431945538974952,1
169,4,0,5,0.3258513991918741,196,12,0.9431945538974952,1
139,4,0,3,0.0760264875328053,176,12,0.0273721330556057,1
119,4,0,3,0.7754771536462185,213,12,0.0273721330556057,1
129,4,0,3,0.5566327598852544,214,12,0.9431945538974952,1
99,4,0,5,0.597274043581647,156,12,0.8884502877862838,1
165,4,0,3,0.0362365977580846,169,12,0.0273721330556057,1
151,4,0,5,0.6163175945473355,212,12,0.9431945538974952,1
246,4,0,5,1.1176702057088168,241,12,0.8884502877862838,1
205,4,0,3,0.429305112606148,202,12,0.8884502877862838,1
205,4,0,5,0.7834351316011626,224,12,0.9431945538974952,1
130,4,0,5,0.2312070576542162,184,12,0.9431945538974952,1
196,4,0,5,0.2502506086199046,205,12,0.0273721330556057,1
134,4,0,5,0.0433431817913568,188,12,0.8884502877862838,1
131,4,0,3,0.3457463440792345,219,12,0.0273721330556057,1
47,0,0,3,1.182185423270042,182,6,0.8884502877862838,1
59,0,0,4,1.3851138611211178,186,6,0.9431945538974952,1
44,0,0,4,1.1702484563376256,185,6,0.8884502877862838,1
55,0,0,4,1.182185423270042,183,6,0.8884502877862838,1
55,0,0,3,0.9832359743964384,177,6,0.8884502877862838,1
79,0,0,4,1.0429208090585194,192,6,0.8884502877862838,1
33,0,0,4,1.5402944312425286,163,6,0.9431945538974952,1
65,0,0,4,0.6927697790409768,237,6,0.8884502877862838,1
36,0,0,3,0.96732001848655,194,6,0.8884502877862838,1
57,0,0,3,0.8797822609821643,218,6,0.9431945538974952,1
69,0,0,3,0.9076351838244688,215,6,0.8884502877862838,1
59,0,0,4,1.0349628311035752,193,6,0.8884502877862838,1
75,0,0,4,1.1185215996304887,194,6,0.9431945538974952,1
29,0,0,3,1.2776811587293715,166,6,0.8884502877862838,1
49,0,0,3,0.9275301287118292,181,6,0.9431945538974952,1
58,0,0,3,1.0429208090585194,198,6,0.9431945538974952,1
40,0,0,4,0.752454613703058,207,6,0.8884502877862838,1
52,0,0,4,1.1503535114502654,217,6,0.8884502877862838,1
49,0,0,3,1.186164412247514,193,6,0.9431945538974952,1
53,0,0,3,0.9514040625766615,203,6,0.9431945538974952,1
54,0,0,3,1.046899798035991,201,6,0.8884502877862838,1
38,0,0,3,1.027004853148631,187,6,0.9431945538974952,1
73,0,0,3,0.9514040625766615,201,6,0.9431945538974952,1
55,0,0,4,1.030983842126103,189,6,0.8884502877862838,1
50,0,0,4,0.9872149633739103,208,6,0.9431945538974952,1
47,0,0,3,1.0031309192837985,226,6,0.9431945538974952,1
46,0,0,4,1.046899798035991,208,6,0.8884502877862838,1
44,0,0,3,1.29359711463926,167,6,0.8884502877862838,1
62,0,0,4,1.027004853148631,188,6,0.8884502877862838,1
68,0,0,3,1.070773731900824,195,6,0.9431945538974952,1
41,0,0,3,1.0349628311035752,195,6,0.8884502877862838,1
46,0,0,3,1.0031309192837985,191,6,0.9431945538974952,1
36,0,0,4,1.452756673738143,173,6,0.9431945538974952,1
64,0,0,3,0.485862352212429,233,6,0.9431945538974952,1
58,0,0,4,1.0508787870134637,184,6,0.9431945538974952,1
62,0,0,3,1.134437555540377,190,6,0.9431945538974952,1
100,0,0,3,0.652979889266256,238,6,0.9431945538974952,1
39,0,0,3,1.3134920595266204,176,6,0.8884502877862838,1
38,0,0,3,1.2219753130447626,186,6,0.9431945538974952,1
84,0,0,3,0.9951729413288544,224,6,0.9431945538974952,1
51,0,0,4,1.0588367649684076,173,6,0.9431945538974952,1
44,0,0,3,1.1065846326980726,175,6,0.8884502877862838,1
64,0,0,3,1.1782064342925698,216,6,0.9431945538974952,1
51,0,0,3,1.456735662715615,170,6,0.9431945538974952,1
49,0,0,3,1.1662694673601537,176,6,0.8884502877862838,1
38,0,0,3,1.4925465635128636,142,6,0.8884502877862838,1
63,0,0,4,1.301555092594204,194,6,0.9431945538974952,1
67,0,0,3,0.9116141728019408,195,6,0.9431945538974952,1
50,0,0,3,0.7126647239283372,217,6,0.8884502877862838,1
62,0,0,3,0.9553830515541336,214,6,0.9431945538974952,1
56,0,0,4,1.1662694673601537,181,6,0.8884502877862838,1
47,0,0,3,1.2140173350898185,192,6,0.8884502877862838,1
36,0,0,4,1.233912279977179,194,6,0.8884502877862838,1
58,0,0,4,0.8837612499596363,187,6,0.8884502877862838,1
52,0,0,4,0.9872149633739103,214,6,0.8884502877862838,1
44,0,0,4,1.078731709855768,182,6,0.9431945538974952,1
73,0,0,3,0.6569588782437281,227,6,0.8884502877862838,1
49,0,0,3,1.190143401224986,176,6,0.9431945538974952,1
51,0,0,3,0.96732001848655,199,6,0.9431945538974952,1
69,0,0,4,0.8519293381398598,223,6,0.9431945538974952,1
30,0,0,4,1.440819706805727,173,6,0.9431945538974952,1
45,0,0,4,1.1185215996304887,207,6,0.9431945538974952,1
75,0,0,3,1.019046875193687,184,6,0.8884502877862838,1
74,0,0,4,1.130458566562905,202,6,0.8884502877862838,1
33,0,0,4,1.3691979052112293,165,6,0.9431945538974952,1
74,0,0,3,1.023025864171159,203,6,0.9431945538974952,1
70,0,0,3,1.2020803681574024,185,6,0.8884502877862838,1
15,0,0,3,1.2100383461123465,175,6,0.9431945538974952,1
41,0,0,3,1.1622904783826815,202,6,0.8884502877862838,1
70,0,0,3,0.8996772058695247,228,6,0.8884502877862838,1
60,0,0,4,1.0031309192837985,207,6,0.8884502877862838,1
34,0,0,4,1.3095130705491482,164,6,0.8884502877862838,1
28,0,0,4,1.1264795775854328,179,6,0.8884502877862838,1
45,0,0,4,0.7405176467706417,207,6,0.8884502877862838,1
56,0,0,4,0.9036561948469968,208,6,0.8884502877862838,1
72,0,0,4,1.0866896878107122,191,6,0.8884502877862838,1
80,0,0,4,1.2498282358870672,185,6,0.8884502877862838,1
53,0,0,3,1.3771558831661737,181,6,0.8884502877862838,1
34,0,0,4,1.1384165445178491,198,6,0.8884502877862838,1
38,0,0,4,1.4845885855579195,174,6,0.9431945538974952,1
55,0,0,3,1.2020803681574024,183,6,0.8884502877862838,1
60,0,0,4,1.190143401224986,202,6,0.9431945538974952,1
72,0,0,4,1.2259543020222348,194,6,0.8884502877862838,1
69,0,0,4,0.7405176467706417,215,6,0.8884502877862838,1
55,0,0,3,1.1264795775854328,206,6,0.9431945538974952,1
66,0,0,4,0.971299007464022,196,6,0.9431945538974952,1
64,0,0,4,0.979256985418966,180,6,0.9431945538974952,1
37,0,0,4,1.078731709855768,191,6,0.8884502877862838,1
66,0,0,3,1.2657441917969554,187,6,0.8884502877862838,1
88,0,0,4,0.9553830515541336,204,6,0.8884502877862838,1
67,0,0,4,1.046899798035991,191,6,0.8884502877862838,1
54,0,0,4,1.29359711463926,198,6,0.9431945538974952,1
69,0,0,4,0.7882655145003066,228,6,0.9431945538974952,1
68,0,0,4,0.9553830515541336,200,6,0.8884502877862838,1
56,0,0,4,1.1742274453150978,188,6,0.9431945538974952,1
31,0,0,4,1.0429208090585194,191,6,0.9431945538974952,1
54,0,0,4,1.0349628311035752,185,6,0.9431945538974952,1
49,0,0,4,0.9394670956442456,206,6,0.8884502877862838,1
44,0,0,4,1.233912279977179,176,6,0.9431945538974952,1
67,0,0,4,0.6370639333563678,200,6,0.8884502877862838,1
45,0,0,4,1.1026056437206004,209,6,0.9431945538974952,1
37,0,0,3,1.046899798035991,184,6,0.8884502877862838,1
42,0,0,4,0.7126647239283372,218,6,0.9431945538974952,1
48,0,0,4,0.8996772058695247,206,6,0.9431945538974952,1
74,0,0,4,1.0866896878107122,203,6,0.9431945538974952,1
34,0,0,4,1.0429208090585194,195,6,0.9431945538974952,1
63,0,0,3,1.046899798035991,187,6,0.9431945538974952,1
75,0,0,3,0.7803075365453624,205,6,0.8884502877862838,1
33,0,0,3,1.2737021697518995,188,6,0.8884502877862838,1
81,0,0,3,0.9354881066667734,219,6,0.8884502877862838,1
28,0,0,4,1.237891268954651,191,6,0.9431945538974952,1
46,0,0,3,1.2657441917969554,210,6,0.8884502877862838,1
46,0,0,4,1.1463745224727933,197,6,0.9431945538974952,1
34,0,0,3,1.4249037508958384,176,6,0.9431945538974952,1
54,0,0,4,1.1026056437206004,203,6,0.9431945538974952,1
28,0,0,4,1.297576103616732,173,6,0.9431945538974952,1
48,0,0,3,1.1782064342925698,180,6,0.9431945538974952,1
55,0,0,4,1.1782064342925698,155,6,0.9431945538974952,1
39,0,0,4,1.1065846326980726,212,6,0.8884502877862838,1
65,0,0,4,1.134437555540377,198,6,0.8884502877862838,1
52,0,0,3,0.7484756247255858,219,6,0.9431945538974952,1
26,0,0,4,1.1026056437206004,180,6,0.9431945538974952,1
57,0,0,3,1.1463745224727933,194,6,0.8884502877862838,1
27,0,0,3,1.4209247619183665,168,6,0.8884502877862838,1
40,0,0,4,0.8996772058695247,211,6,0.8884502877862838,1
48,0,0,3,1.253807224864539,198,6,0.8884502877862838,1
47,0,0,3,1.233912279977179,190,6,0.8884502877862838,1
49,0,0,4,0.7405176467706417,205,6,0.8884502877862838,1
71,0,0,3,1.019046875193687,199,6,0.9431945538974952,1
24,0,0,3,1.4447986957831989,177,6,0.8884502877862838,1
35,0,0,3,1.253807224864539,175,6,0.9431945538974952,1
49,0,0,4,1.074752720878296,211,6,0.9431945538974952,1
48,0,0,3,1.241870257932123,180,6,0.9431945538974952,1
69,0,0,3,0.9514040625766615,202,6,0.8884502877862838,1
49,0,0,4,1.2458492469095952,195,6,0.8884502877862838,1
48,0,0,4,1.2179963240672906,192,6,0.9431945538974952,1
51,0,0,3,1.4965255524903358,167,6,0.9431945538974952,1
73,0,0,4,1.0986266547431285,203,6,0.9431945538974952,1
37,0,0,3,0.9434460846217176,195,6,0.8884502877862838,1
55,0,0,4,0.9394670956442456,212,6,0.9431945538974952,1
59,0,0,3,0.8758032720046922,196,6,0.8884502877862838,1
53,0,0,4,1.1782064342925698,193,6,0.9431945538974952,1
47,0,0,4,0.9514040625766615,202,6,0.9431945538974952,1
35,0,0,4,1.3294080154365089,194,6,0.8884502877862838,1
26,0,0,3,1.0150678862162148,173,6,0.9431945538974952,1
20,0,0,3,1.29359711463926,188,6,0.8884502877862838,1
79,0,0,4,0.597274043581647,228,6,0.8884502877862838,1
35,0,0,4,1.2299332909997067,189,6,0.9431945538974952,1
48,0,0,4,0.979256985418966,189,6,0.8884502877862838,1
55,0,0,4,1.1503535114502654,188,6,0.8884502877862838,1
46,0,0,4,1.1622904783826815,202,6,0.8884502877862838,1
55,0,0,4,1.0429208090585194,190,6,0.9431945538974952,1
41,0,0,4,1.090668676788184,197,6,0.8884502877862838,1
53,0,0,4,1.1065846326980726,203,6,0.8884502877862838,1
69,0,0,4,0.8041814704101949,208,6,0.8884502877862838,1
85,0,0,3,1.1662694673601537,211,6,0.8884502877862838,1
62,0,0,3,1.1463745224727933,180,6,0.9431945538974952,1
57,0,0,4,1.0031309192837985,198,6,0.9431945538974952,1
31,0,0,3,1.297576103616732,200,6,0.8884502877862838,1
78,0,0,4,0.9514040625766615,206,6,0.8884502877862838,1
102,0,0,3,0.5893160656267029,218,6,0.8884502877862838,1
49,0,0,3,0.8360133822299715,204,6,0.8884502877862838,1
76,0,0,4,0.8439713601849157,202,6,0.9431945538974952,1
58,0,0,3,1.0389418200810472,209,6,0.8884502877862838,1
27,0,0,3,1.6278321887469145,156,6,0.8884502877862838,1
63,0,0,4,1.019046875193687,207,6,0.9431945538974952,1
86,0,0,3,0.8121394483651391,227,6,0.8884502877862838,1
72,0,0,4,1.2020803681574024,202,6,0.8884502877862838,1
65,0,0,4,0.9434460846217176,203,6,0.9431945538974952,1
53,0,0,3,1.070773731900824,190,6,0.8884502877862838,1
56,0,0,3,0.9076351838244688,196,6,0.8884502877862838,1
62,0,0,4,1.2219753130447626,178,6,0.8884502877862838,1
62,0,0,3,1.046899798035991,191,6,0.9431945538974952,1
78,0,0,3,0.7842865255228345,213,6,0.8884502877862838,1
75,0,0,3,0.8399923712074435,205,6,0.9431945538974952,1
54,0,0,3,0.7922445034777786,220,6,0.9431945538974952,1
65,0,0,3,1.241870257932123,178,6,0.9431945538974952,1
76,0,0,3,0.9434460846217176,188,6,0.9431945538974952,1
56,0,0,4,0.8837612499596363,211,6,0.8884502877862838,1
49,0,0,3,1.2179963240672906,192,6,0.8884502877862838,1
64,0,0,3,0.9354881066667734,192,6,0.8884502877862838,1
57,0,0,4,1.1145426106530167,201,6,0.8884502877862838,1
80,0,0,3,0.8917192279145806,209,6,0.8884502877862838,1
58,0,0,4,1.2179963240672906,195,6,0.9431945538974952,1
44,0,0,3,1.070773731900824,195,6,0.8884502877862838,1
46,0,0,4,1.1742274453150978,171,6,0.9431945538974952,1
39,0,0,3,1.074752720878296,190,6,0.9431945538974952,1
44,0,0,3,1.2776811587293715,180,6,0.9431945538974952,1
39,0,0,3,0.8956982168920526,185,6,0.8884502877862838,1
57,0,0,4,0.9434460846217176,199,6,0.9431945538974952,1
39,0,0,3,1.1423955334953213,183,6,0.8884502877862838,1
44,0,0,3,1.1145426106530167,193,6,0.8884502877862838,1
50,0,0,4,1.190143401224986,175,6,0.9431945538974952,1
78,0,0,4,0.859887316094804,215,6,0.8884502877862838,1
46,0,0,3,1.2458492469095952,176,6,0.8884502877862838,1
69,0,0,3,1.030983842126103,205,6,0.8884502877862838,1
36,0,0,3,1.134437555540377,185,6,0.8884502877862838,1
40,0,0,3,1.412966783963422,188,6,0.8884502877862838,1
47,0,0,4,1.3572609382788132,155,6,0.8884502877862838,1
55,0,0,4,0.9235511397343572,206,6,0.8884502877862838,1
49,0,0,4,1.182185423270042,193,6,0.9431945538974952,1
73,0,0,4,1.0986266547431285,190,6,0.9431945538974952,1
59,0,0,3,1.3612399272562852,194,6,0.8884502877862838,1
94,0,0,4,0.7962234924552508,212,6,0.9431945538974952,1
35,0,0,3,1.4288827398733106,194,6,0.9431945538974952,1
64,0,0,4,1.0667947429233515,199,6,0.9431945538974952,1
62,0,0,3,0.8002024814327229,212,6,0.9431945538974952,1
29,0,0,4,1.1662694673601537,187,6,0.8884502877862838,1
41,0,0,4,0.915593161779413,221,6,0.8884502877862838,1
65,0,0,3,0.9951729413288544,214,6,0.8884502877862838,1
55,0,0,4,1.297576103616732,164,6,0.8884502877862838,1
46,0,0,4,1.0548577759909357,181,6,0.9431945538974952,1
47,0,0,3,1.4726516186255034,182,6,0.8884502877862838,1
42,0,0,4,1.0110888972387428,187,6,0.8884502877862838,1
71,0,0,4,1.0429208090585194,183,6,0.9431945538974952,1
72,0,0,3,0.7604125916580021,225,6,0.9431945538974952,1
63,0,0,4,0.9434460846217176,214,6,0.8884502877862838,1
52,0,0,3,1.0946476657656563,205,6,0.8884502877862838,1
17,0,0,3,1.1026056437206004,174,6,0.9431945538974952,1
66,0,0,3,0.8360133822299715,219,6,0.9431945538974952,1
69,0,0,4,1.1065846326980726,211,6,0.8884502877862838,1
37,0,0,4,1.08271069883324,205,6,0.9431945538974952,1
44,0,0,4,0.9394670956442456,200,6,0.9431945538974952,1
57,0,0,3,1.237891268954651,198,6,0.8884502877862838,1
44,0,0,3,0.752454613703058,226,6,0.8884502877862838,1
52,0,0,3,1.2100383461123465,176,6,0.9431945538974952,1
72,0,0,4,1.2617652028194837,194,6,0.9431945538974952,1
64,0,0,3,1.1543325004277374,183,6,0.8884502877862838,1
45,0,0,4,1.2657441917969554,184,6,0.9431945538974952,1
62,0,0,4,0.979256985418966,193,6,0.8884502877862838,1
48,0,0,3,1.1742274453150978,196,6,0.8884502877862838,1
79,0,0,3,0.7922445034777786,212,6,0.9431945538974952,1
31,0,0,3,1.019046875193687,190,6,0.8884502877862838,1
51,0,0,4,0.7643915806354742,218,6,0.9431945538974952,1
39,0,0,3,1.397050828053534,182,6,0.9431945538974952,1
42,0,0,3,1.2737021697518995,181,6,0.9431945538974952,1
74,0,0,3,0.6450219113113119,241,6,0.8884502877862838,1
16,0,0,3,1.237891268954651,173,6,0.9431945538974952,1
25,0,0,4,0.9593620405316058,187,6,0.8884502877862838,1
60,0,0,3,0.8877402389371084,231,6,0.9431945538974952,1
47,0,0,4,1.1583114894052096,196,6,0.8884502877862838,1
64,0,0,3,1.134437555540377,215,6,0.9431945538974952,1
70,0,0,3,0.919572150756885,194,6,0.8884502877862838,1
38,0,0,4,1.1463745224727933,193,6,0.8884502877862838,1
43,0,0,3,1.1264795775854328,198,6,0.8884502877862838,1
52,0,0,3,1.3055340815716765,184,6,0.9431945538974952,1
51,0,0,4,1.0150678862162148,190,6,0.9431945538974952,1
31,0,0,4,1.1941223902024585,157,6,0.9431945538974952,1
67,0,0,3,1.349302960323869,197,6,0.8884502877862838,1
62,0,0,3,0.8996772058695247,204,6,0.8884502877862838,1
65,0,0,3,0.8996772058695247,215,6,0.9431945538974952,1
70,0,0,4,1.2140173350898185,191,6,0.9431945538974952,1
25,0,0,3,1.0588367649684076,183,6,0.8884502877862838,1
63,0,0,3,0.9315091176893012,197,6,0.9431945538974952,1
67,0,0,4,1.29359711463926,205,6,0.8884502877862838,1
54,0,0,4,0.8240764152975553,215,6,0.8884502877862838,1
57,0,0,3,1.074752720878296,230,6,0.9431945538974952,1
54,0,0,3,0.8917192279145806,222,6,0.8884502877862838,1
61,0,0,3,1.1941223902024585,179,6,0.9431945538974952,1
54,0,0,4,0.963341029509078,200,6,0.8884502877862838,1
19,0,0,3,1.1026056437206004,187,6,0.9431945538974952,1
48,0,0,3,1.1583114894052096,177,6,0.9431945538974952,1
55,0,0,3,0.7763285475678904,199,6,0.9431945538974952,1
79,0,0,3,0.8360133822299715,223,6,0.8884502877862838,1
35,0,0,3,1.2060593571348743,200,6,0.8884502877862838,1
81,0,0,4,1.0508787870134637,211,6,0.9431945538974952,1
66,0,0,4,0.8797822609821643,217,6,0.8884502877862838,1
64,0,0,4,1.345323971346397,185,6,0.8884502877862838,1
59,0,0,4,0.975277996441494,204,6,0.8884502877862838,1
79,0,0,4,0.8519293381398598,214,6,0.8884502877862838,1
75,0,0,4,0.8837612499596363,216,6,0.8884502877862838,1
68,0,0,4,0.9275301287118292,200,6,0.9431945538974952,1
62,0,0,3,1.0986266547431285,208,6,0.8884502877862838,1
60,0,0,4,0.919572150756885,219,6,0.9431945538974952,1
2,0,0,3,1.452756673738143,174,6,0.9431945538974952,1
47,0,0,3,1.1742274453150978,163,6,0.9431945538974952,1
13,0,0,3,1.237891268954651,174,6,0.8884502877862838,1
58,0,0,3,1.1662694673601537,177,6,0.9431945538974952,1
44,0,0,3,1.074752720878296,172,6,0.8884502877862838,1
42,0,0,4,1.2458492469095952,194,6,0.8884502877862838,1
22,0,0,4,1.7312859021611882,165,6,0.8884502877862838,1
30,0,0,3,1.2140173350898185,169,6,0.8884502877862838,1
40,0,0,4,0.8399923712074435,226,6,0.9431945538974952,1
65,0,0,3,1.0429208090585194,206,6,0.9431945538974952,1
88,0,0,4,0.8320343932524994,218,6,0.9431945538974952,1
16,0,0,3,1.2617652028194837,175,6,0.9431945538974952,1
60,0,0,3,1.0866896878107122,184,6,0.9431945538974952,1
50,0,0,3,1.0349628311035752,184,6,0.8884502877862838,1
76,0,0,4,0.8041814704101949,209,6,0.9431945538974952,1
87,0,0,3,0.7444966357481138,216,6,0.9431945538974952,1
76,0,0,3,0.7763285475678904,223,6,0.9431945538974952,1
57,0,0,4,1.1423955334953213,182,6,0.9431945538974952,1
53,0,0,3,1.3691979052112293,209,6,0.9431945538974952,1
57,0,0,4,1.090668676788184,206,6,0.8884502877862838,1
53,0,0,3,0.9434460846217176,219,6,0.9431945538974952,1
61,0,0,4,1.1622904783826815,199,6,0.9431945538974952,1
74,0,0,3,0.8121394483651391,193,6,0.9431945538974952,1
37,0,0,4,1.241870257932123,165,6,0.8884502877862838,1
22,0,0,4,1.237891268954651,171,6,0.9431945538974952,1
24,0,0,3,1.1185215996304887,199,6,0.8884502877862838,1
76,0,0,3,1.233912279977179,186,6,0.9431945538974952,1
41,0,0,4,0.8121394483651391,204,6,0.8884502877862838,1
73,0,0,3,1.1384165445178491,191,6,0.8884502877862838,1
56,0,0,4,1.0986266547431285,174,6,0.9431945538974952,1
40,0,0,3,1.2179963240672906,184,6,0.9431945538974952,1
72,0,0,3,0.8399923712074435,229,6,0.9431945538974952,1
51,0,0,4,1.019046875193687,199,6,0.8884502877862838,1
48,0,0,4,1.027004853148631,183,6,0.9431945538974952,1
65,0,0,4,0.8439713601849157,201,6,0.8884502877862838,1
57,0,0,3,1.1782064342925698,192,6,0.9431945538974952,1
44,0,0,4,1.2020803681574024,192,6,0.9431945538974952,1
53,0,0,4,1.0548577759909357,171,6,0.9431945538974952,1
51,0,0,3,0.9275301287118292,200,6,0.8884502877862838,1
25,0,0,4,1.0588367649684076,185,6,0.9431945538974952,1
65,0,0,3,0.9354881066667734,211,6,0.9431945538974952,1
39,0,0,3,1.3134920595266204,175,6,0.9431945538974952,1
74,0,0,3,1.2737021697518995,220,6,0.8884502877862838,1
47,0,0,3,1.2020803681574024,196,6,0.8884502877862838,1
41,0,0,4,1.130458566562905,191,6,0.9431945538974952,1
54,0,0,3,0.8718242830272201,185,6,0.8884502877862838,1
49,0,0,4,0.963341029509078,229,6,0.8884502877862838,1
77,0,0,4,0.979256985418966,207,6,0.9431945538974952,1
88,0,0,3,0.7564336026805301,228,6,0.9431945538974952,1
44,0,0,4,1.3731768941887017,185,6,0.8884502877862838,1
64,0,0,4,1.1463745224727933,188,6,0.9431945538974952,1
56,0,0,3,1.0866896878107122,215,6,0.9431945538974952,1
68,0,0,3,0.8678452940497481,207,6,0.9431945538974952,1
60,0,0,3,0.5893160656267029,210,6,0.8884502877862838,1
87,0,0,3,0.7484756247255858,230,6,0.8884502877862838,1
53,0,0,4,1.1105636216755446,188,6,0.9431945538974952,1
52,0,0,4,0.8200974263200832,218,6,0.8884502877862838,1
80,0,0,3,0.915593161779413,204,6,0.9431945538974952,1
60,0,0,4,1.007109908261271,217,6,0.8884502877862838,1
30,0,0,3,1.2856391366843158,183,6,0.8884502877862838,1
53,0,0,4,1.3294080154365089,178,6,0.9431945538974952,1
48,0,0,3,0.7564336026805301,196,6,0.9431945538974952,1
121,0,0,4,0.6967487680184489,231,6,0.8884502877862838,1
52,0,0,4,0.971299007464022,196,6,0.9431945538974952,1
54,0,0,4,0.7484756247255858,224,6,0.9431945538974952,1
81,0,0,3,0.8877402389371084,195,6,0.9431945538974952,1
68,0,0,4,1.186164412247514,184,6,0.8884502877862838,1
62,0,0,4,0.96732001848655,220,6,0.8884502877862838,1
58,0,0,4,1.3373659933914528,195,6,0.9431945538974952,1
76,0,0,3,1.1264795775854328,203,6,0.8884502877862838,1
53,0,0,4,1.0349628311035752,207,6,0.9431945538974952,1
77,0,0,3,1.0588367649684076,191,6,0.9431945538974952,1
81,0,0,4,0.8996772058695247,187,6,0.8884502877862838,1
22,0,0,4,1.0628157539458798,196,6,0.8884502877862838,1
41,0,0,3,0.8718242830272201,207,6,0.8884502877862838,1
51,0,0,4,0.9553830515541336,199,6,0.9431945538974952,1
39,0,0,3,1.3612399272562852,194,6,0.9431945538974952,1
72,0,0,3,0.6450219113113119,202,6,0.9431945538974952,1
63,0,0,3,1.0866896878107122,207,6,0.8884502877862838,1
878,6,0,5,1.6230018058477702,1508,6,0.9431945538974952,1
763,6,0,5,2.020900703594977,1477,6,0.9431945538974952,1
814,6,0,5,1.7145185523296278,1682,6,0.9431945538974952,1
893,6,0,5,1.0937962718439844,1291,6,0.9431945538974952,1
996,6,0,5,1.993047780752673,1352,6,0.9431945538974952,1
1017,6,0,5,2.6097910722608444,1764,6,0.9431945538974952,1
947,6,0,5,3.437420779575036,1838,6,0.9431945538974952,1
851,6,0,5,2.573980171463596,1547,6,0.9431945538974952,1
739,6,0,5,0.97044761354235,1264,6,0.9431945538974952,1
857,6,0,5,2.414820612364713,1398,6,0.9431945538974952,1
976,6,0,5,1.8100142877889576,1507,6,0.9431945538974952,1
860,6,0,5,1.5712749491406333,1317,6,0.9431945538974952,1
907,6,0,5,2.550106237598764,1821,6,0.9431945538974952,1
799,6,0,5,1.9811108138202569,1266,6,0.9431945538974952,1
889,6,0,5,1.877657100405983,1396,6,0.9431945538974952,1
1010,6,0,5,2.7689506313597274,1647,6,0.9431945538974952,1
817,6,0,5,1.4678212357263594,1565,6,0.9431945538974952,1
837,6,0,5,2.3949256674773527,1591,6,0.9431945538974952,1
859,6,0,5,0.9226997458126852,925,6,0.9431945538974952,1
805,6,0,5,0.8550569331956599,1215,6,0.9431945538974952,1
848,6,0,5,1.8856150783609271,1413,6,0.9431945538974952,1
708,6,0,5,0.8470989552407158,1167,6,0.9431945538974952,1
853,6,0,5,1.503632136523608,1319,6,0.9431945538974952,1
932,6,0,5,2.6097910722608444,1547,6,0.9431945538974952,1
735,6,0,5,1.7980773208565417,1376,6,0.9431945538974952,1
791,6,0,5,1.5434220262983287,1303,6,0.9431945538974952,1
983,6,0,5,1.8458251885862065,1481,6,0.9431945538974952,1
772,6,0,5,1.6349387727801863,1268,6,0.9431945538974952,1
982,6,0,5,1.6946236074422676,1503,6,0.9431945538974952,1
1008,6,0,5,2.028858681549922,1500,6,0.9431945538974952,1
864,6,0,5,1.3285566215148368,1453,6,0.9431945538974952,1
666,6,0,5,1.0022795253621266,1337,6,0.9431945538974952,1
956,6,0,5,1.7025815853972115,1448,6,0.9431945538974952,1
995,6,0,5,2.207913185536165,1435,6,0.9431945538974952,1
723,6,0,5,2.3034089209954947,1478,6,0.9431945538974952,1
792,6,0,5,1.1136912167313446,1227,6,0.9431945538974952,1
814,6,0,5,1.8458251885862065,1417,6,0.9431945538974952,1
821,6,0,5,1.933362946090592,1509,6,0.9431945538974952,1
710,6,0,5,2.3034089209954947,1392,6,0.9431945538974952,1
965,6,0,5,1.829909232676318,1411,6,0.9431945538974952,1
899,6,0,5,2.0049847476850893,1707,6,0.9431945538974952,1
946,6,0,5,2.430736568274601,1569,6,0.9431945538974952,1
713,6,0,5,1.133586161618705,1317,6,0.9431945538974952,1
983,6,0,5,1.3763044892445015,1338,6,0.9431945538974952,1
786,6,0,5,1.2648927978752835,1496,6,0.9431945538974952,1
919,6,0,5,1.447926290838999,1481,6,0.9431945538974952,1
866,6,0,5,1.941320924045536,1285,6,0.9431945538974952,1
802,6,0,5,1.2569348199203394,1443,6,0.9431945538974952,1
1006,6,0,5,2.319324876905384,1582,6,0.9431945538974952,1
757,6,0,5,1.4399683128840548,1333,6,0.9431945538974952,1
738,6,0,5,0.3019774653270416,1159,6,0.9431945538974952,1
918,6,0,5,2.7689506313597274,1501,6,0.9431945538974952,1
851,6,0,5,1.2728507758302277,1236,6,0.9431945538974952,1
702,6,0,5,0.2192700907218,923,6,0.9431945538974952,1
829,6,0,5,1.8418461996087343,1491,6,0.9431945538974952,1
678,6,0,5,2.558064215553708,1414,6,0.9431945538974952,1
740,6,0,5,0.7436452418264419,1254,6,0.9431945538974952,1
886,6,0,5,2.331261843837799,1617,6,0.9431945538974952,1
796,6,0,5,0.9863635694522384,1333,6,0.9431945538974952,1
1055,6,0,5,2.271577009175718,1568,6,0.9431945538974952,1
847,6,0,5,1.5633169711856891,1670,6,0.9431945538974952,1
952,6,0,5,2.4904214029366822,1564,6,0.9431945538974952,1
764,6,0,5,1.4797582026587754,1369,6,0.9431945538974952,1
687,6,0,5,1.0858382938890403,1171,6,0.9431945538974952,1
889,6,0,5,1.4837371916362476,1696,6,0.9431945538974952,1
937,6,0,5,1.396199434131862,1283,6,0.9431945538974952,1
562,6,0,5,1.917446990180704,1431,6,0.9431945538974952,1
824,6,0,5,1.567295960163161,1482,6,0.9431945538974952,1
917,6,0,5,1.766245409036765,1397,6,0.9431945538974952,1
657,6,0,5,1.4399683128840548,1368,6,0.9431945538974952,1
902,6,0,5,1.404157412086806,1339,6,0.9431945538974952,1
803,6,0,5,1.3325356104923087,1372,6,0.9431945538974952,1
644,6,0,5,0.9306577237676292,1047,6,0.9431945538974952,1
964,6,0,5,2.4028836454322966,1511,6,0.9431945538974952,1
959,6,0,5,1.774203386991709,1556,6,0.9431945538974952,1
920,6,0,5,1.6230018058477702,1372,6,0.9431945538974952,1
713,6,0,5,1.2131659411681466,1321,6,0.9431945538974952,1
808,6,0,5,1.2131659411681466,1255,6,0.9431945538974952,1
954,6,0,5,2.788845576247088,1786,6,0.9431945538974952,1
798,6,0,5,2.1163964390543075,1441,6,0.9431945538974952,1
901,6,0,5,0.9147417678577412,1371,6,0.9431945538974952,1
813,6,0,5,1.2609138088978116,1409,6,0.9431945538974952,1
809,6,0,5,1.9771318248427847,1470,6,0.9431945538974952,1
941,6,0,5,1.658812706645019,1495,6,0.9431945538974952,1
832,6,0,5,1.3603885333346133,1436,6,0.9431945538974952,1
877,6,0,5,0.8948468229703807,1429,6,0.9431945538974952,1
786,6,0,5,1.3166196545824205,1309,6,0.9431945538974952,1
793,6,0,5,1.774203386991709,1418,6,0.9431945538974952,1
960,6,0,5,2.1243544170092514,1449,6,0.9431945538974952,1
921,6,0,5,1.877657100405983,1585,6,0.9431945538974952,1
834,6,0,5,1.7383924861944604,1255,6,0.9431945538974952,1
899,6,0,5,1.8975520452933432,1599,6,0.9431945538974952,1
783,6,0,5,1.4877161806137198,1339,6,0.9431945538974952,1
808,6,0,5,1.9970267697301447,1627,6,0.9431945538974952,1
958,6,0,5,2.2795349871306625,1608,6,0.9431945538974952,1
783,6,0,5,1.5235270814109685,1386,6,0.9431945538974952,1
911,6,0,5,1.829909232676318,1600,6,0.9431945538974952,1
872,6,0,5,1.6986025964197395,1417,6,0.9431945538974952,1
880,6,0,5,1.92938395711312,1579,6,0.9431945538974952,1
871,6,0,5,2.3034089209954947,1595,6,0.9431945538974952,1
897,6,0,5,1.7901193429015974,1571,6,0.9431945538974952,1
834,6,0,5,1.3166196545824205,1318,6,0.9431945538974952,1
709,6,0,5,1.2688717868527557,1326,6,0.9431945538974952,1
1061,6,0,5,1.9492789020004804,1676,6,0.9431945538974952,1
840,6,0,5,1.3404935884472529,1447,6,0.9431945538974952,1
974,6,0,5,1.774203386991709,1569,6,0.9431945538974952,1
847,6,0,5,1.2131659411681466,1375,6,0.9431945538974952,1
841,6,0,5,2.840572432954225,1618,6,0.9431945538974952,1
918,6,0,5,2.3034089209954947,1657,6,0.9431945538974952,1
903,6,0,5,2.3034089209954947,1554,6,0.9431945538974952,1
766,6,0,5,2.148228350874084,1632,6,0.9431945538974952,1
858,6,0,5,1.913468001203232,1359,6,0.9431945538974952,1
995,6,0,5,1.7622664200592928,1378,6,0.9431945538974952,1
869,6,0,5,1.770224398014237,1409,6,0.9431945538974952,1
975,6,0,5,2.753034675449839,1393,6,0.9431945538974952,1
879,6,0,5,1.8458251885862065,1289,6,0.9431945538974952,1
872,6,0,5,1.7065605743746837,1414,6,0.9431945538974952,1
919,6,0,5,2.510316347824043,1611,6,0.9431945538974952,1
923,6,0,5,1.993047780752673,1508,6,0.9431945538974952,1
986,6,0,5,2.040795648482338,1351,6,0.9431945538974952,1
1014,6,0,5,1.993047780752673,1476,6,0.9431945538974952,1
833,6,0,5,1.081859304911568,1184,6,0.9431945538974952,1
907,6,0,5,2.048753626437282,1550,6,0.9431945538974952,1
829,6,0,5,2.3471777997476875,1502,6,0.9431945538974952,1
828,6,0,5,1.6707496735774352,1431,6,0.9431945538974952,1
710,6,0,5,1.5911698940279937,1270,6,0.9431945538974952,1
782,6,0,5,1.8696991224510389,1481,6,0.9431945538974952,1
838,6,0,5,2.0169217146175056,1559,6,0.9431945538974952,1
1036,6,0,5,1.905510023248288,1504,6,0.9431945538974952,1
703,6,0,5,1.5314850593659124,1305,6,0.9431945538974952,1
856,6,0,5,1.5633169711856891,1493,6,0.9431945538974952,1
624,6,0,5,0.1197953662849981,1075,6,0.9431945538974952,1
910,6,0,5,2.4466525241844894,1729,6,0.9431945538974952,1
889,6,0,5,1.5951488830054656,1209,6,0.9431945538974952,1
701,6,0,5,1.817972265743902,1615,6,0.9431945538974952,1
1006,6,0,5,2.2198501524685814,1696,6,0.9431945538974952,1
800,6,0,5,0.8988258119478527,1336,6,0.9431945538974952,1
801,6,0,5,0.8391409772857716,1149,6,0.9431945538974952,1
889,6,0,5,2.1601653178065003,1506,6,0.9431945538974952,1
805,6,0,5,1.3922204451543898,1378,6,0.9431945538974952,1
843,6,0,5,1.3205986435598926,1446,6,0.9431945538974952,1
866,6,0,5,1.2648927978752835,1266,6,0.9431945538974952,1
874,6,0,5,1.8975520452933432,1372,6,0.9431945538974952,1
923,6,0,5,1.9651948579103689,1627,6,0.9431945538974952,1
970,6,0,5,2.860467377841585,1682,6,0.9431945538974952,1
838,6,0,5,0.8112880544434671,1483,6,0.9431945538974952,1
649,6,0,5,1.288766731740116,1498,6,0.9431945538974952,1
895,6,0,5,2.096501494166947,1457,6,0.9431945538974952,1
894,6,0,5,1.559337982208217,1649,6,0.9431945538974952,1
847,6,0,5,1.2688717868527557,1233,6,0.9431945538974952,1
851,6,0,5,1.4399683128840548,1485,6,0.9431945538974952,1
970,6,0,5,2.848530410909169,1612,6,0.9431945538974952,1
567,6,0,5,1.8100142877889576,1469,6,0.9431945538974952,1
924,6,0,5,2.494400391914154,1777,6,0.9431945538974952,1
878,6,0,5,2.2278081304235253,1363,6,0.9431945538974952,1
829,6,0,5,2.1999552075812208,1435,6,0.9431945538974952,1
882,6,0,5,2.092522505189475,1678,6,0.9431945538974952,1
1082,6,0,5,2.339219821792744,1455,6,0.9431945538974952,1
846,6,0,5,2.2994299320180227,1492,6,0.9431945538974952,1
983,6,0,5,2.3949256674773527,1650,6,0.9431945538974952,1
890,6,0,5,2.315345887927911,1403,6,0.9431945538974952,1
768,6,0,5,1.0898172828665122,1408,6,0.9431945538974952,1
661,6,0,5,1.432010334929111,1264,6,0.9431945538974952,1
757,6,0,5,1.1972499852582583,1217,6,0.9431945538974952,1
784,6,0,5,1.8736781114285108,1597,6,0.9431945538974952,1
865,6,0,5,1.7145185523296278,1544,6,0.9431945538974952,1
918,6,0,5,2.112417450076835,1544,6,0.9431945538974952,1
822,6,0,5,1.6508547286900748,1468,6,0.9431945538974952,1
946,6,0,5,0.9823845804747664,1464,6,0.9431945538974952,1
970,6,0,5,1.3086616766274763,1438,6,0.9431945538974952,1
774,6,0,5,1.9572368799554245,1390,6,0.9431945538974952,1
743,6,0,5,0.3457463440792345,1124,6,0.9431945538974952,1
907,6,0,5,1.5911698940279937,1237,6,0.9431945538974952,1
783,6,0,5,1.4160943790192224,1398,6,0.9431945538974952,1
734,6,0,5,1.8696991224510389,1391,6,0.9431945538974952,1
832,6,0,5,2.0646695823471704,1358,6,0.9431945538974952,1
989,6,0,5,1.9691738468878408,1582,6,0.9431945538974952,1
882,6,0,5,0.7157923189841373,1394,6,0.9431945538974952,1
841,6,0,5,1.5951488830054656,1396,6,0.9431945538974952,1
852,6,0,5,1.3325356104923087,1225,6,0.9431945538974952,1
840,6,0,5,2.355135777702632,1408,6,0.9431945538974952,1
861,6,0,5,0.7197713079616094,1390,6,0.9431945538974952,1
907,6,0,5,2.104459472121891,1532,6,0.9431945538974952,1
971,6,0,5,2.355135777702632,1522,6,0.9431945538974952,1
760,6,0,5,1.3046826876500044,1374,6,0.9431945538974952,1
732,6,0,5,0.4452210685160363,1118,6,0.9431945538974952,1
1084,6,0,5,2.418799601342185,1663,6,0.9431945538974952,1
824,6,0,5,2.6575389399905096,1369,6,0.9431945538974952,1
801,6,0,5,0.9386157017225736,1495,6,0.9431945538974952,1
831,6,0,5,2.418799601342185,1604,6,0.9431945538974952,1
771,6,0,5,1.6866656294873237,1502,6,0.9431945538974952,1
740,6,0,5,1.3763044892445015,1337,6,0.9431945538974952,1
894,6,0,5,1.9970267697301447,1565,6,0.9431945538974952,1
894,6,0,5,1.678707651532379,1379,6,0.9431945538974952,1
915,6,0,5,2.2198501524685814,1515,6,0.9431945538974952,1
872,6,0,5,1.5911698940279937,1463,6,0.9431945538974952,1
956,6,0,5,1.615043827892826,1507,6,0.9431945538974952,1
1013,6,0,5,2.195976218603749,1681,6,0.9431945538974952,1
900,6,0,5,1.503632136523608,1574,6,0.9431945538974952,1
875,6,0,5,1.8537831665411504,1341,6,0.9431945538974952,1
862,6,0,5,1.4877161806137198,1426,6,0.9431945538974952,1
828,6,0,5,1.1693970624159538,1420,6,0.9431945538974952,1
967,6,0,5,2.108438461099363,1455,6,0.9431945538974952,1
826,6,0,5,0.7237502969390814,1370,6,0.9431945538974952,1
905,6,0,5,1.3007036986725322,1535,6,0.9431945538974952,1
961,6,0,5,3.640349217426112,1978,6,0.9431945538974952,1
925,6,0,5,2.514295336801515,1518,6,0.9431945538974952,1
876,6,0,5,3.322030099228346,1909,6,0.9431945538974952,1
888,6,0,5,3.055437837737717,1754,6,0.9431945538974952,1
929,6,0,5,1.3046826876500044,1748,6,0.9431945538974952,1
855,6,0,5,2.5023583698690985,1701,6,0.9431945538974952,1
912,6,0,5,2.9281101904586104,1633,6,0.9431945538974952,1
909,6,0,5,1.5792329270955774,1338,6,0.9431945538974952,1
815,6,0,5,1.4877161806137198,1524,6,0.9431945538974952,1
765,6,0,5,1.615043827892826,1456,6,0.9431945538974952,1
766,6,0,5,1.6468757397126026,1551,6,0.9431945538974952,1
925,6,0,5,1.7145185523296278,1562,6,0.9431945538974952,1
918,6,0,5,2.585917138396012,1570,6,0.9431945538974952,1
908,6,0,5,1.4399683128840548,1338,6,0.9431945538974952,1
1019,6,0,5,1.5513800042532728,1492,6,0.9431945538974952,1
837,6,0,5,1.611064838915354,1212,6,0.9431945538974952,1
873,6,0,5,1.0778803159340962,1390,6,0.9431945538974952,1
853,6,0,5,1.292745720717588,1423,6,0.9431945538974952,1
859,6,0,5,2.514295336801515,1537,6,0.9431945538974952,1
706,6,0,5,0.966468624564878,1188,6,0.9431945538974952,1
876,6,0,5,1.2410188640104511,1491,6,0.9431945538974952,1
751,6,0,5,1.8617411444960947,1560,6,0.9431945538974952,1
884,6,0,5,1.5115901144785522,1474,6,0.9431945538974952,1
1020,6,0,5,2.418799601342185,1717,6,0.9431945538974952,1
747,6,0,5,1.1017542497989286,1449,6,0.9431945538974952,1
800,6,0,5,1.7940983318790693,1540,6,0.9431945538974952,1
710,6,0,5,1.6389177617576585,1437,6,0.9431945538974952,1
883,6,0,5,1.29672470969506,1268,6,0.9431945538974952,1
949,6,0,5,1.6826866405098513,1466,6,0.9431945538974952,1
988,6,0,5,1.993047780752673,1727,6,0.9431945538974952,1
941,6,0,5,2.335240832815272,1334,6,0.9431945538974952,1
731,6,0,5,1.3404935884472529,1219,6,0.9431945538974952,1
677,6,0,5,1.50761112550108,1446,6,0.9431945538974952,1
866,6,0,5,1.9572368799554245,1470,6,0.9431945538974952,1
675,6,0,5,1.8617411444960947,1151,6,0.9431945538974952,1
874,6,0,5,0.8709728891055483,1201,6,0.9431945538974952,1
845,6,0,5,1.50761112550108,1322,6,0.9431945538974952,1
734,6,0,5,1.388241456176918,1133,6,0.9431945538974952,1
1249,6,0,5,2.7092657966976463,1627,6,0.9431945538974952,1
714,6,0,5,0.8988258119478527,1219,6,0.9431945538974952,1
796,6,0,5,1.559337982208217,1378,6,0.9431945538974952,1
872,6,0,5,1.7901193429015974,1422,6,0.9431945538974952,1
851,6,0,5,1.7105395633521558,1412,6,0.9431945538974952,1
714,6,0,5,1.237039875032979,1293,6,0.9431945538974952,1
631,6,0,5,0.2781035314622092,1060,6,0.9431945538974952,1
894,6,0,5,2.550106237598764,1518,6,0.9431945538974952,1
876,6,0,5,1.3404935884472529,1398,6,0.9431945538974952,1
893,6,0,5,1.829909232676318,1560,6,0.9431945538974952,1
991,6,0,5,2.2357661083784697,1582,6,0.9431945538974952,1
782,6,0,5,2.024879692572449,1344,6,0.9431945538974952,1
970,6,0,5,1.5314850593659124,1561,6,0.9431945538974952,1
770,6,0,5,1.284787742762644,1220,6,0.9431945538974952,1
862,6,0,5,1.3404935884472529,1393,6,0.9431945538974952,1
767,6,0,5,1.237039875032979,1178,6,0.9431945538974952,1
928,6,0,5,2.5222533147564588,1601,6,0.9431945538974952,1
941,6,0,5,2.112417450076835,1380,6,0.9431945538974952,1
861,6,0,5,2.56204320453118,1524,6,0.9431945538974952,1
824,6,0,5,1.3723255002670296,1426,6,0.9431945538974952,1
746,6,0,5,1.1574600954835377,1177,6,0.9431945538974952,1
700,6,0,5,0.6561074843220562,1324,6,0.9431945538974952,1
990,6,0,5,1.9651948579103689,1287,6,0.9431945538974952,1
759,6,0,5,1.1614390844610096,1239,6,0.9431945538974952,1
768,6,0,5,1.5394430373208567,1352,6,0.9431945538974952,1
958,6,0,5,1.8139932767664293,1547,6,0.9431945538974952,1
686,6,0,5,0.8152670434209391,1244,6,0.9431945538974952,1
902,6,0,5,2.4506315131619614,1731,6,0.9431945538974952,1
889,6,0,5,2.203934196558693,1487,6,0.9431945538974952,1
894,6,0,5,2.251682064288358,1424,6,0.9431945538974952,1
929,6,0,5,1.6269807948252424,1659,6,0.9431945538974952,1
743,6,0,5,1.941320924045536,1442,6,0.9431945538974952,1
921,6,0,5,1.3643675223120857,1413,6,0.9431945538974952,1
850,6,0,5,2.191997229626277,1456,6,0.9431945538974952,1
904,6,0,5,2.1840392516713325,1764,6,0.9431945538974952,1
763,6,0,5,1.7901193429015974,1383,6,0.9431945538974952,1
721,6,0,5,0.7237502969390814,1056,6,0.9431945538974952,1
946,6,0,5,2.2755559981531905,1549,6,0.9431945538974952,1
877,6,0,5,2.271577009175718,1711,6,0.9431945538974952,1
760,6,0,5,2.247703075310886,1425,6,0.9431945538974952,1
967,6,0,5,2.3790097115674644,1454,6,0.9431945538974952,1
882,6,0,5,2.2317871194009977,1823,6,0.9431945538974952,1
988,6,0,5,2.180060262693861,1404,6,0.9431945538974952,1
820,6,0,5,1.611064838915354,1418,6,0.9431945538974952,1
847,6,0,5,0.8829098560379645,1110,6,0.9431945538974952,1
677,6,0,5,1.4877161806137198,1385,6,0.9431945538974952,1
758,6,0,5,2.020900703594977,1610,6,0.9431945538974952,1
955,6,0,5,2.339219821792744,1650,6,0.9431945538974952,1
902,6,0,5,1.889594067338399,1356,6,0.9431945538974952,1
921,6,0,5,1.829909232676318,1536,6,0.9431945538974952,1
662,6,0,5,2.0169217146175056,1385,6,0.9431945538974952,1
776,6,0,5,1.5911698940279937,1379,6,0.9431945538974952,1
629,6,0,5,1.770224398014237,1187,6,0.9431945538974952,1
838,6,0,5,1.133586161618705,1191,6,0.9431945538974952,1
822,6,0,5,2.052732615414754,1565,6,0.9431945538974952,1
878,6,0,5,2.024879692572449,1391,6,0.9431945538974952,1
868,6,0,5,1.8975520452933432,1378,6,0.9431945538974952,1
849,6,0,5,0.9983005363846544,1717,6,0.9431945538974952,1
877,6,0,5,1.889594067338399,1618,6,0.9431945538974952,1
819,6,0,5,1.121649194686289,1179,6,0.9431945538974952,1
674,6,0,5,1.8418461996087343,1368,6,0.9431945538974952,1
671,6,0,5,0.8709728891055483,1141,6,0.9431945538974952,1
789,6,0,5,0.9545316576324616,1255,6,0.9431945538974952,1
933,6,0,5,1.5752539381181052,1346,6,0.9431945538974952,1
732,6,0,5,0.9028048009253248,1241,6,0.9431945538974952,1
741,6,0,5,1.2648927978752835,1509,6,0.9431945538974952,1
862,6,0,5,1.555358993230745,1472,6,0.9431945538974952,1
629,6,0,5,0.6521284953445842,1250,6,0.9431945538974952,1
842,6,0,5,1.6627916956224909,1413,6,0.9431945538974952,1
872,6,0,5,1.5195480924334963,1289,6,0.9431945538974952,1
761,6,0,5,2.207913185536165,1309,6,0.9431945538974952,1
929,6,0,5,1.5314850593659124,1362,6,0.9431945538974952,1
863,6,0,5,2.6575389399905096,1573,6,0.9431945538974952,1
942,6,0,5,2.1999552075812208,1545,6,0.9431945538974952,1
918,6,0,5,1.567295960163161,1465,6,0.9431945538974952,1
923,6,0,5,1.177355040370898,1344,6,0.9431945538974952,1
872,6,0,5,1.881636089383455,1683,6,0.9431945538974952,1
828,6,0,5,1.9850898027977288,1530,6,0.9431945538974952,1
827,6,0,5,2.2874929650856064,1681,6,0.9431945538974952,1
976,6,0,5,1.081859304911568,1564,6,0.9431945538974952,1
877,6,0,5,0.7237502969390814,974,6,0.9431945538974952,1
966,6,0,5,1.0898172828665122,1386,6,0.9431945538974952,1
803,6,0,5,1.6906446184647954,1370,6,0.9431945538974952,1
768,6,0,5,1.4399683128840548,1185,6,0.9431945538974952,1
1030,6,0,5,1.913468001203232,1540,6,0.9431945538974952,1
783,6,0,5,2.1840392516713325,1467,6,0.9431945538974952,1
1068,6,0,5,2.112417450076835,1572,6,0.9431945538974952,1
814,6,0,5,1.6747286625549072,1608,6,0.9431945538974952,1
824,6,0,5,1.7821613649466532,1388,6,0.9431945538974952,1
887,6,0,5,2.3471777997476875,1556,6,0.9431945538974952,1
983,6,0,5,2.6456019730580933,1617,6,0.9431945538974952,1
828,6,0,5,2.2874929650856064,1447,6,0.9431945538974952,1
829,6,0,5,0.4253261236286759,1499,6,0.9431945538974952,1
1006,6,0,5,2.112417450076835,1493,6,0.9431945538974952,1
798,6,0,5,1.5474010152758009,1240,6,0.9431945538974952,1
817,6,0,5,2.215871163491109,1356,6,0.9431945538974952,1
889,6,0,5,1.7463504641494043,1229,6,0.9431945538974952,1
787,6,0,5,1.50761112550108,1295,6,0.9431945538974952,1
850,6,0,5,2.132312394964196,1730,6,0.9431945538974952,1
832,6,0,5,0.8550569331956599,1254,6,0.9431945538974952,1
816,6,0,5,1.4678212357263594,1464,6,0.9431945538974952,1
919,6,0,5,1.5752539381181052,1450,6,0.9431945538974952,1
606,6,0,5,0.6202965835248075,1100,6,0.9431945538974952,1
912,6,0,5,2.211892174513637,1687,6,0.9431945538974952,1
933,6,0,5,1.2410188640104511,1476,6,0.9431945538974952,1
792,6,0,5,0.5446957929528382,1543,6,0.9431945538974952,1
1026,6,0,5,1.7383924861944604,1395,6,0.9431945538974952,1
677,6,0,5,1.555358993230745,1208,6,0.9431945538974952,1
867,6,0,5,2.2357661083784697,1486,6,0.9431945538974952,1
847,6,0,5,1.8736781114285108,1252,6,0.9431945538974952,1
923,6,6,5,1.6468757397126026,2129,10,0.9431945538974952,1
700,6,6,5,1.073901326956624,1969,6,0.9431945538974952,1
848,6,6,5,1.022174470249487,2112,10,0.9431945538974952,1
881,6,6,9,1.3643675223120857,2047,6,0.9431945538974952,1
668,6,6,9,0.6004016386374472,1848,3,0.9431945538974952,1
889,6,6,9,1.0898172828665122,1881,6,0.9431945538974952,1
872,6,6,5,1.6309597838027143,2317,10,0.9431945538974952,1
860,6,6,9,1.125628183663761,1815,10,0.9431945538974952,1
837,6,6,9,1.499653147546136,1882,10,0.9431945538974952,1
727,6,6,9,1.0261534592269592,1826,6,0.9431945538974952,1
680,6,6,5,0.5287798370429498,1760,10,0.9431945538974952,1
650,6,6,5,1.3325356104923087,2077,10,0.9431945538974952,1
901,6,6,5,1.284787742762644,1842,10,0.9431945538974952,1
1095,6,6,5,1.7383924861944604,2000,10,0.9431945538974952,1
792,6,6,9,0.7675191756912743,1884,3,0.9431945538974952,1
763,6,6,5,1.3763044892445015,2108,6,0.9431945538974952,1
707,6,6,5,1.1455231285511214,1970,10,0.9431945538974952,1
703,6,6,5,1.233060886055507,2076,10,0.9431945538974952,1
781,6,6,5,0.6123386055698634,1895,3,0.9431945538974952,1
563,6,6,9,0.5248008480654778,1789,3,0.9431945538974952,1
724,6,6,5,0.2979984763495695,1478,3,0.9431945538974952,1
817,6,6,5,1.4837371916362476,1971,3,0.9431945538974952,1
578,6,6,9,0.4054311787413155,1748,6,0.9431945538974952,1
832,6,6,5,1.0062585143395988,1733,3,0.9431945538974952,1
813,6,6,9,0.5566327598852544,1680,6,0.9431945538974952,1
740,6,6,9,0.9903425584297104,2106,3,0.9431945538974952,1
652,6,6,9,0.9226997458126852,1914,3,0.9431945538974952,1
863,6,6,5,1.3802834782219735,2107,10,0.9431945538974952,1
707,6,6,9,1.0540063820692636,1876,10,0.9431945538974952,1
600,6,6,9,0.807309065465995,1995,10,0.9431945538974952,1
799,6,6,5,1.8418461996087343,2163,6,0.9431945538974952,1
761,6,6,5,1.6389177617576585,1952,10,0.9431945538974952,1
586,6,6,9,0.1666918400929911,1510,3,0.9431945538974952,1
846,6,6,5,1.284787742762644,2166,6,0.9431945538974952,1
865,6,6,9,0.8431199662632437,1934,6,0.9431945538974952,1
811,6,6,9,1.0937962718439844,2050,10,0.9431945538974952,1
904,6,6,9,1.6349387727801863,1943,10,0.9431945538974952,1
812,6,6,5,1.0181954812720149,1908,10,0.9431945538974952,1
791,6,6,5,1.193270996280786,1967,10,0.9431945538974952,1
526,6,6,5,0.3656412889665948,1589,10,0.9431945538974952,1
811,6,6,9,0.6720234402319445,1754,10,0.9431945538974952,1
934,6,6,9,1.7940983318790693,1851,6,0.9431945538974952,1
1006,6,6,5,1.1534811065060655,1908,10,0.9431945538974952,1
761,6,6,5,0.966468624564878,1910,3,0.9431945538974952,1
938,6,6,9,1.7821613649466532,2292,3,0.9431945538974952,1
833,6,6,5,1.3086616766274763,1977,3,0.9431945538974952,1
758,6,6,9,1.5474010152758009,2008,10,0.9431945538974952,1
842,6,6,5,1.6428967507351306,2358,10,0.9431945538974952,1
543,6,6,9,1.1693970624159538,1827,3,0.9431945538974952,1
845,6,6,9,1.7344134972169882,2151,6,0.9431945538974952,1
695,6,6,5,1.022174470249487,1829,10,0.9431945538974952,1
820,6,6,5,1.0380904261593753,1745,6,0.9431945538974952,1
610,6,6,9,1.121649194686289,1964,3,0.9431945538974952,1
862,6,6,5,1.2808087537851718,1973,6,0.9431945538974952,1
860,6,6,9,1.559337982208217,2227,3,0.9431945538974952,1
839,6,6,5,1.555358993230745,1933,3,0.9431945538974952,1
815,6,6,5,1.1176702057088168,1783,3,0.9431945538974952,1
875,6,6,9,1.7304345082395165,2004,10,0.9431945538974952,1
735,6,6,5,1.2052079632132024,1906,10,0.9431945538974952,1
842,6,6,5,1.2131659411681466,1910,3,0.9431945538974952,1
946,6,6,9,1.447926290838999,1860,10,0.9431945538974952,1
798,6,6,9,2.032837670527394,2062,3,0.9431945538974952,1
596,6,6,5,0.5924436606825031,1753,3,0.9431945538974952,1
869,6,6,5,1.3205986435598926,1993,6,0.9431945538974952,1
796,6,6,5,1.0619643600242077,1873,3,0.9431945538974952,1
697,6,6,9,1.5394430373208567,2184,10,0.9431945538974952,1
833,6,6,9,1.0181954812720149,1841,3,0.9431945538974952,1
788,6,6,5,1.0898172828665122,1813,6,0.9431945538974952,1
941,6,6,5,1.4598632577714152,2219,6,0.9431945538974952,1
936,6,6,5,1.3683465112895574,2098,6,0.9431945538974952,1
768,6,6,9,0.7436452418264419,1883,3,0.9431945538974952,1
670,6,6,9,0.3338093771468182,1419,10,0.9431945538974952,1
884,6,6,9,1.555358993230745,2303,10,0.9431945538974952,1
959,6,6,5,1.7423714751719324,2168,3,0.9431945538974952,1
579,6,6,9,0.4213471346512039,1799,6,0.9431945538974952,1
664,6,6,9,1.244997852987923,1894,10,0.9431945538974952,1
651,6,6,9,0.4850109582907571,1613,10,0.9431945538974952,1
763,6,6,9,1.3564095443571411,1903,10,0.9431945538974952,1
907,6,6,9,1.0540063820692636,1941,6,0.9431945538974952,1
860,6,6,5,1.193270996280786,1935,3,0.9431945538974952,1
536,6,6,9,0.4611370244259246,1584,10,0.9431945538974952,1
710,6,6,9,0.6561074843220562,1816,3,0.9431945538974952,1
624,6,6,9,1.1455231285511214,1981,10,0.9431945538974952,1
885,6,6,9,1.4280313459516385,1878,6,0.9431945538974952,1
824,6,6,9,0.8232250213758834,1890,10,0.9431945538974952,1
885,6,6,9,0.9943215474071824,1841,6,0.9431945538974952,1
837,6,6,9,1.3922204451543898,2088,6,0.9431945538974952,1
783,6,6,5,1.0898172828665122,1831,10,0.9431945538974952,1
859,6,6,9,1.014216492294543,1906,6,0.9431945538974952,1
897,6,6,5,1.2290818970780348,1952,10,0.9431945538974952,1
1142,6,6,5,2.0686485713246423,2238,6,0.9431945538974952,1
729,6,6,9,1.2251029081005629,1976,6,0.9431945538974952,1
947,6,6,5,1.1176702057088168,1753,3,0.9431945538974952,1
845,6,6,9,1.2489768419653953,1979,3,0.9431945538974952,1
842,6,6,9,0.8431199662632437,1929,6,0.9431945538974952,1
984,6,6,5,1.3404935884472529,2062,10,0.9431945538974952,1
907,6,6,9,1.5792329270955774,2067,6,0.9431945538974952,1
651,6,6,9,1.3245776325373646,1951,3,0.9431945538974952,1
719,6,6,9,1.0540063820692636,1968,10,0.9431945538974952,1
802,6,6,9,0.6322335504572237,1662,10,0.9431945538974952,1
820,6,6,5,1.2569348199203394,1942,10,0.9431945538974952,1
811,6,6,9,1.0579853710467355,2163,3,0.9431945538974952,1
867,6,6,9,1.6428967507351306,1986,6,0.9431945538974952,1
883,6,6,9,0.9983005363846544,1988,10,0.9431945538974952,1
938,6,6,9,1.0778803159340962,2083,10,0.9431945538974952,1
667,6,6,9,0.7118133300066652,1767,10,0.9431945538974952,1
804,6,6,5,1.2489768419653953,1801,6,0.9431945538974952,1
852,6,6,5,1.3683465112895574,2055,10,0.9431945538974952,1
885,6,6,5,1.193270996280786,1912,3,0.9431945538974952,1
707,6,6,9,1.3007036986725322,2012,10,0.9431945538974952,1
882,6,6,5,0.2940194873720975,1623,6,0.9431945538974952,1
686,6,6,5,0.8550569331956599,1644,3,0.9431945538974952,1
751,6,6,9,0.6561074843220562,2041,6,0.9431945538974952,1
814,6,6,5,1.2211239191230907,1848,3,0.9431945538974952,1
660,6,6,5,0.2860615094171533,1733,3,0.9431945538974952,1
723,6,6,9,0.7277292859165536,1802,3,0.9431945538974952,1
644,6,6,5,0.7237502969390814,1922,6,0.9431945538974952,1
810,6,6,5,1.4160943790192224,1932,10,0.9431945538974952,1
691,6,6,5,1.288766731740116,2074,3,0.9431945538974952,1
737,6,6,9,1.3683465112895574,2080,6,0.9431945538974952,1
874,6,6,5,1.3922204451543898,2009,10,0.9431945538974952,1
1009,6,6,5,1.3484515664021972,2137,10,0.9431945538974952,1
830,6,6,5,0.6600864732995283,1838,10,0.9431945538974952,1
803,6,6,5,1.081859304911568,1849,6,0.9431945538974952,1
877,6,6,5,2.028858681549922,2311,3,0.9431945538974952,1
685,6,6,5,0.9465736796775176,2016,10,0.9431945538974952,1
850,6,6,5,1.5712749491406333,2219,10,0.9431945538974952,1
817,6,6,5,1.0181954812720149,1915,10,0.9431945538974952,1
810,6,6,9,1.0579853710467355,2000,3,0.9431945538974952,1
785,6,6,5,0.7595611977363301,1887,3,0.9431945538974952,1
666,6,6,5,0.9465736796775176,1860,3,0.9431945538974952,1
884,6,6,5,1.5991278719829378,2075,3,0.9431945538974952,1
810,6,6,5,0.8789308670604924,2032,3,0.9431945538974952,1
850,6,6,9,1.125628183663761,1961,10,0.9431945538974952,1
914,6,6,5,1.5115901144785522,2097,6,0.9431945538974952,1
916,6,6,5,1.4598632577714152,2089,3,0.9431945538974952,1
720,6,6,9,1.2609138088978116,1743,3,0.9431945538974952,1
846,6,6,5,1.0380904261593753,2008,3,0.9431945538974952,1
715,6,6,9,1.3166196545824205,2064,3,0.9431945538974952,1
822,6,6,9,0.5526537709077823,1829,3,0.9431945538974952,1
839,6,6,9,1.3007036986725322,2026,6,0.9431945538974952,1
638,6,6,5,0.0831330715660775,1497,3,0.9431945538974952,1
915,6,6,9,1.292745720717588,2119,6,0.9431945538974952,1
820,6,6,9,0.6043806276149193,1679,6,0.9431945538974952,1
628,6,6,5,0.7595611977363301,1777,6,0.9431945538974952,1
794,6,6,9,0.9425946907000456,1837,10,0.9431945538974952,1
516,6,6,9,0.9505526686549896,1840,3,0.9431945538974952,1
539,6,6,5,0.3696202779440669,1735,3,0.9431945538974952,1
852,6,6,9,1.5394430373208567,2168,6,0.9431945538974952,1
821,6,6,9,1.2648927978752835,1880,10,0.9431945538974952,1
769,6,6,5,1.7423714751719324,2064,6,0.9431945538974952,1
912,6,6,9,1.4240523569741663,2096,6,0.9431945538974952,1
764,6,6,5,0.9306577237676292,1881,6,0.9431945538974952,1
721,6,6,9,0.9226997458126852,1786,3,0.9431945538974952,1
630,6,6,9,1.0619643600242077,1896,6,0.9431945538974952,1
808,6,6,5,0.9187207568352131,1869,6,0.9431945538974952,1
771,6,6,5,0.6282545614797517,1890,3,0.9431945538974952,1
613,6,6,5,1.125628183663761,1928,10,0.9431945538974952,1
567,6,6,5,0.5645907378401985,1727,6,0.9431945538974952,1
787,6,6,5,0.9943215474071824,1904,3,0.9431945538974952,1
868,6,6,9,1.2251029081005629,1874,10,0.9431945538974952,1
546,6,6,9,0.8272040103533554,1811,3,0.9431945538974952,1
1028,6,6,5,1.2688717868527557,2052,6,0.9431945538974952,1
678,6,6,9,1.2091869521906744,1780,6,0.9431945538974952,1
895,6,6,5,1.2171449301456188,2174,3,0.9431945538974952,1
918,6,6,5,0.962489635587406,1987,10,0.9431945538974952,1
626,6,6,9,0.5486747819303103,1664,3,0.9431945538974952,1
680,6,6,5,1.4280313459516385,2083,10,0.9431945538974952,1
740,6,6,5,1.4081364010642785,2023,6,0.9431945538974952,1
945,6,6,9,1.1057332387764005,1945,10,0.9431945538974952,1
919,6,6,5,0.9346367127451014,1941,10,0.9431945538974952,1
967,6,6,9,1.1614390844610096,1988,10,0.9431945538974952,1
807,6,6,5,1.284787742762644,2033,10,0.9431945538974952,1
836,6,6,5,1.2648927978752835,1843,6,0.9431945538974952,1
808,6,6,9,1.6428967507351306,2154,3,0.9431945538974952,1
870,6,6,5,1.1415441395736492,1899,10,0.9431945538974952,1
591,6,6,9,0.3457463440792345,1621,3,0.9431945538974952,1
847,6,6,9,1.4081364010642785,2135,10,0.9431945538974952,1
846,6,6,9,0.8829098560379645,2018,10,0.9431945538974952,1
788,6,6,5,0.3895152228314272,1836,6,0.9431945538974952,1
809,6,6,5,1.3723255002670296,1802,10,0.9431945538974952,1
823,6,6,9,1.3086616766274763,2035,6,0.9431945538974952,1
929,6,6,5,0.9903425584297104,2127,6,0.9431945538974952,1
732,6,6,5,1.344472577424725,2011,6,0.9431945538974952,1
824,6,6,5,1.5991278719829378,2136,6,0.9431945538974952,1
754,6,6,9,1.0540063820692636,1853,10,0.9431945538974952,1
805,6,6,9,1.2251029081005629,2020,6,0.9431945538974952,1
868,6,6,9,1.4837371916362476,2209,6,0.9431945538974952,1
995,6,6,9,1.3484515664021972,1911,10,0.9431945538974952,1
730,6,6,9,1.0022795253621266,1794,3,0.9431945538974952,1
802,6,6,9,1.0261534592269592,1809,6,0.9431945538974952,1
529,6,6,5,1.1296071726412331,2020,6,0.9431945538974952,1
643,6,6,5,0.5049059031781175,1676,10,0.9431945538974952,1
825,6,6,9,0.8112880544434671,1790,3,0.9431945538974952,1
1051,6,6,5,1.5434220262983287,2216,6,0.9431945538974952,1
842,6,6,5,1.2171449301456188,1621,3,0.9431945538974952,1
877,6,6,9,1.3086616766274763,2106,6,0.9431945538974952,1
696,6,6,5,1.2211239191230907,2006,6,0.9431945538974952,1
987,6,6,9,1.607085849937882,2069,6,0.9431945538974952,1
854,6,6,9,1.4160943790192224,2080,10,0.9431945538974952,1
980,6,6,5,1.344472577424725,2147,3,0.9431945538974952,1
922,6,6,9,1.447926290838999,2056,10,0.9431945538974952,1
789,6,6,5,0.8112880544434671,1947,6,0.9431945538974952,1
794,6,6,9,1.4001784231093342,2014,6,0.9431945538974952,1
836,6,6,5,1.2131659411681466,1956,10,0.9431945538974952,1
705,6,6,9,1.177355040370898,2177,3,0.9431945538974952,1
625,6,6,9,0.9226997458126852,1916,3,0.9431945538974952,1
647,6,6,9,1.0301324482044312,2016,6,0.9431945538974952,1
786,6,6,5,1.1614390844610096,1903,10,0.9431945538974952,1
741,6,6,5,1.1415441395736492,2058,10,0.9431945538974952,1
880,6,6,9,1.499653147546136,2230,3,0.9431945538974952,1
855,6,6,5,0.9823845804747664,1952,10,0.9431945538974952,1
689,6,6,5,1.0460484041143194,1889,10,0.9431945538974952,1
873,6,6,9,0.5327588260204219,1750,10,0.9431945538974952,1
881,6,6,9,1.7503294531268765,2080,3,0.9431945538974952,1
778,6,6,5,1.336514599469781,2019,6,0.9431945538974952,1
709,6,6,9,0.5168428701105336,1710,10,0.9431945538974952,1
735,6,6,5,1.288766731740116,2011,6,0.9431945538974952,1
724,6,6,5,0.8669939001280762,1968,10,0.9431945538974952,1
587,6,6,9,0.9465736796775176,1910,3,0.9431945538974952,1
705,6,6,9,1.1614390844610096,1879,6,0.9431945538974952,1
827,6,6,9,0.8470989552407158,1943,3,0.9431945538974952,1
902,6,6,9,1.3603885333346133,2036,10,0.9431945538974952,1
677,6,6,9,0.4492000574935084,1820,3,0.9431945538974952,1
582,6,6,9,0.8868888450154365,1965,6,0.9431945538974952,1
800,6,6,5,0.8988258119478527,1702,3,0.9431945538974952,1
915,6,6,9,0.8749518780830203,2028,6,0.9431945538974952,1
652,6,6,9,0.6879393961418329,1812,10,0.9431945538974952,1
597,6,6,5,0.7913931095561068,1833,10,0.9431945538974952,1
814,6,6,5,1.177355040370898,1913,6,0.9431945538974952,1
829,6,6,5,1.5871909050505215,2204,3,0.9431945538974952,1
1009,6,6,5,1.237039875032979,1932,3,0.9431945538974952,1
588,6,6,9,0.9306577237676292,1816,10,0.9431945538974952,1
512,6,6,9,0.536737814997894,1672,3,0.9431945538974952,1
801,6,6,5,1.8498041775636784,2298,3,0.9431945538974952,1
840,6,6,9,1.29672470969506,2020,10,0.9431945538974952,1
993,6,6,5,1.6230018058477702,1851,10,0.9431945538974952,1
822,6,6,9,0.9067837899027968,2112,3,0.9431945538974952,1
771,6,6,9,1.18133402934837,1759,10,0.9431945538974952,1
805,6,6,9,1.2410188640104511,2130,10,0.9431945538974952,1
648,6,6,5,1.244997852987923,1973,10,0.9431945538974952,1
624,6,6,5,0.0433431817913568,1730,6,0.9431945538974952,1
688,6,6,9,0.5685697268176706,1731,6,0.9431945538974952,1
735,6,6,9,1.5991278719829378,2131,6,0.9431945538974952,1
732,6,6,9,1.4160943790192224,2003,10,0.9431945538974952,1
705,6,6,9,0.4094101677187876,1940,3,0.9431945538974952,1
922,6,6,5,1.6986025964197395,2090,10,0.9431945538974952,1
597,6,6,9,0.6083596165923914,1815,3,0.9431945538974952,1
912,6,6,5,1.2012289742357305,1876,10,0.9431945538974952,1
755,6,6,5,1.2131659411681466,1891,10,0.9431945538974952,1
833,6,6,5,1.0022795253621266,1964,6,0.9431945538974952,1
789,6,6,5,1.2489768419653953,1789,3,0.9431945538974952,1
777,6,6,9,1.0341114371819031,2043,10,0.9431945538974952,1
940,6,6,9,1.50761112550108,2132,3,0.9431945538974952,1
803,6,6,9,1.6468757397126026,1932,3,0.9431945538974952,1
702,6,6,5,1.3007036986725322,1884,6,0.9431945538974952,1
730,6,6,5,0.966468624564878,2055,6,0.9431945538974952,1
972,6,6,9,1.837867210631262,2238,3,0.9431945538974952,1
730,6,6,5,1.1296071726412331,2127,10,0.9431945538974952,1
971,6,6,9,0.9545316576324616,2004,3,0.9431945538974952,1
922,6,6,9,1.3325356104923087,1997,10,0.9431945538974952,1
782,6,6,5,1.4399683128840548,2021,3,0.9431945538974952,1
690,6,6,5,0.7317082748940257,1818,3,0.9431945538974952,1
831,6,6,9,1.611064838915354,2011,3,0.9431945538974952,1
916,6,6,5,1.014216492294543,1838,10,0.9431945538974952,1
844,6,6,9,0.8669939001280762,1995,3,0.9431945538974952,1
947,6,6,9,1.5991278719829378,2142,10,0.9431945538974952,1
564,6,6,5,1.2211239191230907,2033,3,0.9431945538974952,1
1191,6,6,5,2.020900703594977,2119,6,0.9431945538974952,1
654,6,6,9,0.6561074843220562,1880,10,0.9431945538974952,1
756,6,6,5,1.3524305553796692,2268,10,0.9431945538974952,1
856,6,6,5,1.2211239191230907,2022,10,0.9431945538974952,1
925,6,6,9,2.024879692572449,2206,10,0.9431945538974952,1
650,6,6,5,1.0937962718439844,1810,6,0.9431945538974952,1
952,6,6,5,1.50761112550108,2267,6,0.9431945538974952,1
964,6,6,9,1.284787742762644,2110,6,0.9431945538974952,1
567,6,6,5,0.5685697268176706,1594,3,0.9431945538974952,1
917,6,6,9,1.2609138088978116,1891,3,0.9431945538974952,1
790,6,6,9,1.3842624671994457,2084,6,0.9431945538974952,1
935,6,6,9,0.8709728891055483,1753,3,0.9431945538974952,1
742,6,6,9,1.3564095443571411,2056,3,0.9431945538974952,1
867,6,6,5,0.8470989552407158,1614,6,0.9431945538974952,1
907,6,6,9,1.2529558309428672,1739,6,0.9431945538974952,1
682,6,6,5,1.1534811065060655,1917,6,0.9431945538974952,1
867,6,6,5,0.962489635587406,1840,10,0.9431945538974952,1
699,6,6,5,1.4598632577714152,1964,6,0.9431945538974952,1
828,6,6,9,1.778182375969181,1981,10,0.9431945538974952,1
799,6,6,9,0.4452210685160363,1825,3,0.9431945538974952,1
775,6,6,9,1.3126406656049483,2071,3,0.9431945538974952,1
551,6,6,5,0.8948468229703807,1697,10,0.9431945538974952,1
822,6,6,9,0.6043806276149193,1896,3,0.9431945538974952,1
951,6,6,5,1.2251029081005629,2076,10,0.9431945538974952,1
1020,6,6,5,1.5275060703884404,2196,6,0.9431945538974952,1
698,6,6,9,0.6043806276149193,1688,3,0.9431945538974952,1
741,6,6,9,1.3603885333346133,1985,6,0.9431945538974952,1
781,6,6,5,1.3484515664021972,1870,10,0.9431945538974952,1
919,6,6,9,1.4001784231093342,2081,6,0.9431945538974952,1
950,6,6,5,1.2290818970780348,2010,6,0.9431945538974952,1
724,6,6,5,1.0261534592269592,1942,10,0.9431945538974952,1
633,6,6,9,1.014216492294543,1927,6,0.9431945538974952,1
735,6,6,5,0.7993510875110509,1831,10,0.9431945538974952,1
798,6,6,5,1.6508547286900748,1977,6,0.9431945538974952,1
848,6,6,9,1.0380904261593753,1826,3,0.9431945538974952,1
903,6,6,5,1.5951488830054656,1830,3,0.9431945538974952,1
668,6,6,5,1.0460484041143194,2034,6,0.9431945538974952,1
1124,6,6,5,2.0766065492795867,2367,3,0.9431945538974952,1
678,6,6,9,1.1296071726412331,1814,10,0.9431945538974952,1
827,6,6,9,1.2251029081005629,2014,10,0.9431945538974952,1
977,6,6,5,1.901531034270816,2143,10,0.9431945538974952,1
730,6,6,5,1.0261534592269592,1808,6,0.9431945538974952,1
847,6,6,9,1.0341114371819031,1915,3,0.9431945538974952,1
801,6,6,5,1.288766731740116,1904,10,0.9431945538974952,1
861,6,6,9,0.7714981646687463,1810,10,0.9431945538974952,1
810,6,6,9,1.0301324482044312,1797,6,0.9431945538974952,1
1056,6,6,5,1.8338882216537904,2225,6,0.9431945538974952,1
910,6,6,9,1.109712227753873,1906,3,0.9431945538974952,1
833,6,6,9,0.5765277047726147,1803,3,0.9431945538974952,1
778,6,6,9,1.2768297648076998,2126,10,0.9431945538974952,1
768,6,6,5,1.8537831665411504,2285,10,0.9431945538974952,1
826,6,6,5,1.336514599469781,2024,10,0.9431945538974952,1
772,6,6,5,0.958510646609934,2025,6,0.9431945538974952,1
716,6,6,5,1.2808087537851718,2055,3,0.9431945538974952,1
912,6,6,5,1.0261534592269592,1985,10,0.9431945538974952,1
925,6,6,5,0.7635401867138022,1768,3,0.9431945538974952,1
720,6,6,5,0.910762778880269,1795,10,0.9431945538974952,1
882,6,6,9,0.8669939001280762,2073,6,0.9431945538974952,1
980,6,6,5,1.2091869521906744,2007,3,0.9431945538974952,1
843,6,6,9,0.8152670434209391,1878,3,0.9431945538974952,1
805,6,6,9,1.6230018058477702,2048,10,0.9431945538974952,1
720,6,6,5,1.0937962718439844,1920,10,0.9431945538974952,1
692,6,6,9,0.9028048009253248,1888,6,0.9431945538974952,1
881,6,6,9,1.0579853710467355,1884,6,0.9431945538974952,1
856,6,6,5,1.3007036986725322,1976,3,0.9431945538974952,1
719,6,6,9,1.177355040370898,1895,10,0.9431945538974952,1
710,6,6,9,0.4571580354484525,1671,3,0.9431945538974952,1
923,6,6,5,1.288766731740116,1771,6,0.9431945538974952,1
744,6,6,5,0.8749518780830203,1811,10,0.9431945538974952,1
893,6,6,9,1.3285566215148368,2203,10,0.9431945538974952,1
734,6,6,9,1.5951488830054656,1770,3,0.9431945538974952,1
694,6,6,9,1.193270996280786,1963,10,0.9431945538974952,1
658,6,6,5,1.1057332387764005,1791,10,0.9431945538974952,1
792,6,6,9,1.177355040370898,1957,3,0.9431945538974952,1
655,6,6,5,0.7754771536462185,1686,10,0.9431945538974952,1
783,6,6,9,1.5832119160730496,1977,10,0.9431945538974952,1
937,6,6,9,1.825930243698846,2157,10,0.9431945538974952,1
855,6,6,9,1.109712227753873,1987,6,0.9431945538974952,1
743,6,6,5,0.7277292859165536,1968,6,0.9431945538974952,1
796,6,6,5,1.5314850593659124,2239,6,0.9431945538974952,1
709,6,6,5,0.5566327598852544,1603,10,0.9431945538974952,1
744,6,6,5,0.5248008480654778,1658,3,0.9431945538974952,1
917,6,6,5,1.4001784231093342,2120,3,0.9431945538974952,1
1036,6,6,5,1.5195480924334963,2012,10,0.9431945538974952,1
954,6,6,9,1.2131659411681466,1968,3,0.9431945538974952,1
271,6,0,1,1.046899798035991,408,1,0.9431945538974952,1
347,6,0,1,0.5734001097168147,612,1,0.9431945538974952,1
307,6,0,1,0.6887907900635047,520,1,0.9431945538974952,1
300,6,0,1,0.971299007464022,376,1,0.9431945538974952,1
216,6,0,1,0.9315091176893012,445,1,0.9431945538974952,1
336,6,0,1,0.7206227018832814,526,1,0.9431945538974952,1
256,6,0,1,0.8200974263200832,395,1,0.9431945538974952,1
183,6,0,1,0.979256985418966,307,1,0.9431945538974952,1
341,6,0,1,0.3863876277756271,465,1,0.9431945538974952,1
303,6,0,1,0.7166437129058093,533,1,0.9431945538974952,1
253,6,0,1,0.7206227018832814,406,1,0.9431945538974952,1
315,6,0,1,0.5694211207393426,501,1,0.9431945538974952,1
371,6,0,1,0.7206227018832814,516,1,0.9431945538974952,1
349,6,0,1,0.5893160656267029,539,1,0.9431945538974952,1
318,6,0,1,0.859887316094804,469,1,0.9431945538974952,1
246,6,0,1,0.8121394483651391,451,1,0.9431945538974952,1
344,6,0,1,0.3625136939107947,536,1,0.9431945538974952,1
280,6,0,1,0.915593161779413,374,1,0.9431945538974952,1
306,6,0,1,0.5296312309646218,492,1,0.9431945538974952,1
354,6,0,1,0.2789549253838811,617,1,0.9431945538974952,1
282,6,0,1,0.1953961568569676,574,1,0.9431945538974952,1
339,6,0,1,0.6967487680184489,614,1,0.9431945538974952,1
345,6,0,1,0.4739253852800127,521,1,0.9431945538974952,1
312,6,0,1,0.4779043742574848,651,1,0.9431945538974952,1
381,6,0,1,0.3346607710684902,606,1,0.9431945538974952,1
301,6,0,1,0.6649168561986724,459,1,0.9431945538974952,1
293,6,0,1,0.7604125916580021,450,1,0.9431945538974952,1
254,6,0,1,0.8002024814327229,490,1,0.9431945538974952,1
295,6,0,1,0.5017783081223173,627,1,0.9431945538974952,1
298,6,0,1,0.9076351838244688,468,1,0.9431945538974952,1
399,6,0,1,0.5574841538069263,553,1,0.9431945538974952,1
313,6,0,1,0.7246016908607534,434,1,0.9431945538974952,1
249,6,0,1,0.7405176467706417,442,1,0.9431945538974952,1
302,6,0,1,0.7484756247255858,377,1,0.9431945538974952,1
323,6,0,1,0.6768538231310886,565,1,0.9431945538974952,1
266,6,0,1,0.4898413411899011,575,1,0.9431945538974952,1
215,6,0,1,0.8996772058695247,364,1,0.9431945538974952,1
347,6,0,1,0.5654421317618704,497,1,0.9431945538974952,1
357,6,0,1,0.4182195395954037,664,1,0.9431945538974952,1
364,6,0,1,0.3426187490234343,540,1,0.9431945538974952,1
400,6,0,1,0.4580094293701244,587,1,0.9431945538974952,1
333,6,0,1,0.6171689884690075,472,1,0.9431945538974952,1
261,6,0,1,0.7365386577931696,443,1,0.9431945538974952,1
207,6,0,1,0.9394670956442456,378,1,0.9431945538974952,1
292,6,0,1,0.7086857349508652,436,1,0.9431945538974952,1
265,6,0,1,0.5057572970997893,512,1,0.9431945538974952,1
284,6,0,1,0.7842865255228345,484,1,0.9431945538974952,1
344,6,0,1,0.6330849443788957,449,1,0.9431945538974952,1
413,6,0,1,0.3426187490234343,573,1,0.9431945538974952,1
310,6,0,1,0.8678452940497481,350,1,0.9431945538974952,1
246,6,0,1,0.2988498702712415,670,1,0.9431945538974952,1
286,6,0,1,0.8121394483651391,428,1,0.9431945538974952,1
265,6,0,1,0.915593161779413,471,1,0.9431945538974952,1
305,6,0,1,0.752454613703058,480,1,0.9431945538974952,1
234,6,0,1,0.9911939523513824,287,1,0.9431945538974952,1
261,6,0,1,0.8758032720046922,434,1,0.9431945538974952,1
299,6,0,1,0.7246016908607534,507,1,0.9431945538974952,1
257,6,0,1,0.7086857349508652,450,1,0.9431945538974952,1
163,6,0,1,1.030983842126103,426,1,0.9431945538974952,1
287,6,0,1,0.5097362860772614,485,1,0.9431945538974952,1
276,6,0,1,0.5574841538069263,602,1,0.9431945538974952,1
396,6,0,1,0.3744506608432109,641,1,0.9431945538974952,1
297,6,0,1,0.7882655145003066,500,1,0.9431945538974952,1
305,6,0,1,0.6927697790409768,408,1,0.9431945538974952,1
291,6,0,1,0.9474250735991896,434,1,0.9431945538974952,1
293,6,0,1,0.4102615616404595,595,1,0.9431945538974952,1
277,6,0,1,0.7922445034777786,452,1,0.9431945538974952,1
342,6,0,1,0.6728748341536165,577,1,0.9431945538974952,1
304,6,0,1,0.6967487680184489,486,1,0.9431945538974952,1
327,6,0,1,0.7166437129058093,446,1,0.9431945538974952,1
284,6,0,1,0.8956982168920526,395,1,0.9431945538974952,1
246,6,0,1,0.859887316094804,349,1,0.9431945538974952,1
306,6,0,1,0.7564336026805301,410,1,0.9431945538974952,1
266,6,0,1,0.5137152750547335,468,1,0.9431945538974952,1
304,6,0,1,0.4540304403926524,595,1,0.9431945538974952,1
322,6,0,1,0.7763285475678904,490,1,0.9431945538974952,1
342,6,0,1,0.597274043581647,557,1,0.9431945538974952,1
343,6,0,1,0.7206227018832814,460,1,0.9431945538974952,1
268,6,0,1,0.6450219113113119,413,1,0.9431945538974952,1
263,6,0,1,0.5256522419871498,549,1,0.9431945538974952,1
342,6,0,1,0.3028288592487136,594,1,0.9431945538974952,1
284,6,0,1,0.975277996441494,379,1,0.9431945538974952,1
301,6,0,1,0.4221985285728758,472,1,0.9431945538974952,1
208,6,0,1,0.5216732530096777,495,1,0.9431945538974952,1
292,6,0,1,0.6410429223338399,538,1,0.9431945538974952,1
305,6,0,1,0.808160459387667,454,1,0.9431945538974952,1
320,6,0,1,0.6291059554014237,553,1,0.9431945538974952,1
376,6,0,1,0.4102615616404595,647,1,0.9431945538974952,1
205,6,0,1,1.090668676788184,401,1,0.9431945538974952,1
228,6,0,1,1.0667947429233515,358,1,0.9431945538974952,1
290,6,0,1,0.8917192279145806,529,1,0.9431945538974952,1
215,6,0,1,0.8121394483651391,582,1,0.9431945538974952,1
308,6,0,1,0.7962234924552508,447,1,0.9431945538974952,1
339,6,0,1,0.7405176467706417,472,1,0.9431945538974952,1
188,6,0,1,1.0150678862162148,444,1,0.9431945538974952,1
296,6,0,1,0.8240764152975553,449,1,0.9431945538974952,1
301,6,0,1,0.597274043581647,530,1,0.9431945538974952,1
335,6,0,1,0.597274043581647,543,1,0.9431945538974952,1
286,6,0,1,0.9514040625766615,362,1,0.9431945538974952,1
298,6,0,1,0.6012530325591191,575,1,0.9431945538974952,1
355,6,0,1,0.4023035836855154,663,1,0.9431945538974952,1
233,6,0,1,0.8280554042750273,416,1,0.9431945538974952,1
183,6,0,1,0.975277996441494,418,1,0.9431945538974952,1
361,6,0,1,0.6131899994915354,589,1,0.9431945538974952,1
293,6,0,1,0.6052320215365912,474,1,0.9431945538974952,1
337,6,0,1,0.5137152750547335,610,1,0.9431945538974952,1
254,6,0,1,0.7643915806354742,468,1,0.9431945538974952,1
329,6,0,1,0.2312070576542162,517,1,0.9431945538974952,1
273,6,0,1,0.5853370766492308,519,1,0.9431945538974952,1
345,6,0,1,0.8996772058695247,509,1,0.9431945538974952,1
323,6,0,1,0.8121394483651391,430,1,0.9431945538974952,1
325,6,0,1,0.7047067459733931,443,1,0.9431945538974952,1
350,6,0,1,0.4938203301673731,577,1,0.9431945538974952,1
322,6,0,1,0.8002024814327229,459,1,0.9431945538974952,1
200,6,0,1,0.7922445034777786,462,1,0.9431945538974952,1
253,6,0,1,0.5773790986942867,555,1,0.9431945538974952,1
299,6,0,1,0.7643915806354742,590,1,0.9431945538974952,1
244,6,0,1,0.8797822609821643,464,1,0.9431945538974952,1
359,6,0,1,0.5654421317618704,483,1,0.9431945538974952,1
378,6,0,1,0.7604125916580021,544,1,0.9431945538974952,1
336,6,0,1,0.8837612499596363,443,1,0.9431945538974952,1
353,6,0,1,0.7922445034777786,467,1,0.9431945538974952,1
375,6,0,1,0.5336102199420939,510,1,0.9431945538974952,1
264,6,0,1,0.5495261758519822,503,1,0.9431945538974952,1
385,6,0,1,0.5853370766492308,508,1,0.9431945538974952,1
300,6,0,1,0.6728748341536165,457,1,0.9431945538974952,1
282,6,0,1,0.6370639333563678,512,1,0.9431945538974952,1
344,6,0,1,0.6808328121085606,479,1,0.9431945538974952,1
371,6,0,1,0.6410429223338399,466,1,0.9431945538974952,1
366,6,0,1,0.7325596688156976,428,1,0.9431945538974952,1
307,6,0,1,0.8161184373426111,384,1,0.9431945538974952,1
338,6,0,1,0.7604125916580021,542,1,0.9431945538974952,1
248,6,0,1,0.7763285475678904,486,1,0.9431945538974952,1
282,6,0,1,0.6171689884690075,585,1,0.9431945538974952,1
393,6,0,1,0.4659674073250686,684,1,0.9431945538974952,1
269,6,0,1,0.5773790986942867,570,1,0.9431945538974952,1
279,6,0,1,0.7444966357481138,467,1,0.9431945538974952,1
252,6,0,1,0.8439713601849157,388,1,0.9431945538974952,1
314,6,0,1,0.8479503491623878,531,1,0.9431945538974952,1
393,6,0,1,0.5535051648294542,628,1,0.9431945538974952,1
290,6,0,1,0.8200974263200832,449,1,0.9431945538974952,1
233,6,0,1,1.023025864171159,358,1,0.9431945538974952,1
272,6,0,1,0.7564336026805301,428,1,0.9431945538974952,1
270,6,0,1,0.7365386577931696,439,1,0.9431945538974952,1
357,6,0,1,0.7643915806354742,612,1,0.9431945538974952,1
281,6,0,1,0.8996772058695247,452,1,0.9431945538974952,1
258,6,0,1,0.7047067459733931,529,1,0.9431945538974952,1
283,6,0,1,0.5097362860772614,401,1,0.9431945538974952,1
358,6,0,1,0.7842865255228345,378,1,0.9431945538974952,1
247,6,0,1,0.6410429223338399,432,1,0.9431945538974952,1
256,6,0,1,0.5535051648294542,441,1,0.9431945538974952,1
333,6,0,1,0.7166437129058093,507,1,0.9431945538974952,1
232,6,0,1,0.597274043581647,438,1,0.9431945538974952,1
318,6,0,1,0.4977993191448452,486,1,0.9431945538974952,1
316,6,0,1,0.6768538231310886,409,1,0.9431945538974952,1
338,6,0,1,0.7126647239283372,412,1,0.9431945538974952,1
361,6,0,1,0.537589208919566,561,1,0.9431945538974952,1
283,6,0,1,0.6569588782437281,491,1,0.9431945538974952,1
267,6,0,1,1.1782064342925698,314,1,0.9431945538974952,1
263,6,0,1,0.971299007464022,446,1,0.9431945538974952,1
309,6,0,1,0.9354881066667734,442,1,0.9431945538974952,1
306,6,0,1,0.4739253852800127,560,1,0.9431945538974952,1
418,6,0,1,0.5017783081223173,641,1,0.9431945538974952,1
377,6,0,1,0.4779043742574848,516,1,0.9431945538974952,1
413,6,0,1,0.6131899994915354,549,1,0.9431945538974952,1
321,6,0,1,0.6569588782437281,494,1,0.9431945538974952,1
356,6,0,1,0.4659674073250686,596,1,0.9431945538974952,1
296,6,0,1,0.8559083271173319,384,1,0.9431945538974952,1
250,6,0,1,0.7564336026805301,473,1,0.9431945538974952,1
340,6,0,1,0.7604125916580021,492,1,0.9431945538974952,1
279,6,0,1,0.6012530325591191,448,1,0.9431945538974952,1
316,6,0,1,0.4779043742574848,523,1,0.9431945538974952,1
285,6,0,1,0.8519293381398598,521,1,0.9431945538974952,1
394,6,0,1,0.2908918923162973,639,1,0.9431945538974952,1
237,6,0,1,0.8837612499596363,417,1,0.9431945538974952,1
300,6,0,1,0.5773790986942867,368,1,0.9431945538974952,1
345,6,0,1,0.7484756247255858,447,1,0.9431945538974952,1
362,6,0,1,0.1914171678794955,551,1,0.9431945538974952,1
360,6,0,1,0.2789549253838811,639,1,0.9431945538974952,1
257,6,0,1,0.8956982168920526,411,1,0.9431945538974952,1
289,6,0,1,0.593295054604175,446,1,0.9431945538974952,1
259,6,0,1,0.6012530325591191,516,1,0.9431945538974952,1
284,6,0,1,0.6211479774464795,505,1,0.9431945538974952,1
319,6,0,1,0.4739253852800127,537,1,0.9431945538974952,1
291,6,0,1,0.4977993191448452,438,1,0.9431945538974952,1
234,6,0,1,0.975277996441494,459,1,0.9431945538974952,1
405,6,0,1,0.3545557159558505,580,1,0.9431945538974952,1
282,6,0,1,0.6688958451761444,495,1,0.9431945538974952,1
400,6,0,1,0.2431440245866324,680,1,0.9431945538974952,1
245,6,0,1,0.8956982168920526,492,1,0.9431945538974952,1
260,6,0,1,0.7325596688156976,444,1,0.9431945538974952,1
313,6,0,1,0.7246016908607534,573,1,0.9431945538974952,1
407,6,0,1,0.2033541348119117,642,1,0.9431945538974952,1
241,6,0,1,0.8360133822299715,408,1,0.9431945538974952,1
256,6,0,1,1.0031309192837985,344,1,0.9431945538974952,1
310,6,0,1,0.6728748341536165,482,1,0.9431945538974952,1
244,6,0,1,0.6052320215365912,469,1,0.9431945538974952,1
296,6,0,1,0.649000900288784,572,1,0.9431945538974952,1
369,6,0,1,0.6291059554014237,495,1,0.9431945538974952,1
300,6,0,1,0.8399923712074435,442,1,0.9431945538974952,1
276,6,0,1,0.5017783081223173,549,1,0.9431945538974952,1
323,6,0,1,0.3227238041360739,557,1,0.9431945538974952,1
350,6,0,1,0.434135495505292,555,1,0.9431945538974952,1
269,6,0,1,0.8479503491623878,431,1,0.9431945538974952,1
317,6,0,1,0.7643915806354742,499,1,0.9431945538974952,1
246,6,0,1,0.915593161779413,362,1,0.9431945538974952,1
270,6,0,1,0.8200974263200832,434,1,0.9431945538974952,1
270,6,0,1,0.8519293381398598,459,1,0.9431945538974952,1
326,6,0,1,0.6887907900635047,516,1,0.9431945538974952,1
291,6,0,1,0.9076351838244688,402,1,0.9431945538974952,1
336,6,0,1,0.4898413411899011,615,1,0.9431945538974952,1
310,6,0,1,0.593295054604175,534,1,0.9431945538974952,1
365,6,0,1,0.7166437129058093,514,1,0.9431945538974952,1
257,6,0,1,0.8240764152975553,448,1,0.9431945538974952,1
302,6,0,1,0.7962234924552508,504,1,0.9431945538974952,1
319,6,0,1,0.5694211207393426,551,1,0.9431945538974952,1
294,6,0,1,0.5455471868745101,504,1,0.9431945538974952,1
412,6,0,1,0.4142405506179316,593,1,0.9431945538974952,1
393,6,0,1,0.4182195395954037,630,1,0.9431945538974952,1
276,6,0,1,0.597274043581647,419,1,0.9431945538974952,1
361,6,0,1,0.8320343932524994,520,1,0.9431945538974952,1
300,6,0,1,0.8439713601849157,529,1,0.9431945538974952,1
319,6,0,1,0.7763285475678904,520,1,0.9431945538974952,1
335,6,0,1,0.6927697790409768,480,1,0.9431945538974952,1
332,6,0,1,0.6569588782437281,518,1,0.9431945538974952,1
304,6,0,1,0.3585347049333226,614,1,0.9431945538974952,1
161,6,0,1,1.090668676788184,405,1,0.9431945538974952,1
350,6,0,1,0.7246016908607534,540,1,0.9431945538974952,1
306,6,0,1,0.5137152750547335,529,1,0.9431945538974952,1
300,6,0,1,0.6808328121085606,598,1,0.9431945538974952,1
210,6,0,1,0.6171689884690075,430,1,0.9431945538974952,1
297,6,0,1,0.7763285475678904,483,1,0.9431945538974952,1
262,6,0,1,0.6688958451761444,485,1,0.9431945538974952,1
341,6,0,1,0.5893160656267029,563,1,0.9431945538974952,1
296,6,0,1,0.5734001097168147,628,1,0.9431945538974952,1
259,6,0,1,0.7444966357481138,510,1,0.9431945538974952,1
301,6,0,1,0.7405176467706417,492,1,0.9431945538974952,1
346,6,0,1,0.4619884183475966,569,1,0.9431945538974952,1
368,6,0,1,0.4301565065278199,581,1,0.9431945538974952,1
354,6,0,1,0.4062825726629875,535,1,0.9431945538974952,1
166,6,0,1,0.8240764152975553,458,1,0.9431945538974952,1
328,6,0,1,0.7086857349508652,565,1,0.9431945538974952,1
285,6,0,1,0.9315091176893012,464,1,0.9431945538974952,1
389,6,0,1,0.5057572970997893,499,1,0.9431945538974952,1
277,6,0,1,0.6211479774464795,513,1,0.9431945538974952,1
334,6,0,1,0.7922445034777786,481,1,0.9431945538974952,1
254,6,0,1,0.4779043742574848,543,1,0.9431945538974952,1
191,6,0,1,1.0110888972387428,454,1,0.9431945538974952,1
265,6,0,1,0.9275301287118292,349,1,0.9431945538974952,1
279,6,0,1,0.6012530325591191,400,1,0.9431945538974952,1
247,6,0,1,0.5694211207393426,590,1,0.9431945538974952,1
256,6,0,1,0.6609378672212003,450,1,0.9431945538974952,1
256,6,0,1,0.7405176467706417,453,1,0.9431945538974952,1
166,6,0,1,1.0508787870134637,454,1,0.9431945538974952,1
260,6,0,1,0.7842865255228345,509,1,0.9431945538974952,1
378,6,0,1,0.752454613703058,486,1,0.9431945538974952,1
286,6,0,1,0.6808328121085606,459,1,0.9431945538974952,1
307,6,0,1,0.7206227018832814,469,1,0.9431945538974952,1
294,6,0,1,1.019046875193687,353,1,0.9431945538974952,1
342,6,0,1,0.5574841538069263,547,1,0.9431945538974952,1
279,6,0,1,0.8758032720046922,419,1,0.9431945538974952,1
339,6,0,1,0.5853370766492308,434,1,0.9431945538974952,1
366,6,0,1,0.9991519303063264,479,1,0.9431945538974952,1
309,6,0,1,0.5813580876717588,518,1,0.9431945538974952,1
255,6,0,1,0.7723495585904183,418,1,0.9431945538974952,1
308,6,0,1,0.7086857349508652,535,1,0.9431945538974952,1
242,6,0,1,0.7564336026805301,443,1,0.9431945538974952,1
286,6,0,1,0.3943456057305713,473,1,0.9431945538974952,1
382,6,0,1,0.2869129033388253,618,1,0.9431945538974952,1
253,6,0,1,0.8002024814327229,424,1,0.9431945538974952,1
289,6,0,1,0.5694211207393426,545,1,0.9431945538974952,1
297,6,0,1,0.6728748341536165,423,1,0.9431945538974952,1
269,6,0,1,0.7325596688156976,489,1,0.9431945538974952,1
317,6,0,1,0.6131899994915354,436,1,0.9431945538974952,1
307,6,0,1,0.4779043742574848,596,1,0.9431945538974952,1
321,6,0,1,0.6131899994915354,568,1,0.9431945538974952,1
170,6,0,1,0.6927697790409768,467,1,0.9431945538974952,1
301,6,0,1,0.6012530325591191,567,1,0.9431945538974952,1
234,6,0,1,0.9553830515541336,405,1,0.9431945538974952,1
267,6,0,1,0.4420934734602362,608,1,0.9431945538974952,1
274,6,0,1,0.6211479774464795,437,1,0.9431945538974952,1
287,6,0,1,1.023025864171159,458,1,0.9431945538974952,1
344,6,0,1,0.593295054604175,438,1,0.9431945538974952,1
272,6,0,1,0.7086857349508652,561,1,0.9431945538974952,1
216,6,0,1,0.7683705696129463,451,1,0.9431945538974952,1
321,6,0,1,0.8797822609821643,434,1,0.9431945538974952,1
345,6,0,1,0.5813580876717588,594,1,0.9431945538974952,1
293,6,0,1,0.9911939523513824,360,1,0.9431945538974952,1
329,6,0,1,0.3863876277756271,549,1,0.9431945538974952,1
294,6,0,1,0.6967487680184489,373,1,0.9431945538974952,1
359,6,0,1,0.4699463963025407,618,1,0.9431945538974952,1
271,6,0,1,0.8399923712074435,455,1,0.9431945538974952,1
330,6,0,1,0.593295054604175,502,1,0.9431945538974952,1
309,6,0,1,0.4420934734602362,465,1,0.9431945538974952,1
258,6,0,1,0.7166437129058093,511,1,0.9431945538974952,1
238,6,0,1,0.7484756247255858,528,1,0.9431945538974952,1
230,6,0,1,1.0429208090585194,371,1,0.9431945538974952,1
307,6,0,1,0.5574841538069263,612,1,0.9431945538974952,1
319,6,0,1,0.4420934734602362,515,1,0.9431945538974952,1
315,6,0,1,0.3903666167530992,524,1,0.9431945538974952,1
204,6,0,1,1.046899798035991,353,1,0.9431945538974952,1
277,6,0,1,0.8559083271173319,434,1,0.9431945538974952,1
421,6,0,1,0.2272280686767442,664,1,0.9431945538974952,1
265,6,0,1,0.6410429223338399,434,1,0.9431945538974952,1
263,6,0,1,0.4221985285728758,483,1,0.9431945538974952,1
298,6,0,1,0.9832359743964384,448,1,0.9431945538974952,1
320,6,0,1,0.8200974263200832,516,1,0.9431945538974952,1
360,6,0,1,0.5176942640322055,597,1,0.9431945538974952,1
265,6,0,1,0.7604125916580021,469,1,0.9431945538974952,1
259,6,0,1,0.7365386577931696,423,1,0.9431945538974952,1
401,6,0,1,0.597274043581647,631,1,0.9431945538974952,1
318,6,0,1,0.5654421317618704,454,1,0.9431945538974952,1
348,6,0,1,0.6012530325591191,580,1,0.9431945538974952,1
330,6,0,1,0.6728748341536165,481,1,0.9431945538974952,1
325,6,0,1,0.915593161779413,529,1,0.9431945538974952,1
307,6,0,1,0.3863876277756271,587,1,0.9431945538974952,1
252,6,0,1,0.6330849443788957,447,1,0.9431945538974952,1
269,6,0,1,0.96732001848655,476,1,0.9431945538974952,1
300,6,0,1,0.8121394483651391,511,1,0.9431945538974952,1
328,6,0,1,0.5057572970997893,501,1,0.9431945538974952,1
273,6,0,1,0.5057572970997893,445,1,0.9431945538974952,1
290,6,0,1,0.5694211207393426,556,1,0.9431945538974952,1
282,6,0,1,0.96732001848655,464,1,0.9431945538974952,1
329,6,0,1,0.7643915806354742,534,1,0.9431945538974952,1
338,6,0,1,0.9116141728019408,369,1,0.9431945538974952,1
319,6,0,1,0.6370639333563678,509,1,0.9431945538974952,1
346,6,0,1,0.6728748341536165,558,1,0.9431945538974952,1
318,6,0,1,0.7047067459733931,535,1,0.9431945538974952,1
359,6,0,1,0.5853370766492308,552,1,0.9431945538974952,1
413,6,0,1,0.5773790986942867,570,1,0.9431945538974952,1
336,6,0,1,0.5773790986942867,555,1,0.9431945538974952,1
242,6,0,1,0.9951729413288544,398,1,0.9431945538974952,1
323,6,0,1,0.8797822609821643,465,1,0.9431945538974952,1
317,6,0,1,0.7444966357481138,426,1,0.9431945538974952,1
323,6,0,1,0.7285806798382255,622,1,0.9431945538974952,1
295,6,0,1,0.7047067459733931,514,1,0.9431945538974952,1
317,6,0,1,0.8718242830272201,410,1,0.9431945538974952,1
305,6,0,1,0.8002024814327229,491,1,0.9431945538974952,1
259,6,0,1,0.8559083271173319,396,1,0.9431945538974952,1
291,6,0,1,0.3863876277756271,481,1,0.9431945538974952,1
291,6,0,1,0.6330849443788957,532,1,0.9431945538974952,1
302,6,0,1,0.7285806798382255,386,1,0.9431945538974952,1
200,6,0,1,1.1622904783826815,288,1,0.9431945538974952,1
259,6,0,1,0.6569588782437281,518,1,0.9431945538974952,1
352,6,0,1,0.7086857349508652,491,1,0.9431945538974952,1
308,6,0,1,1.019046875193687,389,1,0.9431945538974952,1
259,6,0,1,1.046899798035991,313,1,0.9431945538974952,1
280,6,0,1,0.4779043742574848,504,1,0.9431945538974952,1
278,6,0,1,0.9872149633739103,438,1,0.9431945538974952,1
173,6,0,1,1.0508787870134637,353,1,0.9431945538974952,1
330,6,0,1,0.6171689884690075,559,1,0.9431945538974952,1
270,6,0,1,0.7007277569959209,630,1,0.9431945538974952,1
326,6,0,1,0.3903666167530992,514,1,0.9431945538974952,1
378,1,6,7,0.0083836749157801,1079,11,0.0273721330556057,1
432,1,6,11,0.1834591899245513,1105,11,0.9431945538974952,1
354,1,6,8,0.5694211207393426,1066,11,0.9431945538974952,1
603,1,6,7,0.7396662528489698,1358,11,0.0273721330556057,1
526,1,6,7,0.1189439723633262,1225,11,0.8884502877862838,1
423,1,6,11,0.7803075365453624,1060,11,0.9431945538974952,1
569,1,6,8,0.1357113221948865,1248,11,0.0273721330556057,1
476,1,6,7,0.4571580354484525,1191,11,0.8884502877862838,1
514,1,6,7,0.274975936406409,1074,11,0.9431945538974952,1
490,1,6,7,0.1269019503182704,1278,11,0.8884502877862838,1
402,1,6,7,0.0839844654877495,1134,11,0.8884502877862838,1
483,1,6,7,0.0910910495210217,1304,11,0.9431945538974952,1
587,1,6,7,0.0791540825886055,1198,11,0.8884502877862838,1
561,1,6,7,0.1436693001498306,1259,11,0.8884502877862838,1
466,1,6,11,0.1158163773075261,1141,11,0.8884502877862838,1
542,1,6,8,0.1109859944083821,1263,11,0.9431945538974952,1
351,1,6,7,0.4142405506179316,1177,11,0.9431945538974952,1
435,1,6,11,0.4173681456737318,1236,11,0.0273721330556057,1
463,1,6,8,0.6410429223338399,1140,11,0.8884502877862838,1
388,1,6,7,0.0871120605435496,1217,11,0.0273721330556057,1
547,1,6,7,0.2064817298677118,1237,11,0.0273721330556057,1
550,1,6,11,0.7723495585904183,973,11,0.9431945538974952,1
349,1,6,7,0.597274043581647,1129,11,0.9431945538974952,1
604,1,6,7,0.1945447629352956,1181,11,0.8884502877862838,1
456,1,6,8,0.2542295975973768,1156,11,0.8884502877862838,1
610,1,6,11,0.4810319693132849,1283,11,0.0273721330556057,1
426,1,6,8,0.6052320215365912,1090,11,0.0273721330556057,1
671,1,6,11,0.9147417678577412,1112,11,0.0273721330556057,1
571,1,6,11,0.1826077960028794,1266,11,0.8884502877862838,1
385,1,6,8,0.2462716196424326,1204,11,0.0273721330556057,1
534,1,6,11,0.3863876277756271,1249,11,0.8884502877862838,1
442,1,6,11,0.8837612499596363,1069,11,0.0273721330556057,1
323,1,6,8,0.4301565065278199,1146,11,0.9431945538974952,1
609,1,6,8,0.1078583993525819,1178,11,0.9431945538974952,1
489,1,6,11,0.270996947428937,1115,11,0.8884502877862838,1
495,1,6,11,0.6092110105140632,1166,11,0.9431945538974952,1
467,1,6,7,0.2789549253838811,1143,11,0.8884502877862838,1
536,1,6,8,0.1507758841831028,1185,11,0.8884502877862838,1
627,1,6,7,0.1945447629352956,1227,11,0.9431945538974952,1
522,1,6,11,0.2312070576542162,1201,11,0.0273721330556057,1
528,1,6,7,0.1905657739578236,1054,11,0.0273721330556057,1
545,1,6,8,0.2789549253838811,1054,11,0.9431945538974952,1
491,1,6,8,0.2462716196424326,1233,11,0.0273721330556057,1
610,1,6,7,0.5844856827275589,1169,11,0.8884502877862838,1
282,1,6,7,0.9076351838244688,1026,11,0.8884502877862838,1
515,1,6,7,0.3258513991918741,1160,11,0.0273721330556057,1
415,1,6,8,0.0441945757130287,1280,11,0.0273721330556057,1
378,1,6,11,0.5893160656267029,974,11,0.0273721330556057,1
485,1,6,8,0.3338093771468182,1230,11,0.9431945538974952,1
516,1,6,7,0.3386397600459622,1157,11,0.9431945538974952,1
479,1,6,7,0.0433431817913568,1097,11,0.9431945538974952,1
515,1,6,11,0.1945447629352956,1251,11,0.8884502877862838,1
537,1,6,8,0.4850109582907571,1216,11,0.8884502877862838,1
590,1,6,11,0.2550809915190487,1103,11,0.0273721330556057,1
524,1,6,7,0.4133891566962597,1124,11,0.8884502877862838,1
424,1,6,11,0.0163416528707242,1115,11,0.9431945538974952,1
618,1,6,11,0.6521284953445842,1290,11,0.0273721330556057,1
358,1,6,11,0.6728748341536165,1070,11,0.0273721330556057,1
629,1,6,7,0.2223976857776001,1199,11,0.0273721330556057,1
567,1,6,11,0.2192700907218,1187,11,0.9431945538974952,1
369,1,6,7,0.167543234014663,1137,11,0.9431945538974952,1
390,1,6,7,0.4420934734602362,1102,11,0.8884502877862838,1
458,1,6,7,0.2869129033388253,1143,11,0.0273721330556057,1
445,1,6,7,0.537589208919566,1141,11,0.8884502877862838,1
493,1,6,7,0.1038794103751098,1193,11,0.8884502877862838,1
541,1,6,7,0.266166564529793,1234,11,0.9431945538974952,1
476,1,6,11,0.1985237519127677,1216,11,0.8884502877862838,1
460,1,6,11,0.8829098560379645,1305,11,0.9431945538974952,1
525,1,6,7,0.5645907378401985,1221,11,0.0273721330556057,1
388,1,6,8,0.5057572970997893,1091,11,0.0273721330556057,1
675,1,6,8,0.3258513991918741,1273,11,0.8884502877862838,1
470,1,6,8,0.3465977380009064,1105,11,0.8884502877862838,1
517,1,6,8,0.0441945757130287,1285,11,0.9431945538974952,1
437,1,6,11,0.5566327598852544,1225,11,0.0273721330556057,1
587,1,6,11,0.7834351316011626,1188,11,0.8884502877862838,1
437,1,6,7,0.434135495505292,1207,11,0.8884502877862838,1
438,1,6,7,0.6171689884690075,1064,11,0.0273721330556057,1
448,1,6,11,0.1905657739578236,1120,11,0.8884502877862838,1
638,1,6,8,0.377578255899011,1137,11,0.0273721330556057,1
494,1,6,8,0.326702793113546,1115,11,0.0273721330556057,1
571,1,6,7,0.3099354432819858,1286,11,0.9431945538974952,1
493,1,6,7,0.434135495505292,1147,11,0.9431945538974952,1
553,1,6,7,0.0800054765102774,1154,11,0.9431945538974952,1
676,1,6,11,0.5009269142006454,1272,11,0.0273721330556057,1
427,1,6,8,0.378429649820683,1185,11,0.9431945538974952,1
543,1,6,11,0.1914171678794955,1200,11,0.0273721330556057,1
563,1,6,8,0.4690950023808687,1214,11,0.0273721330556057,1
519,1,6,11,0.2383136416874884,1162,11,0.9431945538974952,1
551,1,6,7,0.0473221707688289,1258,11,0.9431945538974952,1
511,1,6,11,0.3625136939107947,1098,11,0.0273721330556057,1
521,1,6,11,0.3656412889665948,1219,11,0.9431945538974952,1
529,1,6,11,0.2988498702712415,1121,11,0.8884502877862838,1
423,1,6,8,0.1786288070254073,1161,11,0.8884502877862838,1
512,1,6,11,0.3417673551017623,1199,11,0.0273721330556057,1
448,1,6,7,0.0393641928138847,1189,11,0.9431945538974952,1
473,1,6,7,1.1065846326980726,1058,11,0.0273721330556057,1
578,1,6,7,0.1189439723633262,1204,11,0.8884502877862838,1
545,1,6,8,0.597274043581647,1187,11,0.8884502877862838,1
539,1,6,7,0.2303556637325443,1257,11,0.8884502877862838,1
343,1,6,7,0.1109859944083821,1065,11,0.8884502877862838,1
472,1,6,8,0.9235511397343572,1181,11,0.9431945538974952,1
581,1,6,11,1.06594334900168,1374,11,0.8884502877862838,1
497,1,6,11,0.803330076488523,1246,11,0.0273721330556057,1
365,1,6,11,0.1348599282732145,1064,11,0.8884502877862838,1
567,1,6,7,0.4611370244259246,1245,11,0.9431945538974952,1
365,1,6,7,0.056131542645445,1082,11,0.8884502877862838,1
534,1,6,8,0.0640895206003891,1173,11,0.8884502877862838,1
621,1,6,8,0.588464671705031,1120,11,0.9431945538974952,1
557,1,6,8,0.8192460323984113,1372,11,0.8884502877862838,1
305,1,6,8,0.3068078482261857,1055,11,0.0273721330556057,1
388,1,6,7,0.4818833632349569,1086,11,0.0273721330556057,1
591,1,6,7,0.2104607188451839,1329,11,0.8884502877862838,1
455,1,6,8,0.1865867849803515,1184,11,0.9431945538974952,1
519,1,6,8,0.2860615094171533,1157,11,0.0273721330556057,1
514,1,6,11,0.0879634544652216,1223,11,0.0273721330556057,1
435,1,6,8,0.6728748341536165,1079,11,0.0273721330556057,1
470,1,6,8,0.1547548731605749,1249,11,0.0273721330556057,1
505,1,6,8,0.2104607188451839,1154,11,0.8884502877862838,1
566,1,6,11,0.541568197897038,1087,11,0.9431945538974952,1
346,1,6,8,0.5853370766492308,1099,11,0.0273721330556057,1
528,1,6,7,0.1109859944083821,1195,11,0.9431945538974952,1
470,1,6,8,0.1547548731605749,1211,11,0.0273721330556057,1
569,1,6,7,0.0800054765102774,1103,11,0.0273721330556057,1
358,1,6,11,0.3863876277756271,1135,11,0.0273721330556057,1
547,1,6,8,0.3019774653270416,1306,11,0.9431945538974952,1
337,1,6,8,0.382408638798155,1037,11,0.0273721330556057,1
496,1,6,8,0.0353852038364127,1183,11,0.8884502877862838,1
631,1,6,8,0.1269019503182704,1128,11,0.8884502877862838,1
689,1,6,8,0.5248008480654778,1254,11,0.0273721330556057,1
442,1,6,8,0.0154902589490523,1183,11,0.9431945538974952,1
471,1,6,7,0.1874381789020234,1172,11,0.8884502877862838,1
559,1,6,8,0.3664926828882667,1097,11,0.9431945538974952,1
542,1,6,7,0.3306817820910181,1219,11,0.8884502877862838,1
514,1,6,8,0.9863635694522384,1259,11,0.8884502877862838,1
617,1,6,11,0.5566327598852544,1226,11,0.8884502877862838,1
486,1,6,7,0.7038553520517211,1206,11,0.8884502877862838,1
588,1,6,8,0.6163175945473355,1305,11,0.0273721330556057,1
582,1,6,11,0.7237502969390814,1199,11,0.0273721330556057,1
419,1,6,7,0.0513011597463009,1262,11,0.0273721330556057,1
507,1,6,7,0.2104607188451839,1122,11,0.8884502877862838,1
450,1,6,11,0.0879634544652216,1047,11,0.9431945538974952,1
300,1,6,7,0.5614631427843984,1055,11,0.0273721330556057,1
544,1,6,8,0.2590599804965208,1145,11,0.9431945538974952,1
415,1,6,11,0.6649168561986724,1029,11,0.0273721330556057,1
575,1,6,8,0.4492000574935084,1187,11,0.9431945538974952,1
404,1,6,8,0.541568197897038,1170,11,0.0273721330556057,1
447,1,6,7,0.1436693001498306,1121,11,0.9431945538974952,1
615,1,6,11,0.5645907378401985,1292,11,0.8884502877862838,1
365,1,6,11,0.8002024814327229,982,11,0.8884502877862838,1
376,1,6,7,0.3616622999891227,1177,11,0.8884502877862838,1
378,1,6,7,1.1981013791799302,1036,11,0.0273721330556057,1
552,1,6,8,0.7317082748940257,1229,11,0.9431945538974952,1
600,1,6,11,0.6569588782437281,1188,11,0.9431945538974952,1
456,1,6,11,0.3258513991918741,1273,11,0.8884502877862838,1
712,1,6,7,0.6322335504572237,1299,11,0.0273721330556057,1
541,1,6,8,0.0959214324201657,1072,11,0.9431945538974952,1
373,1,6,8,0.3744506608432109,1073,11,0.0273721330556057,1
468,1,6,8,0.8192460323984113,1327,11,0.9431945538974952,1
382,1,6,7,0.326702793113546,1067,11,0.9431945538974952,1
439,1,6,7,0.0879634544652216,1176,11,0.9431945538974952,1
356,1,6,8,0.3545557159558505,1165,11,0.9431945538974952,1
456,1,6,11,0.7047067459733931,1039,11,0.8884502877862838,1
398,1,6,7,0.1237743552624702,1123,11,0.8884502877862838,1
431,1,6,8,0.5773790986942867,1120,11,0.0273721330556057,1
593,1,6,7,0.1556062670822468,1106,11,0.0273721330556057,1
375,1,6,8,0.6291059554014237,1044,11,0.0273721330556057,1
416,1,6,11,0.3656412889665948,1172,11,0.9431945538974952,1
527,1,6,7,0.0274272258814685,1270,11,0.0273721330556057,1
547,1,6,8,0.8192460323984113,1353,11,0.8884502877862838,1
599,1,6,8,0.4213471346512039,1144,11,0.0273721330556057,1
464,1,6,7,0.4412420795385642,1255,11,0.0273721330556057,1
501,1,6,11,0.1396903111723585,1143,11,0.0273721330556057,1
636,1,6,11,0.1357113221948865,1239,11,0.9431945538974952,1
424,1,6,11,0.6052320215365912,1131,11,0.0273721330556057,1
681,1,6,7,0.4611370244259246,1244,11,0.8884502877862838,1
582,1,6,7,0.0592591377012451,1195,11,0.0273721330556057,1
482,1,6,8,0.4381144844827641,1096,11,0.8884502877862838,1
432,1,6,8,0.2542295975973768,1104,11,0.9431945538974952,1
607,1,6,7,0.1985237519127677,1303,11,0.9431945538974952,1
480,1,6,7,0.4253261236286759,1155,11,0.8884502877862838,1
464,1,6,8,0.4460724624377082,1095,11,0.0273721330556057,1
607,1,6,11,0.5248008480654778,1195,11,0.8884502877862838,1
497,1,6,8,0.0521525536679729,1149,11,0.8884502877862838,1
403,1,6,7,0.1715222229921351,1135,11,0.9431945538974952,1
596,1,6,8,0.540716803975366,1256,11,0.8884502877862838,1
549,1,6,7,0.3664926828882667,1118,11,0.9431945538974952,1
551,1,6,7,0.6322335504572237,1226,11,0.0273721330556057,1
514,1,6,7,0.4460724624377082,1173,11,0.8884502877862838,1
492,1,6,11,0.0075322809941081,1168,11,0.9431945538974952,1
442,1,6,7,0.6052320215365912,1052,11,0.0273721330556057,1
413,1,6,8,0.540716803975366,1224,11,0.8884502877862838,1
570,1,6,11,0.4253261236286759,1089,11,0.0273721330556057,1
662,1,6,7,0.2621875755523209,1217,11,0.0273721330556057,1
649,1,6,8,0.0959214324201657,1204,11,0.0273721330556057,1
382,1,6,11,0.6092110105140632,1112,11,0.0273721330556057,1
533,1,6,7,0.0433431817913568,1074,11,0.0273721330556057,1
517,1,6,11,0.4460724624377082,1198,11,0.9431945538974952,1
484,1,6,7,0.4014521897638435,1135,11,0.9431945538974952,1
718,1,6,8,0.751603219781386,1151,11,0.8884502877862838,1
664,1,6,7,0.6123386055698634,1290,11,0.8884502877862838,1
499,1,6,11,0.1229229613407983,1170,11,0.9431945538974952,1
537,1,6,8,0.3258513991918741,1188,11,0.9431945538974952,1
461,1,6,7,0.7285806798382255,1112,11,0.8884502877862838,1
364,1,6,8,0.5455471868745101,1203,11,0.0273721330556057,1
508,1,6,8,0.5128638811330616,1237,11,0.9431945538974952,1
652,1,6,7,0.4571580354484525,1277,11,0.0273721330556057,1
490,1,6,7,0.2781035314622092,1304,11,0.9431945538974952,1
426,1,6,8,0.1317323332174144,1117,11,0.9431945538974952,1
357,1,6,7,0.6211479774464795,1169,11,0.0273721330556057,1
547,1,6,8,0.0194692479265244,1201,11,0.9431945538974952,1
566,1,6,7,0.270145553507265,1273,11,0.8884502877862838,1
425,1,6,7,0.0672171156561892,1155,11,0.0273721330556057,1
422,1,6,8,0.0362365977580846,1190,11,0.9431945538974952,1
375,1,6,11,0.1914171678794955,1137,11,0.8884502877862838,1
458,1,6,7,0.0990490274759658,1067,11,0.0273721330556057,1
605,1,6,8,0.1269019503182704,1267,11,0.9431945538974952,1
456,1,6,8,0.1467968952056307,1112,11,0.0273721330556057,1
592,1,6,11,0.8789308670604924,1242,11,0.9431945538974952,1
421,1,6,7,0.382408638798155,1117,11,0.9431945538974952,1
449,1,6,7,0.1595852560597189,1141,11,0.8884502877862838,1
609,1,6,7,0.5606117488627265,1207,11,0.0273721330556057,1
532,1,6,7,0.4381144844827641,1113,11,0.8884502877862838,1
572,1,6,7,0.1945447629352956,1249,11,0.8884502877862838,1
487,1,6,8,0.7913931095561068,1262,11,0.9431945538974952,1
358,1,6,11,0.3346607710684902,1188,11,0.0273721330556057,1
512,1,6,8,0.158733862138047,1118,11,0.8884502877862838,1
468,1,6,11,0.055280148723773,1203,11,0.0273721330556057,1
527,1,6,8,0.4779043742574848,1117,11,0.8884502877862838,1
551,1,6,11,0.0242996308256684,1074,11,0.8884502877862838,1
609,1,6,7,0.8868888450154365,1335,11,0.8884502877862838,1
580,1,6,7,0.5924436606825031,1247,11,0.9431945538974952,1
671,1,6,8,0.2860615094171533,1282,11,0.8884502877862838,1
536,1,6,11,0.6052320215365912,1048,11,0.8884502877862838,1
500,1,6,7,0.5208218590880057,1266,11,0.8884502877862838,1
480,1,6,8,0.5137152750547335,1178,11,0.9431945538974952,1
617,1,6,7,0.9863635694522384,1262,11,0.8884502877862838,1
523,1,6,8,0.2670179584514649,1096,11,0.8884502877862838,1
602,1,6,11,0.7675191756912743,1359,11,0.8884502877862838,1
514,1,6,7,0.7038553520517211,1256,11,0.8884502877862838,1
452,1,6,8,0.8272040103533554,1226,11,0.8884502877862838,1
465,1,6,8,0.7436452418264419,1251,11,0.0273721330556057,1
563,1,6,8,0.7078343410291932,1296,11,0.0273721330556057,1
519,1,6,7,0.0990490274759658,1270,11,0.8884502877862838,1
455,1,6,7,0.1078583993525819,1202,11,0.8884502877862838,1
553,1,6,7,0.1436693001498306,1204,11,0.8884502877862838,1
465,1,6,7,0.5176942640322055,1129,11,0.0273721330556057,1
541,1,6,7,0.0959214324201657,1211,11,0.9431945538974952,1
636,1,6,8,0.699876363074249,1260,11,0.9431945538974952,1
603,1,6,8,0.6760024292094166,1300,11,0.0273721330556057,1
463,1,6,11,0.9474250735991896,1068,11,0.8884502877862838,1
576,1,6,7,0.4889899472682291,1331,11,0.9431945538974952,1
542,1,6,11,0.3704716718657388,1174,11,0.8884502877862838,1
471,1,6,11,0.4770529803358129,1238,11,0.9431945538974952,1
513,1,6,7,0.0473221707688289,1136,11,0.9431945538974952,1
569,1,6,8,0.5694211207393426,1006,11,0.0273721330556057,1
582,1,6,8,0.2940194873720975,1082,11,0.8884502877862838,1
551,1,6,7,0.1746498180479352,1198,11,0.9431945538974952,1
570,1,6,8,0.377578255899011,1262,11,0.8884502877862838,1
509,1,6,11,0.0362365977580846,1150,11,0.8884502877862838,1
558,1,6,8,0.1078583993525819,1195,11,0.0273721330556057,1
434,1,6,11,0.4651160134033967,1128,11,0.9431945538974952,1
555,1,6,11,0.3068078482261857,1168,11,0.8884502877862838,1
653,1,6,11,0.3338093771468182,1268,11,0.9431945538974952,1
528,1,6,7,0.5964226496599752,1339,11,0.8884502877862838,1
662,1,6,11,0.6242755725022796,1199,11,0.8884502877862838,1
550,1,6,8,1.4678212357263594,1341,11,0.8884502877862838,1
427,1,6,8,0.8041814704101949,1178,11,0.0273721330556057,1
643,1,6,7,0.3616622999891227,1157,11,0.8884502877862838,1
652,1,6,8,0.803330076488523,1282,11,0.8884502877862838,1
534,1,6,11,0.1945447629352956,1157,11,0.9431945538974952,1
552,1,6,7,0.4102615616404595,1131,11,0.0273721330556057,1
460,1,6,11,0.1078583993525819,1165,11,0.8884502877862838,1
558,1,6,8,0.0075322809941081,1252,11,0.9431945538974952,1
391,1,6,7,0.0123626638932521,1189,11,0.8884502877862838,1
487,1,6,8,0.1556062670822468,1042,11,0.0273721330556057,1
478,1,6,11,0.1826077960028794,1209,11,0.8884502877862838,1
426,1,6,11,0.1269019503182704,1185,11,0.8884502877862838,1
451,1,6,8,0.6649168561986724,1156,11,0.8884502877862838,1
527,1,6,8,0.2104607188451839,1144,11,0.8884502877862838,1
560,1,6,7,0.8917192279145806,1057,11,0.9431945538974952,1
622,1,6,11,0.5566327598852544,1196,11,0.9431945538974952,1
610,1,6,8,0.7714981646687463,1270,11,0.9431945538974952,1
334,1,6,7,0.4699463963025407,991,11,0.0273721330556057,1
473,1,6,11,0.4062825726629875,1156,11,0.8884502877862838,1
565,1,6,11,0.7953720985335788,1239,11,0.0273721330556057,1
354,1,6,8,0.4381144844827641,1099,11,0.0273721330556057,1
480,1,6,7,0.1556062670822468,1162,11,0.9431945538974952,1
370,1,6,8,0.2590599804965208,1062,11,0.8884502877862838,1
553,1,6,7,0.2431440245866324,1167,11,0.8884502877862838,1
662,1,6,8,0.5446957929528382,1317,11,0.9431945538974952,1
537,1,6,7,0.8431199662632437,1400,11,0.0273721330556057,1
636,1,6,11,0.9943215474071824,1388,11,0.9431945538974952,1
402,1,6,8,0.6123386055698634,1217,11,0.0273721330556057,1
647,1,6,7,0.8470989552407158,1318,11,0.0273721330556057,1
415,1,6,8,0.3625136939107947,1110,11,0.9431945538974952,1
583,1,6,8,0.699876363074249,1322,11,0.0273721330556057,1
590,1,6,7,0.6640654622770004,1327,11,0.8884502877862838,1
488,1,6,8,0.6521284953445842,1246,11,0.8884502877862838,1
501,1,6,11,0.4850109582907571,1205,11,0.0273721330556057,1
349,1,6,7,0.597274043581647,1085,11,0.9431945538974952,1
519,1,6,11,0.6481495063671121,1216,11,0.9431945538974952,1
473,1,6,8,0.5495261758519822,1045,11,0.0273721330556057,1
528,1,6,11,0.5216732530096777,995,11,0.8884502877862838,1
432,1,6,7,0.1507758841831028,1211,11,0.9431945538974952,1
665,1,6,11,0.8272040103533554,1301,11,0.9431945538974952,1
452,1,6,11,0.3974732007863714,1096,11,0.8884502877862838,1
455,1,6,7,0.1905657739578236,1186,11,0.0273721330556057,1
391,1,6,11,0.1357113221948865,1083,11,0.8884502877862838,1
210,1,6,8,1.0429208090585194,1116,11,0.0273721330556057,1
531,1,6,11,0.4611370244259246,1220,11,0.8884502877862838,1
477,1,6,7,0.1229229613407983,1153,11,0.9431945538974952,1
608,1,6,8,0.0640895206003891,1133,11,0.8884502877862838,1
473,1,6,11,0.1467968952056307,1124,11,0.8884502877862838,1
630,1,6,7,0.7913931095561068,1300,11,0.0273721330556057,1
515,1,6,11,0.0999004213976378,1122,11,0.9431945538974952,1
528,1,6,11,0.7396662528489698,1334,11,0.0273721330556057,1
673,1,6,7,0.4133891566962597,1310,11,0.9431945538974952,1
576,1,6,11,0.2542295975973768,1297,11,0.9431945538974952,1
568,1,6,11,0.540716803975366,1313,11,0.0273721330556057,1
654,1,6,7,0.4690950023808687,1201,11,0.8884502877862838,1
521,1,6,8,1.081859304911568,1299,11,0.0273721330556057,1
474,1,6,7,0.5446957929528382,1172,11,0.0273721330556057,1
486,1,6,11,0.3974732007863714,1195,11,0.8884502877862838,1
494,1,6,11,1.0261534592269592,1423,11,0.8884502877862838,1
673,1,6,7,0.9505526686549896,1365,11,0.9431945538974952,1
503,1,6,7,0.214439707822656,1172,11,0.0273721330556057,1
558,1,6,8,0.3943456057305713,1267,11,0.9431945538974952,1
393,1,6,8,0.0282786198031404,1096,11,0.0273721330556057,1
536,1,6,11,0.5725487157951427,1307,11,0.8884502877862838,1
657,1,6,8,0.1755012119696072,1151,11,0.0273721330556057,1
488,1,6,7,0.0083836749157801,1135,11,0.8884502877862838,1
478,1,6,7,0.2343346527100163,1214,11,0.8884502877862838,1
455,1,6,7,0.7007277569959209,1071,11,0.0273721330556057,1
552,1,6,8,0.6410429223338399,1160,11,0.8884502877862838,1
438,1,6,11,0.3983245947080434,1156,11,0.0273721330556057,1
491,1,6,11,0.1715222229921351,1117,11,0.9431945538974952,1
528,1,6,8,0.0234482369039964,1222,11,0.9431945538974952,1
441,1,6,7,0.4173681456737318,1222,11,0.8884502877862838,1
507,1,6,7,0.5725487157951427,1272,11,0.9431945538974952,1
502,1,6,8,0.0402155867355567,1157,11,0.9431945538974952,1
455,1,6,11,0.2789549253838811,1233,11,0.8884502877862838,1
409,1,6,11,0.0959214324201657,1058,11,0.0273721330556057,1
453,1,6,8,0.5088848921555895,1269,11,0.0273721330556057,1
569,1,6,7,0.377578255899011,1209,11,0.9431945538974952,1
575,1,6,7,0.7953720985335788,1216,11,0.8884502877862838,1
513,1,6,8,0.2988498702712415,1104,11,0.0273721330556057,1
375,1,6,8,0.0353852038364127,1133,11,0.8884502877862838,1
315,1,6,11,0.0115112699715802,1081,11,0.9431945538974952,1
437,1,6,11,0.3417673551017623,1207,11,0.9431945538974952,1
463,1,6,11,0.2152911017443279,1186,11,0.8884502877862838,1
637,1,6,8,1.1176702057088168,1286,11,0.9431945538974952,1
533,1,6,7,0.9943215474071824,1373,11,0.0273721330556057,1
413,1,6,11,0.5017783081223173,1069,11,0.8884502877862838,1
545,1,0,5,0.0791540825886055,691,11,0.9431945538974952,1
499,1,0,8,0.0393641928138847,713,11,0.9431945538974952,1
470,1,0,5,0.3139144322594578,791,11,0.8884502877862838,1
470,1,0,8,0.1706708290704632,617,11,0.8884502877862838,1
453,1,0,5,0.0481735646905008,568,11,0.9431945538974952,1
305,1,0,5,0.1357113221948865,612,11,0.9431945538974952,1
491,1,0,8,0.2025027408902398,729,11,0.9431945538974952,1
407,1,0,5,0.1038794103751098,656,11,0.8884502877862838,1
493,1,0,5,0.1388389172506866,688,11,0.8884502877862838,1
415,1,0,5,0.2781035314622092,746,11,0.8884502877862838,1
359,1,0,8,0.1985237519127677,601,11,0.8884502877862838,1
382,1,0,5,0.2820825204396813,726,11,0.8884502877862838,1
440,1,0,5,0.0322576087806125,612,11,0.8884502877862838,1
452,1,0,5,0.4412420795385642,812,11,0.9431945538974952,1
473,1,0,8,0.1826077960028794,688,11,0.9431945538974952,1
507,1,0,5,0.1229229613407983,757,11,0.8884502877862838,1
436,1,0,5,0.3338093771468182,790,11,0.9431945538974952,1
414,1,0,5,0.0123626638932521,741,11,0.9431945538974952,1
403,1,0,5,0.1467968952056307,747,11,0.8884502877862838,1
481,1,0,8,0.0282786198031404,553,11,0.9431945538974952,1
426,1,0,5,0.1945447629352956,655,11,0.9431945538974952,1
543,1,0,5,0.1865867849803515,839,11,0.9431945538974952,1
460,1,0,5,0.1985237519127677,683,11,0.9431945538974952,1
465,1,0,8,0.0473221707688289,618,11,0.8884502877862838,1
586,1,0,5,0.1189439723633262,759,11,0.9431945538974952,1
475,1,0,5,0.0990490274759658,678,11,0.9431945538974952,1
411,1,0,5,0.2223976857776001,724,11,0.9431945538974952,1
528,1,0,5,0.3974732007863714,862,11,0.8884502877862838,1
584,1,0,5,0.3258513991918741,711,11,0.9431945538974952,1
386,1,0,8,0.0441945757130287,593,11,0.8884502877862838,1
356,1,0,5,0.3585347049333226,602,11,0.8884502877862838,1
402,1,0,5,0.1237743552624702,552,11,0.9431945538974952,1
391,1,0,8,0.1197953662849981,633,11,0.8884502877862838,1
549,1,0,8,0.0990490274759658,750,11,0.9431945538974952,1
448,1,0,5,0.7595611977363301,785,11,0.9431945538974952,1
418,1,0,8,0.1229229613407983,703,11,0.9431945538974952,1
297,1,0,5,0.270996947428937,475,11,0.8884502877862838,1
491,1,0,8,0.3537043220341786,765,11,0.8884502877862838,1
536,1,0,5,0.6242755725022796,950,11,0.9431945538974952,1
473,1,0,8,0.2462716196424326,850,11,0.8884502877862838,1
498,1,0,8,0.10700700543091,763,11,0.8884502877862838,1
495,1,0,5,0.6043806276149193,857,11,0.9431945538974952,1
446,1,0,8,0.2104607188451839,704,11,0.8884502877862838,1
569,1,0,8,0.2383136416874884,650,11,0.9431945538974952,1
349,1,0,5,0.2542295975973768,726,11,0.8884502877862838,1
433,1,0,5,0.540716803975366,857,11,0.9431945538974952,1
533,1,0,8,0.6004016386374472,768,11,0.8884502877862838,1
394,1,0,5,0.1547548731605749,685,11,0.8884502877862838,1
463,1,0,5,0.2621875755523209,697,11,0.9431945538974952,1
527,1,0,8,0.1348599282732145,758,11,0.8884502877862838,1
495,1,0,5,0.0640895206003891,620,11,0.9431945538974952,1
332,1,0,5,0.0083836749157801,683,11,0.9431945538974952,1
520,1,0,5,0.0950700384984938,684,11,0.9431945538974952,1
375,1,0,5,0.2113121127668558,616,11,0.9431945538974952,1
433,1,0,5,0.0274272258814685,724,11,0.8884502877862838,1
434,1,0,8,0.2741245424847371,734,11,0.8884502877862838,1
461,1,0,8,0.1030280164534379,716,11,0.8884502877862838,1
446,1,0,5,0.3028288592487136,620,11,0.9431945538974952,1
474,1,0,8,0.004404685938308,662,11,0.9431945538974952,1
579,1,0,8,0.5128638811330616,898,11,0.9431945538974952,1
422,1,0,5,0.2940194873720975,769,11,0.9431945538974952,1
350,1,0,5,0.2383136416874884,607,11,0.8884502877862838,1
528,1,0,5,0.3895152228314272,795,11,0.8884502877862838,1
523,1,0,8,0.1786288070254073,795,11,0.8884502877862838,1
487,1,0,8,0.0154902589490523,628,11,0.9431945538974952,1
416,1,0,8,0.0163416528707242,623,11,0.9431945538974952,1
331,1,0,8,0.0521525536679729,533,11,0.9431945538974952,1
581,1,0,8,0.2582085865748488,769,11,0.8884502877862838,1
407,1,0,8,0.4651160134033967,799,11,0.9431945538974952,1
337,1,0,5,0.2232490796992721,718,11,0.8884502877862838,1
680,1,0,8,0.2621875755523209,718,11,0.9431945538974952,1
393,1,0,8,0.0990490274759658,639,11,0.8884502877862838,1
445,1,0,8,0.0123626638932521,625,11,0.8884502877862838,1
397,1,0,8,0.2781035314622092,715,11,0.8884502877862838,1
438,1,0,8,0.0234482369039964,669,11,0.9431945538974952,1
537,1,0,5,0.2940194873720975,871,11,0.8884502877862838,1
458,1,0,5,0.4611370244259246,793,11,0.9431945538974952,1
311,1,0,8,0.1755012119696072,624,11,0.8884502877862838,1
543,1,0,5,0.2781035314622092,718,11,0.8884502877862838,1
419,1,0,8,0.055280148723773,632,11,0.8884502877862838,1
484,1,0,5,0.055280148723773,668,11,0.9431945538974952,1
447,1,0,8,0.2223976857776001,709,11,0.9431945538974952,1
424,1,0,5,0.1388389172506866,768,11,0.8884502877862838,1
372,1,0,5,0.1030280164534379,624,11,0.9431945538974952,1
432,1,0,5,0.2303556637325443,728,11,0.8884502877862838,1
376,1,0,8,0.0513011597463009,627,11,0.9431945538974952,1
545,1,0,8,0.4054311787413155,660,11,0.9431945538974952,1
419,1,0,8,0.0640895206003891,623,11,0.9431945538974952,1
528,1,0,8,0.1706708290704632,757,11,0.8884502877862838,1
460,1,0,5,0.1547548731605749,728,11,0.9431945538974952,1
467,1,0,8,0.0751750936111334,639,11,0.8884502877862838,1
398,1,0,5,0.0075322809941081,715,11,0.8884502877862838,1
538,1,0,5,0.2025027408902398,790,11,0.8884502877862838,1
490,1,0,8,0.2979984763495695,840,11,0.8884502877862838,1
459,1,0,5,0.1158163773075261,570,11,0.9431945538974952,1
528,1,0,8,0.1308809392957424,725,11,0.8884502877862838,1
492,1,0,5,0.4014521897638435,696,11,0.9431945538974952,1
443,1,0,8,0.2025027408902398,791,11,0.8884502877862838,1
437,1,0,8,0.0672171156561892,648,11,0.8884502877862838,1
490,1,0,8,0.0751750936111334,616,11,0.9431945538974952,1
415,1,0,5,0.1436693001498306,684,11,0.9431945538974952,1
380,1,0,5,0.0871120605435496,708,11,0.9431945538974952,1
417,1,0,5,0.2940194873720975,707,11,0.8884502877862838,1
454,1,0,5,0.1109859944083821,641,11,0.9431945538974952,1
481,1,0,8,0.266166564529793,597,11,0.9431945538974952,1
447,1,0,5,0.2383136416874884,693,11,0.9431945538974952,1
472,1,0,5,0.1516272781047747,677,11,0.9431945538974952,1
480,1,0,8,0.0314062148589406,596,11,0.8884502877862838,1
534,1,0,5,0.6004016386374472,812,11,0.8884502877862838,1
529,1,0,8,0.1348599282732145,718,11,0.8884502877862838,1
511,1,0,5,0.0314062148589406,662,11,0.9431945538974952,1
435,1,0,8,0.3178934212369299,766,11,0.9431945538974952,1
453,1,0,5,0.5049059031781175,741,11,0.8884502877862838,1
359,1,0,5,0.0950700384984938,652,11,0.8884502877862838,1
429,1,0,8,0.0075322809941081,721,11,0.8884502877862838,1
405,1,0,5,0.214439707822656,849,11,0.8884502877862838,1
626,1,0,8,0.5009269142006454,845,11,0.9431945538974952,1
417,1,0,8,0.2422926306649605,734,11,0.8884502877862838,1
415,1,0,8,0.0083836749157801,757,11,0.8884502877862838,1
511,1,0,8,0.004404685938308,725,11,0.8884502877862838,1
625,1,0,5,0.4611370244259246,914,11,0.9431945538974952,1
375,1,0,8,0.1428179062281586,777,11,0.9431945538974952,1
517,1,0,8,0.2502506086199046,739,11,0.8884502877862838,1
566,1,0,5,0.3537043220341786,931,11,0.9431945538974952,1
396,1,0,5,0.0831330715660775,698,11,0.8884502877862838,1
566,1,0,5,0.4651160134033967,774,11,0.9431945538974952,1
507,1,0,8,0.3497253330567065,607,11,0.9431945538974952,1
481,1,0,8,0.4173681456737318,754,11,0.9431945538974952,1
465,1,0,8,0.0242996308256684,660,11,0.9431945538974952,1
589,1,0,8,0.2860615094171533,696,11,0.9431945538974952,1
532,1,0,5,0.1945447629352956,702,11,0.8884502877862838,1
402,1,0,8,0.0791540825886055,652,11,0.8884502877862838,1
482,1,0,8,0.0513011597463009,717,11,0.8884502877862838,1
532,1,0,8,0.0919424434426936,633,11,0.8884502877862838,1
525,1,0,5,0.1945447629352956,734,11,0.9431945538974952,1
397,1,0,8,0.2223976857776001,741,11,0.9431945538974952,1
387,1,0,8,0.3298303881693462,782,11,0.8884502877862838,1
378,1,0,8,0.1516272781047747,617,11,0.8884502877862838,1
570,1,0,5,0.3696202779440669,761,11,0.8884502877862838,1
571,1,0,5,0.2422926306649605,794,11,0.9431945538974952,1
347,1,0,5,0.2113121127668558,682,11,0.9431945538974952,1
356,1,0,8,0.056131542645445,669,11,0.9431945538974952,1
460,1,0,8,0.2422926306649605,705,11,0.8884502877862838,1
514,1,0,5,0.266166564529793,713,11,0.8884502877862838,1
475,1,0,5,0.1038794103751098,667,11,0.9431945538974952,1
437,1,0,8,0.2860615094171533,723,11,0.8884502877862838,1
440,1,0,8,0.1985237519127677,838,11,0.8884502877862838,1
586,1,0,5,0.5009269142006454,895,11,0.9431945538974952,1
384,1,0,5,0.0910910495210217,662,11,0.8884502877862838,1
569,1,0,8,0.2979984763495695,764,11,0.8884502877862838,1
425,1,0,5,0.1715222229921351,670,11,0.8884502877862838,1
427,1,0,8,0.214439707822656,739,11,0.9431945538974952,1
416,1,0,5,0.2383136416874884,782,11,0.9431945538974952,1
382,1,0,5,0.1556062670822468,601,11,0.9431945538974952,1
524,1,0,5,0.1149649833858541,793,11,0.8884502877862838,1
411,1,0,5,0.0910910495210217,651,11,0.9431945538974952,1
335,1,0,5,0.060110531622917,699,11,0.8884502877862838,1
473,1,0,8,0.2192700907218,626,11,0.9431945538974952,1
374,1,0,8,0.2462716196424326,730,11,0.9431945538974952,1
563,1,0,5,0.4810319693132849,744,11,0.8884502877862838,1
473,1,0,5,0.1945447629352956,693,11,0.8884502877862838,1
540,1,0,8,0.1786288070254073,757,11,0.8884502877862838,1
383,1,0,5,0.004404685938308,521,11,0.8884502877862838,1
377,1,0,5,0.1109859944083821,703,11,0.9431945538974952,1
447,1,0,8,0.0632381266787172,628,11,0.9431945538974952,1
530,1,0,5,0.214439707822656,680,11,0.8884502877862838,1
337,1,0,5,0.2422926306649605,710,11,0.9431945538974952,1
449,1,0,8,0.2741245424847371,763,11,0.8884502877862838,1
560,1,0,8,0.2422926306649605,752,11,0.8884502877862838,1
408,1,0,8,0.0990490274759658,618,11,0.9431945538974952,1
444,1,0,8,0.3377883661242903,736,11,0.9431945538974952,1
484,1,0,8,0.214439707822656,691,11,0.9431945538974952,1
429,1,0,5,0.2948708812937694,535,11,0.9431945538974952,1
414,1,0,5,0.1516272781047747,669,11,0.9431945538974952,1
371,1,0,8,0.0950700384984938,575,11,0.8884502877862838,1
501,1,0,8,0.1078583993525819,632,11,0.9431945538974952,1
499,1,0,8,0.2422926306649605,674,11,0.9431945538974952,1
524,1,0,8,0.0751750936111334,641,11,0.9431945538974952,1
407,1,0,5,0.3815572448764831,729,11,0.8884502877862838,1
329,1,0,8,0.004404685938308,667,11,0.8884502877862838,1
441,1,0,8,0.1746498180479352,796,11,0.9431945538974952,1
296,1,0,5,0.0839844654877495,539,11,0.9431945538974952,1
475,1,0,5,0.2184186968001281,753,11,0.8884502877862838,1
430,1,0,8,0.1865867849803515,628,11,0.8884502877862838,1
351,1,0,5,0.0871120605435496,616,11,0.9431945538974952,1
442,1,0,5,0.0163416528707242,689,11,0.9431945538974952,1
406,1,0,8,0.0680685095778612,661,11,0.8884502877862838,1
433,1,0,5,0.2104607188451839,691,11,0.9431945538974952,1
547,1,0,5,0.588464671705031,819,11,0.9431945538974952,1
360,1,0,8,0.0234482369039964,686,11,0.8884502877862838,1
331,1,0,8,0.1993751458344396,661,11,0.8884502877862838,1
459,1,0,5,0.0990490274759658,647,11,0.8884502877862838,1
334,1,0,8,0.0999004213976378,648,11,0.9431945538974952,1
458,1,0,8,0.0521525536679729,718,11,0.8884502877862838,1
462,1,0,5,0.2621875755523209,728,11,0.9431945538974952,1
544,1,0,8,0.373599266921539,805,11,0.9431945538974952,1
476,1,0,5,0.2741245424847371,714,11,0.8884502877862838,1
417,1,0,8,0.1993751458344396,534,11,0.8884502877862838,1
410,1,0,5,0.060110531622917,631,11,0.9431945538974952,1
400,1,0,5,0.1030280164534379,601,11,0.8884502877862838,1
437,1,0,5,0.0362365977580846,616,11,0.8884502877862838,1
457,1,0,8,0.3616622999891227,858,11,0.8884502877862838,1
454,1,0,8,0.1706708290704632,662,11,0.9431945538974952,1
491,1,0,8,0.1317323332174144,622,11,0.8884502877862838,1
459,1,0,5,0.0760264875328053,680,11,0.9431945538974952,1
387,1,0,8,0.0402155867355567,646,11,0.9431945538974952,1
493,1,0,8,0.5526537709077823,872,11,0.9431945538974952,1
519,1,0,8,0.2223976857776001,811,11,0.8884502877862838,1
548,1,0,8,0.3457463440792345,748,11,0.9431945538974952,1
424,1,0,8,0.0083836749157801,597,11,0.8884502877862838,1
694,1,0,5,0.2422926306649605,770,11,0.8884502877862838,1
476,1,0,5,0.2064817298677118,712,11,0.8884502877862838,1
475,1,0,8,0.1030280164534379,676,11,0.9431945538974952,1
464,1,0,5,0.4054311787413155,779,11,0.9431945538974952,1
454,1,0,5,0.10700700543091,629,11,0.9431945538974952,1
554,1,0,8,0.5208218590880057,836,11,0.8884502877862838,1
406,1,0,5,0.1428179062281586,668,11,0.9431945538974952,1
415,1,0,5,0.2502506086199046,747,11,0.9431945538974952,1
330,1,0,5,0.0362365977580846,652,11,0.8884502877862838,1
469,1,0,8,0.1666918400929911,743,11,0.9431945538974952,1
442,1,0,5,0.0720474985553333,627,11,0.9431945538974952,1
379,1,0,8,0.0203206418481963,603,11,0.9431945538974952,1
405,1,0,8,0.2232490796992721,473,11,0.8884502877862838,1
356,1,0,5,0.0473221707688289,589,11,0.9431945538974952,1
415,1,0,8,0.2621875755523209,741,11,0.9431945538974952,1
536,1,0,8,0.056131542645445,685,11,0.9431945538974952,1
420,1,0,8,0.0163416528707242,584,11,0.9431945538974952,1
437,1,0,5,0.0910910495210217,705,11,0.8884502877862838,1
463,1,0,8,0.1229229613407983,704,11,0.8884502877862838,1
341,1,0,8,0.0154902589490523,627,11,0.9431945538974952,1
462,1,0,8,0.10700700543091,685,11,0.9431945538974952,1
427,1,0,8,0.214439707822656,768,11,0.9431945538974952,1
396,1,0,5,0.0194692479265244,648,11,0.9431945538974952,1
344,1,0,8,0.0203206418481963,641,11,0.9431945538974952,1
455,1,0,5,0.1666918400929911,716,11,0.8884502877862838,1
405,1,0,8,0.2940194873720975,663,11,0.9431945538974952,1
452,1,0,8,0.111837388330054,674,11,0.8884502877862838,1
498,1,0,8,0.0282786198031404,603,11,0.8884502877862838,1
516,1,0,8,0.5168428701105336,794,11,0.9431945538974952,1
397,1,0,8,0.1149649833858541,632,11,0.8884502877862838,1
522,1,0,5,0.2820825204396813,753,11,0.9431945538974952,1
484,1,0,5,0.2064817298677118,707,11,0.8884502877862838,1
540,1,0,5,0.0632381266787172,722,11,0.9431945538974952,1
471,1,0,8,0.1865867849803515,753,11,0.9431945538974952,1
504,1,0,8,0.1158163773075261,561,11,0.9431945538974952,1
368,1,0,8,0.1149649833858541,659,11,0.8884502877862838,1
404,1,0,8,0.1348599282732145,622,11,0.8884502877862838,1
529,1,0,5,0.162712851115519,742,11,0.8884502877862838,1
433,1,0,8,0.540716803975366,788,11,0.9431945538974952,1
546,1,0,8,0.2073331237893838,525,11,0.9431945538974952,1
398,1,0,8,0.0282786198031404,643,11,0.8884502877862838,1
387,1,0,5,0.2670179584514649,560,11,0.9431945538974952,1
402,1,0,5,0.2232490796992721,700,11,0.9431945538974952,1
416,1,0,5,0.1507758841831028,813,11,0.9431945538974952,1
444,1,0,8,0.0314062148589406,680,11,0.9431945538974952,1
473,1,0,5,0.1666918400929911,619,11,0.9431945538974952,1
421,1,0,8,0.0592591377012451,771,11,0.9431945538974952,1
453,1,0,5,0.1985237519127677,651,11,0.9431945538974952,1
353,1,0,5,0.2383136416874884,736,11,0.8884502877862838,1
482,1,0,5,0.3338093771468182,754,11,0.9431945538974952,1
463,1,0,8,0.1706708290704632,770,11,0.8884502877862838,1
500,1,0,5,0.2303556637325443,697,11,0.8884502877862838,1
419,1,0,8,0.10700700543091,672,11,0.8884502877862838,1
558,1,0,5,0.1945447629352956,891,11,0.9431945538974952,1
559,1,0,5,0.1149649833858541,695,11,0.9431945538974952,1
413,1,0,8,0.1149649833858541,677,11,0.8884502877862838,1
439,1,0,5,0.1706708290704632,663,11,0.9431945538974952,1
608,1,0,8,0.5486747819303103,839,11,0.8884502877862838,1
559,1,0,8,0.1786288070254073,652,11,0.9431945538974952,1
413,1,0,5,0.1357113221948865,746,11,0.8884502877862838,1
354,1,0,5,0.0115112699715802,513,11,0.8884502877862838,1
497,1,0,8,0.060110531622917,640,11,0.8884502877862838,1
471,1,0,5,0.1308809392957424,600,11,0.9431945538974952,1
491,1,0,8,0.2223976857776001,788,11,0.8884502877862838,1
399,1,0,5,0.214439707822656,653,11,0.8884502877862838,1
483,1,0,5,0.0481735646905008,695,11,0.8884502877862838,1
448,1,0,8,0.1993751458344396,667,11,0.9431945538974952,1
312,1,0,8,0.060110531622917,621,11,0.9431945538974952,1
446,1,0,8,0.0123626638932521,655,11,0.9431945538974952,1
411,1,0,5,0.2104607188451839,639,11,0.8884502877862838,1
359,1,0,5,0.2232490796992721,603,11,0.9431945538974952,1
462,1,0,5,0.0592591377012451,693,11,0.9431945538974952,1
447,1,0,5,0.0513011597463009,609,11,0.9431945538974952,1
537,1,0,5,0.1348599282732145,655,11,0.9431945538974952,1
403,1,0,8,0.0274272258814685,540,11,0.8884502877862838,1
391,1,0,8,0.2860615094171533,735,11,0.9431945538974952,1
446,1,0,8,0.0234482369039964,672,11,0.8884502877862838,1
511,1,0,5,0.1229229613407983,679,11,0.8884502877862838,1
502,1,0,5,0.1149649833858541,722,11,0.8884502877862838,1
408,1,0,8,0.1038794103751098,583,11,0.9431945538974952,1
492,1,0,5,0.0513011597463009,693,11,0.8884502877862838,1
420,1,0,8,0.0035532920166361,610,11,0.9431945538974952,1
481,1,0,8,0.0441945757130287,674,11,0.9431945538974952,1
502,1,0,5,0.3934942118088994,752,11,0.9431945538974952,1
538,1,0,5,0.0950700384984938,659,11,0.9431945538974952,1
499,1,0,5,0.5725487157951427,793,11,0.9431945538974952,1
406,1,0,5,0.2073331237893838,660,11,0.8884502877862838,1
397,1,0,8,0.0393641928138847,654,11,0.8884502877862838,1
613,1,0,8,0.3895152228314272,876,11,0.9431945538974952,1
524,1,0,5,0.2184186968001281,763,11,0.8884502877862838,1
357,1,0,8,0.0990490274759658,703,11,0.9431945538974952,1
396,1,0,8,0.2940194873720975,792,11,0.9431945538974952,1
431,1,0,5,0.373599266921539,809,11,0.9431945538974952,1
554,1,0,8,0.3974732007863714,861,11,0.9431945538974952,1
405,1,0,5,0.1746498180479352,674,11,0.8884502877862838,1
528,1,0,5,0.2184186968001281,802,11,0.8884502877862838,1
522,1,0,8,0.0513011597463009,691,11,0.8884502877862838,1
437,1,0,8,0.1078583993525819,602,11,0.8884502877862838,1
443,1,0,8,0.2820825204396813,749,11,0.8884502877862838,1
569,1,0,8,0.4094101677187876,834,11,0.9431945538974952,1
472,1,0,5,0.3258513991918741,742,11,0.9431945538974952,1
531,1,0,8,0.1189439723633262,686,11,0.8884502877862838,1
434,1,0,5,0.1865867849803515,593,11,0.8884502877862838,1
418,1,0,8,0.1516272781047747,522,11,0.9431945538974952,1
441,1,0,8,0.0879634544652216,529,11,0.9431945538974952,1
435,1,0,5,0.1507758841831028,682,11,0.9431945538974952,1
492,1,0,5,0.0521525536679729,643,11,0.8884502877862838,1
346,1,0,8,0.0959214324201657,664,11,0.9431945538974952,1
498,1,0,5,0.4133891566962597,843,11,0.8884502877862838,1
437,1,0,8,0.0760264875328053,643,11,0.8884502877862838,1
393,1,0,5,0.0274272258814685,693,11,0.9431945538974952,1
517,1,0,5,0.4690950023808687,727,11,0.9431945538974952,1
380,1,0,8,0.0362365977580846,640,11,0.9431945538974952,1
499,1,0,5,0.3656412889665948,831,11,0.9431945538974952,1
413,1,0,5,0.3028288592487136,657,11,0.8884502877862838,1
469,1,0,5,0.1666918400929911,674,11,0.8884502877862838,1
408,1,0,8,0.0871120605435496,720,11,0.9431945538974952,1
342,1,0,8,0.2511020025415766,636,11,0.9431945538974952,1
445,1,0,8,0.3815572448764831,744,11,0.9431945538974952,1
496,1,0,5,0.2184186968001281,744,11,0.8884502877862838,1
473,1,0,8,0.3338093771468182,724,11,0.8884502877862838,1
499,1,0,5,0.4452210685160363,751,11,0.9431945538974952,1
401,1,0,8,0.0473221707688289,600,11,0.8884502877862838,1
501,1,0,8,0.0433431817913568,645,11,0.9431945538974952,1
422,1,0,5,0.2582085865748488,740,11,0.9431945538974952,1
420,1,0,8,0.0194692479265244,705,11,0.9431945538974952,1
304,1,0,5,0.0711961046336613,655,11,0.9431945538974952,1
439,1,0,8,0.10700700543091,575,11,0.9431945538974952,1
446,1,0,8,0.1507758841831028,671,11,0.9431945538974952,1
398,1,0,5,0.1874381789020234,604,11,0.8884502877862838,1
428,1,0,5,0.2223976857776001,741,11,0.8884502877862838,1
423,1,0,8,0.0751750936111334,627,11,0.9431945538974952,1
488,1,0,5,0.0203206418481963,611,11,0.9431945538974952,1
332,1,0,5,0.1197953662849981,574,11,0.8884502877862838,1
473,1,0,5,0.2900404983946254,789,11,0.8884502877862838,1
499,1,0,5,0.0879634544652216,595,11,0.8884502877862838,1
312,1,0,5,0.1467968952056307,636,11,0.8884502877862838,1
563,1,0,8,0.1109859944083821,650,11,0.9431945538974952,1
463,1,0,8,0.0004256969608359,775,11,0.8884502877862838,1
375,1,0,5,0.1436693001498306,600,11,0.9431945538974952,1
439,1,0,8,0.111837388330054,511,11,0.9431945538974952,1
366,1,0,8,0.0513011597463009,657,11,0.8884502877862838,1
598,1,0,5,0.1269019503182704,632,11,0.8884502877862838,1
226,2,0,10,1.1503535114502654,306,11,0.9431945538974952,1
96,2,0,5,1.4249037508958384,239,10,0.8884502877862838,1
237,2,0,10,0.9553830515541336,300,10,0.9431945538974952,1
168,1,0,5,1.030983842126103,303,11,0.8884502877862838,1
159,1,0,10,0.9514040625766615,317,10,0.8884502877862838,1
248,1,0,5,0.7683705696129463,311,11,0.9431945538974952,1
236,2,0,5,0.96732001848655,301,10,0.8884502877862838,1
156,2,0,5,1.675580056476579,258,11,0.9431945538974952,1
150,1,0,10,1.1981013791799302,296,10,0.9431945538974952,1
251,2,0,5,0.9275301287118292,301,11,0.9431945538974952,1
148,1,0,10,1.023025864171159,295,10,0.9431945538974952,1
213,1,0,5,0.963341029509078,304,11,0.8884502877862838,1
156,2,0,5,1.1662694673601537,295,10,0.8884502877862838,1
178,1,0,10,1.0548577759909357,303,10,0.8884502877862838,1
153,2,0,10,0.9832359743964384,302,11,0.9431945538974952,1
264,1,0,5,1.1503535114502654,291,10,0.8884502877862838,1
166,2,0,5,1.134437555540377,270,10,0.8884502877862838,1
285,1,0,5,1.186164412247514,279,10,0.8884502877862838,1
187,2,0,5,1.345323971346397,284,10,0.9431945538974952,1
179,2,0,5,1.1225005886079609,288,10,0.8884502877862838,1
274,1,0,10,0.971299007464022,292,10,0.8884502877862838,1
184,2,0,10,1.0667947429233515,302,10,0.9431945538974952,1
273,1,0,5,0.96732001848655,314,11,0.8884502877862838,1
142,2,0,5,1.3134920595266204,286,10,0.8884502877862838,1
269,2,0,10,1.0548577759909357,300,10,0.8884502877862838,1
200,2,0,10,1.182185423270042,294,11,0.8884502877862838,1
234,2,0,5,1.08271069883324,283,10,0.9431945538974952,1
106,2,0,10,1.5800843210172493,244,10,0.9431945538974952,1
223,1,0,10,0.6887907900635047,311,10,0.8884502877862838,1
157,2,0,5,1.1702484563376256,288,11,0.8884502877862838,1
145,2,0,5,0.8877402389371084,299,11,0.8884502877862838,1
105,2,0,10,1.186164412247514,288,11,0.9431945538974952,1
204,2,0,5,1.1583114894052096,290,10,0.8884502877862838,1
193,2,0,10,1.074752720878296,285,11,0.9431945538974952,1
197,2,0,5,0.8917192279145806,289,10,0.8884502877862838,1
336,2,0,10,0.7683705696129463,343,11,0.9431945538974952,1
220,1,0,10,1.1225005886079609,298,11,0.8884502877862838,1
307,2,0,10,0.7007277569959209,318,10,0.8884502877862838,1
261,2,0,5,1.0946476657656563,277,10,0.9431945538974952,1
239,1,0,5,0.863866305072276,317,10,0.8884502877862838,1
148,2,0,10,1.0508787870134637,298,11,0.9431945538974952,1
119,1,0,5,1.2697231807744276,272,11,0.9431945538974952,1
146,2,0,5,1.190143401224986,284,10,0.9431945538974952,1
124,2,0,10,1.4607146516930871,249,11,0.8884502877862838,1
175,2,0,10,1.0389418200810472,313,10,0.9431945538974952,1
252,1,0,10,0.9474250735991896,306,10,0.8884502877862838,1
316,2,0,5,0.8399923712074435,323,10,0.8884502877862838,1
187,2,0,10,1.030983842126103,296,11,0.9431945538974952,1
236,1,0,10,1.1981013791799302,304,11,0.9431945538974952,1
103,2,0,10,1.1662694673601537,277,11,0.9431945538974952,1
257,1,0,10,0.8161184373426111,302,10,0.9431945538974952,1
202,2,0,5,1.2498282358870672,291,11,0.9431945538974952,1
266,1,0,10,1.0389418200810472,316,11,0.9431945538974952,1
201,2,0,10,0.7444966357481138,321,11,0.8884502877862838,1
142,1,0,10,1.4885675745353917,266,11,0.8884502877862838,1
229,2,0,10,1.190143401224986,293,11,0.8884502877862838,1
236,1,0,10,0.971299007464022,296,10,0.9431945538974952,1
226,2,0,5,0.8320343932524994,320,10,0.9431945538974952,1
242,2,0,10,0.8917192279145806,295,10,0.8884502877862838,1
191,1,0,10,0.7683705696129463,321,10,0.8884502877862838,1
202,2,0,10,0.9235511397343572,311,11,0.9431945538974952,1
197,2,0,5,1.027004853148631,312,10,0.8884502877862838,1
187,2,0,5,1.3811348721436456,275,11,0.8884502877862838,1
207,2,0,5,1.046899798035991,286,11,0.9431945538974952,1
237,2,0,10,1.2140173350898185,289,11,0.9431945538974952,1
176,2,0,10,1.3771558831661737,275,11,0.9431945538974952,1
241,1,0,5,0.9553830515541336,305,10,0.8884502877862838,1
215,1,0,10,1.1105636216755446,271,10,0.8884502877862838,1
150,1,0,5,0.9036561948469968,301,10,0.9431945538974952,1
219,2,0,5,1.2020803681574024,277,11,0.9431945538974952,1
162,2,0,5,1.1463745224727933,285,11,0.8884502877862838,1
238,1,0,10,1.2657441917969554,298,11,0.9431945538974952,1
166,2,0,5,0.8718242830272201,290,11,0.8884502877862838,1
299,1,0,5,0.8877402389371084,296,10,0.9431945538974952,1
208,2,0,10,1.0429208090585194,283,10,0.8884502877862838,1
232,1,0,5,1.0110888972387428,307,11,0.9431945538974952,1
189,2,0,5,1.0548577759909357,303,10,0.8884502877862838,1
182,2,0,5,1.29359711463926,289,10,0.9431945538974952,1
193,1,0,10,1.190143401224986,293,10,0.8884502877862838,1
183,1,0,10,1.027004853148631,281,10,0.8884502877862838,1
228,1,0,5,1.0866896878107122,300,11,0.9431945538974952,1
187,1,0,10,1.0150678862162148,314,10,0.8884502877862838,1
201,1,0,5,1.1583114894052096,297,10,0.9431945538974952,1
235,1,0,10,1.1941223902024585,307,10,0.9431945538974952,1
200,1,0,10,0.9235511397343572,287,10,0.8884502877862838,1
246,2,0,10,1.1264795775854328,298,11,0.8884502877862838,1
197,1,0,10,0.9951729413288544,303,10,0.8884502877862838,1
163,1,0,5,1.2458492469095952,285,11,0.9431945538974952,1
142,2,0,10,1.0667947429233515,287,10,0.8884502877862838,1
194,2,0,5,0.752454613703058,297,10,0.8884502877862838,1
125,1,0,5,0.9434460846217176,301,10,0.9431945538974952,1
128,1,0,10,1.130458566562905,288,11,0.8884502877862838,1
144,2,0,10,1.1384165445178491,305,11,0.9431945538974952,1
142,2,0,10,1.0628157539458798,294,11,0.9431945538974952,1
150,2,0,10,1.3811348721436456,285,11,0.9431945538974952,1
205,2,0,5,1.1463745224727933,296,11,0.8884502877862838,1
181,1,0,10,0.5813580876717588,310,10,0.9431945538974952,1
246,1,0,5,1.019046875193687,308,11,0.9431945538974952,1
84,1,0,10,1.611916232837026,267,11,0.8884502877862838,1
253,1,0,5,0.859887316094804,300,11,0.9431945538974952,1
214,1,0,10,0.8360133822299715,324,11,0.9431945538974952,1
148,2,0,10,0.8519293381398598,310,11,0.9431945538974952,1
330,2,0,10,0.4619884183475966,333,11,0.8884502877862838,1
219,1,0,10,1.08271069883324,301,10,0.9431945538974952,1
221,1,0,5,0.7962234924552508,303,11,0.9431945538974952,1
176,2,0,10,1.3652189162337574,282,10,0.9431945538974952,1
213,2,0,10,1.1742274453150978,274,10,0.8884502877862838,1
241,2,0,5,0.6330849443788957,297,11,0.9431945538974952,1
296,2,0,10,0.7962234924552508,317,11,0.8884502877862838,1
198,1,0,10,1.1145426106530167,282,11,0.9431945538974952,1
151,1,0,5,1.253807224864539,282,10,0.9431945538974952,1
147,1,0,5,1.074752720878296,304,10,0.8884502877862838,1
165,1,0,5,0.8320343932524994,297,11,0.8884502877862838,1
357,2,0,10,1.4089877949859502,287,11,0.9431945538974952,1
219,1,0,10,0.8320343932524994,309,11,0.8884502877862838,1
172,1,0,10,0.9872149633739103,298,10,0.9431945538974952,1
237,1,0,10,0.9434460846217176,299,11,0.9431945538974952,1
182,1,0,5,1.3055340815716765,286,10,0.9431945538974952,1
131,2,0,5,1.1463745224727933,300,10,0.8884502877862838,1
170,1,0,10,0.9553830515541336,296,11,0.8884502877862838,1
183,2,0,5,1.2100383461123465,287,10,0.8884502877862838,1
199,2,0,10,0.96732001848655,304,10,0.9431945538974952,1
196,2,0,5,1.0508787870134637,318,10,0.8884502877862838,1
210,1,0,5,0.9911939523513824,306,11,0.9431945538974952,1
235,2,0,5,1.0628157539458798,325,11,0.8884502877862838,1
177,2,0,10,1.1463745224727933,294,10,0.9431945538974952,1
242,2,0,10,1.1225005886079609,287,11,0.9431945538974952,1
207,2,0,5,0.8360133822299715,308,11,0.9431945538974952,1
155,1,0,5,1.1264795775854328,301,11,0.9431945538974952,1
278,2,0,5,0.7683705696129463,329,10,0.9431945538974952,1
155,1,0,10,1.237891268954651,258,10,0.9431945538974952,1
135,2,0,10,0.9315091176893012,277,11,0.9431945538974952,1
211,2,0,10,1.2100383461123465,291,10,0.8884502877862838,1
165,1,0,10,1.3254290264590365,283,11,0.8884502877862838,1
267,1,0,10,1.0866896878107122,292,10,0.8884502877862838,1
174,1,0,10,1.0667947429233515,310,10,0.8884502877862838,1
197,2,0,10,1.2020803681574024,314,11,0.9431945538974952,1
271,1,0,10,1.2697231807744276,279,11,0.8884502877862838,1
304,1,0,5,0.8837612499596363,321,11,0.9431945538974952,1
209,1,0,10,0.8996772058695247,302,11,0.8884502877862838,1
228,1,0,5,0.8718242830272201,320,11,0.9431945538974952,1
216,1,0,5,1.1384165445178491,304,10,0.9431945538974952,1
187,2,0,10,0.9991519303063264,290,10,0.9431945538974952,1
188,1,0,10,0.8559083271173319,299,10,0.8884502877862838,1
175,1,0,10,1.2219753130447626,290,11,0.9431945538974952,1
215,1,0,10,1.027004853148631,287,10,0.9431945538974952,1
218,1,0,5,0.9593620405316058,293,10,0.8884502877862838,1
178,2,0,5,0.7604125916580021,298,10,0.8884502877862838,1
114,2,0,5,1.1225005886079609,258,11,0.9431945538974952,1
277,1,0,5,0.9514040625766615,292,10,0.9431945538974952,1
275,1,0,5,0.9951729413288544,304,10,0.9431945538974952,1
280,1,0,5,0.8519293381398598,300,10,0.8884502877862838,1
161,2,0,10,1.2140173350898185,277,11,0.8884502877862838,1
147,2,0,10,1.1185215996304887,275,10,0.9431945538974952,1
189,1,0,10,1.3294080154365089,289,10,0.9431945538974952,1
286,1,0,10,0.9076351838244688,299,10,0.8884502877862838,1
296,2,0,5,0.9593620405316058,296,10,0.9431945538974952,1
309,1,0,5,0.8439713601849157,319,11,0.9431945538974952,1
166,2,0,5,1.0150678862162148,275,11,0.8884502877862838,1
109,1,0,10,1.560189376129889,267,11,0.8884502877862838,1
135,1,0,10,0.9593620405316058,291,11,0.8884502877862838,1
193,2,0,10,0.9951729413288544,289,11,0.9431945538974952,1
96,2,0,10,1.3652189162337574,275,10,0.9431945538974952,1
269,1,0,5,1.1145426106530167,316,11,0.9431945538974952,1
211,2,0,10,0.7643915806354742,314,10,0.8884502877862838,1
174,1,0,5,1.2776811587293715,271,11,0.8884502877862838,1
141,1,0,5,1.0866896878107122,283,10,0.8884502877862838,1
168,1,0,5,0.9553830515541336,314,10,0.8884502877862838,1
717,6,5,5,0.1874381789020234,758,6,0.9431945538974952,1
648,6,5,5,0.0393641928138847,820,6,0.9431945538974952,1
840,6,5,5,0.2781035314622092,909,6,1.804272708628173,1
668,6,5,3,0.4381144844827641,596,6,0.9431945538974952,1
603,6,5,5,0.2670179584514649,726,6,0.9431945538974952,1
597,6,5,3,0.2232490796992721,661,6,0.9431945538974952,1
581,6,5,3,0.4182195395954037,651,6,0.9431945538974952,1
563,6,5,3,0.5137152750547335,602,6,0.9431945538974952,1
498,6,5,5,0.5813580876717588,594,6,1.804272708628173,1
730,6,5,3,0.0203206418481963,716,6,0.9431945538974952,1
514,6,5,3,0.3346607710684902,641,6,1.804272708628173,1
660,6,5,3,0.3505767269783785,698,6,0.9431945538974952,1
790,6,5,5,0.0322576087806125,773,6,0.9431945538974952,1
637,6,5,5,0.5614631427843984,625,6,1.804272708628173,1
553,6,5,5,0.2073331237893838,745,6,0.9431945538974952,1
711,6,5,5,0.4062825726629875,585,6,1.804272708628173,1
565,6,5,5,0.4580094293701244,638,6,0.9431945538974952,1
666,6,5,5,0.5057572970997893,562,6,1.804272708628173,1
572,6,5,3,0.6211479774464795,616,6,1.804272708628173,1
621,6,5,5,0.2232490796992721,674,6,1.804272708628173,1
680,6,5,3,0.2789549253838811,698,6,0.9431945538974952,1
722,6,5,3,0.2908918923162973,703,6,1.804272708628173,1
579,6,5,3,0.3147658261811298,637,6,0.9431945538974952,1
696,6,5,3,0.1786288070254073,852,6,1.804272708628173,1
595,6,5,5,0.4261775175503479,768,6,0.9431945538974952,1
723,6,5,5,0.2351860466316883,684,6,1.804272708628173,1
666,6,5,3,0.163564245037191,734,6,0.9431945538974952,1
664,6,5,5,0.0999004213976378,701,6,0.9431945538974952,1
686,6,5,3,0.2590599804965208,673,6,1.804272708628173,1
676,6,5,5,0.2542295975973768,816,6,0.9431945538974952,1
559,6,5,3,0.4420934734602362,629,6,0.9431945538974952,1
587,6,5,5,0.0322576087806125,687,6,1.804272708628173,1
629,6,5,5,0.4062825726629875,629,6,0.9431945538974952,1
845,6,5,5,0.0592591377012451,792,6,0.9431945538974952,1
701,6,5,3,0.4062825726629875,732,6,1.804272708628173,1
539,6,5,3,0.2948708812937694,767,6,1.804272708628173,1
603,6,5,5,0.4381144844827641,657,6,1.804272708628173,1
633,6,5,3,0.0393641928138847,797,6,0.9431945538974952,1
520,6,5,3,0.5216732530096777,711,6,0.9431945538974952,1
677,6,5,5,0.2789549253838811,629,6,0.9431945538974952,1
625,6,5,5,0.4381144844827641,592,6,1.804272708628173,1
737,6,5,3,0.055280148723773,829,6,1.804272708628173,1
873,6,5,5,0.1993751458344396,717,6,0.9431945538974952,1
486,6,5,5,0.2073331237893838,767,6,0.9431945538974952,1
598,6,5,3,0.0959214324201657,670,6,1.804272708628173,1
722,6,5,3,0.0123626638932521,708,6,1.804272708628173,1
747,6,5,3,0.5137152750547335,630,6,0.9431945538974952,1
553,6,5,5,0.3386397600459622,684,6,0.9431945538974952,1
846,6,5,5,0.0362365977580846,747,6,1.804272708628173,1
622,6,5,3,0.2948708812937694,646,6,1.804272708628173,1
698,6,5,5,0.3664926828882667,679,6,0.9431945538974952,1
888,6,5,3,0.0004256969608359,815,6,0.9431945538974952,1
692,6,5,3,0.2033541348119117,629,6,1.804272708628173,1
679,6,5,3,0.1834591899245513,711,6,1.804272708628173,1
548,6,5,3,0.434135495505292,698,6,0.9431945538974952,1
479,6,5,3,0.3028288592487136,711,6,1.804272708628173,1
592,6,5,5,0.1715222229921351,756,6,1.804272708628173,1
593,6,5,3,0.0879634544652216,768,6,1.804272708628173,1
762,6,5,5,0.2511020025415766,730,6,0.9431945538974952,1
625,6,5,5,0.3386397600459622,685,6,1.804272708628173,1
629,6,5,3,0.378429649820683,552,6,1.804272708628173,1
699,6,5,3,0.4062825726629875,700,6,1.804272708628173,1
656,6,5,3,0.1953961568569676,693,6,1.804272708628173,1
744,6,5,3,0.2391650356091604,647,6,1.804272708628173,1
641,6,5,3,0.1715222229921351,778,6,0.9431945538974952,1
589,6,5,5,0.163564245037191,694,6,0.9431945538974952,1
648,6,5,5,0.2272280686767442,681,6,0.9431945538974952,1
821,6,5,3,0.0919424434426936,656,6,1.804272708628173,1
777,6,5,5,0.3068078482261857,686,6,1.804272708628173,1
611,6,5,3,0.0274272258814685,715,6,0.9431945538974952,1
617,6,5,5,0.3545557159558505,687,6,1.804272708628173,1
618,6,5,3,0.3585347049333226,778,6,1.804272708628173,1
511,6,5,3,0.1755012119696072,666,6,0.9431945538974952,1
690,6,5,3,0.0521525536679729,722,6,0.9431945538974952,1
584,6,5,5,0.3863876277756271,617,6,1.804272708628173,1
621,6,5,5,0.3863876277756271,614,6,0.9431945538974952,1
660,6,5,5,0.3346607710684902,688,6,1.804272708628173,1
617,6,5,3,0.1834591899245513,803,6,0.9431945538974952,1
430,6,5,5,0.1993751458344396,615,6,0.9431945538974952,1
736,6,5,5,0.3346607710684902,616,6,0.9431945538974952,1
481,6,5,3,0.4540304403926524,647,6,1.804272708628173,1
641,6,5,5,0.3903666167530992,691,6,0.9431945538974952,1
735,6,5,3,0.4062825726629875,647,6,0.9431945538974952,1
767,6,5,3,0.1755012119696072,706,6,1.804272708628173,1
601,6,5,3,0.3147658261811298,721,6,0.9431945538974952,1
634,6,5,3,0.378429649820683,649,6,0.9431945538974952,1
581,6,5,3,0.3426187490234343,723,6,1.804272708628173,1
698,6,5,3,0.0760264875328053,660,6,0.9431945538974952,1
771,6,5,3,0.1834591899245513,724,6,0.9431945538974952,1
589,6,5,3,0.2471230135641045,766,6,1.804272708628173,1
778,6,5,5,0.1158163773075261,728,6,0.9431945538974952,1
439,6,5,3,0.4818833632349569,667,6,0.9431945538974952,1
723,6,5,5,0.1277533442399423,720,6,0.9431945538974952,1
443,6,5,5,0.4779043742574848,637,6,0.9431945538974952,1
627,6,5,3,0.5614631427843984,660,6,0.9431945538974952,1
825,6,5,3,0.1158163773075261,821,6,0.9431945538974952,1
533,6,5,3,0.4580094293701244,708,6,1.804272708628173,1
780,6,5,3,0.1476482891273027,836,6,0.9431945538974952,1
629,6,5,3,0.1357113221948865,697,6,0.9431945538974952,1
516,6,5,5,0.2869129033388253,634,6,0.9431945538974952,1
652,6,5,5,0.3386397600459622,633,6,1.804272708628173,1
725,6,5,3,0.0083836749157801,704,6,0.9431945538974952,1
710,6,5,5,0.1914171678794955,794,6,1.804272708628173,1
797,6,5,5,0.2113121127668558,698,6,1.804272708628173,1
611,6,5,3,0.4540304403926524,650,6,0.9431945538974952,1
610,6,5,5,0.2272280686767442,656,6,0.9431945538974952,1
822,6,5,3,0.0751750936111334,832,6,0.9431945538974952,1
395,6,5,5,0.5097362860772614,548,6,1.804272708628173,1
872,6,5,5,0.1078583993525819,715,6,0.9431945538974952,1
627,6,5,3,0.4659674073250686,662,6,0.9431945538974952,1
634,6,5,3,0.541568197897038,639,6,1.804272708628173,1
648,6,5,3,0.4102615616404595,645,6,1.804272708628173,1
658,6,5,3,0.2232490796992721,712,6,0.9431945538974952,1
748,6,5,5,0.4182195395954037,651,6,0.9431945538974952,1
707,6,5,5,0.5137152750547335,598,6,0.9431945538974952,1
735,6,5,5,0.3625136939107947,614,6,0.9431945538974952,1
728,6,5,5,0.0791540825886055,882,6,0.9431945538974952,1
654,6,5,5,0.1715222229921351,755,6,0.9431945538974952,1
764,6,5,3,0.1794802009470793,797,6,0.9431945538974952,1
520,6,5,5,0.1516272781047747,658,6,0.9431945538974952,1
584,6,5,5,0.4659674073250686,628,6,0.9431945538974952,1
616,6,5,3,0.0035532920166361,744,6,1.804272708628173,1
445,6,5,3,0.5574841538069263,498,6,0.9431945538974952,1
564,6,5,5,0.1794802009470793,613,6,0.9431945538974952,1
467,6,5,5,0.4420934734602362,607,6,1.804272708628173,1
541,6,5,3,0.2391650356091604,645,6,1.804272708628173,1
639,6,5,5,0.2869129033388253,738,6,0.9431945538974952,1
756,6,5,5,0.3585347049333226,673,6,0.9431945538974952,1
710,6,5,3,0.2391650356091604,761,6,0.9431945538974952,1
585,6,5,3,0.2829339143613532,657,6,1.804272708628173,1
515,6,5,5,0.7086857349508652,509,6,1.804272708628173,1
653,6,5,5,0.0800054765102774,802,6,0.9431945538974952,1
704,6,5,5,0.2908918923162973,699,6,0.9431945538974952,1
709,6,5,5,0.2232490796992721,702,6,1.804272708628173,1
572,6,5,3,0.4460724624377082,575,6,0.9431945538974952,1
659,6,5,3,0.3147658261811298,589,6,1.804272708628173,1
618,6,5,3,0.5694211207393426,582,6,0.9431945538974952,1
709,6,5,5,0.1715222229921351,718,6,0.9431945538974952,1
570,6,5,3,0.2869129033388253,663,6,0.9431945538974952,1
801,6,5,3,0.0083836749157801,783,6,0.9431945538974952,1
589,6,5,3,0.378429649820683,631,6,0.9431945538974952,1
633,6,5,3,0.0393641928138847,781,6,1.804272708628173,1
591,6,5,3,0.4500514514151803,639,6,0.9431945538974952,1
720,6,5,5,0.3545557159558505,695,6,0.9431945538974952,1
642,6,5,5,0.4500514514151803,698,6,1.804272708628173,1
673,6,5,3,0.2550809915190487,734,6,0.9431945538974952,1
587,6,5,3,0.0274272258814685,734,6,1.804272708628173,1
839,6,5,5,0.1396903111723585,757,6,1.804272708628173,1
752,6,5,3,0.2590599804965208,721,6,0.9431945538974952,1
628,6,5,3,0.2789549253838811,670,6,0.9431945538974952,1
624,6,5,3,0.3346607710684902,645,6,0.9431945538974952,1
575,6,5,5,0.434135495505292,557,6,0.9431945538974952,1
589,6,5,3,0.3147658261811298,646,6,1.804272708628173,1
897,6,5,3,0.2223976857776001,703,6,1.804272708628173,1
693,6,5,5,0.4261775175503479,651,6,1.804272708628173,1
817,6,5,3,0.0959214324201657,797,6,0.9431945538974952,1
704,6,5,5,0.3465977380009064,629,6,1.804272708628173,1
860,6,5,3,0.4261775175503479,731,6,1.804272708628173,1
687,6,5,3,0.0760264875328053,831,6,1.804272708628173,1
575,6,5,5,0.5614631427843984,654,6,0.9431945538974952,1
790,6,5,3,0.3068078482261857,678,6,1.804272708628173,1
655,6,5,5,0.1953961568569676,686,6,1.804272708628173,1
709,6,5,5,0.4182195395954037,731,6,0.9431945538974952,1
586,6,5,3,0.2113121127668558,696,6,0.9431945538974952,1
614,6,5,5,0.3585347049333226,552,6,1.804272708628173,1
462,6,5,5,0.3545557159558505,690,6,1.804272708628173,1
649,6,5,5,0.3227238041360739,626,6,1.804272708628173,1
640,6,5,3,0.3903666167530992,657,6,1.804272708628173,1
813,6,5,3,0.2630389694739928,739,6,1.804272708628173,1
554,6,5,3,0.3465977380009064,648,6,0.9431945538974952,1
777,6,5,3,0.0959214324201657,687,6,0.9431945538974952,1
756,6,5,3,0.1149649833858541,782,6,1.804272708628173,1
438,6,5,3,0.378429649820683,640,6,1.804272708628173,1
662,6,5,3,0.1993751458344396,624,6,0.9431945538974952,1
647,6,5,3,0.1794802009470793,720,6,0.9431945538974952,1
546,6,5,3,0.5734001097168147,604,6,1.804272708628173,1
675,6,5,5,0.1794802009470793,779,6,1.804272708628173,1
551,6,5,3,0.0959214324201657,638,6,1.804272708628173,1
598,6,5,5,0.3903666167530992,631,6,0.9431945538974952,1
490,6,5,5,0.5057572970997893,653,6,0.9431945538974952,1
578,6,5,5,0.2073331237893838,696,6,1.804272708628173,1
652,6,5,3,0.1715222229921351,768,6,0.9431945538974952,1
728,6,5,3,0.378429649820683,739,6,0.9431945538974952,1
533,6,5,3,0.3664926828882667,653,6,1.804272708628173,1
634,6,5,5,0.274975936406409,701,6,0.9431945538974952,1
675,6,5,5,0.2391650356091604,828,6,0.9431945538974952,1
507,6,5,3,0.0990490274759658,761,6,1.804272708628173,1
793,6,5,5,0.1715222229921351,714,6,1.804272708628173,1
643,6,5,3,0.3346607710684902,693,6,0.9431945538974952,1
688,6,5,3,0.1476482891273027,814,6,0.9431945538974952,1
652,6,5,3,0.2789549253838811,636,6,0.9431945538974952,1
600,6,5,3,0.3903666167530992,610,6,0.9431945538974952,1
772,6,5,3,0.1595852560597189,754,6,0.9431945538974952,1
527,6,5,5,0.3585347049333226,660,6,0.9431945538974952,1
508,6,5,5,0.3625136939107947,663,6,0.9431945538974952,1
650,6,5,5,0.1993751458344396,683,6,0.9431945538974952,1
642,6,5,3,0.1755012119696072,748,6,0.9431945538974952,1
683,6,5,3,0.5694211207393426,584,6,0.9431945538974952,1
773,6,5,3,0.4023035836855154,650,6,1.804272708628173,1
565,6,5,3,0.2113121127668558,808,6,1.804272708628173,1
702,6,5,5,0.3465977380009064,676,6,1.804272708628173,1
515,6,5,3,0.5893160656267029,655,6,1.804272708628173,1
551,6,5,3,0.2869129033388253,645,6,0.9431945538974952,1
596,6,5,3,0.0680685095778612,826,6,1.804272708628173,1
710,6,5,5,0.7126647239283372,635,6,0.9431945538974952,1
603,6,5,3,0.3505767269783785,623,6,1.804272708628173,1
762,6,5,3,0.0194692479265244,769,6,1.804272708628173,1
642,6,5,3,0.0402155867355567,787,6,1.804272708628173,1
699,6,5,5,0.0075322809941081,749,6,0.9431945538974952,1
725,6,5,5,0.5535051648294542,599,6,1.804272708628173,1
797,6,5,5,0.1834591899245513,749,6,0.9431945538974952,1
565,6,5,3,0.2630389694739928,730,6,1.804272708628173,1
615,6,5,5,0.3346607710684902,694,6,1.804272708628173,1
552,6,5,3,0.1476482891273027,669,6,1.804272708628173,1
860,6,5,3,0.1277533442399423,834,6,1.804272708628173,1
711,6,5,3,0.0999004213976378,784,6,0.9431945538974952,1
570,6,5,3,0.3187448151586018,680,6,0.9431945538974952,1
589,6,5,5,0.2113121127668558,546,6,1.804272708628173,1
593,6,5,3,0.3187448151586018,629,6,0.9431945538974952,1
731,6,5,3,0.2312070576542162,648,6,0.9431945538974952,1
588,6,5,5,0.3028288592487136,637,6,1.804272708628173,1
769,6,5,5,0.1428179062281586,776,6,1.804272708628173,1
789,6,5,5,0.1547548731605749,869,6,1.804272708628173,1
760,6,5,5,0.0959214324201657,756,6,0.9431945538974952,1
804,6,5,5,0.3465977380009064,745,6,1.804272708628173,1
686,6,5,3,0.2431440245866324,698,6,0.9431945538974952,1
579,6,5,3,0.3465977380009064,613,6,1.804272708628173,1
567,6,5,5,0.5694211207393426,625,6,0.9431945538974952,1
723,6,5,3,0.2829339143613532,712,6,0.9431945538974952,1
500,6,5,5,0.3068078482261857,615,6,0.9431945538974952,1
566,6,5,3,0.4261775175503479,598,6,0.9431945538974952,1
530,6,5,3,0.2908918923162973,761,6,0.9431945538974952,1
548,6,5,5,0.4381144844827641,580,6,1.804272708628173,1
487,6,5,3,0.4261775175503479,591,6,1.804272708628173,1
397,6,5,3,0.6410429223338399,505,6,1.804272708628173,1
735,6,5,3,0.1914171678794955,746,6,1.804272708628173,1
802,6,5,3,0.1595852560597189,822,6,0.9431945538974952,1
754,6,5,5,0.1993751458344396,677,6,1.804272708628173,1
769,6,5,5,0.1715222229921351,860,6,0.9431945538974952,1
645,6,5,5,0.1834591899245513,799,6,1.804272708628173,1
680,6,5,3,0.1317323332174144,718,6,0.9431945538974952,1
722,6,5,3,0.3386397600459622,642,6,0.9431945538974952,1
692,6,5,3,0.5694211207393426,690,6,0.9431945538974952,1
704,6,5,5,0.0441945757130287,828,6,1.804272708628173,1
624,6,5,3,0.2152911017443279,729,6,0.9431945538974952,1
724,6,5,5,0.0242996308256684,780,6,1.804272708628173,1
742,6,5,5,0.0839844654877495,655,6,0.9431945538974952,1
535,6,5,5,0.4381144844827641,552,6,0.9431945538974952,1
717,6,5,3,0.3346607710684902,733,6,0.9431945538974952,1
588,6,5,3,0.434135495505292,663,6,0.9431945538974952,1
580,6,5,5,0.326702793113546,652,6,1.804272708628173,1
623,6,5,5,0.0999004213976378,704,6,0.9431945538974952,1
433,6,5,3,0.6092110105140632,488,6,1.804272708628173,1
764,6,5,5,0.1396903111723585,829,6,1.804272708628173,1
523,6,5,5,0.2789549253838811,668,6,1.804272708628173,1
571,6,5,5,0.3068078482261857,717,6,0.9431945538974952,1
688,6,5,5,0.0760264875328053,695,6,0.9431945538974952,1
926,6,5,3,0.0521525536679729,729,6,0.9431945538974952,1
875,6,5,3,0.0242996308256684,884,6,0.9431945538974952,1
611,6,5,5,0.6450219113113119,618,6,0.9431945538974952,1
579,6,5,3,0.2312070576542162,632,6,1.804272708628173,1
664,6,5,5,0.2550809915190487,770,6,1.804272708628173,1
502,6,5,5,0.5097362860772614,608,6,0.9431945538974952,1
850,6,5,5,0.0234482369039964,816,6,0.9431945538974952,1
682,6,5,3,0.1149649833858541,753,6,0.9431945538974952,1
900,6,5,5,0.0234482369039964,783,6,1.804272708628173,1
655,6,5,3,0.6052320215365912,723,6,0.9431945538974952,1
740,6,5,3,0.111837388330054,741,6,0.9431945538974952,1
517,6,5,3,0.5097362860772614,609,6,1.804272708628173,1
548,6,5,3,0.4619884183475966,602,6,1.804272708628173,1
711,6,5,5,0.1078583993525819,788,6,0.9431945538974952,1
620,6,5,3,0.4818833632349569,597,6,0.9431945538974952,1
521,6,5,3,0.1516272781047747,725,6,1.804272708628173,1
641,6,5,3,0.5535051648294542,638,6,1.804272708628173,1
608,6,5,3,0.2272280686767442,791,6,0.9431945538974952,1
737,6,5,5,0.0640895206003891,736,6,1.804272708628173,1
733,6,5,3,0.4062825726629875,579,6,1.804272708628173,1
746,6,5,5,0.0919424434426936,852,6,1.804272708628173,1
619,6,5,3,0.1993751458344396,727,6,0.9431945538974952,1
733,6,5,5,0.0322576087806125,752,6,0.9431945538974952,1
495,6,5,5,0.5137152750547335,584,6,1.804272708628173,1
646,6,5,3,0.4818833632349569,579,6,0.9431945538974952,1
588,6,5,3,0.2550809915190487,709,6,0.9431945538974952,1
512,6,5,5,0.3744506608432109,607,6,1.804272708628173,1
526,6,5,3,0.167543234014663,752,6,0.9431945538974952,1
578,6,5,3,0.5296312309646218,584,6,1.804272708628173,1
571,6,5,5,0.2312070576542162,632,6,1.804272708628173,1
753,6,5,5,0.0242996308256684,738,6,0.9431945538974952,1
778,6,5,5,0.0640895206003891,778,6,0.9431945538974952,1
569,6,5,5,0.3068078482261857,628,6,0.9431945538974952,1
651,6,5,5,0.060110531622917,721,6,1.804272708628173,1
623,6,5,3,0.0203206418481963,862,6,0.9431945538974952,1
512,6,5,5,0.270996947428937,640,6,1.804272708628173,1
687,6,5,3,0.1317323332174144,779,6,0.9431945538974952,1
567,6,5,5,0.2073331237893838,756,6,0.9431945538974952,1
604,6,5,5,0.4182195395954037,616,6,0.9431945538974952,1
717,6,5,3,0.0362365977580846,751,6,0.9431945538974952,1
716,6,5,3,0.0839844654877495,727,6,0.9431945538974952,1
521,6,5,5,0.3983245947080434,648,6,1.804272708628173,1
683,6,5,3,0.1794802009470793,774,6,1.804272708628173,1
860,6,5,3,0.0800054765102774,857,6,1.804272708628173,1
692,6,5,5,0.6171689884690075,572,6,0.9431945538974952,1
668,6,5,3,0.4977993191448452,549,6,0.9431945538974952,1
747,6,5,3,0.4540304403926524,675,6,1.804272708628173,1
652,6,5,3,0.0481735646905008,858,6,1.804272708628173,1
852,6,5,3,0.0521525536679729,840,6,0.9431945538974952,1
562,6,5,5,0.4142405506179316,606,6,1.804272708628173,1
726,6,5,5,0.060110531622917,758,6,1.804272708628173,1
596,6,5,3,0.2908918923162973,574,6,0.9431945538974952,1
775,6,5,5,0.2113121127668558,784,6,1.804272708628173,1
646,6,5,5,0.5654421317618704,618,6,1.804272708628173,1
910,6,5,5,0.1874381789020234,804,6,1.804272708628173,1
589,6,5,5,0.2908918923162973,720,6,0.9431945538974952,1
768,6,5,5,0.2630389694739928,743,6,0.9431945538974952,1
576,6,5,3,0.1357113221948865,746,6,0.9431945538974952,1
694,6,5,5,0.2471230135641045,721,6,1.804272708628173,1
501,6,5,5,0.4142405506179316,711,6,0.9431945538974952,1
693,6,5,5,0.1229229613407983,867,6,1.804272708628173,1
782,6,5,5,0.4023035836855154,676,6,1.804272708628173,1
661,6,5,5,0.4977993191448452,683,6,1.804272708628173,1
695,6,5,5,0.2033541348119117,799,6,1.804272708628173,1
702,6,5,3,0.326702793113546,606,6,0.9431945538974952,1
648,6,5,5,0.2988498702712415,550,6,0.9431945538974952,1
716,6,5,5,0.0083836749157801,757,6,1.804272708628173,1
670,6,5,5,0.3625136939107947,669,6,0.9431945538974952,1
691,6,5,3,0.0521525536679729,822,6,0.9431945538974952,1
615,6,5,3,0.1396903111723585,762,6,0.9431945538974952,1
738,6,5,5,0.0919424434426936,749,6,0.9431945538974952,1
582,6,5,3,0.2113121127668558,766,6,1.804272708628173,1
473,6,5,5,0.3465977380009064,589,6,1.804272708628173,1
657,6,5,5,0.163564245037191,717,6,1.804272708628173,1
718,6,5,3,0.0800054765102774,768,6,1.804272708628173,1
517,6,5,5,0.4301565065278199,613,6,1.804272708628173,1
659,6,5,3,0.2869129033388253,623,6,0.9431945538974952,1
817,6,5,3,0.0919424434426936,740,6,0.9431945538974952,1
716,6,5,3,0.1237743552624702,706,6,0.9431945538974952,1
665,6,5,5,0.4301565065278199,696,6,0.9431945538974952,1
595,6,5,5,0.060110531622917,776,6,0.9431945538974952,1
633,6,5,3,0.6131899994915354,569,6,0.9431945538974952,1
516,6,5,3,0.434135495505292,624,6,1.804272708628173,1
524,6,5,5,0.5336102199420939,631,6,1.804272708628173,1
640,6,5,5,0.3943456057305713,701,6,1.804272708628173,1
469,6,5,5,0.7723495585904183,548,6,0.9431945538974952,1
820,6,5,5,0.0720474985553333,822,6,1.804272708628173,1
721,6,5,3,0.1030280164534379,758,6,1.804272708628173,1
490,6,5,5,0.593295054604175,664,6,0.9431945538974952,1
515,6,5,5,0.2232490796992721,687,6,0.9431945538974952,1
666,6,5,3,0.0314062148589406,830,6,0.9431945538974952,1
595,6,5,3,0.3187448151586018,648,6,0.9431945538974952,1
684,6,5,5,0.1993751458344396,722,6,0.9431945538974952,1
654,6,5,5,0.1755012119696072,744,6,0.9431945538974952,1
702,6,5,3,0.5216732530096777,652,6,0.9431945538974952,1
642,6,5,3,0.1755012119696072,747,6,0.9431945538974952,1
453,0,0,5,0.4221985285728758,531,6,0.9431945538974952,1
482,0,1,5,0.2391650356091604,613,6,0.8884502877862838,1
482,2,0,5,0.5097362860772614,594,12,0.9431945538974952,1
600,6,0,11,0.163564245037191,575,12,0.8884502877862838,1
504,6,0,5,0.382408638798155,597,12,0.8884502877862838,1
579,0,0,5,0.1078583993525819,628,12,0.8884502877862838,1
540,0,0,11,0.3625136939107947,562,12,0.9431945538974952,1
524,2,0,11,0.2391650356091604,566,12,0.9431945538974952,1
600,0,0,11,0.0632381266787172,682,6,0.9431945538974952,1
582,2,0,11,0.3147658261811298,582,12,0.8884502877862838,1
381,2,1,5,0.4739253852800127,551,12,0.8884502877862838,1
443,6,0,11,0.6330849443788957,532,12,0.8884502877862838,1
708,6,0,5,0.1388389172506866,700,6,0.9431945538974952,1
538,0,1,11,0.2908918923162973,640,12,0.9431945538974952,1
534,0,0,11,0.378429649820683,591,6,0.9431945538974952,1
512,0,1,11,0.5336102199420939,546,12,0.8884502877862838,1
485,6,0,11,0.1237743552624702,613,12,0.8884502877862838,1
510,0,1,5,0.270996947428937,603,12,0.8884502877862838,1
489,0,1,5,0.6171689884690075,579,6,0.9431945538974952,1
715,6,1,11,0.0433431817913568,641,6,0.9431945538974952,1
542,2,0,11,0.270996947428937,593,12,0.9431945538974952,1
575,2,0,5,0.1476482891273027,592,6,0.8884502877862838,1
669,6,1,11,0.1914171678794955,673,12,0.8884502877862838,1
607,6,0,11,0.1516272781047747,618,12,0.8884502877862838,1
651,2,1,11,0.0640895206003891,676,6,0.9431945538974952,1
638,6,0,11,0.0115112699715802,655,12,0.8884502877862838,1
683,0,1,11,0.0800054765102774,638,6,0.8884502877862838,1
626,6,0,11,0.2232490796992721,630,6,0.9431945538974952,1
585,0,1,5,0.1993751458344396,618,6,0.8884502877862838,1
602,0,1,11,0.1595852560597189,631,6,0.8884502877862838,1
500,2,0,5,0.382408638798155,592,12,0.8884502877862838,1
492,0,0,5,0.7285806798382255,486,12,0.9431945538974952,1
619,2,1,5,0.1158163773075261,624,6,0.9431945538974952,1
673,6,1,5,0.0481735646905008,673,6,0.9431945538974952,1
600,6,1,11,0.1038794103751098,539,6,0.9431945538974952,1
523,6,0,11,0.3664926828882667,593,12,0.8884502877862838,1
570,2,0,11,0.1993751458344396,596,12,0.9431945538974952,1
492,6,1,11,0.2948708812937694,592,12,0.8884502877862838,1
625,0,1,11,0.1158163773075261,681,6,0.9431945538974952,1
550,6,0,11,0.4062825726629875,569,12,0.8884502877862838,1
486,0,1,11,0.3704716718657388,535,12,0.8884502877862838,1
644,2,1,5,0.2232490796992721,647,12,0.9431945538974952,1
555,2,1,11,0.2550809915190487,548,12,0.9431945538974952,1
593,2,0,11,0.2113121127668558,588,12,0.8884502877862838,1
457,0,0,11,0.4580094293701244,559,12,0.8884502877862838,1
536,2,0,11,0.3744506608432109,517,6,0.9431945538974952,1
634,2,1,5,0.0640895206003891,606,12,0.9431945538974952,1
665,2,1,5,0.0163416528707242,682,12,0.8884502877862838,1
603,6,1,5,0.2670179584514649,643,6,0.9431945538974952,1
647,0,0,11,0.2948708812937694,644,12,0.9431945538974952,1
507,0,0,11,0.3585347049333226,547,12,0.8884502877862838,1
579,6,1,5,0.326702793113546,600,12,0.8884502877862838,1
529,6,0,5,0.4142405506179316,595,12,0.9431945538974952,1
553,2,1,5,0.2550809915190487,595,6,0.9431945538974952,1
622,0,1,11,0.1237743552624702,654,6,0.8884502877862838,1
664,2,0,5,0.2272280686767442,602,6,0.9431945538974952,1
561,6,0,5,0.3187448151586018,571,12,0.8884502877862838,1
533,0,0,11,0.1030280164534379,618,6,0.8884502877862838,1
615,6,0,11,0.0513011597463009,692,6,0.9431945538974952,1
630,2,0,5,0.2948708812937694,600,12,0.9431945538974952,1
535,6,0,5,0.537589208919566,516,6,0.9431945538974952,1
569,2,0,5,0.4261775175503479,584,6,0.9431945538974952,1
615,6,0,5,0.167543234014663,668,12,0.9431945538974952,1
514,0,0,11,0.2272280686767442,616,6,0.8884502877862838,1
557,6,0,11,0.1794802009470793,615,12,0.8884502877862838,1
491,6,1,5,0.2431440245866324,624,6,0.8884502877862838,1
613,6,1,5,0.4460724624377082,524,6,0.8884502877862838,1
565,6,1,11,0.0879634544652216,681,12,0.8884502877862838,1
621,6,1,11,0.2948708812937694,572,6,0.8884502877862838,1
403,0,1,5,0.6370639333563678,523,6,0.9431945538974952,1
499,2,1,11,0.055280148723773,686,6,0.9431945538974952,1
479,6,1,11,0.4142405506179316,593,12,0.8884502877862838,1
594,6,0,11,0.0879634544652216,587,6,0.8884502877862838,1
592,2,1,11,0.2431440245866324,536,6,0.8884502877862838,1
535,0,0,5,0.6171689884690075,539,12,0.9431945538974952,1
501,6,0,5,0.0919424434426936,573,12,0.8884502877862838,1
627,6,1,5,0.1467968952056307,682,12,0.9431945538974952,1
492,6,0,5,0.3465977380009064,593,12,0.9431945538974952,1
561,6,1,11,0.3068078482261857,563,12,0.9431945538974952,1
577,6,1,11,0.3068078482261857,604,12,0.9431945538974952,1
501,6,1,5,0.3147658261811298,633,6,0.9431945538974952,1
521,6,0,5,0.378429649820683,594,6,0.9431945538974952,1
557,2,1,5,0.3983245947080434,634,12,0.9431945538974952,1
510,0,0,5,0.4102615616404595,613,6,0.8884502877862838,1
447,0,0,5,0.3903666167530992,534,6,0.9431945538974952,1
640,6,1,11,0.0680685095778612,675,12,0.8884502877862838,1
507,2,0,11,0.4221985285728758,616,12,0.9431945538974952,1
514,2,0,5,0.2789549253838811,567,6,0.9431945538974952,1
483,2,0,5,0.1476482891273027,616,6,0.8884502877862838,1
540,6,0,11,0.7126647239283372,596,12,0.8884502877862838,1
411,2,1,11,0.434135495505292,484,12,0.8884502877862838,1
554,6,1,5,0.4261775175503479,588,6,0.9431945538974952,1
638,2,0,11,0.1317323332174144,588,6,0.8884502877862838,1
579,2,0,5,0.0163416528707242,636,12,0.9431945538974952,1
564,0,1,5,0.274975936406409,603,6,0.9431945538974952,1
492,6,1,11,0.3545557159558505,567,6,0.8884502877862838,1
503,2,1,5,0.4977993191448452,564,6,0.9431945538974952,1
620,2,1,5,0.1595852560597189,615,6,0.8884502877862838,1
606,2,1,5,0.1158163773075261,734,12,0.8884502877862838,1
604,2,0,5,0.0640895206003891,558,6,0.9431945538974952,1
601,0,0,11,0.0242996308256684,664,12,0.8884502877862838,1
506,6,0,5,0.4938203301673731,534,12,0.8884502877862838,1
569,6,0,5,0.0154902589490523,562,12,0.8884502877862838,1
570,6,1,11,0.5296312309646218,560,6,0.8884502877862838,1
483,2,0,5,0.1078583993525819,592,6,0.9431945538974952,1
481,2,1,11,0.4182195395954037,546,6,0.8884502877862838,1
700,6,1,11,0.0242996308256684,620,12,0.8884502877862838,1
560,2,1,5,0.1556062670822468,657,6,0.9431945538974952,1
617,0,1,11,0.2192700907218,655,12,0.8884502877862838,1
619,2,0,11,0.0433431817913568,713,12,0.9431945538974952,1
621,2,0,11,0.0680685095778612,667,12,0.9431945538974952,1
595,2,1,5,0.3028288592487136,648,6,0.9431945538974952,1
558,2,0,11,0.1993751458344396,621,12,0.9431945538974952,1
600,2,0,11,0.3943456057305713,599,12,0.8884502877862838,1
587,6,0,11,0.1428179062281586,694,12,0.8884502877862838,1
605,6,0,11,0.1038794103751098,623,6,0.9431945538974952,1
530,2,1,11,0.4779043742574848,544,12,0.9431945538974952,1
570,0,0,11,0.2908918923162973,577,12,0.8884502877862838,1
537,0,1,11,0.4977993191448452,599,12,0.8884502877862838,1
502,0,1,5,0.3465977380009064,634,12,0.9431945538974952,1
634,2,0,11,0.1436693001498306,646,12,0.8884502877862838,1
595,6,1,5,0.163564245037191,600,6,0.8884502877862838,1
563,0,0,11,0.1794802009470793,637,12,0.9431945538974952,1
514,0,1,5,0.2033541348119117,585,12,0.9431945538974952,1
587,2,0,11,0.326702793113546,629,12,0.9431945538974952,1
607,6,1,11,0.2471230135641045,631,12,0.8884502877862838,1
514,2,0,11,0.3386397600459622,588,6,0.8884502877862838,1
562,2,0,11,0.1953961568569676,590,12,0.9431945538974952,1
555,0,0,11,0.3625136939107947,609,6,0.8884502877862838,1
450,0,1,5,0.5097362860772614,545,12,0.8884502877862838,1
481,0,1,5,0.2908918923162973,606,6,0.8884502877862838,1
531,0,1,11,0.2789549253838811,521,12,0.8884502877862838,1
421,2,0,11,0.3625136939107947,527,6,0.8884502877862838,1
551,0,0,5,0.3744506608432109,565,6,0.8884502877862838,1
637,2,1,11,0.0163416528707242,568,6,0.8884502877862838,1
588,6,0,5,0.2312070576542162,576,6,0.9431945538974952,1
641,2,0,11,0.0999004213976378,642,12,0.9431945538974952,1
543,0,0,11,0.4938203301673731,552,12,0.9431945538974952,1
600,6,0,5,0.3505767269783785,513,12,0.8884502877862838,1
549,2,1,5,0.5694211207393426,574,6,0.8884502877862838,1
596,6,0,11,0.5495261758519822,563,6,0.8884502877862838,1
489,6,1,11,0.0441945757130287,627,6,0.8884502877862838,1
691,6,1,5,0.270996947428937,623,6,0.9431945538974952,1
511,0,0,11,0.0282786198031404,586,12,0.9431945538974952,1
483,6,1,11,0.0999004213976378,542,6,0.8884502877862838,1
469,0,0,5,0.3426187490234343,578,6,0.9431945538974952,1
515,2,1,5,0.2272280686767442,627,12,0.8884502877862838,1
667,2,1,5,0.2590599804965208,616,12,0.9431945538974952,1
534,2,1,5,0.2590599804965208,575,12,0.9431945538974952,1
486,2,0,11,0.5097362860772614,563,12,0.8884502877862838,1
567,2,1,11,0.0800054765102774,654,6,0.8884502877862838,1
554,6,0,5,0.0362365977580846,592,12,0.8884502877862838,1
510,2,1,5,0.5694211207393426,540,12,0.8884502877862838,1
549,6,1,11,0.4261775175503479,572,6,0.8884502877862838,1
564,0,0,11,0.2391650356091604,614,6,0.8884502877862838,1
592,2,1,5,0.1826077960028794,630,6,0.8884502877862838,1
573,6,1,11,0.3744506608432109,585,12,0.9431945538974952,1
426,6,1,5,0.2630389694739928,558,12,0.9431945538974952,1
572,2,0,5,0.1834591899245513,645,6,0.8884502877862838,1
655,2,1,5,0.0720474985553333,623,12,0.8884502877862838,1
696,2,1,5,0.111837388330054,626,6,0.9431945538974952,1
543,0,1,5,0.3306817820910181,557,12,0.9431945538974952,1
676,2,1,5,0.1953961568569676,683,12,0.8884502877862838,1
449,0,1,11,0.6330849443788957,573,12,0.9431945538974952,1
604,6,1,5,0.0521525536679729,624,12,0.8884502877862838,1
508,2,0,5,0.3346607710684902,640,6,0.8884502877862838,1
575,2,1,5,0.4261775175503479,526,12,0.9431945538974952,1
586,0,0,5,0.2351860466316883,580,6,0.8884502877862838,1
408,0,0,5,0.6410429223338399,538,6,0.8884502877862838,1
558,6,0,5,0.2113121127668558,591,12,0.8884502877862838,1
417,6,0,11,0.5893160656267029,522,6,0.9431945538974952,1
484,2,1,11,0.2471230135641045,616,6,0.9431945538974952,1
572,0,1,11,0.1277533442399423,635,12,0.8884502877862838,1
658,6,1,11,0.1746498180479352,652,6,0.8884502877862838,1
514,6,1,11,0.2073331237893838,565,6,0.9431945538974952,1
612,2,0,11,0.3983245947080434,567,6,0.8884502877862838,1
492,0,1,5,0.2670179584514649,633,12,0.9431945538974952,1
504,0,1,5,0.5336102199420939,503,12,0.9431945538974952,1
541,2,0,11,0.2988498702712415,584,6,0.8884502877862838,1
544,2,0,5,0.1149649833858541,689,6,0.8884502877862838,1
519,2,0,5,0.4023035836855154,615,6,0.9431945538974952,1
528,0,0,11,0.378429649820683,594,12,0.8884502877862838,1
661,0,1,5,0.0640895206003891,622,12,0.9431945538974952,1
517,0,1,11,0.4818833632349569,590,6,0.8884502877862838,1
530,0,1,11,0.3903666167530992,615,12,0.9431945538974952,1
587,2,1,11,0.2152911017443279,623,12,0.9431945538974952,1
658,6,1,5,0.056131542645445,612,12,0.8884502877862838,1
591,0,0,11,0.1755012119696072,638,6,0.9431945538974952,1
549,6,0,5,0.2351860466316883,583,6,0.9431945538974952,1
627,6,1,11,0.3227238041360739,614,12,0.8884502877862838,1
524,0,1,5,0.2272280686767442,596,6,0.8884502877862838,1
691,6,0,11,0.0004256969608359,605,12,0.9431945538974952,1
527,6,1,5,0.0083836749157801,619,12,0.9431945538974952,1
538,6,1,5,0.3028288592487136,559,6,0.9431945538974952,1
494,0,1,11,0.3545557159558505,516,12,0.9431945538974952,1
579,2,1,11,0.0035532920166361,667,12,0.9431945538974952,1
551,0,1,11,0.0194692479265244,610,12,0.9431945538974952,1
542,6,1,5,0.1237743552624702,643,12,0.9431945538974952,1
478,2,1,5,0.378429649820683,577,12,0.9431945538974952,1
516,2,1,11,0.4977993191448452,524,6,0.9431945538974952,1
596,0,0,11,0.1556062670822468,632,12,0.9431945538974952,1
583,2,1,11,0.270996947428937,587,6,0.9431945538974952,1
493,2,1,5,0.6967487680184489,522,6,0.8884502877862838,1
554,0,0,5,0.5256522419871498,580,6,0.9431945538974952,1
530,0,1,5,0.2630389694739928,629,6,0.8884502877862838,1
443,6,1,5,0.5296312309646218,511,6,0.9431945538974952,1
539,6,1,11,0.3903666167530992,590,6,0.8884502877862838,1
571,2,1,5,0.0115112699715802,610,12,0.9431945538974952,1
643,6,0,11,0.0441945757130287,587,12,0.9431945538974952,1
499,0,0,5,0.3227238041360739,527,12,0.9431945538974952,1
592,6,0,11,0.2471230135641045,607,12,0.9431945538974952,1
454,6,0,5,0.2232490796992721,545,12,0.8884502877862838,1
590,2,1,11,0.3187448151586018,606,12,0.8884502877862838,1
422,0,0,5,0.2948708812937694,575,6,0.8884502877862838,1
525,2,0,5,0.0314062148589406,655,6,0.9431945538974952,1
592,0,0,11,0.2431440245866324,576,6,0.9431945538974952,1
410,2,1,5,0.7086857349508652,464,12,0.8884502877862838,1
491,0,1,11,0.3943456057305713,542,6,0.9431945538974952,1
430,2,1,11,0.4659674073250686,601,6,0.8884502877862838,1
601,0,0,5,0.1277533442399423,617,6,0.8884502877862838,1
601,0,0,5,0.2232490796992721,627,12,0.9431945538974952,1
533,6,1,5,0.3346607710684902,580,12,0.9431945538974952,1
616,2,0,5,0.6808328121085606,490,6,0.9431945538974952,1
532,6,0,5,0.378429649820683,578,12,0.8884502877862838,1
630,0,0,11,0.3386397600459622,607,12,0.9431945538974952,1
652,6,1,11,0.270996947428937,624,6,0.9431945538974952,1
643,0,1,11,0.0322576087806125,663,12,0.9431945538974952,1
530,2,0,11,0.5216732530096777,521,12,0.9431945538974952,1
632,2,0,11,0.1109859944083821,714,12,0.9431945538974952,1
555,2,1,5,0.3505767269783785,610,12,0.8884502877862838,1
550,6,1,11,0.378429649820683,562,12,0.9431945538974952,1
689,2,0,11,0.0720474985553333,644,6,0.8884502877862838,1
643,2,0,11,0.0473221707688289,724,12,0.9431945538974952,1
485,2,1,5,0.3465977380009064,587,12,0.9431945538974952,1
469,6,1,5,0.4739253852800127,524,12,0.8884502877862838,1
571,6,1,11,0.0402155867355567,596,6,0.8884502877862838,1
529,2,1,5,0.2670179584514649,576,6,0.8884502877862838,1
453,2,0,5,0.808160459387667,377,6,0.8884502877862838,1
550,0,0,5,0.2073331237893838,517,12,0.9431945538974952,1
584,6,1,11,0.1078583993525819,643,12,0.9431945538974952,1
523,2,0,11,0.3386397600459622,609,12,0.9431945538974952,1
492,6,0,11,0.0203206418481963,610,12,0.8884502877862838,1
622,6,0,5,0.3943456057305713,613,12,0.9431945538974952,1
457,2,1,11,0.3107868372036577,603,6,0.8884502877862838,1
565,6,0,5,0.2232490796992721,627,12,0.8884502877862838,1
641,6,0,11,0.1874381789020234,615,6,0.9431945538974952,1
501,2,0,5,0.3505767269783785,568,12,0.9431945538974952,1
654,2,1,11,0.1834591899245513,564,6,0.9431945538974952,1
518,2,1,5,0.0680685095778612,651,6,0.9431945538974952,1
652,6,1,5,0.2948708812937694,591,12,0.8884502877862838,1
573,6,1,11,0.2073331237893838,589,12,0.9431945538974952,1
501,0,1,11,0.5057572970997893,537,6,0.9431945538974952,1
472,0,0,11,0.3704716718657388,583,6,0.9431945538974952,1
518,6,1,11,0.4102615616404595,604,6,0.8884502877862838,1
645,6,1,11,0.3306817820910181,650,12,0.9431945538974952,1
484,0,0,11,0.5097362860772614,526,12,0.9431945538974952,1
500,0,0,11,0.382408638798155,543,12,0.9431945538974952,1
538,0,0,11,0.1038794103751098,603,12,0.9431945538974952,1
620,2,1,11,0.1277533442399423,580,12,0.8884502877862838,1
538,6,1,11,0.3147658261811298,576,12,0.9431945538974952,1
552,0,0,11,0.1556062670822468,581,12,0.9431945538974952,1
525,0,1,5,0.4023035836855154,575,6,0.9431945538974952,1
641,6,0,11,0.2232490796992721,634,12,0.8884502877862838,1
561,0,0,5,0.004404685938308,588,12,0.9431945538974952,1
694,6,0,11,0.1237743552624702,649,6,0.9431945538974952,1
561,6,1,5,0.167543234014663,576,12,0.9431945538974952,1
575,6,0,11,0.1953961568569676,615,6,0.8884502877862838,1
407,0,0,11,0.6131899994915354,554,6,0.8884502877862838,1
543,2,1,5,0.3664926828882667,572,6,0.9431945538974952,1
496,2,0,11,0.4062825726629875,570,12,0.9431945538974952,1
550,0,0,5,0.0441945757130287,617,6,0.8884502877862838,1
515,6,0,5,0.378429649820683,572,12,0.9431945538974952,1
419,2,1,5,0.4818833632349569,557,6,0.8884502877862838,1
584,0,0,11,0.0720474985553333,631,6,0.9431945538974952,1
421,6,1,11,0.3585347049333226,609,12,0.8884502877862838,1
494,0,1,11,0.6569588782437281,542,6,0.9431945538974952,1
529,6,1,5,0.2630389694739928,583,12,0.9431945538974952,1
564,2,1,5,0.378429649820683,575,12,0.8884502877862838,1
471,2,0,11,0.2630389694739928,570,6,0.8884502877862838,1
370,2,0,11,0.6728748341536165,465,6,0.8884502877862838,1
541,2,1,11,0.2152911017443279,630,12,0.8884502877862838,1
527,0,0,5,0.3187448151586018,553,12,0.8884502877862838,1
487,2,0,5,0.3028288592487136,592,6,0.8884502877862838,1
694,0,1,11,0.0672171156561892,632,6,0.8884502877862838,1
628,0,0,11,0.0521525536679729,616,12,0.9431945538974952,1
624,2,1,11,0.0521525536679729,715,6,0.9431945538974952,1
654,2,1,5,0.163564245037191,648,6,0.9431945538974952,1
595,2,1,11,0.2025027408902398,639,6,0.8884502877862838,1
494,6,0,5,0.4540304403926524,563,12,0.9431945538974952,1
551,6,0,5,0.3068078482261857,565,12,0.9431945538974952,1
635,2,1,5,0.2471230135641045,636,6,0.8884502877862838,1
526,6,1,5,0.111837388330054,653,12,0.9431945538974952,1
633,0,0,5,0.0115112699715802,655,12,0.8884502877862838,1
549,0,1,11,0.6569588782437281,532,6,0.9431945538974952,1
505,2,0,11,0.2431440245866324,572,6,0.9431945538974952,1
572,0,0,11,0.2590599804965208,596,6,0.8884502877862838,1
652,2,0,11,0.0163416528707242,627,12,0.9431945538974952,1
581,6,1,11,0.4779043742574848,517,12,0.9431945538974952,1
535,6,1,5,0.4261775175503479,555,6,0.8884502877862838,1
566,2,0,11,0.4619884183475966,550,12,0.8884502877862838,1
618,0,1,5,0.2471230135641045,617,12,0.8884502877862838,1
685,6,0,5,0.2431440245866324,649,12,0.9431945538974952,1
444,6,0,5,0.4023035836855154,562,6,0.9431945538974952,1
537,0,0,11,0.2272280686767442,622,6,0.8884502877862838,1
576,2,1,5,0.2033541348119117,549,6,0.8884502877862838,1
541,6,0,11,0.0919424434426936,581,12,0.9431945538974952,1
466,6,0,11,0.6052320215365912,507,6,0.9431945538974952,1
561,0,1,5,0.3664926828882667,590,6,0.9431945538974952,1
578,6,0,5,0.2312070576542162,664,12,0.8884502877862838,1
478,6,0,11,0.2869129033388253,553,6,0.9431945538974952,1
442,0,1,11,0.5216732530096777,473,12,0.8884502877862838,1
483,2,0,11,0.3664926828882667,564,12,0.8884502877862838,1
531,6,1,11,0.6012530325591191,572,6,0.8884502877862838,1
598,0,0,5,0.1357113221948865,679,6,0.9431945538974952,1
549,2,0,5,0.6171689884690075,510,12,0.8884502877862838,1
576,0,0,5,0.4619884183475966,553,12,0.8884502877862838,1
490,6,1,5,0.3545557159558505,509,12,0.9431945538974952,1
607,6,1,5,0.0194692479265244,636,6,0.9431945538974952,1
510,0,0,11,0.5137152750547335,604,6,0.8884502877862838,1
527,0,0,11,0.0203206418481963,671,6,0.8884502877862838,1
526,6,0,5,0.3744506608432109,609,6,0.9431945538974952,1
497,6,1,11,0.004404685938308,634,12,0.9431945538974952,1
644,2,1,11,0.0154902589490523,688,6,0.9431945538974952,1
607,0,0,5,0.1914171678794955,641,6,0.8884502877862838,1
446,0,0,5,0.3505767269783785,571,12,0.8884502877862838,1
460,2,0,11,0.3664926828882667,596,12,0.8884502877862838,1
679,2,0,5,0.1755012119696072,600,6,0.9431945538974952,1
538,2,0,5,0.274975936406409,608,6,0.8884502877862838,1
648,6,1,5,0.0680685095778612,614,6,0.9431945538974952,1
582,2,1,5,0.1993751458344396,647,6,0.8884502877862838,1
566,2,0,5,0.0720474985553333,584,6,0.8884502877862838,1
483,6,0,5,0.274975936406409,587,12,0.8884502877862838,1
511,6,1,5,0.3505767269783785,611,12,0.9431945538974952,1
564,6,1,5,0.3505767269783785,614,12,0.9431945538974952,1
488,2,1,11,0.434135495505292,559,12,0.9431945538974952,1
540,6,1,5,0.2471230135641045,548,6,0.9431945538974952,1
577,6,0,11,0.1516272781047747,640,6,0.9431945538974952,1
546,2,0,5,0.4301565065278199,536,12,0.8884502877862838,1
661,6,0,5,0.0950700384984938,665,12,0.8884502877862838,1
506,2,0,11,0.3227238041360739,621,6,0.8884502877862838,1
656,2,0,5,0.2391650356091604,628,12,0.9431945538974952,1
571,6,1,5,0.2829339143613532,608,6,0.8884502877862838,1
572,0,1,5,0.0640895206003891,630,12,0.8884502877862838,1
525,6,1,11,0.4023035836855154,573,6,0.9431945538974952,1
708,6,0,11,0.0791540825886055,706,6,0.9431945538974952,1
465,2,1,11,0.3465977380009064,548,6,0.8884502877862838,1
523,2,1,11,0.1158163773075261,575,12,0.9431945538974952,1
438,6,0,5,0.5097362860772614,535,6,0.9431945538974952,1
528,2,1,11,0.1078583993525819,596,6,0.9431945538974952,1
538,0,0,5,0.4977993191448452,511,12,0.9431945538974952,1
515,2,0,11,0.2312070576542162,615,6,0.8884502877862838,1
558,0,0,5,0.0402155867355567,594,12,0.9431945538974952,1
521,6,0,11,0.0839844654877495,606,12,0.9431945538974952,1
102,0,0,5,0.4898413411899011,85,6,0.8884502877862838,1
120,0,0,5,0.7604125916580021,91,6,0.8884502877862838,1
104,0,0,5,0.649000900288784,93,6,0.0273721330556057,1
107,0,0,5,0.9036561948469968,84,6,0.9431945538974952,1
81,0,0,5,0.6171689884690075,87,6,0.9431945538974952,1
117,0,0,5,0.7723495585904183,77,6,0.9431945538974952,1
86,0,0,5,0.5574841538069263,106,6,0.0273721330556057,1
111,0,0,5,0.5495261758519822,111,6,0.9431945538974952,1
124,0,0,5,0.541568197897038,128,6,0.9431945538974952,1
106,0,0,5,0.3704716718657388,113,6,0.9431945538974952,1
97,0,0,5,0.7723495585904183,79,6,0.9431945538974952,1
76,0,0,5,1.3134920595266204,63,6,0.9431945538974952,1
102,0,0,5,0.6171689884690075,109,6,0.0273721330556057,1
117,0,0,5,0.7643915806354742,97,6,0.0273721330556057,1
122,0,0,5,0.5216732530096777,116,6,0.0273721330556057,1
114,0,0,5,0.4023035836855154,112,6,0.9431945538974952,1
90,0,0,5,0.9872149633739103,62,6,0.8884502877862838,1
131,0,0,5,0.7444966357481138,101,6,0.8884502877862838,1
129,0,0,5,0.537589208919566,102,6,0.8884502877862838,1
120,0,0,5,0.5097362860772614,93,6,0.0273721330556057,1
96,0,0,5,0.6649168561986724,100,6,0.9431945538974952,1
106,0,0,5,0.8240764152975553,84,6,0.8884502877862838,1
96,0,0,5,0.7047067459733931,94,6,0.8884502877862838,1
104,0,0,5,0.7444966357481138,91,6,0.8884502877862838,1
109,0,0,5,0.652979889266256,110,6,0.9431945538974952,1
119,0,0,5,0.7683705696129463,97,6,0.8884502877862838,1
117,0,0,5,0.5734001097168147,121,6,0.9431945538974952,1
133,0,0,5,0.4818833632349569,119,6,0.8884502877862838,1
106,0,0,5,0.4619884183475966,122,6,0.0273721330556057,1
136,0,0,5,0.7365386577931696,94,6,0.8884502877862838,1
99,0,0,5,0.5296312309646218,108,6,0.9431945538974952,1
120,0,0,5,0.5137152750547335,104,6,0.8884502877862838,1
96,0,0,5,0.752454613703058,73,6,0.8884502877862838,1
129,0,0,5,0.6131899994915354,98,6,0.8884502877862838,1
130,0,0,5,0.3505767269783785,124,6,0.8884502877862838,1
93,0,0,5,0.6768538231310886,94,6,0.0273721330556057,1
129,0,0,5,0.2869129033388253,122,6,0.8884502877862838,1
97,0,0,5,0.5097362860772614,106,6,0.0273721330556057,1
102,0,0,5,0.6967487680184489,93,6,0.9431945538974952,1
111,0,0,5,0.4381144844827641,108,6,0.8884502877862838,1
101,0,0,5,0.8161184373426111,68,6,0.0273721330556057,1
104,0,0,5,0.6370639333563678,92,6,0.8884502877862838,1
141,0,0,5,0.2471230135641045,131,6,0.8884502877862838,1
96,0,0,5,0.9315091176893012,87,6,0.0273721330556057,1
122,0,0,5,0.3625136939107947,120,6,0.0273721330556057,1
88,0,0,5,0.7206227018832814,83,6,0.8884502877862838,1
96,0,0,5,0.5097362860772614,102,6,0.0273721330556057,1
103,0,0,5,0.4381144844827641,103,6,0.9431945538974952,1
92,0,0,5,0.9832359743964384,76,6,0.8884502877862838,1
97,0,0,5,0.6808328121085606,97,6,0.8884502877862838,1
103,0,0,5,0.6808328121085606,98,6,0.9431945538974952,1
95,0,0,5,0.541568197897038,79,6,0.8884502877862838,1
85,0,0,5,0.9235511397343572,82,6,0.0273721330556057,1
81,0,0,5,0.5336102199420939,103,6,0.9431945538974952,1
107,0,0,5,0.6251269664239516,93,6,0.0273721330556057,1
97,0,0,5,0.8956982168920526,77,6,0.9431945538974952,1
128,0,0,5,0.7007277569959209,98,6,0.9431945538974952,1
90,0,0,5,0.8200974263200832,73,6,0.8884502877862838,1
140,0,0,5,0.2272280686767442,115,6,0.8884502877862838,1
122,0,0,5,0.649000900288784,118,6,0.8884502877862838,1
82,0,0,5,0.9593620405316058,89,6,0.0273721330556057,1
82,0,0,5,0.7126647239283372,100,6,0.8884502877862838,1
117,0,0,5,0.6410429223338399,92,6,0.8884502877862838,1
123,0,0,5,0.3983245947080434,120,6,0.8884502877862838,1
101,0,0,5,0.5654421317618704,82,6,0.8884502877862838,1
104,0,0,5,0.4580094293701244,105,6,0.0273721330556057,1
100,0,0,5,1.0628157539458798,86,6,0.8884502877862838,1
100,0,0,5,0.6211479774464795,95,6,0.8884502877862838,1
83,0,0,5,0.9434460846217176,65,6,0.8884502877862838,1
135,0,0,5,0.5017783081223173,83,6,0.8884502877862838,1
128,0,0,5,0.4540304403926524,112,6,0.0273721330556057,1
114,0,0,5,0.4699463963025407,106,6,0.8884502877862838,1
109,0,0,5,0.5296312309646218,116,6,0.0273721330556057,1
99,0,0,5,0.9235511397343572,108,6,0.0273721330556057,1
120,0,0,5,0.4779043742574848,95,6,0.9431945538974952,1
111,0,0,5,0.808160459387667,94,6,0.9431945538974952,1
114,0,0,5,0.6688958451761444,98,6,0.0273721330556057,1
96,0,0,5,0.649000900288784,78,6,0.8884502877862838,1
113,0,0,5,0.6569588782437281,87,6,0.9431945538974952,1
99,0,0,5,0.9514040625766615,87,6,0.9431945538974952,1
111,0,0,5,0.6927697790409768,102,6,0.0273721330556057,1
116,0,0,5,0.6649168561986724,80,6,0.8884502877862838,1
97,0,0,5,0.7803075365453624,84,6,0.8884502877862838,1
121,0,0,5,0.3147658261811298,129,6,0.8884502877862838,1
97,0,0,5,0.6171689884690075,84,6,0.0273721330556057,1
99,0,0,5,0.8718242830272201,115,6,0.9431945538974952,1
127,0,0,5,0.2988498702712415,111,6,0.9431945538974952,1
98,0,0,5,1.090668676788184,75,6,0.9431945538974952,1
110,0,0,5,0.485862352212429,124,6,0.0273721330556057,1
87,0,0,5,0.3903666167530992,106,6,0.9431945538974952,1
91,0,0,5,0.9553830515541336,72,6,0.9431945538974952,1
106,0,0,5,0.7086857349508652,99,6,0.0273721330556057,1
87,0,0,5,0.7922445034777786,101,6,0.9431945538974952,1
99,0,0,5,0.8360133822299715,97,6,0.0273721330556057,1
126,0,0,5,0.6251269664239516,91,6,0.0273721330556057,1
80,0,0,5,0.7206227018832814,91,6,0.0273721330556057,1
73,0,0,5,0.979256985418966,81,6,0.8884502877862838,1
105,0,0,5,0.7564336026805301,103,6,0.9431945538974952,1
120,0,0,5,0.6092110105140632,108,6,0.9431945538974952,1
119,0,0,5,1.030983842126103,86,6,0.0273721330556057,1
121,0,0,5,0.9911939523513824,86,6,0.8884502877862838,1
107,0,0,5,0.8877402389371084,82,6,0.9431945538974952,1
107,0,0,5,0.8758032720046922,67,6,0.9431945538974952,1
110,0,0,5,0.7842865255228345,92,6,0.8884502877862838,1
86,0,0,5,0.7604125916580021,66,6,0.0273721330556057,1
85,0,0,5,0.8041814704101949,74,6,0.8884502877862838,1
109,0,0,5,0.2312070576542162,108,6,0.8884502877862838,1
114,0,0,5,0.6649168561986724,96,6,0.9431945538974952,1
105,0,0,5,0.541568197897038,98,6,0.0273721330556057,1
95,0,0,5,0.3227238041360739,103,6,0.0273721330556057,1
104,0,0,5,0.7842865255228345,65,6,0.8884502877862838,1
100,0,0,5,0.7325596688156976,87,6,0.0273721330556057,1
118,0,0,5,0.6808328121085606,87,6,0.8884502877862838,1
102,0,0,5,0.6967487680184489,90,6,0.0273721330556057,1
85,0,0,5,0.96732001848655,78,6,0.8884502877862838,1
120,0,0,5,0.3664926828882667,90,6,0.0273721330556057,1
107,0,0,5,0.4619884183475966,102,6,0.0273721330556057,1
101,0,0,5,0.6330849443788957,93,6,0.0273721330556057,1
94,0,0,5,0.8718242830272201,77,6,0.9431945538974952,1
90,0,0,5,0.593295054604175,104,6,0.9431945538974952,1
127,0,0,5,0.7365386577931696,98,6,0.9431945538974952,1
123,0,0,5,0.4898413411899011,106,6,0.8884502877862838,1
96,0,0,5,0.9553830515541336,39,6,0.8884502877862838,1
106,0,0,5,0.6330849443788957,77,6,0.9431945538974952,1
93,0,0,5,1.0031309192837985,91,6,0.9431945538974952,1
106,0,0,5,0.4460724624377082,90,6,0.8884502877862838,1
116,0,0,5,0.597274043581647,114,6,0.9431945538974952,1
113,0,0,5,0.4301565065278199,123,6,0.9431945538974952,1
79,0,0,5,0.7365386577931696,78,6,0.8884502877862838,1
142,0,0,5,0.5296312309646218,100,6,0.0273721330556057,1
111,0,0,5,0.7007277569959209,81,6,0.8884502877862838,1
97,0,0,5,0.6291059554014237,81,6,0.9431945538974952,1
102,0,0,5,0.7246016908607534,105,6,0.9431945538974952,1
140,0,0,5,0.434135495505292,141,6,0.9431945538974952,1
70,0,0,5,0.7882655145003066,75,6,0.9431945538974952,1
104,0,0,5,0.8718242830272201,95,6,0.8884502877862838,1
116,0,0,5,0.4182195395954037,100,6,0.9431945538974952,1
98,0,0,5,0.4938203301673731,97,6,0.9431945538974952,1
103,0,0,5,0.859887316094804,85,6,0.9431945538974952,1
104,0,0,5,0.8320343932524994,95,6,0.0273721330556057,1
118,0,0,5,0.7803075365453624,81,6,0.9431945538974952,1
97,0,0,5,0.6768538231310886,97,6,0.0273721330556057,1
106,0,0,5,0.8121394483651391,99,6,0.9431945538974952,1
140,0,0,5,0.0999004213976378,122,6,0.8884502877862838,1
106,0,0,5,0.7047067459733931,88,6,0.9431945538974952,1
113,0,0,5,0.6768538231310886,97,6,0.0273721330556057,1
84,0,0,5,0.7365386577931696,94,6,0.9431945538974952,1
106,0,0,5,0.6052320215365912,88,6,0.0273721330556057,1
114,0,0,5,0.6609378672212003,93,6,0.8884502877862838,1
109,0,0,5,0.7246016908607534,82,6,0.8884502877862838,1
105,0,0,5,0.859887316094804,91,6,0.0273721330556057,1
108,0,0,5,0.8837612499596363,78,6,0.0273721330556057,1
93,0,0,5,0.6728748341536165,79,6,0.9431945538974952,1
122,0,0,5,0.6171689884690075,105,6,0.8884502877862838,1
131,0,0,5,0.5614631427843984,127,6,0.0273721330556057,1
115,0,0,5,0.4898413411899011,90,6,0.0273721330556057,1
95,0,0,5,0.808160459387667,81,6,0.9431945538974952,1
111,0,0,5,1.007109908261271,70,6,0.8884502877862838,1
87,0,0,5,0.541568197897038,101,6,0.9431945538974952,1
93,0,0,5,0.5176942640322055,137,6,0.9431945538974952,1
88,0,0,5,0.8837612499596363,87,6,0.9431945538974952,1
81,0,0,5,0.649000900288784,72,6,0.0273721330556057,1
109,0,0,5,0.6410429223338399,89,6,0.8884502877862838,1
89,0,0,5,0.7484756247255858,104,6,0.9431945538974952,1
82,0,0,5,0.7365386577931696,74,6,0.0273721330556057,1
106,0,0,5,0.4500514514151803,113,6,0.9431945538974952,1
89,0,0,5,0.7444966357481138,72,6,0.9431945538974952,1
106,0,0,5,0.919572150756885,87,6,0.9431945538974952,1
100,0,0,5,0.5853370766492308,100,6,0.0273721330556057,1
140,0,0,5,0.5574841538069263,121,6,0.9431945538974952,1
99,0,0,5,0.4938203301673731,105,6,0.9431945538974952,1
106,0,0,5,0.8002024814327229,92,6,0.0273721330556057,1
105,0,0,5,0.7643915806354742,97,6,0.0273721330556057,1
124,0,0,5,0.8121394483651391,79,6,0.9431945538974952,1
84,0,0,5,0.8002024814327229,70,6,0.9431945538974952,1
124,0,0,5,0.4938203301673731,118,6,0.0273721330556057,1
100,0,0,5,0.9116141728019408,85,6,0.8884502877862838,1
115,0,0,5,0.5256522419871498,88,6,0.9431945538974952,1
94,0,0,5,1.1543325004277374,90,6,0.8884502877862838,1
104,0,0,5,0.3903666167530992,119,6,0.0273721330556057,1
100,0,0,5,0.7166437129058093,80,6,0.0273721330556057,1
93,0,0,5,0.3426187490234343,123,6,0.9431945538974952,1
101,0,0,5,0.7564336026805301,105,6,0.9431945538974952,1
88,0,0,5,0.5216732530096777,102,6,0.0273721330556057,1
119,0,0,5,0.5574841538069263,93,6,0.0273721330556057,1
124,0,0,5,0.6927697790409768,86,6,0.8884502877862838,1
107,0,0,5,0.7842865255228345,98,6,0.9431945538974952,1
142,0,0,5,0.1317323332174144,144,6,0.9431945538974952,1
92,0,0,5,0.7683705696129463,94,6,0.0273721330556057,1
110,0,0,5,0.7285806798382255,86,6,0.0273721330556057,1
128,0,0,5,0.5216732530096777,95,6,0.9431945538974952,1
90,0,0,5,0.7325596688156976,93,6,0.8884502877862838,1
85,0,0,5,0.8041814704101949,86,6,0.8884502877862838,1
120,0,0,5,0.3585347049333226,113,6,0.9431945538974952,1
88,0,0,5,0.9553830515541336,73,6,0.8884502877862838,1
104,0,0,5,0.8280554042750273,87,6,0.9431945538974952,1
103,0,0,5,0.7763285475678904,95,6,0.0273721330556057,1
104,0,0,5,0.6410429223338399,104,6,0.9431945538974952,1
119,0,0,5,0.0800054765102774,121,6,0.8884502877862838,1
80,0,0,5,0.5455471868745101,76,6,0.0273721330556057,1
84,0,0,5,0.9116141728019408,90,6,0.8884502877862838,1
99,0,0,5,0.7484756247255858,98,6,0.9431945538974952,1
129,0,0,5,0.274975936406409,119,6,0.9431945538974952,1
125,0,0,5,0.5734001097168147,76,6,0.9431945538974952,1
124,0,0,5,0.2869129033388253,130,6,0.8884502877862838,1
117,0,0,5,0.7484756247255858,90,6,0.9431945538974952,1
100,0,0,5,0.7246016908607534,96,6,0.8884502877862838,1
112,0,0,5,0.6211479774464795,111,6,0.8884502877862838,1
87,0,0,5,0.4102615616404595,101,6,0.8884502877862838,1
156,0,0,5,0.4062825726629875,113,6,0.0273721330556057,1
125,0,0,5,0.4023035836855154,120,6,0.0273721330556057,1
110,0,0,5,0.649000900288784,99,6,0.0273721330556057,1
116,0,0,5,0.8837612499596363,70,6,0.9431945538974952,1
121,0,0,5,0.5296312309646218,98,6,0.0273721330556057,1
72,0,0,5,0.5734001097168147,94,6,0.0273721330556057,1
92,0,0,5,0.3943456057305713,107,6,0.8884502877862838,1
123,0,0,5,0.649000900288784,96,6,0.8884502877862838,1
85,0,0,5,0.7047067459733931,105,6,0.9431945538974952,1
109,0,0,5,0.6291059554014237,118,6,0.0273721330556057,1
103,0,0,5,0.8360133822299715,113,6,0.9431945538974952,1
104,0,0,5,0.8320343932524994,97,6,0.8884502877862838,1
71,0,0,5,0.7126647239283372,87,6,0.0273721330556057,1
94,0,0,5,1.019046875193687,73,6,0.9431945538974952,1
101,0,0,5,0.5734001097168147,98,6,0.9431945538974952,1
126,0,0,5,0.6768538231310886,106,6,0.8884502877862838,1
126,0,0,5,0.5057572970997893,121,6,0.0273721330556057,1
105,0,0,5,0.6768538231310886,103,6,0.0273721330556057,1
117,0,0,5,0.752454613703058,94,6,0.9431945538974952,1
101,0,0,5,0.3983245947080434,101,6,0.9431945538974952,1
106,0,0,5,0.5813580876717588,93,6,0.9431945538974952,1
93,0,0,5,0.485862352212429,82,6,0.9431945538974952,1
96,0,0,5,0.485862352212429,123,6,0.8884502877862838,1
111,0,0,5,0.6569588782437281,101,6,0.0273721330556057,1
90,0,0,5,0.4102615616404595,116,6,0.0273721330556057,1
91,0,0,5,0.7325596688156976,95,6,0.0273721330556057,1
107,0,0,5,0.4102615616404595,99,6,0.8884502877862838,1
92,0,0,5,0.9872149633739103,86,6,0.0273721330556057,1
115,0,0,5,0.6370639333563678,118,6,0.8884502877862838,1
106,0,0,5,0.8678452940497481,66,6,0.8884502877862838,1
128,0,0,5,0.4739253852800127,78,6,0.8884502877862838,1
82,0,0,5,0.8917192279145806,82,6,0.8884502877862838,1
103,0,0,5,0.4182195395954037,96,6,0.0273721330556057,1
113,0,0,5,0.5813580876717588,108,6,0.9431945538974952,1
85,0,0,5,0.8917192279145806,81,6,0.9431945538974952,1
102,0,0,5,0.7683705696129463,94,6,0.8884502877862838,1
97,0,0,5,0.9076351838244688,71,6,0.9431945538974952,1
66,0,0,5,0.6251269664239516,86,6,0.9431945538974952,1
89,0,0,5,0.8837612499596363,70,6,0.8884502877862838,1
104,0,0,5,0.5535051648294542,119,6,0.8884502877862838,1
82,0,0,5,0.8399923712074435,105,6,0.8884502877862838,1
87,0,0,5,0.9832359743964384,62,6,0.0273721330556057,1
111,0,0,5,0.8758032720046922,84,6,0.8884502877862838,1
110,0,0,5,0.5455471868745101,113,6,0.9431945538974952,1
119,0,0,5,0.8121394483651391,93,6,0.9431945538974952,1
87,0,0,5,0.9872149633739103,96,6,0.0273721330556057,1
103,0,0,5,0.6211479774464795,115,6,0.0273721330556057,1
120,0,0,5,0.7604125916580021,83,6,0.0273721330556057,1
83,0,0,5,0.9911939523513824,83,6,0.0273721330556057,1
82,0,0,5,0.485862352212429,87,6,0.9431945538974952,1
105,0,0,5,0.4938203301673731,95,6,0.8884502877862838,1
102,0,0,5,0.4182195395954037,113,6,0.8884502877862838,1
86,0,0,5,0.8121394483651391,99,6,0.0273721330556057,1
129,0,0,5,0.7126647239283372,99,6,0.8884502877862838,1
88,0,0,5,0.863866305072276,91,6,0.0273721330556057,1
102,0,0,5,0.6330849443788957,96,6,0.9431945538974952,1
96,0,0,5,0.9434460846217176,67,6,0.0273721330556057,1
130,0,0,5,0.6688958451761444,105,6,0.9431945538974952,1
107,0,0,5,0.8002024814327229,98,6,0.8884502877862838,1
103,0,0,5,0.7285806798382255,80,6,0.0273721330556057,1
99,0,0,5,0.5773790986942867,102,6,0.9431945538974952,1
96,0,0,5,0.9394670956442456,88,6,0.9431945538974952,1
112,0,0,5,0.7842865255228345,101,6,0.9431945538974952,1
102,0,0,5,0.7246016908607534,94,6,0.9431945538974952,1
97,0,0,5,0.8240764152975553,94,6,0.8884502877862838,1
78,0,0,5,0.9514040625766615,96,6,0.9431945538974952,1
92,0,0,5,0.5336102199420939,95,6,0.8884502877862838,1
94,0,0,5,0.6211479774464795,97,6,0.8884502877862838,1
97,0,0,5,0.9235511397343572,59,6,0.0273721330556057,1
107,0,0,5,0.7803075365453624,109,6,0.0273721330556057,1
114,0,0,5,0.6330849443788957,114,6,0.0273721330556057,1
95,0,0,5,0.8280554042750273,78,6,0.8884502877862838,1
89,0,0,5,0.863866305072276,79,6,0.8884502877862838,1
93,0,0,5,0.9315091176893012,65,6,0.0273721330556057,1
100,0,0,5,0.9474250735991896,100,6,0.0273721330556057,1
114,0,0,5,0.6967487680184489,88,6,0.8884502877862838,1
138,0,0,5,0.0075322809941081,134,6,0.0273721330556057,1
101,0,0,5,0.7444966357481138,97,6,0.9431945538974952,1
91,0,0,5,1.0389418200810472,83,6,0.9431945538974952,1
109,0,0,5,0.3863876277756271,129,6,0.0273721330556057,1
99,0,0,5,0.915593161779413,70,6,0.8884502877862838,1
93,0,0,5,0.6171689884690075,101,6,0.8884502877862838,1
123,0,0,5,0.6808328121085606,81,6,0.0273721330556057,1
114,0,0,5,0.4977993191448452,113,6,0.0273721330556057,1
101,0,0,5,0.7285806798382255,80,6,0.8884502877862838,1
93,0,0,5,0.863866305072276,89,6,0.8884502877862838,1
121,0,0,5,0.5694211207393426,103,6,0.8884502877862838,1
52,0,0,5,0.8399923712074435,66,6,0.9431945538974952,1
101,0,0,5,0.8519293381398598,99,6,0.0273721330556057,1
115,0,0,5,0.9474250735991896,85,6,0.0273721330556057,1
82,0,0,5,0.7643915806354742,93,6,0.0273721330556057,1
117,0,0,5,0.4619884183475966,113,6,0.0273721330556057,1
126,0,0,5,0.3943456057305713,123,6,0.0273721330556057,1
109,0,0,5,0.8399923712074435,80,6,0.9431945538974952,1
119,0,0,5,0.3983245947080434,106,6,0.0273721330556057,1
101,0,0,5,0.4301565065278199,122,6,0.0273721330556057,1
104,0,0,5,0.5017783081223173,116,6,0.8884502877862838,1
83,0,0,5,0.7206227018832814,109,6,0.8884502877862838,1
82,0,0,5,0.6649168561986724,81,6,0.8884502877862838,1
104,0,0,5,0.752454613703058,97,6,0.0273721330556057,1
115,0,0,5,0.7643915806354742,72,6,0.8884502877862838,1
101,0,0,5,0.9076351838244688,67,6,0.0273721330556057,1
81,0,0,5,0.7604125916580021,104,6,0.8884502877862838,1
122,0,0,5,0.6688958451761444,109,6,0.8884502877862838,1
115,0,0,5,0.3147658261811298,106,6,0.9431945538974952,1
77,0,0,5,0.7643915806354742,78,6,0.8884502877862838,1
105,0,0,5,0.6171689884690075,117,6,0.0273721330556057,1
107,0,0,5,0.5614631427843984,114,6,0.0273721330556057,1
102,0,0,5,0.8996772058695247,86,6,0.0273721330556057,1
129,0,0,5,0.3187448151586018,121,6,0.0273721330556057,1
74,0,0,5,0.5893160656267029,113,6,0.8884502877862838,1
97,0,0,5,0.6609378672212003,94,6,0.9431945538974952,1
132,0,0,5,0.6171689884690075,88,6,0.8884502877862838,1
91,0,0,5,0.9991519303063264,75,6,0.0273721330556057,1
89,0,0,5,0.6131899994915354,105,6,0.0273721330556057,1
131,0,0,5,0.6887907900635047,105,6,0.0273721330556057,1
82,0,0,5,0.9116141728019408,84,6,0.0273721330556057,1
108,0,0,5,0.4221985285728758,114,6,0.8884502877862838,1
98,0,0,5,0.8161184373426111,84,6,0.8884502877862838,1
113,0,0,5,0.7126647239283372,84,6,0.0273721330556057,1
115,0,0,5,0.4023035836855154,117,6,0.0273721330556057,1
105,0,0,5,0.5137152750547335,88,6,0.8884502877862838,1
129,0,0,5,0.6251269664239516,112,6,0.0273721330556057,1
86,0,0,5,1.0588367649684076,84,6,0.8884502877862838,1
110,0,0,5,0.6052320215365912,100,6,0.0273721330556057,1
134,0,0,5,0.2948708812937694,131,6,0.8884502877862838,1
130,0,0,5,0.4659674073250686,123,6,0.0273721330556057,1
124,0,0,5,0.6569588782437281,86,6,0.9431945538974952,1
102,0,0,5,0.7285806798382255,122,6,0.0273721330556057,1
84,0,0,5,0.8121394483651391,76,6,0.0273721330556057,1
85,0,0,5,1.0349628311035752,109,6,0.0273721330556057,1
96,0,0,5,0.6649168561986724,109,6,0.0273721330556057,1
121,0,0,5,0.4739253852800127,106,6,0.8884502877862838,1
107,0,0,5,0.5455471868745101,97,6,0.0273721330556057,1
120,0,0,5,0.7246016908607534,89,6,0.8884502877862838,1
110,0,0,5,0.8758032720046922,68,6,0.0273721330556057,1
122,0,0,5,0.4580094293701244,103,6,0.9431945538974952,1
108,0,0,5,0.6052320215365912,83,6,0.8884502877862838,1
109,0,0,5,0.963341029509078,75,6,0.8884502877862838,1
115,0,0,5,0.7166437129058093,113,6,0.8884502877862838,1
80,0,0,5,0.652979889266256,87,6,0.8884502877862838,1
119,0,0,5,0.3863876277756271,107,6,0.8884502877862838,1
112,0,0,5,0.6012530325591191,109,6,0.0273721330556057,1
100,0,0,5,0.915593161779413,82,6,0.9431945538974952,1
804,2,2,4,0.1158163773075261,1391,11,0.9431945538974952,0
563,2,2,4,0.6688958451761444,1113,11,0.9431945538974952,0
383,4,2,5,0.5694211207393426,1238,11,0.8884502877862838,0
553,4,2,4,0.6092110105140632,1093,11,0.9431945538974952,0
516,2,2,4,0.4977993191448452,1171,11,0.9431945538974952,0
571,6,2,7,0.3346607710684902,1259,11,0.8884502877862838,0
511,6,2,4,0.5256522419871498,1190,11,0.8884502877862838,0
678,6,2,4,0.3068078482261857,1315,11,0.8884502877862838,0
673,6,2,5,0.7604125916580021,1230,11,0.8884502877862838,0
677,2,2,4,0.1914171678794955,1204,11,0.9431945538974952,0
573,6,2,4,0.8559083271173319,1142,11,0.9431945538974952,0
551,2,2,7,0.6887907900635047,1195,11,0.8884502877862838,0
686,6,2,4,0.378429649820683,1327,11,0.8884502877862838,0
468,6,2,7,0.7763285475678904,1108,11,0.8884502877862838,0
409,2,2,4,0.6569588782437281,1139,11,0.8884502877862838,0
433,6,2,5,0.6211479774464795,1204,11,0.8884502877862838,0
589,6,2,7,0.3306817820910181,1203,11,0.8884502877862838,0
412,4,2,7,0.7962234924552508,1084,11,0.8884502877862838,0
431,2,2,7,0.752454613703058,1035,11,0.8884502877862838,0
666,6,2,7,0.8161184373426111,1149,11,0.8884502877862838,0
769,2,2,4,0.7922445034777786,1284,11,0.9431945538974952,0
839,4,2,4,0.0680685095778612,1346,11,0.8884502877862838,0
537,6,2,7,0.4619884183475966,1146,11,0.9431945538974952,0
572,4,2,7,0.4142405506179316,1223,11,0.8884502877862838,0
755,2,2,7,0.1237743552624702,1171,11,0.9431945538974952,0
375,2,2,5,0.7922445034777786,1176,11,0.8884502877862838,0
777,6,2,5,0.0234482369039964,1173,11,0.9431945538974952,0
448,2,2,4,0.4977993191448452,1166,11,0.9431945538974952,0
565,2,2,7,0.1834591899245513,1229,11,0.8884502877862838,0
562,2,2,7,0.9116141728019408,1124,11,0.8884502877862838,0
635,2,2,7,0.3306817820910181,1319,11,0.9431945538974952,0
547,2,2,5,0.5813580876717588,1142,11,0.8884502877862838,0
601,4,2,4,0.2312070576542162,1233,11,0.9431945538974952,0
597,4,2,7,0.5176942640322055,1235,11,0.9431945538974952,0
648,6,2,4,0.2391650356091604,1274,11,0.8884502877862838,0
583,6,2,5,0.7325596688156976,1172,11,0.9431945538974952,0
583,4,2,5,0.6052320215365912,1139,11,0.8884502877862838,0
575,6,2,7,0.3744506608432109,1214,11,0.9431945538974952,0
778,6,2,5,0.1197953662849981,1279,11,0.8884502877862838,0
665,2,2,7,0.649000900288784,1169,11,0.8884502877862838,0
690,6,2,7,0.5296312309646218,1188,11,0.9431945538974952,0
496,4,2,7,1.08271069883324,1055,11,0.9431945538974952,0
592,4,2,5,0.5773790986942867,1277,11,0.9431945538974952,0
630,4,2,5,0.6052320215365912,1089,11,0.8884502877862838,0
697,4,2,5,0.5336102199420939,1270,11,0.8884502877862838,0
756,2,2,4,0.5137152750547335,1252,11,0.9431945538974952,0
538,6,2,4,0.1755012119696072,1273,11,0.9431945538974952,0
447,6,2,4,0.7325596688156976,1173,11,0.8884502877862838,0
864,6,2,4,0.4142405506179316,1267,11,0.9431945538974952,0
678,4,2,4,0.5495261758519822,1216,11,0.8884502877862838,0
578,4,2,7,0.1993751458344396,1235,11,0.8884502877862838,0
688,2,2,7,0.2391650356091604,1289,11,0.8884502877862838,0
585,2,2,5,0.6768538231310886,1115,11,0.9431945538974952,0
583,6,2,4,0.2630389694739928,1177,11,0.8884502877862838,0
565,2,2,5,0.4500514514151803,1165,11,0.8884502877862838,0
530,4,2,5,0.2789549253838811,1154,11,0.9431945538974952,0
826,2,2,7,0.2113121127668558,1340,11,0.9431945538974952,0
581,2,2,7,0.3107868372036577,1199,11,0.8884502877862838,0
539,4,2,4,0.2511020025415766,1159,11,0.8884502877862838,0
603,6,2,7,0.270996947428937,1325,11,0.9431945538974952,0
446,2,2,5,0.4460724624377082,1263,11,0.8884502877862838,0
734,6,2,7,0.0720474985553333,1391,11,0.8884502877862838,0
668,4,2,5,0.0362365977580846,1386,11,0.9431945538974952,0
845,2,2,5,0.2073331237893838,1310,11,0.8884502877862838,0
512,6,2,7,0.6927697790409768,1192,11,0.9431945538974952,0
707,6,2,5,0.5097362860772614,1309,11,0.8884502877862838,0
583,6,2,7,0.2988498702712415,1326,11,0.8884502877862838,0
626,2,2,7,0.5654421317618704,1110,11,0.9431945538974952,0
322,4,2,5,1.023025864171159,1031,11,0.8884502877862838,0
586,2,2,5,0.6410429223338399,1174,11,0.8884502877862838,0
756,2,2,4,0.3664926828882667,1222,11,0.9431945538974952,0
598,4,2,5,0.3664926828882667,1115,11,0.8884502877862838,0
571,4,2,4,0.859887316094804,1024,11,0.8884502877862838,0
649,4,2,5,0.3068078482261857,1246,11,0.9431945538974952,0
416,4,2,4,0.7842865255228345,1135,11,0.8884502877862838,0
551,6,2,7,0.3346607710684902,1381,11,0.9431945538974952,0
573,6,2,4,0.2550809915190487,1286,11,0.8884502877862838,0
670,2,2,4,0.7564336026805301,1170,11,0.8884502877862838,0
525,4,2,7,0.4500514514151803,1235,11,0.8884502877862838,0
641,6,2,5,0.5057572970997893,1206,11,0.9431945538974952,0
582,4,2,7,0.7803075365453624,1092,11,0.9431945538974952,0
728,2,2,7,0.2192700907218,1286,11,0.8884502877862838,0
688,6,2,7,0.1308809392957424,1445,11,0.9431945538974952,0
551,2,2,5,0.3863876277756271,1220,11,0.9431945538974952,0
630,2,2,5,0.5734001097168147,1185,11,0.8884502877862838,0
598,2,2,5,0.3107868372036577,1177,11,0.8884502877862838,0
757,4,2,7,0.4938203301673731,1218,11,0.8884502877862838,0
550,6,2,5,0.434135495505292,1151,11,0.8884502877862838,0
698,2,2,7,0.0720474985553333,1295,11,0.8884502877862838,0
644,6,2,4,0.7484756247255858,1157,11,0.9431945538974952,0
553,2,2,4,0.2471230135641045,1163,11,0.8884502877862838,0
596,4,2,5,0.3426187490234343,1168,11,0.8884502877862838,0
567,6,2,7,0.1953961568569676,1243,11,0.9431945538974952,0
657,6,2,4,0.3147658261811298,1277,11,0.9431945538974952,0
408,2,2,7,0.8002024814327229,1174,11,0.8884502877862838,0
488,4,2,7,1.027004853148631,1053,11,0.8884502877862838,0
820,2,2,5,0.0194692479265244,1322,11,0.8884502877862838,0
574,6,2,7,0.8041814704101949,1221,11,0.8884502877862838,0
753,4,2,7,0.4221985285728758,1213,11,0.8884502877862838,0
772,4,2,7,0.4699463963025407,1254,11,0.9431945538974952,0
655,2,2,7,0.0919424434426936,1283,11,0.9431945538974952,0
747,4,2,4,0.6410429223338399,1092,11,0.8884502877862838,0
543,6,2,5,0.3744506608432109,1188,11,0.9431945538974952,0
798,6,2,5,0.4142405506179316,1244,11,0.8884502877862838,0
561,2,2,5,0.541568197897038,1308,11,0.8884502877862838,0
727,4,2,5,0.4619884183475966,1270,11,0.9431945538974952,0
469,6,2,7,0.3187448151586018,1233,11,0.9431945538974952,0
549,2,2,4,0.597274043581647,1235,11,0.8884502877862838,0
459,4,2,4,0.5654421317618704,1088,11,0.9431945538974952,0
574,6,2,5,0.3028288592487136,1176,11,0.9431945538974952,0
597,4,2,5,0.6052320215365912,1174,11,0.9431945538974952,0
738,2,2,5,0.4500514514151803,1208,11,0.9431945538974952,0
641,4,2,7,0.3545557159558505,1210,11,0.8884502877862838,0
678,4,2,7,0.0393641928138847,1396,11,0.9431945538974952,0
556,4,2,7,0.2073331237893838,1214,11,0.8884502877862838,0
796,2,2,4,0.0314062148589406,1268,11,0.8884502877862838,0
539,2,2,5,0.4301565065278199,1228,11,0.9431945538974952,0
382,6,2,5,0.5654421317618704,1087,11,0.9431945538974952,0
308,4,2,7,0.7246016908607534,1185,11,0.8884502877862838,0
529,6,2,4,0.1197953662849981,1387,11,0.9431945538974952,0
482,4,2,5,0.7126647239283372,1097,11,0.9431945538974952,0
609,2,2,7,0.6291059554014237,1209,11,0.9431945538974952,0
610,2,2,4,0.3147658261811298,1283,11,0.8884502877862838,0
550,4,2,4,0.4779043742574848,1229,11,0.8884502877862838,0
432,4,2,7,0.5097362860772614,1254,11,0.8884502877862838,0
540,4,2,5,0.6569588782437281,1128,11,0.8884502877862838,0
694,2,2,7,0.2152911017443279,1208,11,0.8884502877862838,0
672,2,2,5,0.0879634544652216,1278,11,0.8884502877862838,0
641,6,2,7,0.5097362860772614,1194,11,0.8884502877862838,0
381,2,2,7,0.6927697790409768,1018,11,0.9431945538974952,0
544,6,2,7,0.5057572970997893,1063,11,0.9431945538974952,0
717,2,2,5,0.2232490796992721,1191,11,0.8884502877862838,0
525,6,2,4,0.5773790986942867,1113,11,0.8884502877862838,0
836,6,2,7,0.434135495505292,1172,11,0.9431945538974952,0
523,4,2,4,0.6092110105140632,1144,11,0.8884502877862838,0
619,4,2,7,0.3386397600459622,1197,11,0.8884502877862838,0
840,2,2,5,0.3664926828882667,1232,11,0.8884502877862838,0
612,4,2,7,0.3664926828882667,1234,11,0.8884502877862838,0
724,4,2,7,0.0441945757130287,1369,11,0.9431945538974952,0
803,2,2,5,0.2988498702712415,1238,11,0.8884502877862838,0
466,4,2,5,0.6450219113113119,1066,11,0.8884502877862838,0
670,2,2,7,0.5614631427843984,1139,11,0.9431945538974952,0
680,6,2,7,0.7007277569959209,1261,11,0.9431945538974952,0
639,4,2,4,0.3625136939107947,1182,11,0.9431945538974952,0
726,4,2,5,0.2789549253838811,1232,11,0.9431945538974952,0
614,4,2,7,0.0760264875328053,1301,11,0.9431945538974952,0
334,2,2,5,0.593295054604175,1229,11,0.9431945538974952,0
811,2,2,7,0.4739253852800127,1221,11,0.8884502877862838,0
543,4,2,5,0.5137152750547335,1258,11,0.9431945538974952,0
502,4,2,7,0.9991519303063264,1138,11,0.9431945538974952,0
363,4,2,7,1.0389418200810472,1046,11,0.8884502877862838,0
592,2,2,5,1.0946476657656563,1094,11,0.9431945538974952,0
523,6,2,4,0.163564245037191,1202,11,0.8884502877862838,0
657,2,2,7,0.0879634544652216,1279,11,0.9431945538974952,0
718,2,2,7,0.0831330715660775,1352,11,0.9431945538974952,0
711,6,2,7,0.378429649820683,1225,11,0.8884502877862838,0
604,4,2,5,0.4381144844827641,1230,11,0.9431945538974952,0
577,2,2,7,0.270996947428937,1210,11,0.9431945538974952,0
710,2,2,7,0.5455471868745101,1102,11,0.9431945538974952,0
433,6,2,4,0.8002024814327229,1226,11,0.8884502877862838,0
903,4,2,5,0.0473221707688289,1323,11,0.9431945538974952,0
575,6,2,7,0.3744506608432109,1168,11,0.9431945538974952,0
532,2,2,5,0.2988498702712415,1133,11,0.8884502877862838,0
572,2,2,5,0.4898413411899011,1207,11,0.9431945538974952,0
526,2,2,5,0.7405176467706417,1132,11,0.8884502877862838,0
628,2,2,5,0.5853370766492308,1113,11,0.8884502877862838,0
710,4,2,7,0.0521525536679729,1376,11,0.8884502877862838,0
796,4,2,5,0.4023035836855154,1190,11,0.8884502877862838,0
579,6,2,7,0.2312070576542162,1193,11,0.8884502877862838,0
559,6,2,5,0.3107868372036577,1028,11,0.8884502877862838,0
462,2,2,4,0.6728748341536165,1184,11,0.9431945538974952,0
557,6,2,7,0.5893160656267029,1141,11,0.8884502877862838,0
666,2,2,5,0.3386397600459622,1231,11,0.9431945538974952,0
748,2,2,7,0.4261775175503479,1250,11,0.9431945538974952,0
454,2,2,7,0.9553830515541336,1024,11,0.9431945538974952,0
655,6,2,7,0.537589208919566,1270,11,0.9431945538974952,0
876,6,2,4,0.7882655145003066,1229,11,0.9431945538974952,0
841,6,2,7,0.0433431817913568,1297,11,0.8884502877862838,0
685,2,2,5,0.6211479774464795,1111,11,0.9431945538974952,0
530,2,2,7,0.3346607710684902,1143,11,0.9431945538974952,0
524,2,2,7,0.7882655145003066,1130,11,0.9431945538974952,0
551,4,2,5,0.8479503491623878,1142,11,0.8884502877862838,0
660,2,2,5,0.7484756247255858,1044,11,0.9431945538974952,0
518,2,2,4,0.6649168561986724,1109,11,0.9431945538974952,0
473,6,2,4,0.6410429223338399,1136,11,0.8884502877862838,0
578,4,2,4,0.919572150756885,1177,11,0.8884502877862838,0
493,6,2,4,0.2988498702712415,1183,11,0.8884502877862838,0
789,4,2,7,0.4182195395954037,1174,11,0.9431945538974952,0
800,6,2,4,0.5256522419871498,1175,11,0.9431945538974952,0
478,6,2,4,0.3386397600459622,1193,11,0.9431945538974952,0
738,2,2,7,0.2343346527100163,1325,11,0.8884502877862838,0
729,2,2,5,0.3386397600459622,1271,11,0.9431945538974952,0
725,4,2,7,0.3625136939107947,1164,11,0.9431945538974952,0
596,2,2,7,0.4818833632349569,1208,11,0.8884502877862838,0
682,2,2,4,0.0004256969608359,1310,11,0.8884502877862838,0
508,6,2,4,0.2789549253838811,1225,11,0.9431945538974952,0
553,6,2,7,1.030983842126103,1138,11,0.9431945538974952,0
570,2,2,5,0.3505767269783785,1213,11,0.8884502877862838,0
334,4,2,4,0.979256985418966,1101,11,0.8884502877862838,0
607,4,2,5,0.4301565065278199,1113,11,0.9431945538974952,0
715,6,2,7,0.4938203301673731,1177,11,0.8884502877862838,0
607,2,2,4,0.0242996308256684,1242,11,0.8884502877862838,0
599,6,2,4,0.3664926828882667,1186,11,0.8884502877862838,0
341,2,2,5,0.8439713601849157,1079,11,0.9431945538974952,0
458,6,2,7,0.7962234924552508,1003,11,0.8884502877862838,0
621,6,2,7,0.1357113221948865,1234,11,0.8884502877862838,0
567,2,2,5,0.2391650356091604,1310,11,0.9431945538974952,0
598,6,2,7,0.9553830515541336,1137,11,0.8884502877862838,0
508,6,2,5,0.8956982168920526,1090,11,0.8884502877862838,0
416,4,2,7,0.5813580876717588,1157,11,0.8884502877862838,0
701,4,2,7,0.3386397600459622,1254,11,0.8884502877862838,0
487,2,2,4,0.7604125916580021,1130,11,0.9431945538974952,0
560,6,2,7,0.3625136939107947,1215,11,0.9431945538974952,0
642,4,2,7,0.3943456057305713,1240,11,0.8884502877862838,0
655,4,2,7,0.274975936406409,1198,11,0.8884502877862838,0
440,2,2,5,0.4580094293701244,1232,11,0.9431945538974952,0
633,6,2,7,0.7723495585904183,1115,11,0.9431945538974952,0
651,4,2,7,0.2908918923162973,1290,11,0.9431945538974952,0
661,2,2,4,0.5694211207393426,1258,11,0.8884502877862838,0
594,2,2,5,0.2630389694739928,1227,11,0.9431945538974952,0
621,6,2,5,0.2820825204396813,1343,11,0.8884502877862838,0
611,2,2,4,0.3505767269783785,1190,11,0.8884502877862838,0
277,4,2,4,0.919572150756885,1029,11,0.9431945538974952,0
570,6,2,5,0.3426187490234343,1261,11,0.8884502877862838,0
530,4,2,5,0.2391650356091604,1244,11,0.8884502877862838,0
544,6,2,5,0.5097362860772614,1277,11,0.8884502877862838,0
410,4,2,4,0.6808328121085606,1153,11,0.8884502877862838,0
523,4,2,5,0.4182195395954037,1166,11,0.8884502877862838,0
601,2,2,5,0.7047067459733931,1082,11,0.9431945538974952,0
458,2,2,5,0.3227238041360739,1220,11,0.9431945538974952,0
514,6,2,5,0.7206227018832814,1114,11,0.9431945538974952,0
734,6,2,5,0.3744506608432109,1268,11,0.8884502877862838,0
499,2,2,4,0.5535051648294542,1252,11,0.8884502877862838,0
567,2,2,5,0.0035532920166361,1234,11,0.9431945538974952,0
693,4,2,7,0.0871120605435496,1312,11,0.9431945538974952,0
655,2,2,7,0.1556062670822468,1192,11,0.9431945538974952,0
662,4,2,5,0.5773790986942867,1261,11,0.9431945538974952,0
339,2,2,5,0.8360133822299715,1012,11,0.9431945538974952,0
491,4,2,5,0.7166437129058093,1099,11,0.8884502877862838,0
553,4,2,5,0.7166437129058093,1104,11,0.9431945538974952,0
791,4,2,7,0.3147658261811298,1364,11,0.8884502877862838,0
666,4,2,4,0.1277533442399423,1314,11,0.8884502877862838,0
612,4,2,5,0.5097362860772614,1140,11,0.9431945538974952,0
613,6,2,4,0.1516272781047747,1232,11,0.9431945538974952,0
581,6,2,5,0.4540304403926524,1172,11,0.9431945538974952,0
708,4,2,7,0.2391650356091604,1201,11,0.8884502877862838,0
797,4,2,4,0.1953961568569676,1303,11,0.9431945538974952,0
550,6,2,5,0.4381144844827641,1207,11,0.8884502877862838,0
839,6,2,5,0.3625136939107947,1259,11,0.8884502877862838,0
467,6,2,5,0.5296312309646218,1146,11,0.8884502877862838,0
694,4,2,7,0.8678452940497481,1205,11,0.9431945538974952,0
546,2,2,5,0.3465977380009064,1164,11,0.9431945538974952,0
541,2,2,7,0.6649168561986724,1155,11,0.8884502877862838,0
441,4,2,7,0.5057572970997893,1105,11,0.8884502877862838,0
449,4,2,4,0.7842865255228345,1142,11,0.9431945538974952,0
705,6,2,7,0.3346607710684902,1262,11,0.8884502877862838,0
436,2,2,4,0.9553830515541336,1019,11,0.8884502877862838,0
852,4,2,7,0.0879634544652216,1229,11,0.8884502877862838,0
557,2,2,4,0.9235511397343572,1044,11,0.8884502877862838,0
684,2,2,7,0.0115112699715802,1304,11,0.9431945538974952,0
526,4,2,7,0.4221985285728758,1170,11,0.8884502877862838,0
534,4,2,5,0.5893160656267029,1166,11,0.9431945538974952,0
591,6,2,5,0.8559083271173319,1166,11,0.8884502877862838,0
626,2,2,5,0.6330849443788957,1046,11,0.8884502877862838,0
679,2,2,4,0.1197953662849981,1237,11,0.9431945538974952,0
314,6,2,4,0.9474250735991896,1097,11,0.8884502877862838,0
602,2,2,7,0.541568197897038,1160,11,0.9431945538974952,0
463,2,2,7,0.7604125916580021,1186,11,0.9431945538974952,0
592,4,2,4,0.5853370766492308,1217,11,0.9431945538974952,0
490,4,2,7,0.6291059554014237,1215,11,0.9431945538974952,0
567,6,2,4,0.270996947428937,1243,11,0.9431945538974952,0
681,6,2,4,0.270996947428937,1085,11,0.9431945538974952,0
562,2,2,7,0.2829339143613532,1226,11,0.9431945538974952,0
762,6,2,4,0.1595852560597189,1277,11,0.8884502877862838,0
637,6,2,7,0.4659674073250686,1245,11,0.8884502877862838,0
533,6,2,7,0.9036561948469968,1163,11,0.9431945538974952,0
588,6,2,4,0.8758032720046922,1153,11,0.8884502877862838,0
394,6,2,7,0.9315091176893012,1091,11,0.9431945538974952,0
581,6,2,4,0.6927697790409768,1116,11,0.8884502877862838,0
632,4,2,5,0.8917192279145806,1105,11,0.8884502877862838,0
801,6,2,4,0.2590599804965208,1172,11,0.9431945538974952,0
775,6,2,4,0.2272280686767442,1283,11,0.8884502877862838,0
457,6,2,4,0.6370639333563678,1095,11,0.8884502877862838,0
449,4,2,5,0.5654421317618704,1063,11,0.9431945538974952,0
508,4,2,7,0.3744506608432109,1098,11,0.8884502877862838,0
671,6,2,4,0.6450219113113119,1176,11,0.8884502877862838,0
587,4,2,5,0.485862352212429,1189,11,0.9431945538974952,0
447,4,2,4,1.0588367649684076,1030,11,0.9431945538974952,0
585,4,2,4,0.5535051648294542,1151,11,0.9431945538974952,0
563,4,2,7,0.5813580876717588,1224,11,0.8884502877862838,0
708,6,2,7,0.6649168561986724,1275,11,0.8884502877862838,0
520,4,2,4,0.5773790986942867,1210,11,0.8884502877862838,0
525,4,2,4,0.2312070576542162,1245,11,0.8884502877862838,0
785,6,2,5,0.3306817820910181,1286,11,0.9431945538974952,0
412,6,2,7,0.4898413411899011,1154,11,0.9431945538974952,0
659,2,2,4,0.5057572970997893,1159,11,0.9431945538974952,0
661,6,2,5,0.0203206418481963,1293,11,0.8884502877862838,0
316,6,2,5,0.7962234924552508,1158,11,0.9431945538974952,0
628,2,2,5,0.4221985285728758,1248,11,0.9431945538974952,0
770,4,2,4,0.1993751458344396,1220,11,0.9431945538974952,0
798,4,2,4,0.0194692479265244,1338,11,0.9431945538974952,0
202,6,2,7,1.046899798035991,1023,11,0.8884502877862838,0
579,6,2,7,0.2948708812937694,1229,11,0.8884502877862838,0
560,4,2,7,0.6450219113113119,1266,11,0.9431945538974952,0
542,2,2,7,0.859887316094804,1215,11,0.8884502877862838,0
668,2,2,7,0.3903666167530992,1186,11,0.9431945538974952,0
546,6,2,4,0.915593161779413,1051,11,0.8884502877862838,0
653,2,2,5,0.4818833632349569,1235,11,0.9431945538974952,0
731,2,2,5,0.4182195395954037,1195,11,0.8884502877862838,0
628,2,2,5,0.8002024814327229,1086,11,0.9431945538974952,0
423,2,2,5,0.6728748341536165,1126,11,0.9431945538974952,0
673,6,2,7,0.2908918923162973,1160,11,0.9431945538974952,0
471,4,2,4,0.7285806798382255,1133,11,0.9431945538974952,0
408,2,2,5,0.4938203301673731,1162,11,0.8884502877862838,0
565,4,2,4,0.5455471868745101,1220,11,0.9431945538974952,0
715,2,2,7,0.3943456057305713,1230,11,0.9431945538974952,0
809,6,2,5,0.3903666167530992,1263,11,0.8884502877862838,0
645,6,2,7,0.3704716718657388,1213,11,0.9431945538974952,0
449,6,2,7,0.7206227018832814,1065,11,0.9431945538974952,0
375,4,2,4,0.9514040625766615,1042,11,0.9431945538974952,0
803,2,2,5,0.060110531622917,1315,11,0.9431945538974952,0
638,2,2,7,0.7365386577931696,1149,11,0.9431945538974952,0
442,6,2,4,0.1914171678794955,1202,11,0.9431945538974952,0
631,4,2,4,0.434135495505292,1135,11,0.9431945538974952,0
612,4,2,7,0.3625136939107947,1365,11,0.8884502877862838,0
521,2,2,7,0.4938203301673731,1160,11,0.9431945538974952,0
537,6,2,7,0.7365386577931696,1074,11,0.8884502877862838,0
787,6,2,4,0.0322576087806125,1301,11,0.8884502877862838,0
640,6,2,4,0.1715222229921351,1252,11,0.8884502877862838,0
702,4,2,4,0.270996947428937,1184,11,0.9431945538974952,0
496,6,2,5,0.8240764152975553,1141,11,0.8884502877862838,0
631,2,2,4,0.8002024814327229,1143,11,0.8884502877862838,0
453,6,2,4,1.0110888972387428,920,11,0.8884502877862838,0
503,6,2,4,0.4739253852800127,1165,11,0.9431945538974952,0
523,4,2,5,0.1317323332174144,1284,11,0.9431945538974952,0
731,6,2,4,0.4182195395954037,1199,11,0.8884502877862838,0
495,2,2,7,0.4977993191448452,1288,11,0.9431945538974952,0
500,6,2,5,0.919572150756885,1094,11,0.9431945538974952,0
627,6,2,4,0.2550809915190487,1190,11,0.8884502877862838,0
504,2,2,4,0.2471230135641045,1193,11,0.8884502877862838,0
616,2,2,7,0.7126647239283372,1235,11,0.9431945538974952,0
650,6,2,7,0.6251269664239516,1169,11,0.9431945538974952,0
615,6,2,5,0.8479503491623878,1156,11,0.9431945538974952,0
438,4,2,4,0.6609378672212003,1089,11,0.9431945538974952,0
593,4,2,7,0.4818833632349569,1236,11,0.9431945538974952,0
649,4,2,7,0.485862352212429,1150,11,0.8884502877862838,0
685,4,2,4,0.4779043742574848,1084,11,0.9431945538974952,0
550,4,2,5,0.3625136939107947,1293,11,0.8884502877862838,0
496,6,2,5,0.4938203301673731,1094,11,0.8884502877862838,0
526,2,2,7,0.3863876277756271,1211,11,0.8884502877862838,0
390,4,2,4,0.9514040625766615,1117,11,0.8884502877862838,0
596,2,2,5,0.326702793113546,1221,11,0.9431945538974952,0
567,4,2,4,0.2869129033388253,1303,11,0.9431945538974952,0
1309,6,2,5,1.2569348199203394,1675,11,0.8884502877862838,0
1393,4,2,3,0.9266787347901572,1730,11,0.9431945538974952,0
816,6,2,5,0.5964226496599752,1590,11,0.9431945538974952,0
1026,6,2,5,1.6468757397126026,1681,11,0.9431945538974952,0
1150,2,2,5,0.97044761354235,1773,11,0.8884502877862838,0
884,6,2,5,1.3325356104923087,1637,11,0.9431945538974952,0
1122,4,2,5,1.6269807948252424,1761,11,0.8884502877862838,0
1211,2,2,3,2.784866587269616,1826,11,0.8884502877862838,0
1084,4,2,5,0.8749518780830203,1757,11,0.8884502877862838,0
1448,6,2,5,2.024879692572449,1696,11,0.8884502877862838,0
836,2,2,5,1.6866656294873237,1676,11,0.8884502877862838,0
1381,2,2,5,1.5633169711856891,1648,11,0.8884502877862838,0
1282,2,2,5,1.4200733679966944,1661,11,0.8884502877862838,0
1577,4,2,3,2.2437240863334136,1796,11,0.9431945538974952,0
1116,4,2,3,1.6627916956224909,1635,11,0.8884502877862838,0
1129,2,2,5,1.766245409036765,1733,11,0.8884502877862838,0
917,2,2,3,1.3603885333346133,1592,11,0.8884502877862838,0
1196,4,2,3,0.5924436606825031,1673,11,0.9431945538974952,0
962,4,2,3,1.0937962718439844,1674,11,0.9431945538974952,0
1493,2,2,5,1.5792329270955774,1696,11,0.8884502877862838,0
1349,2,2,3,2.79282456522456,1748,11,0.9431945538974952,0
1454,4,2,5,2.7609926534047835,1761,11,0.8884502877862838,0
1466,4,2,5,0.9147417678577412,1601,11,0.8884502877862838,0
989,2,2,5,0.4253261236286759,1484,11,0.9431945538974952,0
1394,2,2,5,1.6906446184647954,1689,11,0.8884502877862838,0
1372,6,2,3,1.3802834782219735,1798,11,0.9431945538974952,0
1296,2,2,5,0.958510646609934,1801,11,0.9431945538974952,0
1571,2,2,3,1.515569103456024,1709,11,0.9431945538974952,0
1313,2,2,5,1.4797582026587754,1733,11,0.8884502877862838,0
909,4,2,3,1.0858382938890403,1624,11,0.8884502877862838,0
1465,2,2,5,1.9691738468878408,1776,11,0.9431945538974952,0
1085,2,2,5,1.3205986435598926,1597,11,0.9431945538974952,0
1311,2,2,3,1.8100142877889576,1860,11,0.9431945538974952,0
881,4,2,5,0.5566327598852544,1566,11,0.8884502877862838,0
1697,6,2,3,2.916173223526194,1798,11,0.8884502877862838,0
1236,2,2,3,0.8709728891055483,1692,11,0.9431945538974952,0
957,4,2,3,1.8537831665411504,1741,11,0.8884502877862838,0
1322,6,2,5,1.4757792136813035,1608,11,0.9431945538974952,0
1211,6,2,3,2.1999552075812208,1709,11,0.8884502877862838,0
1083,2,2,5,0.5805066937500868,1584,11,0.8884502877862838,0
1251,4,2,3,2.4506315131619614,1717,11,0.8884502877862838,0
1436,2,2,3,1.6389177617576585,1733,11,0.9431945538974952,0
1064,6,2,5,0.695897374096777,1590,11,0.8884502877862838,0
1257,2,2,3,0.9983005363846544,1688,11,0.8884502877862838,0
1059,4,2,5,1.0261534592269592,1715,11,0.9431945538974952,0
679,6,2,5,1.0062585143395988,1640,11,0.9431945538974952,0
1312,6,2,3,1.06594334900168,1672,11,0.8884502877862838,0
1051,2,2,3,1.8338882216537904,1783,11,0.8884502877862838,0
807,6,2,5,1.5434220262983287,1823,11,0.8884502877862838,0
1023,6,2,5,1.396199434131862,1781,11,0.8884502877862838,0
692,2,2,3,0.3537043220341786,1628,11,0.8884502877862838,0
572,6,2,3,0.2630389694739928,1569,11,0.9431945538974952,0
898,6,2,3,1.2131659411681466,1670,11,0.9431945538974952,0
1175,6,2,5,2.2198501524685814,1711,11,0.9431945538974952,0
1233,4,2,5,0.7913931095561068,1713,11,0.8884502877862838,0
1412,4,2,5,0.8550569331956599,1714,11,0.9431945538974952,0
1247,6,2,5,2.323303865882856,1741,11,0.8884502877862838,0
1408,4,2,3,1.292745720717588,1606,11,0.9431945538974952,0
1253,6,2,5,0.0473221707688289,1580,11,0.8884502877862838,0
1394,6,2,3,1.396199434131862,1812,11,0.8884502877862838,0
1048,4,2,3,1.7503294531268765,1693,11,0.8884502877862838,0
1400,4,2,3,1.2290818970780348,1683,11,0.8884502877862838,0
1486,4,2,5,1.3325356104923087,1751,11,0.8884502877862838,0
1478,6,2,3,3.501084603214589,1837,11,0.9431945538974952,0
1012,4,2,5,0.8908678339929086,1605,11,0.8884502877862838,0
1260,4,2,5,2.4864424139592103,1792,11,0.9431945538974952,0
1095,2,2,3,1.726455519262044,1710,11,0.9431945538974952,0
1231,6,2,5,2.108438461099363,1742,11,0.9431945538974952,0
1083,6,2,5,1.2768297648076998,1684,11,0.8884502877862838,0
790,2,2,3,1.125628183663761,1631,11,0.8884502877862838,0
866,2,2,5,0.3497253330567065,1463,11,0.8884502877862838,0
1413,4,2,3,2.4585894911169057,1853,11,0.8884502877862838,0
1096,4,2,3,2.0646695823471704,1685,11,0.8884502877862838,0
1472,4,2,5,1.5394430373208567,1727,11,0.9431945538974952,0
1505,6,2,3,2.470526458049322,1796,11,0.9431945538974952,0
1391,2,2,3,1.937341935068064,1774,11,0.9431945538974952,0
1223,4,2,3,1.3166196545824205,1746,11,0.9431945538974952,0
1064,6,2,5,1.06594334900168,1534,11,0.8884502877862838,0
1445,4,2,3,2.912194234548722,1705,11,0.9431945538974952,0
1537,4,2,5,1.4877161806137198,1770,11,0.8884502877862838,0
1425,6,2,5,2.3034089209954947,1815,11,0.9431945538974952,0
1454,4,2,5,2.4824634249817383,1780,11,0.8884502877862838,0
1141,4,2,3,1.678707651532379,1653,11,0.9431945538974952,0
1070,4,2,5,0.6083596165923914,1619,11,0.9431945538974952,0
1319,2,2,5,1.1455231285511214,1533,11,0.9431945538974952,0
1085,4,2,5,2.339219821792744,1776,11,0.9431945538974952,0
1051,4,2,3,1.0778803159340962,1582,11,0.8884502877862838,0
1431,4,2,5,1.8418461996087343,1754,11,0.9431945538974952,0
1148,6,2,3,2.355135777702632,1710,11,0.8884502877862838,0
1050,4,2,5,1.925404968135648,1801,11,0.9431945538974952,0
1087,2,2,3,0.9028048009253248,1655,11,0.8884502877862838,0
1408,6,2,5,1.9651948579103689,1659,11,0.8884502877862838,0
1427,2,2,5,1.3484515664021972,1616,11,0.9431945538974952,0
1359,2,2,5,0.5725487157951427,1645,11,0.8884502877862838,0
1170,4,2,5,2.1760812737163886,1730,11,0.8884502877862838,0
1465,2,2,5,2.136291383941668,1791,11,0.8884502877862838,0
1470,4,2,3,1.941320924045536,1685,11,0.9431945538974952,0
1102,4,2,5,2.2994299320180227,1748,11,0.8884502877862838,0
1304,4,2,5,1.7543084421043489,1751,11,0.9431945538974952,0
1015,2,2,3,1.237039875032979,1623,11,0.8884502877862838,0
1058,2,2,3,1.237039875032979,1627,11,0.8884502877862838,0
1320,2,2,3,1.5434220262983287,1711,11,0.9431945538974952,0
1038,6,2,5,1.825930243698846,1761,11,0.9431945538974952,0
1209,4,2,3,2.04477463745981,1633,11,0.8884502877862838,0
900,2,2,3,1.0380904261593753,1581,11,0.9431945538974952,0
694,4,2,3,0.4531790464709804,1541,11,0.9431945538974952,0
1074,2,2,5,1.6508547286900748,1696,11,0.8884502877862838,0
1151,6,2,3,1.3842624671994457,1630,11,0.8884502877862838,0
1421,6,2,3,1.499653147546136,1666,11,0.9431945538974952,0
964,2,2,5,1.0977752608214564,1653,11,0.8884502877862838,0
730,4,2,3,1.9094890122257595,1759,11,0.9431945538974952,0
766,6,2,5,1.1375651505961772,1773,11,0.9431945538974952,0
1228,2,2,3,1.611064838915354,1678,11,0.8884502877862838,0
1128,2,2,3,2.1760812737163886,1810,11,0.8884502877862838,0
947,2,2,5,1.5195480924334963,1651,11,0.9431945538974952,0
1391,4,2,3,2.319324876905384,1825,11,0.8884502877862838,0
941,4,2,3,0.9863635694522384,1698,11,0.8884502877862838,0
1431,6,2,5,1.770224398014237,1799,11,0.8884502877862838,0
709,6,2,5,0.2542295975973768,1576,11,0.8884502877862838,0
1118,6,2,3,1.7025815853972115,1693,11,0.9431945538974952,0
1450,2,2,3,1.8617411444960947,1749,11,0.8884502877862838,0
1072,6,2,3,2.554085226576236,1695,11,0.8884502877862838,0
1317,6,2,3,2.6257070281707326,1732,11,0.9431945538974952,0
1293,2,2,3,1.2410188640104511,1712,11,0.9431945538974952,0
1431,2,2,5,2.4585894911169057,1782,11,0.9431945538974952,0
1324,6,2,5,2.3790097115674644,1748,11,0.8884502877862838,0
856,2,2,5,0.2502506086199046,1586,11,0.9431945538974952,0
1213,4,2,5,1.1375651505961772,1611,11,0.9431945538974952,0
1401,6,2,3,1.6230018058477702,1703,11,0.9431945538974952,0
1576,2,2,5,2.58193814941854,1821,11,0.9431945538974952,0
1172,6,2,3,0.751603219781386,1596,11,0.8884502877862838,0
1070,6,2,5,1.0858382938890403,1699,11,0.9431945538974952,0
800,2,2,5,0.5128638811330616,1572,11,0.8884502877862838,0
1303,2,2,3,2.323303865882856,1763,11,0.9431945538974952,0
1053,2,2,3,1.905510023248288,1716,11,0.8884502877862838,0
1436,6,2,3,1.989068791775201,1787,11,0.8884502877862838,0
1031,4,2,3,2.028858681549922,1679,11,0.9431945538974952,0
1042,2,2,3,2.0169217146175056,1822,11,0.9431945538974952,0
873,4,2,5,1.9094890122257595,1712,11,0.9431945538974952,0
1239,4,2,5,1.396199434131862,1659,11,0.8884502877862838,0
744,6,2,3,1.770224398014237,1640,11,0.8884502877862838,0
1057,2,2,5,1.06594334900168,1685,11,0.8884502877862838,0
860,2,2,3,1.6906446184647954,1626,11,0.8884502877862838,0
1042,4,2,5,1.125628183663761,1625,11,0.9431945538974952,0
1230,6,2,3,0.9943215474071824,1538,11,0.8884502877862838,0
1081,6,2,5,0.9346367127451014,1627,11,0.8884502877862838,0
936,4,2,5,0.6282545614797517,1571,11,0.8884502877862838,0
1285,2,2,5,0.9266787347901572,1729,11,0.9431945538974952,0
1261,4,2,3,2.0567116043922264,1710,11,0.8884502877862838,0
1454,6,2,3,2.58193814941854,1832,11,0.8884502877862838,0
934,6,2,3,1.0579853710467355,1553,11,0.9431945538974952,0
1226,6,2,3,1.5911698940279937,1665,11,0.9431945538974952,0
755,6,2,5,0.0831330715660775,1610,11,0.9431945538974952,0
1593,4,2,3,1.770224398014237,1790,11,0.9431945538974952,0
1114,6,2,3,1.7145185523296278,1755,11,0.8884502877862838,0
1182,2,2,5,0.9306577237676292,1737,11,0.9431945538974952,0
1465,4,2,3,1.893573056315872,1753,11,0.8884502877862838,0
1314,6,2,5,2.335240832815272,1777,11,0.9431945538974952,0
1082,2,2,5,1.50761112550108,1758,11,0.8884502877862838,0
1310,6,2,5,1.778182375969181,1722,11,0.8884502877862838,0
949,2,2,3,1.193270996280786,1690,11,0.9431945538974952,0
1264,2,2,3,1.8338882216537904,1728,11,0.8884502877862838,0
1450,6,2,3,2.203934196558693,1752,11,0.8884502877862838,0
1242,6,2,5,1.4797582026587754,1676,11,0.9431945538974952,0
1078,2,2,5,1.0420694151368477,1676,11,0.9431945538974952,0
1167,4,2,5,0.6282545614797517,1575,11,0.9431945538974952,0
1621,2,2,5,2.251682064288358,1821,11,0.9431945538974952,0
1386,4,2,5,1.18133402934837,1733,11,0.8884502877862838,0
1218,2,2,5,1.4757792136813035,1611,11,0.8884502877862838,0
1373,2,2,5,2.315345887927911,1740,11,0.9431945538974952,0
1150,4,2,5,0.3377883661242903,1608,11,0.8884502877862838,0
1284,6,2,3,1.893573056315872,1794,11,0.8884502877862838,0
835,6,2,3,1.133586161618705,1602,11,0.8884502877862838,0
1307,4,2,5,1.6508547286900748,1753,11,0.8884502877862838,0
792,6,2,5,0.4492000574935084,1514,11,0.9431945538974952,0
1037,2,2,5,0.9028048009253248,1577,11,0.8884502877862838,0
1228,6,2,5,0.4651160134033967,1562,11,0.9431945538974952,0
1358,6,2,3,1.6230018058477702,1837,11,0.8884502877862838,0
1358,2,2,5,1.3285566215148368,1773,11,0.8884502877862838,0
1361,2,2,5,1.471800224703831,1722,11,0.8884502877862838,0
842,6,2,5,1.3802834782219735,1719,11,0.9431945538974952,0
739,6,0,7,0.5168428701105336,1243,11,0.8884502877862838,1
728,6,0,10,0.8988258119478527,1234,11,0.8884502877862838,1
805,6,0,7,0.9465736796775176,1398,11,0.9431945538974952,1
732,6,0,7,0.6919183851193049,1222,11,0.8884502877862838,1
524,6,0,10,0.0433431817913568,1168,11,0.9431945538974952,1
546,6,0,10,0.7675191756912743,1209,11,0.8884502877862838,1
723,6,0,7,0.6760024292094166,1217,11,0.8884502877862838,1
743,6,0,7,0.8272040103533554,1355,11,0.8884502877862838,1
586,6,0,3,0.9903425584297104,1396,11,0.9431945538974952,1
779,6,0,10,0.9306577237676292,1363,11,0.8884502877862838,1
757,6,0,7,0.7396662528489698,1465,11,0.8884502877862838,1
699,6,0,10,0.966468624564878,1474,11,0.9431945538974952,1
663,6,0,10,0.5009269142006454,1176,11,0.8884502877862838,1
665,6,0,7,0.6680444512544724,1389,11,0.9431945538974952,1
714,6,0,3,0.863014911150604,1395,11,0.8884502877862838,1
820,6,0,10,1.173376051393426,1410,11,0.9431945538974952,1
700,6,0,5,0.6322335504572237,1269,11,0.8884502877862838,1
695,6,0,3,1.081859304911568,1579,11,0.8884502877862838,1
907,6,0,7,1.0977752608214564,1390,11,0.8884502877862838,1
708,6,0,10,0.7118133300066652,1456,11,0.8884502877862838,1
764,6,0,3,1.0937962718439844,1539,11,0.9431945538974952,1
778,6,0,10,0.97044761354235,1440,11,0.9431945538974952,1
710,6,0,5,0.8272040103533554,1210,11,0.8884502877862838,1
768,6,0,10,1.1375651505961772,1437,11,0.9431945538974952,1
739,6,0,3,0.8868888450154365,1397,11,0.8884502877862838,1
771,6,0,3,0.9545316576324616,1630,11,0.9431945538974952,1
723,6,0,10,0.7157923189841373,1284,11,0.8884502877862838,1
743,6,0,3,1.149502117528593,1328,11,0.8884502877862838,1
658,6,0,5,0.7993510875110509,1478,11,0.9431945538974952,1
696,6,0,10,0.6600864732995283,1310,11,0.9431945538974952,1
706,6,0,10,0.3974732007863714,1299,11,0.8884502877862838,1
675,6,0,7,0.9266787347901572,1316,11,0.9431945538974952,1
528,6,0,3,0.6481495063671121,1355,11,0.8884502877862838,1
670,6,0,7,0.8232250213758834,1463,11,0.9431945538974952,1
762,6,0,3,0.6799814181868887,1156,11,0.8884502877862838,1
720,6,0,3,0.640191528412168,1364,11,0.9431945538974952,1
681,6,0,3,0.2343346527100163,1288,11,0.8884502877862838,1
766,6,0,10,0.7555822087588581,1538,11,0.8884502877862838,1
732,6,0,5,0.9823845804747664,1436,11,0.8884502877862838,1
790,6,0,7,0.6839604071643608,1426,11,0.9431945538974952,1
662,6,0,5,0.3338093771468182,1122,11,0.9431945538974952,1
876,6,0,5,1.022174470249487,1614,11,0.9431945538974952,1
826,6,0,10,1.4121153900417502,1690,11,0.8884502877862838,1
829,6,0,3,1.244997852987923,1437,11,0.8884502877862838,1
710,6,0,5,0.8868888450154365,1382,11,0.8884502877862838,1
696,6,0,3,0.4571580354484525,1198,11,0.8884502877862838,1
778,6,0,10,0.7396662528489698,1385,11,0.8884502877862838,1
768,6,0,3,0.9823845804747664,1647,11,0.8884502877862838,1
777,6,0,5,0.5964226496599752,1144,11,0.8884502877862838,1
742,6,0,7,1.0778803159340962,1521,11,0.9431945538974952,1
813,6,0,7,0.7993510875110509,1339,11,0.9431945538974952,1
723,6,0,7,0.7317082748940257,1340,11,0.9431945538974952,1
737,6,0,3,0.9425946907000456,1413,11,0.8884502877862838,1
736,6,0,7,1.149502117528593,1567,11,0.9431945538974952,1
677,6,0,3,0.6083596165923914,1285,11,0.9431945538974952,1
638,6,0,7,0.6083596165923914,1252,11,0.8884502877862838,1
727,6,0,3,0.7237502969390814,1422,11,0.8884502877862838,1
667,6,0,5,1.0500273930917916,1573,11,0.9431945538974952,1
676,6,0,3,0.5765277047726147,1249,11,0.8884502877862838,1
817,6,0,7,0.7476242308039139,1404,11,0.8884502877862838,1
680,6,0,7,1.0619643600242077,1461,11,0.8884502877862838,1
715,6,0,3,0.6879393961418329,1310,11,0.8884502877862838,1
726,6,0,5,1.2251029081005629,1567,11,0.8884502877862838,1
823,6,0,3,1.1176702057088168,1608,11,0.9431945538974952,1
635,6,0,3,0.699876363074249,1323,11,0.9431945538974952,1
683,6,0,10,0.7913931095561068,1333,11,0.8884502877862838,1
647,6,0,5,1.1057332387764005,1422,11,0.8884502877862838,1
639,6,0,7,0.5645907378401985,1183,11,0.9431945538974952,1
669,6,0,7,0.7277292859165536,1376,11,0.9431945538974952,1
647,6,0,10,0.321872410214402,1129,11,0.9431945538974952,1
725,6,0,5,0.64417051738964,1359,11,0.9431945538974952,1
734,6,0,7,0.4213471346512039,1369,11,0.9431945538974952,1
805,6,0,7,0.6163175945473355,1275,11,0.8884502877862838,1
513,6,0,5,0.4611370244259246,1251,11,0.9431945538974952,1
592,6,0,5,0.6640654622770004,1161,11,0.8884502877862838,1
730,6,0,5,1.177355040370898,1551,11,0.9431945538974952,1
723,6,0,10,1.0619643600242077,1392,11,0.8884502877862838,1
722,6,0,7,0.9226997458126852,1341,11,0.8884502877862838,1
784,6,0,5,0.6043806276149193,1359,11,0.8884502877862838,1
775,6,0,5,0.4332841015836201,1062,11,0.8884502877862838,1
613,6,0,10,0.5128638811330616,971,11,0.9431945538974952,1
800,6,0,10,1.1415441395736492,1560,11,0.9431945538974952,1
716,6,0,7,0.7476242308039139,1372,11,0.9431945538974952,1
573,6,0,10,0.9067837899027968,1487,11,0.8884502877862838,1
785,6,0,7,0.8948468229703807,1460,11,0.8884502877862838,1
594,6,0,3,0.4412420795385642,985,11,0.8884502877862838,1
669,6,0,5,0.3974732007863714,1310,11,0.8884502877862838,1
666,6,0,5,0.4810319693132849,1393,11,0.8884502877862838,1
777,6,0,5,0.9465736796775176,1412,11,0.8884502877862838,1
613,6,0,3,0.6163175945473355,1227,11,0.8884502877862838,1
514,6,0,7,0.1865867849803515,1174,11,0.9431945538974952,1
698,6,0,3,0.6202965835248075,1328,11,0.8884502877862838,1
778,6,0,5,1.1176702057088168,1500,11,0.9431945538974952,1
622,6,0,7,0.6879393961418329,1389,11,0.9431945538974952,1
690,6,0,5,1.0102375033170707,1548,11,0.9431945538974952,1
523,6,0,3,0.1428179062281586,978,11,0.8884502877862838,1
634,6,0,3,0.9346367127451014,1311,11,0.9431945538974952,1
807,6,0,10,1.0261534592269592,1427,11,0.8884502877862838,1
741,6,0,3,1.109712227753873,1491,11,0.9431945538974952,1
859,6,0,7,0.7277292859165536,1377,11,0.8884502877862838,1
723,6,0,7,0.6282545614797517,1323,11,0.8884502877862838,1
889,6,0,10,1.133586161618705,1688,11,0.9431945538974952,1
624,6,0,5,0.6720234402319445,1411,11,0.9431945538974952,1
674,6,0,3,0.8192460323984113,1385,11,0.8884502877862838,1
733,6,0,10,0.859035922173132,1455,11,0.9431945538974952,1
542,6,0,5,0.2064817298677118,1022,11,0.9431945538974952,1
786,6,0,10,0.8351619883082996,1347,11,0.9431945538974952,1
588,6,0,3,0.3815572448764831,1010,11,0.8884502877862838,1
763,6,0,5,1.014216492294543,1413,11,0.8884502877862838,1
759,6,0,7,0.7834351316011626,1308,11,0.9431945538974952,1
691,6,0,5,0.7913931095561068,1259,11,0.9431945538974952,1
512,6,0,3,0.5049059031781175,1229,11,0.8884502877862838,1
649,6,0,7,0.6561074843220562,1310,11,0.9431945538974952,1
623,6,0,3,0.5088848921555895,1378,11,0.8884502877862838,1
734,6,0,7,0.540716803975366,1334,11,0.9431945538974952,1
662,6,0,7,0.7476242308039139,1245,11,0.8884502877862838,1
760,6,0,5,0.910762778880269,1311,11,0.9431945538974952,1
842,6,0,5,1.336514599469781,1641,11,0.8884502877862838,1
657,6,0,3,0.9028048009253248,1406,11,0.9431945538974952,1
676,6,0,10,0.9983005363846544,1380,11,0.8884502877862838,1
657,6,0,7,0.2104607188451839,1287,11,0.9431945538974952,1
615,6,0,10,0.4889899472682291,1176,11,0.8884502877862838,1
715,6,0,3,0.7157923189841373,1465,11,0.8884502877862838,1
566,6,0,5,0.5645907378401985,1218,11,0.9431945538974952,1
655,6,0,7,0.4372630905610921,1139,11,0.8884502877862838,1
703,6,0,3,0.9266787347901572,1442,11,0.8884502877862838,1
736,6,0,7,0.7595611977363301,1214,11,0.9431945538974952,1
574,6,0,10,0.5248008480654778,1116,11,0.9431945538974952,1
702,6,0,7,1.0261534592269592,1488,11,0.8884502877862838,1
719,6,0,7,0.6839604071643608,1294,11,0.8884502877862838,1
789,6,0,7,0.9465736796775176,1537,11,0.9431945538974952,1
697,6,0,3,0.5009269142006454,1252,11,0.8884502877862838,1
708,6,0,3,1.149502117528593,1500,11,0.8884502877862838,1
789,6,0,7,0.8272040103533554,1398,11,0.9431945538974952,1
611,6,0,7,0.6640654622770004,1441,11,0.8884502877862838,1
766,6,0,5,0.4929689362457012,1338,11,0.9431945538974952,1
637,6,0,7,0.8351619883082996,1343,11,0.8884502877862838,1
637,6,0,5,0.4850109582907571,1344,11,0.8884502877862838,1
736,6,0,7,0.7237502969390814,1267,11,0.8884502877862838,1
852,6,0,7,1.133586161618705,1493,11,0.9431945538974952,1
721,6,0,3,0.7038553520517211,1450,11,0.9431945538974952,1
769,6,0,10,1.06594334900168,1639,11,0.9431945538974952,1
761,6,0,5,0.6720234402319445,1372,11,0.9431945538974952,1
789,6,0,5,1.1455231285511214,1363,11,0.9431945538974952,1
698,6,0,10,1.2012289742357305,1412,11,0.8884502877862838,1
734,6,0,3,0.7436452418264419,1283,11,0.8884502877862838,1
641,6,0,3,0.4332841015836201,1175,11,0.9431945538974952,1
641,6,0,5,0.3934942118088994,1199,11,0.8884502877862838,1
671,6,0,10,0.8789308670604924,1328,11,0.9431945538974952,1
606,6,0,10,0.5088848921555895,1335,11,0.9431945538974952,1
655,6,0,7,0.9346367127451014,1427,11,0.9431945538974952,1
758,6,0,7,1.185313018325842,1504,11,0.8884502877862838,1
827,6,0,7,0.8829098560379645,1404,11,0.9431945538974952,1
658,6,0,3,1.014216492294543,1277,11,0.9431945538974952,1
872,6,0,10,0.803330076488523,1245,11,0.9431945538974952,1
809,6,0,7,0.9187207568352131,1444,11,0.8884502877862838,1
871,6,0,3,1.5513800042532728,1698,11,0.9431945538974952,1
749,6,0,3,0.8868888450154365,1387,11,0.9431945538974952,1
624,6,0,7,0.4850109582907571,1156,11,0.9431945538974952,1
847,6,0,7,0.859035922173132,1534,11,0.8884502877862838,1
688,6,0,10,0.3537043220341786,1251,11,0.8884502877862838,1
709,6,0,5,0.7675191756912743,1286,11,0.9431945538974952,1
682,6,0,10,0.8868888450154365,1567,11,0.9431945538974952,1
669,6,0,5,0.6004016386374472,1269,11,0.8884502877862838,1
804,6,0,3,0.4929689362457012,1303,11,0.8884502877862838,1
665,6,0,3,0.4492000574935084,1322,11,0.9431945538974952,1
793,6,0,7,0.8351619883082996,1443,11,0.8884502877862838,1
710,6,0,10,0.2343346527100163,1133,11,0.8884502877862838,1
643,6,0,7,0.540716803975366,1241,11,0.8884502877862838,1
777,6,0,10,0.8948468229703807,1408,11,0.9431945538974952,1
651,6,0,10,0.97044761354235,1289,11,0.9431945538974952,1
710,6,0,7,0.6282545614797517,1365,11,0.8884502877862838,1
648,6,0,10,0.7396662528489698,1531,11,0.9431945538974952,1
680,6,0,10,0.4531790464709804,1181,11,0.9431945538974952,1
661,6,0,7,0.699876363074249,1369,11,0.8884502877862838,1
602,6,0,7,0.5685697268176706,1307,11,0.8884502877862838,1
656,6,0,10,0.8669939001280762,1418,11,0.8884502877862838,1
695,6,0,5,0.8391409772857716,1334,11,0.8884502877862838,1
537,6,0,7,0.6123386055698634,1230,11,0.8884502877862838,1
708,6,0,3,0.8789308670604924,1389,11,0.8884502877862838,1
881,6,0,10,0.4969479252231732,1215,11,0.9431945538974952,1
618,6,0,3,0.8948468229703807,1347,11,0.9431945538974952,1
770,6,0,10,0.6362125394346959,1417,11,0.9431945538974952,1
745,6,0,5,1.3007036986725322,1563,11,0.8884502877862838,1
660,6,0,7,0.7038553520517211,1335,11,0.8884502877862838,1
767,6,0,3,0.4531790464709804,1272,11,0.8884502877862838,1
671,6,0,10,0.8749518780830203,1025,11,0.9431945538974952,1
812,6,0,7,0.7277292859165536,1152,11,0.9431945538974952,1
788,6,0,5,0.640191528412168,1512,11,0.9431945538974952,1
683,6,0,10,0.3696202779440669,1142,11,0.8884502877862838,1
806,6,0,5,0.859035922173132,1461,11,0.9431945538974952,1
853,6,0,10,0.7834351316011626,1329,11,0.8884502877862838,1
644,6,0,5,0.3974732007863714,1268,11,0.9431945538974952,1
704,6,0,3,0.7078343410291932,1201,11,0.8884502877862838,1
587,6,0,3,0.7993510875110509,1336,11,0.9431945538974952,1
882,6,0,5,1.1176702057088168,1610,11,0.8884502877862838,1
732,6,0,7,0.859035922173132,1344,11,0.9431945538974952,1
877,6,0,10,1.4399683128840548,1679,11,0.8884502877862838,1
665,6,0,5,0.8908678339929086,1255,11,0.8884502877862838,1
644,6,0,10,0.5208218590880057,1376,11,0.9431945538974952,1
757,6,0,3,0.7675191756912743,1338,11,0.9431945538974952,1
555,6,0,10,0.2940194873720975,1139,11,0.8884502877862838,1
770,6,0,3,1.0181954812720149,1533,11,0.8884502877862838,1
751,6,0,5,0.6322335504572237,1327,11,0.9431945538974952,1
639,6,0,10,0.9306577237676292,1323,11,0.8884502877862838,1
607,6,0,3,0.6481495063671121,1239,11,0.9431945538974952,1
624,6,0,10,0.5009269142006454,1276,11,0.8884502877862838,1
679,6,0,10,0.7953720985335788,1342,11,0.9431945538974952,1
623,6,0,5,0.5566327598852544,1261,11,0.9431945538974952,1
705,6,0,10,0.695897374096777,1198,11,0.9431945538974952,1
694,6,0,5,1.081859304911568,1600,11,0.9431945538974952,1
703,6,0,3,0.6799814181868887,1311,11,0.9431945538974952,1
610,6,0,3,0.751603219781386,1331,11,0.9431945538974952,1
544,6,0,7,0.5248008480654778,1178,11,0.9431945538974952,1
547,6,0,10,0.7913931095561068,1226,11,0.8884502877862838,1
745,6,0,3,1.244997852987923,1631,11,0.9431945538974952,1
613,6,0,3,0.6879393961418329,1238,11,0.9431945538974952,1
746,6,0,5,0.9425946907000456,1331,11,0.9431945538974952,1
603,6,0,7,0.5526537709077823,1346,11,0.8884502877862838,1
736,6,0,5,0.863014911150604,1252,11,0.8884502877862838,1
749,6,0,7,0.373599266921539,1184,11,0.8884502877862838,1
838,6,0,10,1.3564095443571411,1733,11,0.8884502877862838,1
625,6,0,3,0.5606117488627265,1353,11,0.8884502877862838,1
666,6,0,5,0.1149649833858541,1145,11,0.8884502877862838,1
695,6,0,5,0.4730739913583408,1269,11,0.8884502877862838,1
667,6,0,5,0.4452210685160363,1313,11,0.8884502877862838,1
696,6,0,7,0.5805066937500868,1226,11,0.9431945538974952,1
695,6,0,5,0.7595611977363301,1382,11,0.9431945538974952,1
709,6,0,7,0.9306577237676292,1460,11,0.9431945538974952,1
483,6,0,3,0.0950700384984938,1169,11,0.8884502877862838,1
596,6,0,5,0.6123386055698634,1209,11,0.9431945538974952,1
644,6,0,7,1.1017542497989286,1514,11,0.9431945538974952,1
664,6,0,5,0.7595611977363301,1206,11,0.9431945538974952,1
655,6,0,3,0.8510779442181878,1435,11,0.8884502877862838,1
651,6,0,7,0.7595611977363301,1317,11,0.8884502877862838,1
779,6,0,5,0.6043806276149193,1286,11,0.9431945538974952,1
929,6,0,5,1.432010334929111,1610,11,0.9431945538974952,1
654,6,0,7,0.5685697268176706,1254,11,0.8884502877862838,1
699,6,0,7,0.807309065465995,1385,11,0.9431945538974952,1
786,6,0,10,1.1892920073033142,1592,11,0.9431945538974952,1
695,6,0,7,0.5208218590880057,1321,11,0.8884502877862838,1
700,6,0,10,0.8550569331956599,1334,11,0.8884502877862838,1
838,6,0,5,0.9187207568352131,1412,11,0.9431945538974952,1
768,6,0,3,0.4412420795385642,1340,11,0.8884502877862838,1
540,6,0,7,0.6202965835248075,1223,11,0.8884502877862838,1
626,6,0,5,0.4929689362457012,1184,11,0.9431945538974952,1
743,6,0,10,0.7157923189841373,1311,11,0.8884502877862838,1
821,6,0,10,1.0341114371819031,1535,11,0.9431945538974952,1
748,6,0,10,0.7714981646687463,1296,11,0.8884502877862838,1
543,6,0,7,0.6202965835248075,1305,11,0.8884502877862838,1
734,6,0,5,0.8112880544434671,1360,11,0.9431945538974952,1
687,6,0,10,0.751603219781386,1324,11,0.8884502877862838,1
693,6,0,7,0.5168428701105336,1345,11,0.8884502877862838,1
743,6,0,3,0.9505526686549896,1602,11,0.8884502877862838,1
734,6,0,5,0.97044761354235,1363,11,0.9431945538974952,1
870,6,0,3,1.237039875032979,1408,11,0.9431945538974952,1
529,6,0,3,0.4213471346512039,1222,11,0.9431945538974952,1
680,6,0,7,0.6481495063671121,1269,11,0.9431945538974952,1
880,6,0,10,0.5725487157951427,1471,11,0.9431945538974952,1
777,6,0,5,0.4332841015836201,1333,11,0.9431945538974952,1
846,6,0,3,1.2251029081005629,1572,11,0.8884502877862838,1
911,6,0,7,0.9983005363846544,1343,11,0.8884502877862838,1
786,6,0,10,0.6362125394346959,1315,11,0.9431945538974952,1
771,6,0,5,0.9266787347901572,1484,11,0.9431945538974952,1
716,6,0,5,0.9147417678577412,1415,11,0.8884502877862838,1
660,6,0,7,0.5685697268176706,1180,11,0.9431945538974952,1
704,6,0,3,0.3497253330567065,1295,11,0.8884502877862838,1
843,6,0,5,0.8431199662632437,1377,11,0.8884502877862838,1
740,6,0,3,1.0699223379791518,1325,11,0.8884502877862838,1
752,6,0,7,0.4094101677187876,1202,11,0.9431945538974952,1
663,6,0,7,0.8351619883082996,1470,11,0.9431945538974952,1
568,6,0,3,0.2542295975973768,1183,11,0.8884502877862838,1
765,6,0,10,1.1415441395736492,1554,11,0.9431945538974952,1
718,6,0,3,0.536737814997894,1384,11,0.9431945538974952,1
721,6,0,5,0.7476242308039139,1351,11,0.8884502877862838,1
790,6,0,5,0.9306577237676292,1456,11,0.8884502877862838,1
671,6,0,7,0.2860615094171533,1056,11,0.9431945538974952,1
754,6,0,3,0.9306577237676292,1519,11,0.9431945538974952,1
686,6,0,3,0.1834591899245513,1066,11,0.8884502877862838,1
493,6,0,5,0.5208218590880057,1140,11,0.9431945538974952,1
502,6,0,10,0.5606117488627265,1226,11,0.8884502877862838,1
687,6,0,10,0.7356872638714977,1345,11,0.8884502877862838,1
551,6,0,7,0.4094101677187876,1259,11,0.8884502877862838,1
723,6,0,3,0.7157923189841373,1622,11,0.9431945538974952,1
513,6,0,3,0.0242996308256684,1196,11,0.8884502877862838,1
667,6,0,3,0.9266787347901572,1316,11,0.9431945538974952,1
763,6,0,3,0.7555822087588581,1321,11,0.8884502877862838,1
730,6,0,3,0.8351619883082996,1242,11,0.8884502877862838,1
774,6,0,3,0.7237502969390814,1510,11,0.8884502877862838,1
691,6,0,5,0.8829098560379645,1423,11,0.9431945538974952,1
734,6,0,3,0.373599266921539,1267,11,0.9431945538974952,1
720,6,0,10,0.7595611977363301,1226,11,0.8884502877862838,1
770,6,0,3,0.9266787347901572,1452,11,0.8884502877862838,1
704,6,0,10,0.6043806276149193,1363,11,0.8884502877862838,1
809,6,0,3,1.0062585143395988,1231,11,0.9431945538974952,1
687,6,0,3,0.9187207568352131,1445,11,0.9431945538974952,1
785,6,0,5,0.8669939001280762,1519,11,0.8884502877862838,1
709,6,0,10,0.4014521897638435,1119,11,0.8884502877862838,1
698,6,0,10,0.751603219781386,1194,11,0.8884502877862838,1
628,6,0,10,0.7436452418264419,1399,11,0.8884502877862838,1
631,6,0,7,0.7834351316011626,1368,11,0.9431945538974952,1
815,6,0,10,0.958510646609934,1511,11,0.9431945538974952,1
793,6,0,7,0.9187207568352131,1560,11,0.9431945538974952,1
668,6,0,7,0.4492000574935084,1234,11,0.9431945538974952,1
554,6,0,5,0.3139144322594578,1216,11,0.9431945538974952,1
714,6,0,5,0.7555822087588581,1265,11,0.8884502877862838,1
888,6,0,7,1.3524305553796692,1617,11,0.8884502877862838,1
670,6,0,3,0.6799814181868887,1264,11,0.8884502877862838,1
872,6,0,10,1.3723255002670296,1630,11,0.9431945538974952,1
757,6,0,3,1.0062585143395988,1469,11,0.8884502877862838,1
844,6,0,10,0.8431199662632437,1420,11,0.8884502877862838,1
537,6,0,10,0.055280148723773,946,11,0.9431945538974952,1
673,6,0,5,0.1985237519127677,1044,11,0.8884502877862838,1
730,6,0,7,0.3656412889665948,1234,11,0.8884502877862838,1
685,6,0,3,0.8192460323984113,1332,11,0.8884502877862838,1
695,6,0,3,0.2502506086199046,1203,11,0.8884502877862838,1
700,6,0,5,0.8669939001280762,1340,11,0.9431945538974952,1
702,6,0,5,0.8948468229703807,1472,11,0.8884502877862838,1
652,6,0,5,0.5964226496599752,1348,11,0.8884502877862838,1
672,6,0,5,0.8669939001280762,1334,11,0.8884502877862838,1
741,6,0,10,0.540716803975366,1430,11,0.9431945538974952,1
789,6,0,3,0.5844856827275589,1409,11,0.8884502877862838,1
684,6,0,3,0.751603219781386,1319,11,0.8884502877862838,1
696,6,0,5,0.8829098560379645,1384,11,0.8884502877862838,1
712,6,0,3,0.5526537709077823,1289,11,0.8884502877862838,1
533,6,0,10,0.1308809392957424,969,11,0.9431945538974952,1
783,6,0,10,0.6680444512544724,1264,11,0.8884502877862838,1
788,6,0,3,0.3139144322594578,1319,11,0.8884502877862838,1
817,6,0,7,0.9545316576324616,1407,11,0.9431945538974952,1
655,6,0,10,0.8351619883082996,1310,11,0.9431945538974952,1
654,6,0,3,0.3099354432819858,1245,11,0.8884502877862838,1
611,6,0,7,0.4492000574935084,1156,11,0.8884502877862838,1
663,6,0,10,0.5606117488627265,1345,11,0.9431945538974952,1
677,6,0,7,0.5168428701105336,1238,11,0.8884502877862838,1
808,6,0,7,1.0261534592269592,1444,11,0.9431945538974952,1
714,6,0,3,0.9863635694522384,1515,11,0.9431945538974952,1
689,6,0,3,1.109712227753873,1309,11,0.8884502877862838,1
544,6,0,10,0.2343346527100163,1050,11,0.8884502877862838,1
687,6,0,7,0.9425946907000456,1297,11,0.9431945538974952,1
686,6,0,3,0.8709728891055483,1496,11,0.8884502877862838,1
712,6,0,10,0.8669939001280762,1385,11,0.9431945538974952,1
748,6,0,5,0.5566327598852544,1315,11,0.9431945538974952,1
833,6,0,5,0.7874141205786347,1354,11,0.8884502877862838,1
652,6,0,7,0.7197713079616094,1248,11,0.9431945538974952,1
674,6,0,5,0.6839604071643608,1309,11,0.9431945538974952,1
557,6,0,5,0.2900404983946254,1190,11,0.8884502877862838,1
893,6,0,3,1.3007036986725322,1678,11,0.9431945538974952,1
739,6,0,3,0.7635401867138022,1464,11,0.9431945538974952,1
690,6,0,7,0.540716803975366,1284,11,0.9431945538974952,1
814,6,0,10,0.8272040103533554,1316,11,0.8884502877862838,1
467,6,0,10,0.6282545614797517,1237,11,0.9431945538974952,1
630,6,0,7,0.7555822087588581,1369,11,0.8884502877862838,1
572,6,0,10,0.3696202779440669,1114,11,0.8884502877862838,1
1033,6,2,7,1.233060886055507,1757,11,0.9431945538974952,0
1089,4,2,7,1.2211239191230907,1730,11,0.9431945538974952,0
971,6,2,7,1.073901326956624,1676,11,0.9431945538974952,0
1120,6,2,7,1.2529558309428672,1920,11,0.9431945538974952,0
1058,6,2,7,1.014216492294543,1603,11,0.9431945538974952,0
904,4,2,7,1.0937962718439844,1660,11,0.9431945538974952,0
949,4,2,7,1.014216492294543,1618,11,0.9431945538974952,0
957,6,2,7,1.1534811065060655,1698,11,0.9431945538974952,0
984,4,2,7,1.4121153900417502,1880,11,0.9431945538974952,0
999,6,2,7,1.2012289742357305,1614,11,0.9431945538974952,0
914,6,2,7,1.193270996280786,1811,11,0.9431945538974952,0
982,4,2,7,1.2489768419653953,1663,11,0.9431945538974952,0
929,4,2,7,1.1654180734384818,1742,11,0.9431945538974952,0
970,4,2,7,1.081859304911568,1792,11,0.9431945538974952,0
905,6,2,7,1.1136912167313446,1688,11,0.9431945538974952,0
946,4,2,7,1.1892920073033142,1772,11,0.9431945538974952,0
783,6,2,7,0.9147417678577412,1558,11,0.9431945538974952,0
901,6,2,7,1.1892920073033142,1700,11,0.9431945538974952,0
1053,6,2,7,1.2768297648076998,1837,11,0.9431945538974952,0
1045,6,2,7,0.910762778880269,1664,11,0.9431945538974952,0
1075,6,2,7,1.432010334929111,1790,11,0.9431945538974952,0
1021,6,2,7,1.0380904261593753,1670,11,0.9431945538974952,0
962,6,2,7,1.1415441395736492,1711,11,0.9431945538974952,0
909,4,2,7,1.1693970624159538,1747,11,0.9431945538974952,0
889,6,2,7,1.0500273930917916,1647,11,0.9431945538974952,0
1005,4,2,7,1.2648927978752835,1778,11,0.9431945538974952,0
1043,6,2,7,1.3205986435598926,1868,11,0.9431945538974952,0
1120,4,2,7,1.4399683128840548,1920,11,0.9431945538974952,0
1003,6,2,7,1.109712227753873,1609,11,0.9431945538974952,0
960,6,2,7,1.121649194686289,1755,11,0.9431945538974952,0
917,4,2,7,0.9346367127451014,1612,11,0.9431945538974952,0
1072,4,2,7,1.336514599469781,1816,11,0.9431945538974952,0
1067,4,2,7,1.1574600954835377,1714,11,0.9431945538974952,0
1032,4,2,7,1.2131659411681466,1741,11,0.9431945538974952,0
947,4,2,7,1.022174470249487,1734,11,0.9431945538974952,0
945,6,2,7,0.910762778880269,1673,11,0.9431945538974952,0
979,6,2,7,1.443947301861527,1750,11,0.9431945538974952,0
919,6,2,7,1.2529558309428672,1800,11,0.9431945538974952,0
848,6,2,7,1.0977752608214564,1544,11,0.9431945538974952,0
937,4,2,7,1.0460484041143194,1817,11,0.9431945538974952,0
966,6,2,7,1.2489768419653953,1798,11,0.9431945538974952,0
911,6,2,7,1.1415441395736492,1712,11,0.9431945538974952,0
943,4,2,7,1.185313018325842,1768,11,0.9431945538974952,0
872,6,2,7,1.3007036986725322,1698,11,0.9431945538974952,0
973,6,2,7,1.2012289742357305,1780,11,0.9431945538974952,0
988,6,2,7,1.1534811065060655,1653,11,0.9431945538974952,0
1068,4,2,7,1.1176702057088168,1697,11,0.9431945538974952,0
886,4,2,7,1.1136912167313446,1574,11,0.9431945538974952,0
1003,4,2,7,1.0380904261593753,1595,11,0.9431945538974952,0
913,4,2,7,1.0540063820692636,1645,11,0.9431945538974952,0
1032,6,2,7,1.177355040370898,1741,11,0.9431945538974952,0
902,4,2,7,1.1176702057088168,1665,11,0.9431945538974952,0
993,6,2,7,1.173376051393426,1757,11,0.9431945538974952,0
971,4,2,7,1.121649194686289,1612,11,0.9431945538974952,0
1030,4,2,7,1.4757792136813035,1836,11,0.9431945538974952,0
915,4,2,7,1.2808087537851718,1756,11,0.9431945538974952,0
910,6,2,7,0.9346367127451014,1592,11,0.9431945538974952,0
905,4,2,7,1.125628183663761,1599,11,0.9431945538974952,0
921,4,2,7,1.149502117528593,1639,11,0.9431945538974952,0
932,4,2,7,0.97044761354235,1638,11,0.9431945538974952,0
887,4,2,7,1.1415441395736492,1752,11,0.9431945538974952,0
916,4,2,7,1.2569348199203394,1733,11,0.9431945538974952,0
937,6,2,7,1.109712227753873,1724,11,0.9431945538974952,0
978,4,2,7,1.292745720717588,1797,11,0.9431945538974952,0
946,4,2,7,1.1654180734384818,1744,11,0.9431945538974952,0
971,6,2,7,1.2091869521906744,1641,11,0.9431945538974952,0
967,6,2,7,1.1455231285511214,1835,11,0.9431945538974952,0
999,6,2,7,1.1574600954835377,1718,11,0.9431945538974952,0
993,6,2,7,1.3245776325373646,1717,11,0.9431945538974952,0
900,6,2,7,1.1057332387764005,1750,11,0.9431945538974952,0
974,4,2,7,1.073901326956624,1685,11,0.9431945538974952,0
923,4,2,7,1.014216492294543,1653,11,0.9431945538974952,0
973,6,2,7,0.962489635587406,1640,11,0.9431945538974952,0
868,4,2,7,1.233060886055507,1613,11,0.9431945538974952,0
910,4,2,7,1.1176702057088168,1682,11,0.9431945538974952,0
953,6,2,7,1.2609138088978116,1692,11,0.9431945538974952,0
898,4,2,7,0.910762778880269,1623,11,0.9431945538974952,0
979,6,2,7,1.3166196545824205,1763,11,0.9431945538974952,0
892,4,2,7,1.1415441395736492,1824,11,0.9431945538974952,0
996,4,2,7,1.3404935884472529,1814,11,0.9431945538974952,0
940,4,2,7,1.0261534592269592,1647,11,0.9431945538974952,0
853,6,2,7,1.18133402934837,1655,11,0.9431945538974952,0
959,4,2,7,1.121649194686289,1659,11,0.9431945538974952,0
921,4,2,7,1.2012289742357305,1630,11,0.9431945538974952,0
1004,6,2,7,0.9545316576324616,1613,11,0.9431945538974952,0
978,6,2,7,1.1534811065060655,1639,11,0.9431945538974952,0
899,6,2,7,0.9943215474071824,1627,11,0.9431945538974952,0
955,4,2,7,1.1455231285511214,1738,11,0.9431945538974952,0
837,6,2,7,0.958510646609934,1492,11,0.9431945538974952,0
1069,4,2,7,1.2768297648076998,1649,11,0.9431945538974952,0
898,4,2,7,1.1176702057088168,1596,11,0.9431945538974952,0
1049,4,2,7,1.18133402934837,1729,11,0.9431945538974952,0
856,4,2,7,1.0181954812720149,1589,11,0.9431945538974952,0
1013,4,2,7,1.2489768419653953,1747,11,0.9431945538974952,0
1078,6,2,7,1.2091869521906744,1764,11,0.9431945538974952,0
855,6,2,7,0.8988258119478527,1532,11,0.9431945538974952,0
970,6,2,7,1.2012289742357305,1638,11,0.9431945538974952,0
835,6,2,7,1.014216492294543,1605,11,0.9431945538974952,0
868,4,2,7,0.8709728891055483,1552,11,0.9431945538974952,0
1038,4,2,7,1.121649194686289,1662,11,0.9431945538974952,0
977,4,2,7,1.284787742762644,1738,11,0.9431945538974952,0
941,6,2,7,1.0500273930917916,1663,11,0.9431945538974952,0
1024,6,2,7,1.1534811065060655,1657,11,0.9431945538974952,0
904,6,2,7,1.1614390844610096,1585,11,0.9431945538974952,0
1074,4,2,7,1.1455231285511214,1715,11,0.9431945538974952,0
1005,4,2,7,1.1296071726412331,1658,11,0.9431945538974952,0
795,4,2,7,1.2290818970780348,1695,11,0.9431945538974952,0
1039,6,2,7,1.284787742762644,1707,11,0.9431945538974952,0
942,4,2,7,1.177355040370898,1703,11,0.9431945538974952,0
918,4,2,7,1.0579853710467355,1696,11,0.9431945538974952,0
1112,4,2,7,1.3325356104923087,1718,11,0.9431945538974952,0
968,4,2,7,1.1415441395736492,1733,11,0.9431945538974952,0
1000,6,2,7,1.2609138088978116,1705,11,0.9431945538974952,0
975,4,2,7,1.173376051393426,1679,11,0.9431945538974952,0
1063,4,2,7,1.0937962718439844,1726,11,0.9431945538974952,0
936,4,2,7,1.1972499852582583,1718,11,0.9431945538974952,0
1002,6,2,7,1.3046826876500044,1744,11,0.9431945538974952,0
918,6,2,7,0.7794561426236906,1480,11,0.9431945538974952,0
980,4,2,7,1.0341114371819031,1645,11,0.9431945538974952,0
848,4,2,7,0.863014911150604,1472,11,0.9431945538974952,0
874,6,2,7,1.2808087537851718,1787,11,0.9431945538974952,0
876,4,2,7,1.244997852987923,1733,11,0.9431945538974952,0
942,4,2,7,1.2171449301456188,1800,11,0.9431945538974952,0
903,4,2,7,1.149502117528593,1697,11,0.9431945538974952,0
857,4,2,7,1.0380904261593753,1638,11,0.9431945538974952,0
1007,4,2,7,0.8669939001280762,1556,11,0.9431945538974952,0
902,6,2,7,1.0460484041143194,1656,11,0.9431945538974952,0
1044,4,2,7,1.133586161618705,1806,11,0.9431945538974952,0
885,4,2,7,0.9545316576324616,1660,11,0.9431945538974952,0
892,4,2,7,1.0460484041143194,1518,11,0.9431945538974952,0
958,4,2,7,0.966468624564878,1614,11,0.9431945538974952,0
1011,4,2,7,1.022174470249487,1689,11,0.9431945538974952,0
991,4,2,7,1.233060886055507,1748,11,0.9431945538974952,0
1001,4,2,7,1.1534811065060655,1599,11,0.9431945538974952,0
889,6,2,7,0.9425946907000456,1599,11,0.9431945538974952,0
975,6,2,7,1.0937962718439844,1629,11,0.9431945538974952,0
929,6,2,7,1.2688717868527557,1566,11,0.9431945538974952,0
913,6,2,7,1.0022795253621266,1684,11,0.9431945538974952,0
953,4,2,7,0.97044761354235,1622,11,0.9431945538974952,0
984,6,2,7,1.185313018325842,1695,11,0.9431945538974952,0
989,6,2,7,1.121649194686289,1663,11,0.9431945538974952,0
905,4,2,7,0.9903425584297104,1664,11,0.9431945538974952,0
908,6,2,7,1.1375651505961772,1767,11,0.9431945538974952,0
912,4,2,7,1.1614390844610096,1737,11,0.9431945538974952,0
983,4,2,7,1.2529558309428672,1877,11,0.9431945538974952,0
1033,6,2,7,1.3285566215148368,1674,11,0.9431945538974952,0
984,4,2,7,0.9983005363846544,1603,11,0.9431945538974952,0
809,4,2,7,0.9545316576324616,1724,11,0.9431945538974952,0
954,6,2,7,1.1534811065060655,1664,11,0.9431945538974952,0
964,4,2,7,0.7157923189841373,1619,11,0.9431945538974952,0
949,4,2,7,1.0181954812720149,1543,11,0.9431945538974952,0
913,4,2,7,1.237039875032979,1636,11,0.9431945538974952,0
906,4,2,7,1.3166196545824205,1777,11,0.9431945538974952,0
855,4,2,7,0.8789308670604924,1556,11,0.9431945538974952,0
926,6,2,7,1.1534811065060655,1715,11,0.9431945538974952,0
939,4,2,7,1.0420694151368477,1633,11,0.9431945538974952,0
956,4,2,7,1.0301324482044312,1579,11,0.9431945538974952,0
793,6,2,7,1.0301324482044312,1654,11,0.9431945538974952,0
925,6,2,7,1.0380904261593753,1663,11,0.9431945538974952,0
1041,6,2,7,1.2808087537851718,1782,11,0.9431945538974952,0
1062,6,2,7,1.1892920073033142,1711,11,0.9431945538974952,0
993,6,2,7,1.177355040370898,1825,11,0.9431945538974952,0
947,6,2,7,0.9306577237676292,1572,11,0.9431945538974952,0
934,6,2,7,1.1176702057088168,1699,11,0.9431945538974952,0
984,4,2,7,1.1534811065060655,1697,11,0.9431945538974952,0
982,6,2,7,1.173376051393426,1861,11,0.9431945538974952,0
989,4,2,7,1.2808087537851718,1859,11,0.9431945538974952,0
1061,4,2,7,1.2290818970780348,1816,11,0.9431945538974952,0
946,4,2,7,1.2569348199203394,1702,11,0.9431945538974952,0
917,6,2,7,1.2529558309428672,1786,11,0.9431945538974952,0
991,4,2,7,0.962489635587406,1628,11,0.9431945538974952,0
904,6,2,7,1.1415441395736492,1740,11,0.9431945538974952,0
912,6,2,7,1.121649194686289,1684,11,0.9431945538974952,0
941,6,2,7,1.0022795253621266,1673,11,0.9431945538974952,0
929,4,2,7,1.1176702057088168,1730,11,0.9431945538974952,0
981,4,2,7,1.0619643600242077,1757,11,0.9431945538974952,0
905,4,2,7,1.0699223379791518,1696,11,0.9431945538974952,0
997,6,2,7,1.2808087537851718,1706,11,0.9431945538974952,0
975,4,2,7,1.1176702057088168,1622,11,0.9431945538974952,0
903,6,2,7,1.1614390844610096,1767,11,0.9431945538974952,0
1021,4,2,7,1.4399683128840548,1777,11,0.9431945538974952,0
879,4,2,7,0.9863635694522384,1646,11,0.9431945538974952,0
1046,4,2,7,0.9823845804747664,1711,11,0.9431945538974952,0
1007,6,2,7,1.0858382938890403,1643,11,0.9431945538974952,0
880,6,2,7,1.3046826876500044,1790,11,0.9431945538974952,0
1013,6,2,7,1.2410188640104511,1803,11,0.9431945538974952,0
959,4,2,7,1.193270996280786,1644,11,0.9431945538974952,0
979,6,2,7,1.0102375033170707,1704,11,0.9431945538974952,0
1049,4,2,7,1.0420694151368477,1640,11,0.9431945538974952,0
969,6,2,7,1.29672470969506,1696,11,0.9431945538974952,0
985,4,2,7,0.8789308670604924,1566,11,0.9431945538974952,0
1091,6,2,7,1.133586161618705,1695,11,0.9431945538974952,0
955,6,2,7,1.121649194686289,1726,11,0.9431945538974952,0
1016,6,2,7,1.193270996280786,1790,11,0.9431945538974952,0
980,4,2,7,1.133586161618705,1632,11,0.9431945538974952,0
1098,4,2,7,1.133586161618705,1724,11,0.9431945538974952,0
900,4,2,7,1.18133402934837,1705,11,0.9431945538974952,0
1006,4,2,7,1.0341114371819031,1519,11,0.9431945538974952,0
854,6,2,7,0.9863635694522384,1572,11,0.9431945538974952,0
1012,6,2,7,1.2290818970780348,1858,11,0.9431945538974952,0
992,6,2,7,1.0500273930917916,1700,11,0.9431945538974952,0
1065,6,2,7,1.0500273930917916,1798,11,0.9431945538974952,0
916,4,2,7,0.9545316576324616,1712,11,0.9431945538974952,0
1005,6,2,7,1.1176702057088168,1721,11,0.9431945538974952,0
960,6,2,7,1.073901326956624,1669,11,0.9431945538974952,0
980,6,2,7,1.0301324482044312,1661,11,0.9431945538974952,0
983,4,2,7,1.1614390844610096,1671,11,0.9431945538974952,0
991,6,2,7,1.3086616766274763,1824,11,0.9431945538974952,0
905,6,2,7,1.1614390844610096,1771,11,0.9431945538974952,0
971,6,2,7,1.1693970624159538,1769,11,0.9431945538974952,0
1021,6,2,7,1.396199434131862,1813,11,0.9431945538974952,0
1042,4,2,7,1.1534811065060655,1758,11,0.9431945538974952,0
930,4,2,7,1.1136912167313446,1690,11,0.9431945538974952,0
949,4,2,7,1.1654180734384818,1765,11,0.9431945538974952,0
853,6,2,7,1.0420694151368477,1668,11,0.9431945538974952,0
1122,6,2,7,1.1972499852582583,1744,11,0.9431945538974952,0
876,6,2,7,1.121649194686289,1680,11,0.9431945538974952,0
891,6,2,7,1.0579853710467355,1637,11,0.9431945538974952,0
940,6,2,7,0.9744266025198222,1597,11,0.9431945538974952,0
943,6,2,7,1.3166196545824205,1783,11,0.9431945538974952,0
968,6,2,7,1.149502117528593,1743,11,0.9431945538974952,0
999,4,2,7,1.2091869521906744,1801,11,0.9431945538974952,0
931,4,2,7,1.0619643600242077,1741,11,0.9431945538974952,0
1046,6,2,7,1.185313018325842,1701,11,0.9431945538974952,0
919,4,2,7,0.9266787347901572,1480,11,0.9431945538974952,0
883,6,2,7,1.081859304911568,1643,11,0.9431945538974952,0
846,4,2,7,0.9983005363846544,1455,11,0.9431945538974952,0
974,6,2,7,1.149502117528593,1788,11,0.9431945538974952,0
1006,6,2,7,1.0261534592269592,1712,11,0.9431945538974952,0
939,6,2,7,1.133586161618705,1718,11,0.9431945538974952,0
898,6,2,7,1.0977752608214564,1679,11,0.9431945538974952,0
1039,6,2,7,1.1574600954835377,1804,11,0.9431945538974952,0
1030,4,2,7,1.1534811065060655,1735,11,0.9431945538974952,0
970,6,2,7,1.284787742762644,1760,11,0.9431945538974952,0
881,6,2,7,0.9266787347901572,1583,11,0.9431945538974952,0
1000,6,2,7,0.9744266025198222,1632,11,0.9431945538974952,0
831,4,2,7,0.962489635587406,1553,11,0.9431945538974952,0
1043,6,2,7,1.2091869521906744,1781,11,0.9431945538974952,0
898,4,2,7,1.073901326956624,1596,11,0.9431945538974952,0
904,6,2,7,1.0579853710467355,1647,11,0.9431945538974952,0
976,6,2,7,1.1574600954835377,1689,11,0.9431945538974952,0
800,4,2,7,1.109712227753873,1622,11,0.9431945538974952,0
901,4,2,7,1.06594334900168,1657,11,0.9431945538974952,0
899,4,2,7,0.9784055914972942,1695,11,0.9431945538974952,0
1008,6,2,7,1.0341114371819031,1707,11,0.9431945538974952,0
919,6,2,7,1.1136912167313446,1642,11,0.9431945538974952,0
979,4,2,7,1.1693970624159538,1757,11,0.9431945538974952,0
1003,6,2,7,1.081859304911568,1630,11,0.9431945538974952,0
1008,6,2,7,1.3683465112895574,1800,11,0.9431945538974952,0
797,4,2,7,0.9545316576324616,1610,11,0.9431945538974952,0
1037,4,2,7,1.121649194686289,1782,11,0.9431945538974952,0
960,6,2,7,0.958510646609934,1604,11,0.9431945538974952,0
1056,4,2,7,1.233060886055507,1814,11,0.9431945538974952,0
988,4,2,7,1.133586161618705,1632,11,0.9431945538974952,0
980,6,2,7,1.081859304911568,1705,11,0.9431945538974952,0
960,4,2,7,1.1972499852582583,1735,11,0.9431945538974952,0
902,6,2,7,1.125628183663761,1655,11,0.9431945538974952,0
898,4,2,7,1.185313018325842,1712,11,0.9431945538974952,0
986,6,2,7,1.0301324482044312,1667,11,0.9431945538974952,0
1010,6,2,7,1.2211239191230907,1669,11,0.9431945538974952,0
966,4,2,7,1.1057332387764005,1767,11,0.9431945538974952,0
926,4,2,7,1.284787742762644,1737,11,0.9431945538974952,0
836,4,2,7,1.0341114371819031,1622,11,0.9431945538974952,0
943,4,2,7,1.2171449301456188,1695,11,0.9431945538974952,0
969,6,2,7,0.9545316576324616,1693,11,0.9431945538974952,0
962,6,2,7,1.177355040370898,1661,11,0.9431945538974952,0
820,6,2,7,1.0102375033170707,1482,11,0.9431945538974952,0
926,6,2,7,1.1136912167313446,1697,11,0.9431945538974952,0
847,4,2,7,1.0460484041143194,1626,11,0.9431945538974952,0
872,4,2,7,0.8550569331956599,1660,11,0.9431945538974952,0
917,4,2,7,1.2052079632132024,1711,11,0.9431945538974952,0
969,4,2,7,1.1534811065060655,1750,11,0.9431945538974952,0
1025,6,2,7,1.4121153900417502,1745,11,0.9431945538974952,0
962,4,2,7,1.0898172828665122,1648,11,0.9431945538974952,0
945,6,2,7,1.081859304911568,1676,11,0.9431945538974952,0
991,6,2,7,0.9744266025198222,1621,11,0.9431945538974952,0
1031,4,2,7,1.3285566215148368,1854,11,0.9431945538974952,0
1009,4,2,7,1.0420694151368477,1625,11,0.9431945538974952,0
905,6,2,7,1.0420694151368477,1612,11,0.9431945538974952,0
832,6,2,7,0.8749518780830203,1588,11,0.9431945538974952,0
970,4,2,7,1.3086616766274763,1771,11,0.9431945538974952,0
1045,6,2,7,1.1654180734384818,1634,11,0.9431945538974952,0
989,6,2,7,1.3603885333346133,1763,11,0.9431945538974952,0
876,4,2,7,1.1614390844610096,1675,11,0.9431945538974952,0
1044,6,2,7,1.1654180734384818,1791,11,0.9431945538974952,0
942,4,2,7,1.081859304911568,1586,11,0.9431945538974952,0
965,4,2,7,1.081859304911568,1585,11,0.9431945538974952,0
969,6,2,7,1.2609138088978116,1770,11,0.9431945538974952,0
946,6,2,7,1.0579853710467355,1704,11,0.9431945538974952,0
872,4,2,7,0.8829098560379645,1613,11,0.9431945538974952,0
930,4,2,7,1.2131659411681466,1740,11,0.9431945538974952,0
847,4,2,7,1.1693970624159538,1652,11,0.9431945538974952,0
1028,6,2,7,1.121649194686289,1724,11,0.9431945538974952,0
978,4,2,7,1.125628183663761,1722,11,0.9431945538974952,0
1071,4,2,7,1.06594334900168,1850,11,0.9431945538974952,0
1058,4,2,7,1.404157412086806,1835,11,0.9431945538974952,0
879,6,2,7,0.9386157017225736,1699,11,0.9431945538974952,0
974,6,2,7,1.1455231285511214,1734,11,0.9431945538974952,0
950,4,2,7,0.9425946907000456,1547,11,0.9431945538974952,0
944,6,2,7,1.2251029081005629,1620,11,0.9431945538974952,0
1003,6,2,7,1.0858382938890403,1665,11,0.9431945538974952,0
1015,6,2,7,1.2808087537851718,1824,11,0.9431945538974952,0
923,4,2,7,1.1972499852582583,1684,11,0.9431945538974952,0
907,4,2,7,0.9147417678577412,1558,11,0.9431945538974952,0
1063,4,2,7,1.177355040370898,1762,11,0.9431945538974952,0
968,6,2,7,1.2489768419653953,1640,11,0.9431945538974952,0
992,4,2,7,1.233060886055507,1751,11,0.9431945538974952,0
918,4,2,7,1.2410188640104511,1677,11,0.9431945538974952,0
859,6,2,7,1.237039875032979,1746,11,0.9431945538974952,0
837,4,2,7,1.0579853710467355,1723,11,0.9431945538974952,0
1010,4,2,7,1.149502117528593,1767,11,0.9431945538974952,0
948,4,2,7,1.3603885333346133,1732,11,0.9431945538974952,0
845,4,2,7,1.173376051393426,1706,11,0.9431945538974952,0
943,6,2,7,1.1654180734384818,1746,11,0.9431945538974952,0
959,4,2,7,1.1972499852582583,1742,11,0.9431945538974952,0
1047,4,2,7,1.06594334900168,1658,11,0.9431945538974952,0
1031,6,2,7,1.1654180734384818,1764,11,0.9431945538974952,0
944,6,2,7,1.133586161618705,1728,11,0.9431945538974952,0
886,6,2,7,1.2052079632132024,1679,11,0.9431945538974952,0
927,4,2,7,1.149502117528593,1744,11,0.9431945538974952,0
994,6,2,7,1.0858382938890403,1766,11,0.9431945538974952,0
856,6,2,7,0.9823845804747664,1691,11,0.9431945538974952,0
877,6,2,7,0.9266787347901572,1586,11,0.9431945538974952,0
958,6,2,7,1.1057332387764005,1687,11,0.9431945538974952,0
979,4,2,7,1.0301324482044312,1565,11,0.9431945538974952,0
1180,6,2,7,1.2688717868527557,1892,11,0.9431945538974952,0
1128,4,2,7,1.3245776325373646,1907,11,0.9431945538974952,0
893,6,2,7,0.9863635694522384,1573,11,0.9431945538974952,0
934,4,2,7,1.344472577424725,1825,11,0.9431945538974952,0
972,4,2,7,1.06594334900168,1666,11,0.9431945538974952,0
1002,4,2,7,1.1136912167313446,1690,11,0.9431945538974952,0
904,4,2,7,0.9386157017225736,1746,11,0.9431945538974952,0
899,4,2,7,1.0937962718439844,1608,11,0.9431945538974952,0
923,6,2,7,0.9067837899027968,1559,11,0.9431945538974952,0
996,4,2,7,1.2131659411681466,1759,11,0.9431945538974952,0
946,6,2,7,1.2251029081005629,1689,11,0.9431945538974952,0
930,4,2,7,1.0579853710467355,1716,11,0.9431945538974952,0
886,4,2,7,1.0579853710467355,1753,11,0.9431945538974952,0
939,4,2,7,1.2648927978752835,1701,11,0.9431945538974952,0
869,6,2,7,1.2410188640104511,1675,11,0.9431945538974952,0
855,6,2,7,0.9425946907000456,1422,11,0.9431945538974952,0
952,4,2,7,1.336514599469781,1817,11,0.9431945538974952,0
1013,4,2,7,1.1654180734384818,1660,11,0.9431945538974952,0
979,4,2,7,1.1136912167313446,1733,11,0.9431945538974952,0
932,4,2,7,0.9983005363846544,1653,11,0.9431945538974952,0
1020,6,2,7,1.1136912167313446,1801,11,0.9431945538974952,0
916,4,2,7,1.1057332387764005,1625,11,0.9431945538974952,0
1075,4,2,7,1.3285566215148368,1765,11,0.9431945538974952,0
958,6,2,7,1.149502117528593,1579,11,0.9431945538974952,0
962,4,2,7,0.9187207568352131,1701,11,0.9431945538974952,0
811,4,2,7,1.0977752608214564,1667,11,0.9431945538974952,0
857,6,2,7,1.2251029081005629,1776,11,0.9431945538974952,0
1013,6,2,7,1.1296071726412331,1666,11,0.9431945538974952,0
766,4,2,4,3.755739897772802,1181,11,0.0273721330556057,0
963,4,2,7,3.624433261516224,1194,11,1.804272708628173,0
696,4,2,7,3.4891476362821727,1182,11,1.804272708628173,0
962,4,2,7,2.406862634409769,1169,11,0.9431945538974952,0
881,4,2,10,3.417525834687676,1152,11,0.0273721330556057,0
986,4,2,4,3.1310386283096863,1103,11,0.9431945538974952,0
696,4,2,4,3.115122672399798,1025,11,1.804272708628173,0
816,4,2,7,2.37105173361252,1179,11,1.804272708628173,0
703,2,2,4,3.656265173336,1046,11,0.9431945538974952,0
1081,4,2,10,3.465273702417341,1138,11,0.9431945538974952,0
721,2,2,7,2.6257070281707326,1113,11,1.804272708628173,0
931,4,2,7,3.3260090882058178,1104,11,0.9431945538974952,0
858,2,2,4,3.314072121273401,1171,11,0.8884502877862838,0
873,4,2,10,2.585917138396012,1021,11,1.804272708628173,0
958,2,2,4,3.067374804670133,1117,11,1.804272708628173,0
821,2,2,10,2.10048048314442,1057,11,0.0273721330556057,0
568,2,2,10,2.912194234548722,1062,11,1.804272708628173,0
710,2,2,10,2.9917740140981635,1022,11,0.9431945538974952,0
955,4,2,4,3.0236059259179404,1211,11,1.804272708628173,0
1101,4,2,4,2.4227785903196573,1133,11,0.9431945538974952,0
898,4,2,7,3.421504823665148,1164,11,0.8884502877862838,0
918,2,2,4,3.306114143318457,1178,11,1.804272708628173,0
1015,2,2,10,2.904236256593778,1105,11,0.8884502877862838,0
950,2,2,4,3.011668958985524,1152,11,1.804272708628173,0
1027,2,2,4,3.4851686473047008,1075,11,1.804272708628173,0
930,4,2,7,2.339219821792744,1116,11,1.804272708628173,0
999,4,2,7,3.385693922867899,1157,11,1.804272708628173,0
655,2,2,4,2.0805855382570586,1022,11,1.804272708628173,0
667,4,2,10,3.1429755952421026,1128,11,0.0273721330556057,0
787,2,2,4,3.5846433717415027,1084,11,1.804272708628173,0
858,2,2,7,2.1283334059867234,1162,11,0.8884502877862838,0
736,4,2,10,2.25566105326583,1084,11,0.0273721330556057,0
859,2,2,4,2.2397450973559416,1146,11,0.0273721330556057,0
760,4,2,7,3.481189658327229,1087,11,0.9431945538974952,0
1003,4,2,7,2.6456019730580933,1157,11,0.8884502877862838,0
1091,2,2,7,1.9572368799554245,1047,11,1.804272708628173,0
980,2,2,7,3.819403721412355,1104,11,1.804272708628173,0
868,4,2,4,3.0395218818278287,1192,11,0.8884502877862838,0
958,2,2,4,2.8246564770443365,1087,11,1.804272708628173,0
889,2,2,4,3.429462801620092,1044,11,0.9431945538974952,0
902,2,2,10,2.689370851810286,1137,11,0.0273721330556057,0
688,2,2,4,2.6416229840806214,1091,11,1.804272708628173,0
838,2,2,4,2.008963736662561,1045,11,1.804272708628173,0
918,2,2,4,3.461294713439868,1112,11,0.9431945538974952,0
910,2,2,10,3.015647947962996,1147,11,0.0273721330556057,0
894,2,2,10,3.1031857054673817,1042,11,0.9431945538974952,0
753,0,0,4,3.5647484268541425,1682,11,0.9431945538974952,1
848,4,0,4,3.1867444739942954,1786,11,0.9431945538974952,1
718,4,0,4,3.707992030043137,1743,11,0.9431945538974952,1
717,4,0,4,3.083290760580021,1622,11,0.9431945538974952,1
781,0,0,7,3.4851686473047008,1697,11,0.9431945538974952,1
740,4,0,4,3.0275849148954124,1663,11,0.9431945538974952,1
643,4,0,4,3.230513352746488,1543,11,0.9431945538974952,1
709,0,0,7,2.339219821792744,1571,11,0.9431945538974952,1
779,0,0,4,3.7358449528854414,1726,11,0.9431945538974952,1
719,0,0,7,3.767676864705218,1623,11,0.9431945538974952,1
715,4,0,7,2.999731992053108,1663,11,0.9431945538974952,1
764,0,0,7,3.7438029308403857,1719,11,0.9431945538974952,1
778,4,0,4,3.174807507061879,1583,11,0.9431945538974952,1
684,4,0,4,2.6575389399905096,1645,11,0.9431945538974952,1
729,4,0,4,3.719928996975553,1614,11,0.9431945538974952,1
741,0,0,4,3.5289375260568936,1698,11,0.9431945538974952,1
690,0,0,4,2.633665006125677,1707,11,0.9431945538974952,1
716,0,0,4,2.518274325778987,1731,11,0.9431945538974952,1
785,0,0,4,3.5090425811695334,1674,11,0.9431945538974952,1
756,0,0,4,3.298156165363513,1648,11,0.9431945538974952,1
786,4,0,7,3.600559327651391,1790,11,0.9431945538974952,1
741,0,0,4,3.075332782625077,1697,11,0.9431945538974952,1
791,0,0,4,3.8114457434574094,1655,11,0.9431945538974952,1
691,0,0,4,2.669475906922925,1578,11,0.9431945538974952,1
721,0,0,7,3.556790448899198,1660,11,0.9431945538974952,1
779,0,0,7,3.6085173056063353,1627,11,0.9431945538974952,1
698,4,0,7,2.959942102278387,1686,11,0.9431945538974952,1
800,4,0,4,3.803487765502467,1662,11,0.9431945538974952,1
696,4,0,7,2.665496917945453,1561,11,0.9431945538974952,1
798,4,0,4,2.434715557252073,1577,11,0.9431945538974952,1
696,0,0,4,2.900257267616306,1642,11,0.9431945538974952,1
815,0,0,7,3.672181129245888,1580,11,0.9431945538974952,1
754,4,0,4,3.019626936940468,1610,11,0.9431945538974952,1
754,0,0,7,3.672181129245888,1799,11,0.9431945538974952,1
739,0,0,7,3.54087449298931,1645,11,0.9431945538974952,1
760,0,0,4,3.087269749557493,1714,11,0.9431945538974952,1
704,4,0,7,3.059416826715189,1664,11,0.9431945538974952,1
824,4,0,7,3.501084603214589,1866,11,0.9431945538974952,1
806,0,0,7,3.7278869749304975,1718,11,0.9431945538974952,1
862,4,0,7,2.995753003075636,1675,11,0.9431945538974952,1
606,0,0,4,3.0912487385349654,1679,11,0.9431945538974952,1
747,0,0,7,3.700034052088193,1666,11,0.9431945538974952,1
781,4,0,7,3.501084603214589,1555,11,0.9431945538974952,1
708,4,0,4,3.3737569559354825,1635,11,0.9431945538974952,1
716,0,0,4,3.115122672399798,1654,11,0.9431945538974952,1
790,4,0,7,2.1760812737163886,1581,11,0.9431945538974952,1
753,4,0,7,3.7318659639079694,1738,11,0.9431945538974952,1
736,0,0,7,3.0395218818278287,1602,11,0.9431945538974952,1
804,4,0,7,3.111143683422326,1626,11,0.9431945538974952,1
686,4,0,4,3.6164752835612792,1760,11,0.9431945538974952,1
718,4,0,7,3.775634842660162,1695,11,0.9431945538974952,1
717,0,0,4,3.0355428928503563,1625,11,0.9431945538974952,1
893,4,0,7,3.63637022844864,1749,11,0.9431945538974952,1
667,0,0,4,3.397630889800315,1680,11,0.9431945538974952,1
683,0,0,4,3.429462801620092,1630,11,0.9431945538974952,1
794,0,0,7,3.4095678567327314,1742,11,0.9431945538974952,1
711,0,0,4,3.079311771602549,1600,11,0.9431945538974952,1
772,4,0,4,3.385693922867899,1752,11,0.9431945538974952,1
718,0,0,4,2.749055686472367,1625,11,0.9431945538974952,1
778,4,0,4,3.4891476362821727,1663,11,0.9431945538974952,1
757,4,0,4,2.58193814941854,1632,11,0.9431945538974952,1
742,0,0,7,3.0355428928503563,1509,11,0.9431945538974952,1
680,4,0,7,2.37105173361252,1508,11,0.9431945538974952,1
621,0,0,7,2.669475906922925,1588,11,0.9431945538974952,1
646,4,0,7,3.2504082976338484,1648,11,0.9431945538974952,1
665,4,0,7,2.6177490502157887,1724,11,0.9431945538974952,1
815,4,0,4,3.7358449528854414,1824,11,0.9431945538974952,1
751,4,0,4,3.596580338673919,1715,11,0.9431945538974952,1
753,4,0,7,2.955963113300915,1704,11,0.9431945538974952,1
738,4,0,7,2.892299289661362,1546,11,0.9431945538974952,1
618,0,0,4,2.108438461099363,1575,11,0.9431945538974952,1
587,4,0,7,2.0129427256400336,1591,11,0.9431945538974952,1
765,0,0,4,3.8114457434574094,1807,11,0.9431945538974952,1
724,0,0,4,3.1071646944448537,1623,11,0.9431945538974952,1
782,0,0,7,3.115122672399798,1657,11,0.9431945538974952,1
723,0,0,7,3.2703032425212086,1657,11,0.9431945538974952,1
705,0,0,7,2.860467377841585,1599,11,0.9431945538974952,1
783,0,0,4,3.6880970851557766,1759,11,0.9431945538974952,1
806,4,0,7,3.1031857054673817,1681,11,0.9431945538974952,1
770,4,0,4,2.9917740140981635,1662,11,0.9431945538974952,1
818,4,0,4,2.784866587269616,1657,11,0.9431945538974952,1
749,0,0,7,3.723907985953025,1703,11,0.9431945538974952,1
837,0,0,4,3.393651900822843,1635,11,0.9431945538974952,1
785,4,0,7,3.222555374791544,1775,11,0.9431945538974952,1
706,0,0,4,2.979837047165748,1673,11,0.9431945538974952,1
836,4,0,7,3.0315639038728843,1582,11,0.9431945538974952,1
859,0,0,4,3.63637022844864,1829,11,0.9431945538974952,1
697,0,0,4,2.90821524557125,1567,11,0.9431945538974952,1
770,4,0,4,2.6018330943059005,1661,11,0.9431945538974952,1
755,4,0,7,3.198681440926712,1655,11,0.9431945538974952,1
848,0,0,7,3.7915507985700505,1806,11,0.9431945538974952,1
738,0,0,4,3.162870540129463,1694,11,0.9431945538974952,1
781,0,0,4,2.6217280391932607,1594,11,0.9431945538974952,1
705,4,0,7,3.42548381264262,1644,11,0.9431945538974952,1
689,4,0,7,3.4891476362821727,1676,11,0.9431945538974952,1
776,4,0,7,3.6841180961783047,1736,11,0.9431945538974952,1
713,4,0,4,2.554085226576236,1605,11,0.9431945538974952,1
725,0,0,4,3.42548381264262,1765,11,0.9431945538974952,1
615,4,0,7,1.9651948579103689,1550,11,0.9431945538974952,1
725,4,0,4,3.707992030043137,1817,11,0.9431945538974952,1
817,4,0,4,2.96392109125586,1628,11,0.9431945538974952,1
663,4,0,7,2.951984124323443,1679,11,0.9431945538974952,1
679,4,0,4,2.673454895900398,1549,11,0.9431945538974952,1
873,0,0,4,3.692076074133249,1768,11,0.9431945538974952,1
797,0,0,7,3.314072121273401,1728,11,0.9431945538974952,1
664,4,0,4,3.015647947962996,1603,11,0.9431945538974952,1
677,0,0,7,3.294177176386041,1679,11,0.9431945538974952,1
636,4,0,7,2.4585894911169057,1503,11,0.9431945538974952,1
736,0,0,7,3.604538316628863,1764,11,0.9431945538974952,1
647,4,0,7,2.0010057587076173,1677,11,0.9431945538974952,1
695,0,0,4,3.1469545842195745,1637,11,0.9431945538974952,1
810,0,0,7,3.3260090882058178,1744,11,0.9431945538974952,1
726,0,0,4,3.401609878777787,1680,11,0.9431945538974952,1
682,0,0,7,3.067374804670133,1651,11,0.9431945538974952,1
819,0,0,7,3.632391239471168,1726,11,0.9431945538974952,1
753,0,0,7,2.67743388487787,1601,11,0.9431945538974952,1
763,4,0,4,3.318051110250874,1735,11,0.9431945538974952,1
721,4,0,4,3.341925044115706,1659,11,0.9431945538974952,1
723,0,0,7,2.9718790692108032,1600,11,0.9431945538974952,1
806,4,0,4,3.417525834687676,1684,11,0.9431945538974952,1
690,4,0,4,2.9241312014811385,1723,11,0.9431945538974952,1
559,0,0,4,2.291471954063079,1536,11,0.9431945538974952,1
789,0,0,4,2.9400471573910267,1702,11,0.9431945538974952,1
686,0,0,4,3.680139107200832,1803,11,0.9431945538974952,1
636,4,0,7,3.298156165363513,1594,11,0.9431945538974952,1
770,4,0,7,3.827361699367299,1765,11,0.9431945538974952,1
664,0,0,7,3.007689970008052,1707,11,0.9431945538974952,1
702,4,0,4,3.0992067164899098,1622,11,0.9431945538974952,1
752,0,0,7,3.2623452645662647,1757,11,0.9431945538974952,1
820,4,0,4,3.7716558536826894,1799,11,0.9431945538974952,1
779,4,0,4,3.7915507985700505,1787,11,0.9431945538974952,1
793,0,0,7,3.1867444739942954,1607,11,0.9431945538974952,1
724,4,0,7,2.9281101904586104,1675,11,0.9431945538974952,1
821,4,0,4,2.967900080233332,1709,11,0.9431945538974952,1
845,4,0,7,3.6841180961783047,1761,11,0.9431945538974952,1
776,4,0,7,3.397630889800315,1780,11,0.9431945538974952,1
745,4,0,7,3.5647484268541425,1638,11,0.9431945538974952,1
754,4,0,7,2.9440261463684987,1605,11,0.9431945538974952,1
744,4,0,7,3.226534363769016,1619,11,0.9431945538974952,1
644,4,0,4,2.975858058188275,1603,11,0.9431945538974952,1
723,4,0,4,2.566022193508652,1607,11,0.9431945538974952,1
805,4,0,7,3.310093132295929,1697,11,0.9431945538974952,1
686,0,0,7,2.7172237746525907,1427,11,0.9431945538974952,1
791,0,0,4,3.1867444739942954,1697,11,0.9431945538974952,1
735,0,0,4,2.036816659504866,1550,11,0.9431945538974952,1
749,4,0,4,2.566022193508652,1595,11,0.9431945538974952,1
701,4,0,4,3.8353196773222433,1708,11,0.9431945538974952,1
735,0,0,7,3.4851686473047008,1696,11,0.9431945538974952,1
736,0,0,4,3.5727064048090864,1760,11,0.9431945538974952,1
794,4,0,4,2.570001182486124,1739,11,0.9431945538974952,1
766,0,0,4,2.6257070281707326,1590,11,0.9431945538974952,1
820,4,0,4,3.154912562174519,1694,11,0.9431945538974952,1
761,4,0,7,3.3697779669580106,1650,11,0.9431945538974952,1
794,0,0,7,3.341925044115706,1751,11,0.9431945538974952,1
715,0,0,7,2.8763833337514737,1711,11,0.9431945538974952,1
663,4,0,4,3.2583662755887928,1733,11,0.9431945538974952,1
776,0,0,7,3.222555374791544,1750,11,0.9431945538974952,1
758,0,0,4,3.5289375260568936,1751,11,0.9431945538974952,1
758,0,0,4,3.417525834687676,1648,11,0.9431945538974952,1
778,4,0,7,3.7278869749304975,1862,11,0.9431945538974952,1
765,0,0,7,3.457315724462396,1699,11,0.9431945538974952,1
782,0,0,7,3.692076074133249,1766,11,0.9431945538974952,1
814,4,0,7,3.0474798597827726,1611,11,0.9431945538974952,1
835,0,0,4,3.719928996975553,1824,11,0.9431945538974952,1
717,0,0,4,3.3697779669580106,1723,11,0.9431945538974952,1
704,4,0,7,3.44537875752998,1538,11,0.9431945538974952,1
765,0,0,4,3.783592820615106,1731,11,0.9431945538974952,1
669,0,0,4,3.222555374791544,1704,11,0.9431945538974952,1
755,0,0,7,2.7172237746525907,1574,11,0.9431945538974952,1
701,0,0,4,2.478484436004266,1586,11,0.9431945538974952,1
809,0,0,4,3.401609878777787,1635,11,0.9431945538974952,1
753,0,0,4,3.0275849148954124,1525,11,0.9431945538974952,1
654,0,0,4,2.685391862832814,1764,11,0.9431945538974952,1
702,0,0,4,3.680139107200832,1703,11,0.9431945538974952,1
620,0,0,7,2.418799601342185,1727,11,0.9431945538974952,1
685,4,0,4,3.178786496039351,1600,11,0.9431945538974952,1
602,0,0,4,2.6456019730580933,1659,11,0.9431945538974952,1
776,4,0,4,3.6880970851557766,1693,11,0.9431945538974952,1
771,4,0,7,2.526232303733931,1648,11,0.9431945538974952,1
707,0,0,4,3.644328206403584,1707,11,0.9431945538974952,1
747,0,0,7,3.7438029308403857,1679,11,0.9431945538974952,1
735,0,0,4,3.178786496039351,1697,11,0.9431945538974952,1
760,0,0,4,3.779613831637634,1791,11,0.9431945538974952,1
750,4,0,4,3.3657989779805386,1578,11,0.9431945538974952,1
760,4,0,7,3.3538620110481223,1633,11,0.9431945538974952,1
758,4,0,4,3.763697875727746,1716,11,0.9431945538974952,1
832,4,0,4,3.377735944912955,1717,11,0.9431945538974952,1
746,0,0,7,3.190723462971768,1641,11,0.9431945538974952,1
767,0,0,7,3.318051110250874,1795,11,0.9431945538974952,1
807,4,0,7,3.3697779669580106,1752,11,0.9431945538974952,1
809,0,0,4,2.8445514219316967,1677,11,0.9431945538974952,1
712,4,0,7,3.7716558536826894,1601,11,0.9431945538974952,1
810,4,0,4,3.055437837737717,1649,11,0.9431945538974952,1
835,0,0,7,3.4891476362821727,1727,11,0.9431945538974952,1
715,4,0,4,3.783592820615106,1698,11,0.9431945538974952,1
740,0,0,7,3.282240209453625,1774,11,0.9431945538974952,1
779,4,0,7,3.700034052088193,1614,11,0.9431945538974952,1
710,0,0,7,3.723907985953025,1708,11,0.9431945538974952,1
745,4,0,7,3.5886223607189747,1675,11,0.9431945538974952,1
755,4,0,7,2.5023583698690985,1561,11,0.9431945538974952,1
707,0,0,7,2.426757579297129,1676,11,0.9431945538974952,1
685,0,0,4,2.8883203006838896,1667,11,0.9431945538974952,1
825,4,0,7,3.497105614237117,1718,11,0.9431945538974952,1
666,0,0,4,3.019626936940468,1721,11,0.9431945538974952,1
669,0,0,4,3.0236059259179404,1622,11,0.9431945538974952,1
820,0,0,7,2.4466525241844894,1633,11,0.9431945538974952,1
726,0,0,4,3.696055063110721,1682,11,0.9431945538974952,1
769,0,0,7,3.823382710389827,1691,11,0.9431945538974952,1
836,4,0,4,3.803487765502467,1723,11,0.9431945538974952,1
683,4,0,4,1.9970267697301447,1637,11,0.9431945538974952,1
744,0,0,4,3.779613831637634,1721,11,0.9431945538974952,1
789,0,0,4,3.668202140268416,1723,11,0.9431945538974952,1
678,4,0,4,3.6124962945838073,1695,11,0.9431945538974952,1
682,0,0,7,3.055437837737717,1757,11,0.9431945538974952,1
743,0,0,7,3.23449234172396,1659,11,0.9431945538974952,1
733,0,0,4,2.8047615321569763,1665,11,0.9431945538974952,1
758,0,0,7,2.8286354660218085,1662,11,0.9431945538974952,1
705,0,0,7,3.3021351543409856,1735,11,0.9431945538974952,1
800,0,0,4,3.433441790597564,1759,11,0.9431945538974952,1
738,4,0,7,3.755739897772802,1769,11,0.9431945538974952,1
716,4,0,4,2.9320891794360824,1706,11,0.9431945538974952,1
650,4,0,4,2.90821524557125,1677,11,0.9431945538974952,1
711,4,0,4,3.3578410000255943,1544,11,0.9431945538974952,1
813,0,0,7,3.7716558536826894,1738,11,0.9431945538974952,1
732,0,0,4,2.251682064288358,1617,11,0.9431945538974952,1
706,0,0,7,3.0912487385349654,1580,11,0.9431945538974952,1
763,4,0,4,3.457315724462396,1677,11,0.9431945538974952,1
771,4,0,7,3.3618199890030667,1795,11,0.9431945538974952,1
793,4,0,4,3.4135468457102034,1667,11,0.9431945538974952,1
727,4,0,4,3.5687274158316145,1741,11,0.9431945538974952,1
685,0,0,7,3.433441790597564,1681,11,0.9431945538974952,1
719,0,0,7,3.700034052088193,1860,11,0.9431945538974952,1
676,0,0,4,2.967900080233332,1620,11,0.9431945538974952,1
721,4,0,4,3.6085173056063353,1674,11,0.9431945538974952,1
638,4,0,7,3.7438029308403857,1628,11,0.9431945538974952,1
838,0,0,4,3.600559327651391,1680,11,0.9431945538974952,1
654,4,0,4,3.0275849148954124,1639,11,0.9431945538974952,1
808,0,0,7,3.2862191984310973,1635,11,0.9431945538974952,1
388,0,0,3,0.3616622999891227,424,11,0.8884502877862838,1
326,0,0,3,0.266166564529793,424,11,0.9431945538974952,1
362,0,0,10,0.1348599282732145,413,11,0.9431945538974952,1
390,0,0,10,0.1905657739578236,431,11,0.8884502877862838,1
358,0,0,3,0.3258513991918741,405,11,0.8884502877862838,1
222,0,0,3,0.0959214324201657,381,11,0.8884502877862838,1
340,0,0,3,0.1786288070254073,397,11,0.9431945538974952,1
280,0,0,9,0.2869129033388253,376,11,0.9431945538974952,1
294,0,0,9,0.4253261236286759,414,11,0.9431945538974952,1
366,0,0,3,0.0282786198031404,406,11,0.8884502877862838,1
308,0,0,3,0.2781035314622092,399,11,0.9431945538974952,1
360,0,0,10,0.1158163773075261,401,11,0.8884502877862838,1
305,0,0,3,0.2064817298677118,394,11,0.9431945538974952,1
219,0,0,3,0.6330849443788957,381,11,0.9431945538974952,1
303,0,0,9,0.2152911017443279,391,11,0.8884502877862838,1
315,0,0,10,0.1078583993525819,399,11,0.8884502877862838,1
282,0,0,10,0.2860615094171533,414,11,0.8884502877862838,1
320,0,0,10,0.0919424434426936,415,11,0.8884502877862838,1
283,0,0,10,0.3227238041360739,385,11,0.8884502877862838,1
338,0,0,3,0.2232490796992721,401,11,0.9431945538974952,1
268,0,0,9,0.1476482891273027,400,11,0.9431945538974952,1
317,0,0,3,0.0402155867355567,403,11,0.8884502877862838,1
272,0,0,9,0.2431440245866324,380,11,0.9431945538974952,1
412,0,0,3,0.0791540825886055,407,11,0.9431945538974952,1
348,0,0,3,0.056131542645445,401,11,0.8884502877862838,1
257,0,0,3,0.5853370766492308,373,11,0.9431945538974952,1
345,0,0,9,0.1706708290704632,391,11,0.9431945538974952,1
330,0,0,9,0.1317323332174144,405,11,0.9431945538974952,1
321,0,0,3,0.163564245037191,392,11,0.9431945538974952,1
259,0,0,10,0.2431440245866324,380,11,0.9431945538974952,1
287,0,0,9,0.2511020025415766,374,11,0.9431945538974952,1
397,0,0,10,0.536737814997894,399,11,0.9431945538974952,1
311,0,0,9,0.1715222229921351,389,11,0.9431945538974952,1
255,0,0,9,0.6211479774464795,383,11,0.9431945538974952,1
296,0,0,10,0.0791540825886055,394,11,0.8884502877862838,1
267,0,0,10,0.2630389694739928,397,11,0.9431945538974952,1
334,0,0,3,0.1269019503182704,380,11,0.9431945538974952,1
249,0,0,9,0.270996947428937,385,11,0.9431945538974952,1
242,0,0,9,0.1953961568569676,376,11,0.9431945538974952,1
325,0,0,3,0.2908918923162973,377,11,0.9431945538974952,1
288,0,0,3,0.2391650356091604,393,11,0.8884502877862838,1
290,0,0,9,0.3346607710684902,380,11,0.9431945538974952,1
342,0,0,9,0.2908918923162973,390,11,0.8884502877862838,1
294,0,0,9,0.1149649833858541,384,11,0.9431945538974952,1
306,0,0,10,0.4500514514151803,411,11,0.8884502877862838,1
355,0,0,3,0.0513011597463009,410,11,0.9431945538974952,1
200,0,0,3,0.5574841538069263,374,11,0.9431945538974952,1
268,0,0,3,0.1158163773075261,411,11,0.8884502877862838,1
316,0,0,3,0.0362365977580846,393,11,0.9431945538974952,1
303,0,0,10,0.0393641928138847,382,11,0.8884502877862838,1
357,0,0,3,0.0879634544652216,389,11,0.8884502877862838,1
335,0,0,3,0.3178934212369299,419,11,0.9431945538974952,1
307,0,0,9,0.2113121127668558,390,11,0.8884502877862838,1
224,0,0,3,0.2630389694739928,362,11,0.9431945538974952,1
289,0,0,3,0.3465977380009064,370,11,0.8884502877862838,1
241,0,0,9,0.056131542645445,394,11,0.9431945538974952,1
249,0,0,3,0.0322576087806125,415,11,0.9431945538974952,1
303,0,0,10,0.167543234014663,393,11,0.9431945538974952,1
268,0,0,10,0.1794802009470793,383,11,0.8884502877862838,1
275,0,0,3,0.1874381789020234,379,11,0.8884502877862838,1
289,0,0,9,0.4221985285728758,387,11,0.9431945538974952,1
217,0,0,10,0.0871120605435496,400,11,0.9431945538974952,1
316,0,0,10,0.0521525536679729,391,11,0.9431945538974952,1
326,0,0,10,0.2781035314622092,398,11,0.9431945538974952,1
276,0,0,3,0.3585347049333226,379,11,0.9431945538974952,1
272,0,0,10,0.0203206418481963,406,11,0.8884502877862838,1
306,0,0,10,0.0711961046336613,390,11,0.8884502877862838,1
288,0,0,10,0.1834591899245513,385,11,0.8884502877862838,1
437,0,0,3,0.4094101677187876,417,11,0.8884502877862838,1
349,0,0,9,0.0672171156561892,389,11,0.9431945538974952,1
256,0,0,10,0.0274272258814685,411,11,0.9431945538974952,1
226,0,0,10,0.2988498702712415,405,11,0.8884502877862838,1
274,0,0,9,0.4659674073250686,380,11,0.9431945538974952,1
368,0,0,10,0.1476482891273027,412,11,0.8884502877862838,1
362,0,0,9,0.2184186968001281,382,11,0.9431945538974952,1
347,0,0,10,0.4611370244259246,410,11,0.9431945538974952,1
272,0,0,3,0.1308809392957424,393,11,0.8884502877862838,1
353,0,0,10,0.1237743552624702,392,11,0.8884502877862838,1
299,0,0,3,0.1038794103751098,384,11,0.8884502877862838,1
300,0,0,3,0.1516272781047747,412,11,0.9431945538974952,1
291,0,0,10,0.3545557159558505,394,11,0.8884502877862838,1
343,0,0,10,0.2820825204396813,417,11,0.9431945538974952,1
250,0,0,9,0.111837388330054,373,11,0.8884502877862838,1
304,0,0,10,0.1308809392957424,409,11,0.9431945538974952,1
292,0,0,3,0.0242996308256684,403,11,0.9431945538974952,1
355,0,0,9,0.6600864732995283,425,11,0.8884502877862838,1
404,0,0,10,0.4332841015836201,429,11,0.8884502877862838,1
328,0,0,9,0.0441945757130287,404,11,0.9431945538974952,1
304,0,0,10,0.0680685095778612,390,11,0.9431945538974952,1
310,0,0,3,0.1794802009470793,401,11,0.8884502877862838,1
264,0,0,9,0.4460724624377082,367,11,0.8884502877862838,1
307,0,0,9,0.2511020025415766,385,11,0.8884502877862838,1
289,0,0,9,0.3943456057305713,387,11,0.9431945538974952,1
323,0,0,3,0.2033541348119117,386,11,0.9431945538974952,1
348,0,0,9,0.3107868372036577,384,11,0.8884502877862838,1
190,0,0,3,0.5455471868745101,348,11,0.8884502877862838,1
285,0,0,3,0.0672171156561892,397,11,0.9431945538974952,1
346,0,0,10,0.2312070576542162,415,11,0.9431945538974952,1
207,0,0,10,0.2272280686767442,391,11,0.8884502877862838,1
316,0,0,10,0.0672171156561892,410,11,0.8884502877862838,1
285,0,0,9,0.2422926306649605,410,11,0.8884502877862838,1
263,0,0,3,0.3107868372036577,382,11,0.9431945538974952,1
411,0,0,10,0.0680685095778612,406,11,0.9431945538974952,1
310,0,0,9,0.1197953662849981,391,11,0.9431945538974952,1
342,0,0,9,0.2152911017443279,391,11,0.9431945538974952,1
304,0,0,9,0.1547548731605749,417,11,0.8884502877862838,1
343,0,0,10,0.0274272258814685,396,11,0.9431945538974952,1
235,0,0,3,0.3028288592487136,367,11,0.9431945538974952,1
407,0,0,10,0.2900404983946254,437,11,0.9431945538974952,1
321,0,0,10,0.4062825726629875,374,11,0.8884502877862838,1
289,0,0,3,0.1476482891273027,395,11,0.9431945538974952,1
256,0,0,10,0.214439707822656,411,11,0.9431945538974952,1
202,0,0,9,0.0362365977580846,396,11,0.8884502877862838,1
367,0,0,3,0.3139144322594578,442,11,0.9431945538974952,1
303,0,0,9,0.0632381266787172,376,11,0.9431945538974952,1
266,0,0,3,0.167543234014663,377,11,0.8884502877862838,1
338,0,0,3,0.0521525536679729,397,11,0.9431945538974952,1
265,0,0,3,0.2869129033388253,381,11,0.9431945538974952,1
349,0,0,3,0.4221985285728758,410,11,0.9431945538974952,1
239,0,0,3,0.485862352212429,376,11,0.8884502877862838,1
321,0,0,9,0.2582085865748488,409,11,0.9431945538974952,1
333,0,0,3,0.060110531622917,404,11,0.9431945538974952,1
277,0,0,10,0.1436693001498306,401,11,0.8884502877862838,1
282,0,0,10,0.270996947428937,407,11,0.9431945538974952,1
256,0,0,10,0.0871120605435496,398,11,0.9431945538974952,1
271,0,0,10,0.1945447629352956,411,11,0.8884502877862838,1
363,0,0,3,0.1237743552624702,390,11,0.8884502877862838,1
244,0,0,10,0.055280148723773,415,11,0.8884502877862838,1
295,0,0,3,0.2542295975973768,398,11,0.8884502877862838,1
231,0,0,3,0.326702793113546,395,11,0.9431945538974952,1
284,0,0,9,0.0234482369039964,387,11,0.8884502877862838,1
226,0,0,10,0.4261775175503479,370,11,0.9431945538974952,1
295,0,0,10,0.3068078482261857,397,11,0.9431945538974952,1
298,0,0,3,0.3426187490234343,388,11,0.9431945538974952,1
264,0,0,3,0.1229229613407983,388,11,0.8884502877862838,1
331,0,0,10,0.0004256969608359,417,11,0.9431945538974952,1
275,0,0,3,0.3664926828882667,385,11,0.8884502877862838,1
305,0,0,3,0.0720474985553333,399,11,0.9431945538974952,1
257,0,0,3,0.274975936406409,406,11,0.8884502877862838,1
343,0,0,3,0.3147658261811298,400,11,0.8884502877862838,1
336,0,0,9,0.2502506086199046,402,11,0.8884502877862838,1
287,0,0,10,0.5017783081223173,395,11,0.9431945538974952,1
335,0,0,10,0.1476482891273027,384,11,0.8884502877862838,1
387,0,0,9,0.2383136416874884,413,11,0.9431945538974952,1
299,0,0,3,0.0035532920166361,392,11,0.9431945538974952,1
286,0,0,9,0.0592591377012451,403,11,0.8884502877862838,1
269,0,0,9,0.055280148723773,402,11,0.9431945538974952,1
245,0,0,9,0.0632381266787172,405,11,0.8884502877862838,1
226,0,0,10,0.2232490796992721,380,11,0.9431945538974952,1
316,0,0,3,0.4779043742574848,362,11,0.9431945538974952,1
244,0,0,9,0.2789549253838811,371,11,0.9431945538974952,1
221,0,0,10,0.2829339143613532,388,11,0.8884502877862838,1
254,0,0,10,0.3028288592487136,390,11,0.9431945538974952,1
281,0,0,3,0.0839844654877495,392,11,0.8884502877862838,1
357,0,0,10,0.0632381266787172,397,11,0.8884502877862838,1
315,0,0,10,0.2948708812937694,372,11,0.9431945538974952,1
362,0,0,9,0.1985237519127677,401,11,0.8884502877862838,1
334,0,0,9,0.3019774653270416,398,11,0.8884502877862838,1
299,0,0,9,0.2343346527100163,401,11,0.9431945538974952,1
240,0,0,9,0.4142405506179316,386,11,0.9431945538974952,1
288,0,0,9,0.1516272781047747,413,11,0.8884502877862838,1
318,0,0,10,0.162712851115519,394,11,0.9431945538974952,1
363,0,0,3,0.2025027408902398,398,11,0.8884502877862838,1
280,0,0,9,0.4977993191448452,398,11,0.9431945538974952,1
335,0,0,10,0.055280148723773,423,11,0.8884502877862838,1
296,0,0,9,0.3227238041360739,403,11,0.9431945538974952,1
251,0,0,10,0.4182195395954037,384,11,0.9431945538974952,1
344,0,0,9,0.0353852038364127,393,11,0.9431945538974952,1
343,0,0,9,0.0640895206003891,400,11,0.9431945538974952,1
372,0,0,3,0.1308809392957424,400,11,0.8884502877862838,1
323,0,0,9,0.0314062148589406,401,11,0.9431945538974952,1
230,0,0,3,0.8360133822299715,348,11,0.8884502877862838,1
298,0,0,9,0.1993751458344396,401,11,0.8884502877862838,1
339,0,0,3,0.2343346527100163,393,11,0.9431945538974952,1
357,0,0,3,0.1158163773075261,393,11,0.8884502877862838,1
281,0,0,10,0.4301565065278199,390,11,0.8884502877862838,1
215,0,0,3,0.4261775175503479,376,11,0.9431945538974952,1
416,0,0,3,0.1715222229921351,415,11,0.8884502877862838,1
233,0,0,10,0.0959214324201657,386,11,0.8884502877862838,1
402,0,0,10,0.2383136416874884,406,11,0.9431945538974952,1
337,0,0,3,0.0314062148589406,405,11,0.9431945538974952,1
301,0,0,9,0.5137152750547335,377,11,0.8884502877862838,1
249,0,0,3,0.1317323332174144,380,11,0.8884502877862838,1
334,0,0,10,0.3306817820910181,379,11,0.8884502877862838,1
327,0,0,10,0.3338093771468182,407,11,0.9431945538974952,1
303,0,0,9,0.0919424434426936,392,11,0.8884502877862838,1
300,0,0,9,0.1865867849803515,415,11,0.8884502877862838,1
165,0,0,3,0.3187448151586018,365,11,0.8884502877862838,1
243,0,0,10,0.2312070576542162,401,11,0.9431945538974952,1
300,0,0,9,0.2033541348119117,392,11,0.8884502877862838,1
322,0,0,3,0.2073331237893838,420,11,0.8884502877862838,1
218,0,0,9,0.2908918923162973,387,11,0.9431945538974952,1
293,0,0,9,0.4818833632349569,378,11,0.8884502877862838,1
262,0,0,10,0.1755012119696072,388,11,0.9431945538974952,1
335,0,0,10,0.1755012119696072,411,11,0.9431945538974952,1
253,0,0,9,0.4898413411899011,384,11,0.9431945538974952,1
250,0,0,10,0.3386397600459622,378,11,0.9431945538974952,1
328,0,0,10,0.1388389172506866,417,11,0.9431945538974952,1
364,0,0,9,0.1149649833858541,392,11,0.8884502877862838,1
317,0,0,9,0.1556062670822468,396,11,0.9431945538974952,1
237,0,0,10,0.1269019503182704,405,11,0.8884502877862838,1
321,0,0,10,0.3497253330567065,422,11,0.9431945538974952,1
327,0,0,9,0.1476482891273027,395,11,0.9431945538974952,1
296,0,0,3,0.0282786198031404,402,11,0.9431945538974952,1
345,0,0,10,0.6322335504572237,421,11,0.9431945538974952,1
304,0,0,3,0.5176942640322055,382,11,0.9431945538974952,1
267,0,0,9,0.1476482891273027,397,11,0.9431945538974952,1
307,0,0,3,0.0194692479265244,407,11,0.8884502877862838,1
325,0,0,3,0.1388389172506866,403,11,0.9431945538974952,1
303,0,0,10,0.1794802009470793,388,11,0.8884502877862838,1
353,0,0,10,0.1914171678794955,414,11,0.9431945538974952,1
328,0,0,10,0.0274272258814685,394,11,0.9431945538974952,1
272,0,0,9,0.0592591377012451,410,11,0.8884502877862838,1
318,0,0,10,0.0203206418481963,385,11,0.9431945538974952,1
211,0,0,3,0.2471230135641045,366,11,0.9431945538974952,1
326,0,0,9,0.1237743552624702,404,11,0.9431945538974952,1
359,0,0,9,0.3298303881693462,406,11,0.9431945538974952,1
356,0,0,9,0.1158163773075261,401,11,0.9431945538974952,1
254,0,0,9,0.1109859944083821,409,11,0.9431945538974952,1
423,0,0,3,0.2383136416874884,421,11,0.8884502877862838,1
286,0,0,3,0.3147658261811298,390,11,0.8884502877862838,1
239,0,0,10,0.1914171678794955,380,11,0.9431945538974952,1
331,0,0,9,0.2908918923162973,387,11,0.9431945538974952,1
327,0,0,10,0.0720474985553333,398,11,0.8884502877862838,1
207,0,0,3,0.4460724624377082,367,11,0.8884502877862838,1
262,0,0,9,0.1237743552624702,397,11,0.8884502877862838,1
310,0,0,10,0.3616622999891227,406,11,0.9431945538974952,1
173,0,0,9,0.2789549253838811,395,11,0.8884502877862838,1
377,0,0,9,0.1348599282732145,412,11,0.8884502877862838,1
262,0,0,9,0.0481735646905008,389,11,0.9431945538974952,1
273,0,0,9,0.0990490274759658,400,11,0.8884502877862838,1
316,0,0,3,0.1476482891273027,401,11,0.9431945538974952,1
190,0,0,3,0.5734001097168147,358,11,0.8884502877862838,1
267,0,0,10,0.4540304403926524,380,11,0.8884502877862838,1
279,0,0,3,0.1237743552624702,394,11,0.8884502877862838,1
183,0,0,3,0.1436693001498306,372,11,0.8884502877862838,1
274,0,0,9,0.4261775175503479,395,11,0.9431945538974952,1
321,0,0,10,0.0083836749157801,410,11,0.9431945538974952,1
338,0,0,10,0.1189439723633262,420,11,0.9431945538974952,1
331,0,0,10,0.1595852560597189,391,11,0.9431945538974952,1
279,0,0,10,0.1826077960028794,405,11,0.9431945538974952,1
336,0,0,9,0.3704716718657388,398,11,0.9431945538974952,1
299,0,0,3,0.0362365977580846,394,11,0.9431945538974952,1
349,0,0,3,0.1229229613407983,395,11,0.9431945538974952,1
303,0,0,3,0.0274272258814685,408,11,0.8884502877862838,1
299,0,0,10,0.326702793113546,391,11,0.9431945538974952,1
288,0,0,3,0.1030280164534379,429,11,0.8884502877862838,1
292,0,0,9,0.0999004213976378,388,11,0.9431945538974952,1
354,0,0,3,0.266166564529793,418,11,0.9431945538974952,1
307,0,0,9,0.2979984763495695,417,11,0.8884502877862838,1
313,0,0,9,0.1755012119696072,380,11,0.9431945538974952,1
337,0,0,9,0.0791540825886055,396,11,0.8884502877862838,1
327,0,0,10,0.1746498180479352,414,11,0.8884502877862838,1
275,0,0,3,0.2383136416874884,414,11,0.8884502877862838,1
298,0,0,3,0.0800054765102774,359,11,0.8884502877862838,1
333,0,0,9,0.1666918400929911,390,11,0.8884502877862838,1
260,0,0,9,0.5216732530096777,367,11,0.8884502877862838,1
219,0,0,3,0.3028288592487136,380,11,0.8884502877862838,1
244,0,0,9,0.1357113221948865,396,11,0.9431945538974952,1
356,0,0,10,0.5287798370429498,406,11,0.9431945538974952,1
235,0,0,10,0.597274043581647,363,11,0.9431945538974952,1
297,0,0,10,0.3903666167530992,375,11,0.9431945538974952,1
304,0,0,9,0.0203206418481963,398,11,0.8884502877862838,1
392,0,0,9,0.0083836749157801,419,11,0.9431945538974952,1
364,0,0,9,0.270145553507265,421,11,0.9431945538974952,1
322,0,0,3,0.1436693001498306,403,11,0.8884502877862838,1
295,0,0,9,0.0831330715660775,422,11,0.8884502877862838,1
361,0,0,10,0.163564245037191,390,11,0.8884502877862838,1
286,0,0,10,0.0083836749157801,401,11,0.9431945538974952,1
289,0,0,3,0.1715222229921351,383,11,0.9431945538974952,1
400,0,0,10,0.3298303881693462,408,11,0.9431945538974952,1
229,0,0,9,0.2511020025415766,378,11,0.9431945538974952,1
256,0,0,9,0.3107868372036577,380,11,0.9431945538974952,1
361,0,0,10,0.0720474985553333,404,11,0.8884502877862838,1
266,0,0,3,0.3107868372036577,392,11,0.9431945538974952,1
371,0,0,3,0.2303556637325443,393,11,0.9431945538974952,1
286,0,0,9,0.2113121127668558,390,11,0.8884502877862838,1
357,0,0,3,0.1189439723633262,394,11,0.8884502877862838,1
345,0,0,9,0.1038794103751098,410,11,0.9431945538974952,1
338,0,0,3,0.0760264875328053,412,11,0.9431945538974952,1
313,0,0,10,0.1547548731605749,393,11,0.9431945538974952,1
317,0,0,10,0.0680685095778612,396,11,0.9431945538974952,1
355,0,0,3,0.0441945757130287,410,11,0.8884502877862838,1
348,0,0,3,0.4810319693132849,422,11,0.9431945538974952,1
318,0,0,9,0.3227238041360739,405,11,0.9431945538974952,1
295,0,0,9,0.1038794103751098,386,11,0.8884502877862838,1
289,0,0,10,0.1516272781047747,401,11,0.9431945538974952,1
279,0,0,10,0.0521525536679729,382,11,0.8884502877862838,1
216,0,0,10,0.1436693001498306,384,11,0.9431945538974952,1
274,0,0,10,0.0242996308256684,390,11,0.8884502877862838,1
335,0,0,9,0.2113121127668558,392,11,0.8884502877862838,1
201,0,0,10,0.485862352212429,374,11,0.8884502877862838,1
325,0,0,9,0.1746498180479352,401,11,0.9431945538974952,1
255,0,0,9,0.0441945757130287,398,11,0.9431945538974952,1
357,0,0,3,0.1786288070254073,408,11,0.9431945538974952,1
239,0,0,10,0.0999004213976378,375,11,0.8884502877862838,1
344,0,0,9,0.1158163773075261,404,11,0.9431945538974952,1
272,0,0,9,0.5813580876717588,369,11,0.8884502877862838,1
239,0,0,10,0.1277533442399423,380,11,0.9431945538974952,1
312,0,0,9,0.3068078482261857,376,11,0.9431945538974952,1
337,0,0,10,0.1786288070254073,396,11,0.8884502877862838,1
320,0,0,3,0.162712851115519,418,11,0.8884502877862838,1
354,0,0,10,0.3258513991918741,409,11,0.9431945538974952,1
354,0,0,9,0.0075322809941081,416,11,0.8884502877862838,1
305,0,0,9,0.1030280164534379,383,11,0.9431945538974952,1
405,0,0,3,0.6004016386374472,433,11,0.9431945538974952,1
361,0,0,10,0.1985237519127677,400,11,0.9431945538974952,1
198,0,0,3,0.1516272781047747,390,11,0.9431945538974952,1
310,0,0,10,0.0402155867355567,394,11,0.9431945538974952,1
235,0,0,10,0.3585347049333226,377,11,0.9431945538974952,1
368,0,0,10,0.6481495063671121,428,11,0.9431945538974952,1
280,0,0,9,0.0640895206003891,399,11,0.9431945538974952,1
274,0,0,3,0.2312070576542162,392,11,0.8884502877862838,1
374,0,0,9,0.270145553507265,426,11,0.9431945538974952,1
366,0,0,10,0.3099354432819858,414,11,0.8884502877862838,1
360,0,0,10,0.3537043220341786,395,11,0.8884502877862838,1
250,0,0,3,0.2272280686767442,408,11,0.9431945538974952,1
437,0,0,3,0.1158163773075261,406,11,0.8884502877862838,1
372,0,0,3,0.0075322809941081,404,11,0.9431945538974952,1
308,0,0,3,0.1237743552624702,382,11,0.8884502877862838,1
304,0,0,3,0.004404685938308,400,11,0.8884502877862838,1
320,0,0,9,0.3386397600459622,402,11,0.8884502877862838,1
364,0,0,10,0.0959214324201657,403,11,0.9431945538974952,1
285,0,0,3,0.4420934734602362,376,11,0.9431945538974952,1
238,0,0,3,0.3147658261811298,393,11,0.9431945538974952,1
321,0,0,9,0.004404685938308,386,11,0.8884502877862838,1
291,0,0,10,0.3346607710684902,393,11,0.9431945538974952,1
342,0,0,10,0.0919424434426936,382,11,0.9431945538974952,1
366,0,0,3,0.1158163773075261,405,11,0.8884502877862838,1
269,0,0,3,0.0760264875328053,401,11,0.8884502877862838,1
228,0,0,3,0.2073331237893838,389,11,0.8884502877862838,1
331,0,0,10,0.0751750936111334,406,11,0.8884502877862838,1
366,0,0,10,0.162712851115519,409,11,0.8884502877862838,1
238,0,0,9,0.2829339143613532,378,11,0.8884502877862838,1
294,0,0,10,0.163564245037191,401,11,0.8884502877862838,1
269,0,0,3,0.2550809915190487,370,11,0.9431945538974952,1
351,0,0,9,0.0871120605435496,412,11,0.9431945538974952,1
367,0,0,9,0.0959214324201657,404,11,0.9431945538974952,1
315,0,0,3,0.0322576087806125,398,11,0.8884502877862838,1
346,0,0,10,0.1237743552624702,405,11,0.9431945538974952,1
226,0,0,10,0.3028288592487136,373,11,0.8884502877862838,1
351,0,0,9,0.0433431817913568,387,11,0.8884502877862838,1
389,0,0,3,0.2940194873720975,415,11,0.8884502877862838,1
353,0,0,9,0.1556062670822468,383,11,0.8884502877862838,1
245,0,0,3,0.649000900288784,357,11,0.9431945538974952,1
265,0,0,3,0.2908918923162973,376,11,0.8884502877862838,1
303,0,0,3,0.3147658261811298,393,11,0.8884502877862838,1
295,0,0,9,0.0521525536679729,400,11,0.9431945538974952,1
316,0,0,10,0.0194692479265244,410,11,0.9431945538974952,1
357,0,0,9,0.0393641928138847,415,11,0.9431945538974952,1
322,0,0,3,0.1993751458344396,398,11,0.8884502877862838,1
264,0,0,3,0.2073331237893838,375,11,0.9431945538974952,1
300,0,0,10,0.0680685095778612,404,11,0.9431945538974952,1
197,0,0,4,0.060110531622917,206,11,1.804272708628173,0
187,0,0,4,0.0751750936111334,244,11,0.8884502877862838,0
251,0,0,4,0.2741245424847371,272,11,1.804272708628173,0
222,0,0,5,0.055280148723773,256,11,0.8884502877862838,0
262,0,0,5,0.2192700907218,192,11,0.0273721330556057,0
276,0,0,5,0.0959214324201657,200,11,1.804272708628173,0
249,0,0,5,0.2781035314622092,268,11,1.804272708628173,0
255,0,0,4,0.1666918400929911,277,11,1.804272708628173,0
246,0,0,4,0.2303556637325443,267,11,0.9431945538974952,0
244,0,0,4,0.0711961046336613,243,11,0.8884502877862838,0
241,0,0,5,0.0194692479265244,251,11,0.9431945538974952,0
319,0,0,4,0.3974732007863714,283,11,0.8884502877862838,0
254,0,0,4,0.0035532920166361,265,11,0.9431945538974952,0
220,0,0,4,0.1269019503182704,232,11,1.804272708628173,0
303,0,0,5,0.4929689362457012,279,11,1.804272708628173,0
246,0,0,5,0.5645907378401985,313,11,0.9431945538974952,0
220,0,0,4,0.1308809392957424,244,11,0.0273721330556057,0
314,0,0,4,0.4571580354484525,314,11,0.9431945538974952,0
280,0,0,5,0.0203206418481963,230,11,1.804272708628173,0
260,0,0,4,0.326702793113546,229,11,0.9431945538974952,0
199,0,0,4,0.0791540825886055,204,11,0.8884502877862838,0
258,0,0,4,0.0194692479265244,214,11,0.9431945538974952,0
215,0,0,5,0.0035532920166361,198,11,0.0273721330556057,0
278,0,0,5,0.0115112699715802,204,11,1.804272708628173,0
230,0,0,5,0.2073331237893838,226,11,1.804272708628173,0
261,0,0,4,0.0711961046336613,295,11,0.9431945538974952,0
260,0,0,4,0.3338093771468182,300,11,0.9431945538974952,0
242,0,0,5,0.1428179062281586,218,11,0.8884502877862838,0
238,0,0,4,0.0910910495210217,280,11,0.8884502877862838,0
268,0,0,5,0.10700700543091,259,11,0.0273721330556057,0
220,0,0,4,0.158733862138047,263,11,0.8884502877862838,0
229,0,0,5,0.3545557159558505,199,11,0.9431945538974952,0
267,0,0,4,0.1030280164534379,254,11,0.0273721330556057,0
249,0,0,5,0.0194692479265244,249,11,1.804272708628173,0
279,0,0,5,0.266166564529793,252,11,0.9431945538974952,0
210,0,0,4,0.0115112699715802,229,11,0.8884502877862838,0
256,0,0,5,0.3258513991918741,278,11,1.804272708628173,0
236,0,0,4,0.1237743552624702,271,11,0.8884502877862838,0
191,0,0,4,0.4023035836855154,166,11,1.804272708628173,0
232,0,0,4,0.1197953662849981,173,11,0.8884502877862838,0
224,0,0,5,0.2820825204396813,285,11,0.0273721330556057,0
180,0,0,4,0.1237743552624702,247,11,0.0273721330556057,0
276,0,0,4,0.1905657739578236,310,11,0.8884502877862838,0
243,0,0,5,0.3059564543045137,236,11,0.9431945538974952,0
238,0,0,4,0.1388389172506866,230,11,0.9431945538974952,0
205,0,0,4,0.0481735646905008,175,11,1.804272708628173,0
250,0,0,5,0.4571580354484525,275,11,0.8884502877862838,0
215,0,0,5,0.3019774653270416,278,11,0.0273721330556057,0
303,0,0,4,0.3258513991918741,271,11,0.0273721330556057,0
263,0,0,5,0.3576833110116507,291,11,0.8884502877862838,0
259,0,0,5,0.162712851115519,218,11,0.0273721330556057,0
291,0,0,4,0.3178934212369299,279,11,1.804272708628173,0
272,0,0,5,0.0680685095778612,216,11,1.804272708628173,0
315,0,0,4,0.1348599282732145,231,11,1.804272708628173,0
230,0,0,4,0.162712851115519,254,11,0.8884502877862838,0
221,0,0,4,0.4094101677187876,252,11,0.0273721330556057,0
199,0,0,5,0.1467968952056307,254,11,0.9431945538974952,0
198,0,0,4,0.1516272781047747,201,11,1.804272708628173,0
237,0,0,5,0.0720474985553333,247,11,0.8884502877862838,0
242,0,0,5,0.0831330715660775,279,11,0.0273721330556057,0
259,0,0,4,0.3377883661242903,250,11,0.0273721330556057,0
274,0,0,5,0.004404685938308,233,11,0.8884502877862838,0
212,0,0,4,0.0711961046336613,263,11,1.804272708628173,0
188,0,0,5,0.0959214324201657,196,11,0.8884502877862838,0
267,0,0,4,0.1428179062281586,237,11,1.804272708628173,0
303,0,0,4,0.1985237519127677,280,11,0.8884502877862838,0
259,0,0,5,0.1428179062281586,244,11,0.8884502877862838,0
224,0,0,5,0.0004256969608359,256,11,1.804272708628173,0
252,0,0,5,0.0871120605435496,215,11,0.0273721330556057,0
227,0,0,5,0.2025027408902398,237,11,0.8884502877862838,0
261,0,0,5,0.2542295975973768,241,11,0.8884502877862838,0
271,0,0,4,0.0353852038364127,237,11,0.9431945538974952,0
282,0,0,4,0.3059564543045137,283,11,0.9431945538974952,0
233,0,0,4,0.1746498180479352,283,11,0.9431945538974952,0
287,0,0,4,0.0950700384984938,240,11,1.804272708628173,0
297,0,0,5,0.2542295975973768,274,11,1.804272708628173,0
241,0,0,4,0.1706708290704632,235,11,0.0273721330556057,0
236,0,0,4,0.1507758841831028,250,11,0.8884502877862838,0
271,0,0,5,0.004404685938308,219,11,0.8884502877862838,0
252,0,0,5,0.4133891566962597,292,11,0.9431945538974952,0
284,0,0,5,0.4372630905610921,290,11,1.804272708628173,0
209,0,0,4,0.0919424434426936,210,11,0.0273721330556057,0
196,0,0,5,0.1516272781047747,196,11,0.0273721330556057,0
277,0,0,5,0.158733862138047,248,11,0.0273721330556057,0
247,0,0,5,0.1826077960028794,199,11,0.0273721330556057,0
201,0,0,4,0.0362365977580846,224,11,1.804272708628173,0
222,0,0,5,0.0751750936111334,231,11,0.8884502877862838,0
250,0,0,4,0.1547548731605749,282,11,0.9431945538974952,0
272,0,0,4,0.0123626638932521,267,11,1.804272708628173,0
250,0,0,5,0.3178934212369299,310,11,1.804272708628173,0
297,0,0,4,0.3934942118088994,266,11,0.9431945538974952,0
276,0,0,5,0.3377883661242903,283,11,0.0273721330556057,0
271,0,0,4,0.1308809392957424,265,11,0.9431945538974952,0
269,0,0,4,0.162712851115519,269,11,1.804272708628173,0
294,0,0,5,0.1905657739578236,283,11,1.804272708628173,0
215,0,0,4,0.1706708290704632,290,11,0.0273721330556057,0
271,0,0,4,0.2900404983946254,246,11,0.8884502877862838,0
270,0,0,5,0.056131542645445,268,11,0.8884502877862838,0
250,0,0,5,0.0282786198031404,275,11,0.9431945538974952,0
333,0,0,5,0.3059564543045137,292,11,0.0273721330556057,0
255,0,0,4,0.1834591899245513,177,11,0.9431945538974952,0
267,0,0,5,0.1428179062281586,264,11,0.0273721330556057,0
257,0,0,5,0.0871120605435496,249,11,0.9431945538974952,0
330,0,0,4,0.0950700384984938,272,11,0.9431945538974952,0
255,0,0,4,0.2184186968001281,210,11,0.9431945538974952,0
261,0,0,4,0.0513011597463009,236,11,0.0273721330556057,0
255,0,0,5,0.1746498180479352,246,11,0.0273721330556057,0
221,0,0,5,0.0521525536679729,177,11,0.0273721330556057,0
310,0,0,5,0.0680685095778612,245,11,0.9431945538974952,0
254,0,0,4,0.1428179062281586,245,11,0.9431945538974952,0
259,0,0,5,0.055280148723773,218,11,0.0273721330556057,0
281,0,0,4,0.0314062148589406,247,11,0.9431945538974952,0
290,0,0,4,0.4054311787413155,347,11,0.0273721330556057,0
266,0,0,4,0.1388389172506866,230,11,0.8884502877862838,0
247,0,0,5,0.1865867849803515,278,11,0.0273721330556057,0
280,0,0,4,0.6004016386374472,307,11,0.9431945538974952,0
304,0,0,4,0.270145553507265,308,11,0.8884502877862838,0
330,0,0,5,0.5208218590880057,291,11,0.9431945538974952,0
231,0,0,4,0.004404685938308,225,11,0.0273721330556057,0
294,0,0,5,0.1030280164534379,268,11,0.9431945538974952,0
298,0,0,4,0.1308809392957424,231,11,0.9431945538974952,0
278,0,0,5,0.1945447629352956,259,11,0.8884502877862838,0
294,0,0,5,0.4213471346512039,284,11,0.9431945538974952,0
261,0,0,4,0.2025027408902398,270,11,0.8884502877862838,0
291,0,0,4,0.266166564529793,231,11,0.0273721330556057,0
234,0,0,4,0.0433431817913568,261,11,0.9431945538974952,0
242,0,0,4,0.0083836749157801,220,11,0.8884502877862838,0
269,0,0,4,0.1030280164534379,210,11,0.9431945538974952,0
259,0,0,4,0.2422926306649605,266,11,0.9431945538974952,0
242,0,0,5,0.4531790464709804,280,11,0.0273721330556057,0
287,0,0,5,0.2820825204396813,233,11,0.9431945538974952,0
255,0,0,5,0.0234482369039964,227,11,0.0273721330556057,0
252,0,0,5,0.0322576087806125,231,11,0.0273721330556057,0
230,0,0,5,0.1993751458344396,210,11,0.9431945538974952,0
232,0,0,4,0.1547548731605749,253,11,1.804272708628173,0
249,0,0,4,0.1794802009470793,189,11,0.9431945538974952,0
260,0,0,4,0.0433431817913568,250,11,1.804272708628173,0
240,0,0,4,0.1985237519127677,219,11,0.8884502877862838,0
278,0,0,5,0.4372630905610921,284,11,1.804272708628173,0
219,0,0,4,0.0910910495210217,236,11,1.804272708628173,0
308,0,0,5,0.3895152228314272,288,11,1.804272708628173,0
255,0,0,5,0.1317323332174144,175,11,0.8884502877862838,0
268,0,0,5,0.2303556637325443,246,11,0.9431945538974952,0
207,0,0,4,0.1826077960028794,222,11,0.0273721330556057,0
262,0,0,5,0.2152911017443279,196,11,1.804272708628173,0
259,0,0,4,0.3457463440792345,243,11,0.0273721330556057,0
255,0,0,5,0.1786288070254073,251,11,1.804272708628173,0
216,0,0,4,0.1038794103751098,243,11,0.8884502877862838,0
201,0,0,5,0.0521525536679729,237,11,0.0273721330556057,0
239,0,0,4,0.1467968952056307,227,11,1.804272708628173,0
273,0,0,4,0.1666918400929911,295,11,0.8884502877862838,0
266,0,0,5,0.2542295975973768,266,11,0.0273721330556057,0
207,0,0,5,0.0163416528707242,230,11,0.8884502877862838,0
242,0,0,4,0.0711961046336613,217,11,0.8884502877862838,0
245,0,0,5,0.1706708290704632,241,11,1.804272708628173,0
228,0,0,4,0.2152911017443279,203,11,0.0273721330556057,0
255,0,0,5,0.1277533442399423,164,11,0.8884502877862838,0
228,0,0,5,0.0680685095778612,193,11,0.9431945538974952,0
268,0,0,5,0.321872410214402,263,11,0.9431945538974952,0
298,0,0,4,0.2263766747550722,282,11,0.8884502877862838,0
254,0,0,4,0.0274272258814685,268,11,0.8884502877862838,0
262,0,0,4,0.1030280164534379,260,11,0.0273721330556057,0
267,0,0,4,0.0441945757130287,240,11,1.804272708628173,0
233,0,0,4,0.2303556637325443,283,11,0.8884502877862838,0
265,0,0,5,0.5924436606825031,275,11,0.0273721330556057,0
243,0,0,5,0.0274272258814685,212,11,0.8884502877862838,0
267,0,0,4,0.1229229613407983,224,11,0.9431945538974952,0
270,0,0,4,0.0441945757130287,285,11,0.0273721330556057,0
250,0,0,5,0.1078583993525819,256,11,0.9431945538974952,0
190,0,0,5,0.1715222229921351,224,11,0.0273721330556057,0
277,0,0,4,0.1237743552624702,238,11,0.8884502877862838,0
267,0,0,4,0.2343346527100163,257,11,1.804272708628173,0
197,0,0,5,0.0680685095778612,203,11,0.8884502877862838,0
226,0,0,4,0.2223976857776001,263,11,0.0273721330556057,0
297,0,0,5,0.1905657739578236,231,11,0.8884502877862838,0
218,0,0,5,0.0163416528707242,238,11,0.8884502877862838,0
255,0,0,5,0.266166564529793,236,11,0.0273721330556057,0
288,0,0,4,0.2502506086199046,248,11,0.9431945538974952,0
153,0,0,5,0.2272280686767442,213,11,0.9431945538974952,0
216,0,0,5,0.1428179062281586,264,11,0.9431945538974952,0
229,0,0,4,0.2948708812937694,220,11,0.9431945538974952,0
252,0,0,5,0.1269019503182704,230,11,0.9431945538974952,0
244,0,0,5,0.2820825204396813,229,11,0.9431945538974952,0
262,0,0,4,0.321872410214402,289,11,0.8884502877862838,0
196,0,0,5,0.2670179584514649,237,11,0.0273721330556057,0
291,0,0,4,0.2542295975973768,228,11,1.804272708628173,0
256,0,0,4,0.3338093771468182,295,11,0.0273721330556057,0
255,0,0,5,0.0680685095778612,194,11,0.8884502877862838,0
234,0,0,5,0.2383136416874884,234,11,0.0273721330556057,0
282,0,0,4,0.2900404983946254,294,11,1.804272708628173,0
359,0,0,4,0.3974732007863714,268,11,0.0273721330556057,0
253,0,0,4,0.0123626638932521,266,11,0.8884502877862838,0
203,0,0,4,0.1516272781047747,249,11,0.0273721330556057,0
252,0,0,4,0.1786288070254073,226,11,0.0273721330556057,0
212,0,0,4,0.0314062148589406,216,11,0.8884502877862838,0
292,0,0,5,0.4094101677187876,273,11,1.804272708628173,0
237,0,0,5,0.060110531622917,224,11,1.804272708628173,0
233,0,0,5,0.1197953662849981,277,11,0.9431945538974952,0
272,0,0,5,0.0632381266787172,255,11,0.8884502877862838,0
281,0,0,4,0.2621875755523209,236,11,0.0273721330556057,0
234,0,0,5,0.3306817820910181,196,11,0.9431945538974952,0
236,0,0,5,0.1706708290704632,242,11,0.9431945538974952,0
259,0,0,4,0.0115112699715802,219,11,0.8884502877862838,0
273,0,0,4,0.1547548731605749,253,11,0.9431945538974952,0
225,0,0,4,0.2908918923162973,204,11,0.0273721330556057,0
245,0,0,4,0.0322576087806125,213,11,0.9431945538974952,0
289,0,0,4,0.2184186968001281,246,11,0.8884502877862838,0
280,0,0,5,0.0521525536679729,255,11,0.8884502877862838,0
299,0,0,4,0.0791540825886055,258,11,1.804272708628173,0
309,0,0,4,0.1516272781047747,199,11,0.8884502877862838,0
334,0,0,4,0.2860615094171533,281,11,0.0273721330556057,0
234,0,0,5,0.1755012119696072,227,11,1.804272708628173,0
252,0,0,5,0.060110531622917,204,11,0.8884502877862838,0
244,0,0,4,0.373599266921539,280,11,0.8884502877862838,0
268,0,0,5,0.2383136416874884,275,11,0.9431945538974952,0
257,0,0,5,0.0720474985553333,231,11,0.8884502877862838,0
202,0,0,4,0.1786288070254073,250,11,0.0273721330556057,0
273,0,0,4,0.0751750936111334,228,11,0.8884502877862838,0
273,0,0,5,0.158733862138047,247,11,0.0273721330556057,0
245,0,0,4,0.2223976857776001,221,11,1.804272708628173,0
270,0,0,4,0.270996947428937,194,11,0.0273721330556057,0
272,0,0,5,0.2462716196424326,247,11,0.8884502877862838,0
233,0,0,4,0.2621875755523209,265,11,1.804272708628173,0
260,0,0,4,0.1507758841831028,273,11,0.9431945538974952,0
238,0,0,4,0.3576833110116507,253,11,0.8884502877862838,0
247,0,0,4,0.4611370244259246,272,11,0.9431945538974952,0
288,0,0,4,0.0115112699715802,218,11,1.804272708628173,0
288,0,0,5,0.0004256969608359,247,11,1.804272708628173,0
331,0,0,5,0.2502506086199046,242,11,0.9431945538974952,0
257,0,0,4,0.2860615094171533,224,11,0.8884502877862838,0
225,0,0,5,0.0871120605435496,211,11,0.9431945538974952,0
262,0,0,4,0.2104607188451839,231,11,1.804272708628173,0
253,0,0,4,0.0234482369039964,256,11,0.9431945538974952,0
322,0,0,4,0.0481735646905008,244,11,1.804272708628173,0
302,0,0,5,0.1229229613407983,249,11,0.0273721330556057,0
269,0,0,4,0.2343346527100163,207,11,0.8884502877862838,0
287,0,0,4,0.3855362338539552,305,11,0.0273721330556057,0
265,0,0,5,0.3934942118088994,309,11,0.0273721330556057,0
259,0,0,4,0.3139144322594578,258,11,0.9431945538974952,0
227,0,0,4,0.060110531622917,230,11,0.8884502877862838,0
290,0,0,4,0.3099354432819858,259,11,0.9431945538974952,0
259,0,0,5,0.10700700543091,285,11,0.0273721330556057,0
229,0,0,4,0.0481735646905008,238,11,0.8884502877862838,0
241,0,0,5,0.0075322809941081,225,11,1.804272708628173,0
240,0,0,5,0.0441945757130287,241,11,0.0273721330556057,0
274,0,0,4,0.2303556637325443,245,11,1.804272708628173,0
266,0,0,4,0.0194692479265244,254,11,0.8884502877862838,0
211,0,0,5,0.2422926306649605,262,11,0.8884502877862838,0
285,0,0,5,0.2422926306649605,236,11,0.0273721330556057,0
257,0,0,4,0.3616622999891227,251,11,0.0273721330556057,0
316,0,0,4,0.1746498180479352,227,11,0.8884502877862838,0
288,0,0,4,0.0075322809941081,259,11,1.804272708628173,0
233,0,0,5,0.3346607710684902,182,11,0.8884502877862838,0
194,0,0,5,0.0521525536679729,213,11,0.8884502877862838,0
306,0,0,4,0.2860615094171533,290,11,0.9431945538974952,0
249,0,0,5,0.1746498180479352,254,11,0.0273721330556057,0
260,0,0,4,0.3139144322594578,333,11,0.0273721330556057,0
312,0,0,5,0.3099354432819858,285,11,0.9431945538974952,0
305,0,0,4,0.2621875755523209,283,11,0.0273721330556057,0
278,0,0,5,0.1428179062281586,301,11,1.804272708628173,0
234,0,0,4,0.0441945757130287,227,11,0.8884502877862838,0
255,0,0,4,0.1149649833858541,210,11,0.0273721330556057,0
247,0,0,4,0.0672171156561892,260,11,0.9431945538974952,0
253,0,0,5,0.0203206418481963,255,11,0.9431945538974952,0
217,0,0,4,0.0481735646905008,231,11,0.8884502877862838,0
238,0,0,4,0.0831330715660775,255,11,0.9431945538974952,0
291,0,0,5,0.2781035314622092,269,11,0.0273721330556057,0
192,0,0,5,0.1149649833858541,221,11,0.0273721330556057,0
256,0,0,5,0.1507758841831028,245,11,0.0273721330556057,0
200,0,0,4,0.2471230135641045,187,11,0.9431945538974952,0
314,0,0,4,0.5606117488627265,311,11,1.804272708628173,0
381,0,0,5,0.3696202779440669,316,11,0.0273721330556057,0
218,0,0,4,0.429305112606148,254,11,0.9431945538974952,0
320,0,0,4,0.2781035314622092,268,11,0.0273721330556057,0
249,0,0,4,0.0672171156561892,266,11,0.8884502877862838,0
204,0,0,4,0.0282786198031404,232,11,1.804272708628173,0
241,0,0,5,0.1865867849803515,244,11,0.8884502877862838,0
331,0,0,5,0.695897374096777,324,11,0.0273721330556057,0
262,0,0,4,0.5327588260204219,277,11,0.8884502877862838,0
264,0,0,5,0.4571580354484525,280,11,0.9431945538974952,0
209,0,0,5,0.2383136416874884,206,11,0.8884502877862838,0
285,0,0,4,0.373599266921539,281,11,0.9431945538974952,0
241,0,0,5,0.3059564543045137,249,11,0.8884502877862838,0
265,0,0,4,0.2741245424847371,296,11,1.804272708628173,0
265,0,0,5,0.0950700384984938,235,11,1.804272708628173,0
287,0,0,5,0.0194692479265244,258,11,0.8884502877862838,0
228,0,0,4,0.2900404983946254,278,11,0.9431945538974952,0
266,0,0,4,0.1348599282732145,222,11,0.8884502877862838,0
242,0,0,4,0.0640895206003891,254,11,0.8884502877862838,0
202,0,0,4,0.2670179584514649,221,11,0.0273721330556057,0
221,0,0,5,0.0959214324201657,213,11,0.0273721330556057,0
234,0,0,4,0.4452210685160363,265,11,0.0273721330556057,0
295,0,0,4,0.3298303881693462,286,11,0.8884502877862838,0
321,0,0,4,0.4690950023808687,312,11,1.804272708628173,0
239,0,0,4,0.0521525536679729,211,11,1.804272708628173,0
242,0,0,5,0.0115112699715802,215,11,1.804272708628173,0
224,0,0,4,0.0282786198031404,192,11,0.9431945538974952,0
269,0,0,5,0.4492000574935084,270,11,0.9431945538974952,0
253,0,0,4,0.0441945757130287,252,11,0.9431945538974952,0
256,0,0,4,0.1348599282732145,203,11,0.8884502877862838,0
278,0,0,5,0.4850109582907571,275,11,0.0273721330556057,0
230,0,0,5,0.0521525536679729,244,11,1.804272708628173,0
324,0,0,5,0.4492000574935084,256,11,0.8884502877862838,0
221,0,0,4,0.0481735646905008,232,11,0.8884502877862838,0
284,0,0,5,0.5049059031781175,288,11,0.0273721330556057,0
234,0,0,5,0.111837388330054,255,11,0.8884502877862838,0
257,0,0,4,0.0035532920166361,197,11,0.8884502877862838,0
220,0,0,5,0.1715222229921351,214,11,1.804272708628173,0
261,0,0,4,0.2900404983946254,288,11,1.804272708628173,0
229,0,0,4,0.1993751458344396,210,11,0.9431945538974952,0
255,0,0,4,0.4810319693132849,307,11,0.8884502877862838,0
182,0,0,5,0.1109859944083821,228,11,0.9431945538974952,0
273,0,0,5,0.0672171156561892,211,11,0.9431945538974952,0
254,0,0,5,0.3258513991918741,237,11,0.9431945538974952,0
273,0,0,5,0.0950700384984938,266,11,1.804272708628173,0
187,0,0,4,0.0075322809941081,183,11,0.0273721330556057,0
233,0,0,5,0.1030280164534379,237,11,0.0273721330556057,0
247,0,0,4,0.2383136416874884,281,11,0.0273721330556057,0
247,0,0,5,0.2184186968001281,290,11,0.0273721330556057,0
294,0,0,4,0.1945447629352956,235,11,1.804272708628173,0
250,0,0,4,0.1467968952056307,226,11,0.0273721330556057,0
243,0,0,4,0.0473221707688289,261,11,1.804272708628173,0
299,0,0,5,0.2343346527100163,258,11,0.8884502877862838,0
288,0,0,4,0.3576833110116507,321,11,1.804272708628173,0
191,0,0,4,0.4540304403926524,174,11,0.8884502877862838,0
215,0,0,5,0.1556062670822468,230,11,0.8884502877862838,0
258,0,0,4,0.1436693001498306,230,11,0.8884502877862838,0
202,0,0,4,0.1357113221948865,213,11,0.8884502877862838,0
274,0,0,5,0.0640895206003891,201,11,0.9431945538974952,0
295,0,0,4,0.2263766747550722,284,11,0.8884502877862838,0
272,0,0,5,0.4372630905610921,246,11,0.8884502877862838,0
259,0,0,4,0.4054311787413155,293,11,0.9431945538974952,0
181,0,0,5,0.2232490796992721,199,11,0.0273721330556057,0
252,0,0,4,0.0123626638932521,231,11,0.9431945538974952,0
213,0,0,4,0.0513011597463009,218,11,0.0273721330556057,0
322,0,0,5,0.4253261236286759,275,11,0.8884502877862838,0
222,0,0,4,0.2781035314622092,286,11,0.0273721330556057,0
255,0,0,5,0.0402155867355567,216,11,0.9431945538974952,0
221,0,0,4,0.2192700907218,183,11,1.804272708628173,0
221,0,0,4,0.0314062148589406,212,11,1.804272708628173,0
255,0,0,4,0.1547548731605749,246,11,0.8884502877862838,0
257,0,0,4,0.1109859944083821,247,11,0.0273721330556057,0
305,0,0,5,0.5765277047726147,280,11,1.804272708628173,0
281,0,0,5,0.2033541348119117,189,11,1.804272708628173,0
215,0,0,4,0.0154902589490523,223,11,0.0273721330556057,0
263,0,0,4,0.0393641928138847,246,11,0.0273721330556057,0
203,0,0,4,0.321872410214402,203,11,0.0273721330556057,0
303,0,0,5,0.2940194873720975,322,11,0.0273721330556057,0
239,0,0,4,0.0990490274759658,234,11,0.0273721330556057,0
283,0,0,5,0.2462716196424326,218,11,0.9431945538974952,0
301,0,0,5,0.5088848921555895,315,11,0.9431945538974952,0
252,0,0,4,0.1436693001498306,198,11,0.0273721330556057,0
223,0,0,5,0.0831330715660775,204,11,0.9431945538974952,0
55,4,0,3,1.3612399272562852,93,11,0.0273721330556057,0
69,0,0,3,1.046899798035991,99,11,0.9431945538974952,0
35,4,0,3,1.2259543020222348,75,11,0.8884502877862838,0
53,4,0,3,1.2776811587293715,95,11,0.8884502877862838,0
70,0,0,3,1.0986266547431285,108,11,0.8884502877862838,0
45,0,0,3,1.078731709855768,121,11,0.9431945538974952,0
51,4,0,3,1.0031309192837985,105,11,1.804272708628173,0
38,0,0,3,1.464693640670559,68,11,0.0273721330556057,0
55,0,0,3,1.3333870044139808,86,11,0.9431945538974952,0
51,0,0,3,1.2259543020222348,100,11,0.8884502877862838,0
73,0,0,3,1.0349628311035752,112,11,0.0273721330556057,0
59,0,0,3,1.1742274453150978,95,11,1.804272708628173,0
44,4,0,3,1.2458492469095952,94,11,1.804272708628173,0
48,0,0,3,1.190143401224986,113,11,0.8884502877862838,0
62,4,0,3,1.3572609382788132,89,11,1.804272708628173,0
88,0,0,3,1.2020803681574024,126,11,0.9431945538974952,0
65,0,0,3,1.2458492469095952,110,11,0.9431945538974952,0
53,0,0,3,1.237891268954651,109,11,0.0273721330556057,0
64,0,0,3,1.186164412247514,85,11,0.9431945538974952,0
61,0,0,3,1.1941223902024585,103,11,1.804272708628173,0
68,0,0,3,1.405008806008478,89,11,0.9431945538974952,0
71,0,0,3,1.3612399272562852,103,11,0.0273721330556057,0
52,0,0,3,1.0986266547431285,120,11,0.9431945538974952,0
53,4,0,3,1.401029817031006,90,11,1.804272708628173,0
50,4,0,3,1.1981013791799302,124,11,0.0273721330556057,0
78,0,0,3,1.1264795775854328,112,11,0.9431945538974952,0
14,4,0,3,1.4726516186255034,68,11,1.804272708628173,0
60,0,0,3,1.1463745224727933,97,11,0.9431945538974952,0
82,4,0,3,1.1384165445178491,123,11,0.9431945538974952,0
9,0,0,3,1.5203994863551682,73,11,0.0273721330556057,0
12,0,0,3,1.5203994863551682,71,11,0.8884502877862838,0
96,0,0,3,0.9991519303063264,101,11,1.804272708628173,0
57,4,0,3,1.1463745224727933,104,11,0.0273721330556057,0
29,0,0,3,1.3055340815716765,95,11,0.0273721330556057,0
32,4,0,3,1.3254290264590365,87,11,1.804272708628173,0
65,0,0,3,1.3055340815716765,111,11,0.8884502877862838,0
44,0,0,3,1.1662694673601537,100,11,1.804272708628173,0
55,0,0,3,1.2776811587293715,113,11,0.0273721330556057,0
77,4,0,3,1.5283574643101123,78,11,1.804272708628173,0
57,0,0,3,1.2020803681574024,104,11,0.9431945538974952,0
48,4,0,3,1.1463745224727933,107,11,1.804272708628173,0
56,4,0,3,1.186164412247514,117,11,1.804272708628173,0
59,4,0,3,1.2737021697518995,101,11,0.8884502877862838,0
38,0,0,3,1.4328617288507826,67,11,0.0273721330556057,0
42,4,0,3,1.3095130705491482,80,11,0.0273721330556057,0
56,0,0,3,0.9911939523513824,134,11,0.0273721330556057,0
85,4,0,3,1.4089877949859502,90,11,1.804272708628173,0
76,0,0,3,1.2458492469095952,106,11,0.9431945538974952,0
58,4,0,3,1.237891268954651,100,11,0.9431945538974952,0
39,0,0,3,1.3294080154365089,79,11,0.9431945538974952,0
56,4,0,3,1.1702484563376256,92,11,0.8884502877862838,0
40,4,0,3,1.5402944312425286,91,11,1.804272708628173,0
42,0,0,3,1.3254290264590365,95,11,0.0273721330556057,0
33,0,0,3,1.3572609382788132,76,11,0.0273721330556057,0
71,4,0,3,1.237891268954651,88,11,1.804272708628173,0
52,4,0,3,1.1463745224727933,106,11,0.9431945538974952,0
68,4,0,3,1.3214500374815643,86,11,1.804272708628173,0
62,4,0,3,1.3811348721436456,86,11,0.8884502877862838,0
23,4,0,3,1.397050828053534,64,11,1.804272708628173,0
54,0,0,3,1.4249037508958384,58,11,0.0273721330556057,0
54,4,0,3,1.0946476657656563,125,11,0.0273721330556057,0
45,4,0,3,1.29359711463926,110,11,0.8884502877862838,0
48,0,0,3,1.074752720878296,105,11,1.804272708628173,0
68,4,0,3,1.2498282358870672,115,11,0.8884502877862838,0
72,0,0,3,1.233912279977179,111,11,0.9431945538974952,0
59,4,0,3,1.1622904783826815,113,11,0.0273721330556057,0
56,4,0,3,1.4368407178282547,79,11,0.0273721330556057,0
95,0,0,3,0.9434460846217176,118,11,0.9431945538974952,0
53,0,0,3,1.2020803681574024,116,11,1.804272708628173,0
41,4,0,3,1.2299332909997067,107,11,0.0273721330556057,0
74,0,0,3,1.182185423270042,91,11,0.8884502877862838,0
74,0,0,3,1.182185423270042,103,11,0.9431945538974952,0
48,0,0,3,1.353281949301341,88,11,0.9431945538974952,0
78,0,0,3,1.1702484563376256,122,11,1.804272708628173,0
39,4,0,3,1.3294080154365089,82,11,0.9431945538974952,0
69,4,0,3,1.1145426106530167,123,11,0.8884502877862838,0
56,0,0,3,1.1145426106530167,110,11,0.0273721330556057,0
43,4,0,3,1.3652189162337574,76,11,0.9431945538974952,0
8,4,0,3,1.4169457729408943,55,11,1.804272708628173,0
56,4,0,3,1.3612399272562852,79,11,0.9431945538974952,0
83,0,0,3,1.281660147706844,88,11,1.804272708628173,0
86,4,0,3,1.1543325004277374,99,11,0.0273721330556057,0
34,4,0,3,1.2100383461123465,104,11,0.8884502877862838,0
42,4,0,3,1.3652189162337574,61,11,1.804272708628173,0
71,0,0,3,1.401029817031006,77,11,0.9431945538974952,0
59,4,0,3,1.2259543020222348,98,11,0.0273721330556057,0
38,0,0,3,1.4885675745353917,73,11,1.804272708628173,0
49,0,0,3,1.4288827398733106,64,11,0.0273721330556057,0
57,4,0,3,1.1185215996304887,113,11,0.8884502877862838,0
57,0,0,3,1.353281949301341,95,11,0.8884502877862838,0
84,0,0,3,1.0946476657656563,109,11,0.8884502877862838,0
67,4,0,3,1.1622904783826815,93,11,0.0273721330556057,0
29,0,0,3,1.5482524091974728,55,11,0.0273721330556057,0
48,0,0,3,1.2657441917969554,97,11,0.0273721330556057,0
75,0,0,3,1.1463745224727933,135,11,1.804272708628173,0
55,4,0,3,1.134437555540377,122,11,0.8884502877862838,0
58,4,0,3,1.253807224864539,102,11,1.804272708628173,0
93,0,0,3,1.078731709855768,135,11,0.0273721330556057,0
44,0,0,3,1.349302960323869,89,11,0.8884502877862838,0
49,4,0,3,1.281660147706844,92,11,1.804272708628173,0
59,0,0,3,1.2458492469095952,97,11,0.9431945538974952,0
69,0,0,3,1.1423955334953213,101,11,0.0273721330556057,0
39,4,0,3,1.3134920595266204,84,11,0.8884502877862838,0
33,4,0,3,1.345323971346397,77,11,1.804272708628173,0
64,0,0,3,1.512441508400224,91,11,0.8884502877862838,0
30,4,0,3,1.4169457729408943,89,11,1.804272708628173,0
58,0,0,3,1.186164412247514,99,11,0.0273721330556057,0
60,4,0,3,1.027004853148631,131,11,0.8884502877862838,0
39,4,0,3,1.2219753130447626,88,11,1.804272708628173,0
29,4,0,3,1.5522313981749447,64,11,0.8884502877862838,0
58,0,0,3,1.3174710485040924,103,11,1.804272708628173,0
75,4,0,3,1.3055340815716765,92,11,0.8884502877862838,0
68,4,0,3,1.074752720878296,98,11,0.0273721330556057,0
85,4,0,3,1.3254290264590365,94,11,0.9431945538974952,0
38,0,0,3,1.289618125661788,106,11,0.0273721330556057,0
51,4,0,3,1.4885675745353917,81,11,0.0273721330556057,0
63,4,0,3,1.233912279977179,105,11,1.804272708628173,0
66,0,0,3,1.3055340815716765,94,11,0.8884502877862838,0
75,0,0,3,1.0349628311035752,120,11,0.8884502877862838,0
53,4,0,3,1.253807224864539,108,11,0.8884502877862838,0
40,4,0,3,1.440819706805727,66,11,0.9431945538974952,0
67,0,0,3,1.186164412247514,117,11,0.9431945538974952,0
44,0,0,3,1.1384165445178491,95,11,0.8884502877862838,0
63,4,0,3,1.1423955334953213,114,11,0.9431945538974952,0
86,4,0,3,1.281660147706844,92,11,0.0273721330556057,0
67,4,0,3,1.2179963240672906,124,11,1.804272708628173,0
26,0,0,3,1.615895221814498,88,11,0.8884502877862838,0
45,0,0,3,1.2697231807744276,102,11,0.8884502877862838,0
39,0,0,3,1.5005045414678078,65,11,0.9431945538974952,0
76,0,0,3,0.963341029509078,116,11,0.0273721330556057,0
52,0,0,3,1.4328617288507826,77,11,1.804272708628173,0
43,0,0,3,1.297576103616732,85,11,0.9431945538974952,0
78,0,0,3,1.1782064342925698,139,11,1.804272708628173,0
50,4,0,3,1.2299332909997067,100,11,0.8884502877862838,0
51,0,0,3,1.297576103616732,90,11,1.804272708628173,0
53,0,0,3,1.3572609382788132,103,11,0.0273721330556057,0
75,4,0,3,0.9832359743964384,113,11,0.8884502877862838,0
61,0,0,3,1.2140173350898185,95,11,0.9431945538974952,0
33,4,0,3,1.3373659933914528,84,11,0.9431945538974952,0
36,4,0,3,1.0946476657656563,113,11,1.804272708628173,0
45,0,0,3,1.1503535114502654,115,11,0.9431945538974952,0
62,4,0,3,1.2458492469095952,96,11,0.8884502877862838,0
38,4,0,3,1.1941223902024585,104,11,0.9431945538974952,0
65,4,0,3,1.1782064342925698,102,11,0.9431945538974952,0
56,0,0,3,1.3851138611211178,92,11,0.9431945538974952,0
86,4,0,3,1.1026056437206004,109,11,0.8884502877862838,0
74,0,0,3,1.0150678862162148,122,11,1.804272708628173,0
35,0,0,3,1.4925465635128636,63,11,0.0273721330556057,0
36,4,0,3,1.3174710485040924,95,11,0.0273721330556057,0
64,0,0,3,1.3294080154365089,92,11,0.0273721330556057,0
65,4,0,3,1.3652189162337574,91,11,0.8884502877862838,0
51,0,0,3,1.1941223902024585,107,11,0.9431945538974952,0
39,4,0,3,1.289618125661788,109,11,1.804272708628173,0
69,4,0,3,1.233912279977179,99,11,0.9431945538974952,0
39,0,0,3,1.3333870044139808,83,11,0.0273721330556057,0
64,4,0,3,1.4845885855579195,78,11,0.0273721330556057,0
45,0,0,3,1.3333870044139808,86,11,0.8884502877862838,0
46,4,0,3,1.3134920595266204,100,11,0.9431945538974952,0
77,0,0,3,1.078731709855768,119,11,0.9431945538974952,0
73,4,0,3,1.3691979052112293,93,11,0.9431945538974952,0
52,4,0,3,1.190143401224986,115,11,1.804272708628173,0
66,0,0,3,1.29359711463926,89,11,0.9431945538974952,0
35,4,0,3,1.405008806008478,85,11,1.804272708628173,0
23,4,0,3,1.2856391366843158,79,11,1.804272708628173,0
52,0,0,3,1.1026056437206004,123,11,0.9431945538974952,0
54,4,0,3,1.186164412247514,104,11,0.8884502877862838,0
37,0,0,3,1.341344982368925,96,11,0.9431945538974952,0
81,0,0,3,1.1423955334953213,115,11,0.0273721330556057,0
70,0,0,3,1.4806095965804476,92,11,0.9431945538974952,0
44,4,0,3,1.2100383461123465,85,11,1.804272708628173,0
53,0,0,3,1.4328617288507826,103,11,0.8884502877862838,0
80,4,0,3,1.4487776847606708,84,11,0.9431945538974952,0
45,0,0,3,1.3851138611211178,88,11,0.9431945538974952,0
41,4,0,3,1.4447986957831989,87,11,1.804272708628173,0
55,4,0,3,1.29359711463926,97,11,0.9431945538974952,0
64,0,0,3,1.253807224864539,97,11,0.9431945538974952,0
46,0,0,3,1.4806095965804476,57,11,0.0273721330556057,0
45,0,0,3,1.3174710485040924,108,11,1.804272708628173,0
55,0,0,3,1.253807224864539,76,11,0.8884502877862838,0
55,4,0,3,1.1941223902024585,98,11,0.8884502877862838,0
55,4,0,3,1.253807224864539,76,11,0.8884502877862838,0
56,0,0,3,1.2697231807744276,96,11,1.804272708628173,0
18,0,0,3,1.4965255524903358,85,11,0.0273721330556057,0
41,0,0,3,1.3134920595266204,92,11,0.9431945538974952,0
47,0,0,3,1.3851138611211178,64,11,0.8884502877862838,0
53,0,0,3,1.2219753130447626,94,11,1.804272708628173,0
47,4,0,3,1.281660147706844,96,11,0.9431945538974952,0
75,4,0,3,1.2140173350898185,99,11,0.0273721330556057,0
75,0,0,3,1.134437555540377,112,11,0.8884502877862838,0
49,0,0,3,1.3731768941887017,73,11,0.8884502877862838,0
37,4,0,3,1.186164412247514,100,11,0.8884502877862838,0
82,4,0,3,1.1702484563376256,102,11,0.0273721330556057,0
84,0,0,3,1.2498282358870672,102,11,0.9431945538974952,0
36,4,0,3,1.5363154422650565,87,11,0.9431945538974952,0
67,0,0,3,1.2179963240672906,97,11,1.804272708628173,0
50,4,0,3,1.237891268954651,109,11,0.0273721330556057,0
63,4,0,3,1.2020803681574024,118,11,1.804272708628173,0
61,0,0,3,1.3612399272562852,95,11,0.9431945538974952,0
36,4,0,3,1.5402944312425286,62,11,0.9431945538974952,0
51,0,0,3,1.090668676788184,115,11,0.9431945538974952,0
36,0,0,3,1.2697231807744276,104,11,0.0273721330556057,0
41,4,0,3,1.3811348721436456,89,11,1.804272708628173,0
63,4,0,3,1.1384165445178491,116,11,1.804272708628173,0
39,0,0,3,1.2856391366843158,91,11,0.0273721330556057,0
53,0,0,3,1.1423955334953213,119,11,0.8884502877862838,0
64,4,0,3,1.29359711463926,103,11,0.0273721330556057,0
52,0,0,3,1.1423955334953213,94,11,0.0273721330556057,0
56,4,0,3,1.2776811587293715,98,11,0.9431945538974952,0
45,0,0,3,1.2856391366843158,83,11,1.804272708628173,0
25,4,0,3,1.4885675745353917,69,11,0.9431945538974952,0
57,0,0,3,1.186164412247514,105,11,1.804272708628173,0
43,0,0,3,1.301555092594204,96,11,0.9431945538974952,0
59,4,0,3,1.019046875193687,119,11,0.0273721330556057,0
58,4,0,3,1.1185215996304887,105,11,0.8884502877862838,0
72,0,0,3,1.393071839076062,95,11,0.0273721330556057,0
47,0,0,3,1.345323971346397,111,11,0.0273721330556057,0
43,4,0,3,1.2020803681574024,80,11,0.9431945538974952,0
88,4,0,3,1.0866896878107122,121,11,0.9431945538974952,0
46,4,0,3,1.297576103616732,84,11,0.0273721330556057,0
50,0,0,3,1.349302960323869,72,11,0.0273721330556057,0
51,4,0,3,1.2697231807744276,104,11,1.804272708628173,0
63,0,0,3,1.2776811587293715,76,11,0.9431945538974952,0
47,0,0,3,1.1384165445178491,108,11,1.804272708628173,0
65,0,0,3,1.3612399272562852,100,11,0.0273721330556057,0
44,0,0,3,1.2179963240672906,97,11,1.804272708628173,0
42,0,0,3,1.3214500374815643,73,11,0.8884502877862838,0
51,0,0,3,1.5522313981749447,64,11,0.9431945538974952,0
49,4,0,3,1.3811348721436456,89,11,0.0273721330556057,0
41,4,0,3,1.3214500374815643,80,11,1.804272708628173,0
89,0,0,3,1.301555092594204,89,11,0.9431945538974952,0
73,0,0,3,1.019046875193687,122,11,0.9431945538974952,0
38,4,0,3,1.4368407178282547,98,11,0.8884502877862838,0
39,4,0,3,1.0548577759909357,115,11,0.9431945538974952,0
40,0,0,3,1.4328617288507826,91,11,0.0273721330556057,0
72,0,0,3,1.3294080154365089,128,11,0.8884502877862838,0
76,4,0,3,1.1981013791799302,106,11,0.0273721330556057,0
84,0,0,3,1.074752720878296,88,11,0.8884502877862838,0
43,4,0,3,1.4169457729408943,93,11,0.8884502877862838,0
47,0,0,3,1.3214500374815643,81,11,0.9431945538974952,0
65,4,0,3,1.345323971346397,80,11,0.0273721330556057,0
36,0,0,3,1.1105636216755446,108,11,0.8884502877862838,0
54,4,0,3,1.2657441917969554,119,11,0.8884502877862838,0
32,0,0,3,1.5522313981749447,60,11,1.804272708628173,0
91,4,0,3,1.2299332909997067,97,11,1.804272708628173,0
44,4,0,3,1.297576103616732,75,11,1.804272708628173,0
66,0,0,3,1.1503535114502654,105,11,0.9431945538974952,0
64,4,0,3,1.2697231807744276,108,11,0.8884502877862838,0
61,4,0,3,1.2219753130447626,105,11,0.9431945538974952,0
64,0,0,3,1.2856391366843158,96,11,0.8884502877862838,0
51,4,0,3,1.2100383461123465,116,11,1.804272708628173,0
70,0,0,3,1.253807224864539,91,11,0.9431945538974952,0
48,0,0,3,1.4328617288507826,86,11,1.804272708628173,0
26,0,0,3,1.4169457729408943,95,11,0.0273721330556057,0
54,0,0,3,1.182185423270042,100,11,1.804272708628173,0
80,0,0,3,1.2020803681574024,116,11,0.8884502877862838,0
58,4,0,3,1.456735662715615,95,11,0.0273721330556057,0
70,0,0,3,1.2776811587293715,93,11,0.8884502877862838,0
65,0,0,3,1.1065846326980726,135,11,0.0273721330556057,0
52,0,0,3,1.3731768941887017,81,11,0.0273721330556057,0
75,0,0,3,0.9553830515541336,117,11,0.8884502877862838,0
43,0,0,3,1.253807224864539,82,11,0.0273721330556057,0
40,4,0,3,1.3771558831661737,95,11,0.0273721330556057,0
52,4,0,3,1.1742274453150978,96,11,0.8884502877862838,0
39,4,0,3,1.4249037508958384,85,11,0.9431945538974952,0
87,4,0,3,1.2498282358870672,97,11,1.804272708628173,0
60,0,0,3,1.2458492469095952,86,11,0.8884502877862838,0
60,0,0,3,1.2577862138420113,106,11,0.8884502877862838,0
53,4,0,3,1.281660147706844,106,11,1.804272708628173,0
87,0,0,3,0.9553830515541336,132,11,0.9431945538974952,0
56,0,0,3,1.1941223902024585,123,11,0.9431945538974952,0
76,4,0,3,1.253807224864539,76,11,1.804272708628173,0
41,4,0,3,1.2140173350898185,108,11,0.9431945538974952,0
50,4,0,3,1.3055340815716765,110,11,0.9431945538974952,0
85,0,0,3,1.2498282358870672,95,11,1.804272708628173,0
85,4,0,3,0.9434460846217176,122,11,0.8884502877862838,0
49,4,0,3,1.297576103616732,100,11,1.804272708628173,0
34,4,0,3,1.3373659933914528,95,11,1.804272708628173,0
41,4,0,3,1.353281949301341,88,11,1.804272708628173,0
48,4,0,3,1.3851138611211178,88,11,0.9431945538974952,0
94,0,0,3,0.975277996441494,117,11,0.9431945538974952,0
60,4,0,3,0.9911939523513824,126,11,0.8884502877862838,0
65,4,0,3,1.0667947429233515,125,11,0.9431945538974952,0
59,0,0,3,1.134437555540377,89,11,1.804272708628173,0
54,4,0,3,1.1742274453150978,110,11,0.9431945538974952,0
76,0,0,3,1.2617652028194837,120,11,0.9431945538974952,0
64,0,0,3,1.1503535114502654,103,11,0.8884502877862838,0
55,0,0,3,1.2020803681574024,107,11,1.804272708628173,0
73,0,0,3,1.070773731900824,102,11,0.9431945538974952,0
54,4,0,3,1.297576103616732,100,11,0.0273721330556057,0
71,4,0,3,1.130458566562905,122,11,0.0273721330556057,0
48,4,0,3,1.5323364532875845,42,11,0.9431945538974952,0
49,0,0,3,1.345323971346397,72,11,0.8884502877862838,0
47,4,0,3,1.4089877949859502,60,11,1.804272708628173,0
40,4,0,3,1.241870257932123,81,11,1.804272708628173,0
74,0,0,3,1.182185423270042,101,11,1.804272708628173,0
42,4,0,3,1.078731709855768,129,11,0.0273721330556057,0
70,0,0,3,1.2140173350898185,115,11,0.9431945538974952,0
42,0,0,3,1.2299332909997067,79,11,0.0273721330556057,0
56,4,0,3,1.2657441917969554,106,11,0.8884502877862838,0
59,4,0,3,1.2577862138420113,111,11,0.8884502877862838,0
57,0,0,3,1.2060593571348743,99,11,0.9431945538974952,0
17,4,0,3,1.3612399272562852,89,11,0.8884502877862838,0
61,0,0,3,1.023025864171159,122,11,0.0273721330556057,0
93,0,0,3,1.1264795775854328,116,11,0.9431945538974952,0
50,4,0,3,1.4726516186255034,77,11,0.0273721330556057,0
47,4,0,3,1.4607146516930871,76,11,0.0273721330556057,0
58,0,0,3,1.2657441917969554,95,11,1.804272708628173,0
29,4,0,3,1.1702484563376256,96,11,1.804272708628173,0
64,4,0,3,1.2219753130447626,81,11,0.9431945538974952,0
68,4,0,3,1.2617652028194837,92,11,0.8884502877862838,0
40,0,0,3,1.349302960323869,85,11,0.9431945538974952,0
49,0,0,3,1.3890928500985895,80,11,0.0273721330556057,0
69,0,0,3,1.1742274453150978,116,11,0.0273721330556057,0
58,4,0,3,1.078731709855768,102,11,0.0273721330556057,0
19,0,0,3,1.5283574643101123,62,11,0.0273721330556057,0
41,4,0,3,1.297576103616732,83,11,0.8884502877862838,0
45,4,0,3,1.1702484563376256,85,11,0.9431945538974952,0
102,4,0,3,0.9951729413288544,145,11,0.8884502877862838,0
48,4,0,3,1.237891268954651,103,11,0.8884502877862838,0
69,0,0,3,1.030983842126103,144,11,1.804272708628173,0
79,0,0,3,1.0667947429233515,115,11,0.8884502877862838,0
74,0,0,3,1.182185423270042,106,11,0.8884502877862838,0
52,0,0,3,1.3333870044139808,101,11,0.8884502877862838,0
80,0,0,3,1.027004853148631,95,11,1.804272708628173,0
46,4,0,3,1.3652189162337574,85,11,0.9431945538974952,0
74,0,0,3,1.1264795775854328,106,11,0.8884502877862838,0
72,4,0,3,1.1583114894052096,102,11,1.804272708628173,0
78,0,0,3,0.9315091176893012,123,11,0.9431945538974952,0
80,4,0,3,1.1225005886079609,114,11,0.8884502877862838,0
61,0,0,3,1.2140173350898185,101,11,0.0273721330556057,0
25,4,0,3,1.2458492469095952,88,11,0.9431945538974952,0
37,4,0,3,1.3174710485040924,98,11,0.8884502877862838,0
55,0,0,3,1.345323971346397,84,11,0.0273721330556057,0
43,4,0,3,1.289618125661788,111,11,0.0273721330556057,0
58,4,0,3,1.1423955334953213,106,11,0.0273721330556057,0
74,0,0,3,1.2299332909997067,114,11,1.804272708628173,0
63,0,0,3,1.007109908261271,122,11,0.8884502877862838,0
39,0,0,3,1.297576103616732,86,11,0.8884502877862838,0
65,0,0,3,1.564168365107361,79,11,0.0273721330556057,0
37,4,0,3,1.190143401224986,97,11,0.8884502877862838,0
88,0,0,3,1.1622904783826815,121,11,0.9431945538974952,0
43,0,0,3,1.253807224864539,86,11,1.804272708628173,0
57,4,0,3,1.29359711463926,87,11,0.0273721330556057,0
63,0,0,3,1.233912279977179,106,11,1.804272708628173,0
73,0,0,3,1.023025864171159,118,11,0.0273721330556057,0
63,0,0,3,1.3572609382788132,105,11,1.804272708628173,0
54,0,0,3,1.090668676788184,100,11,0.9431945538974952,0
54,0,0,3,1.2020803681574024,97,11,0.9431945538974952,0
68,4,0,3,1.349302960323869,90,11,1.804272708628173,0
49,4,0,3,1.4249037508958384,80,11,0.8884502877862838,0
58,0,0,3,1.4607146516930871,77,11,0.9431945538974952,0
48,4,0,3,1.2498282358870672,121,11,0.8884502877862838,0
57,0,0,3,1.2617652028194837,96,11,1.804272708628173,0
101,6,0,3,0.4898413411899011,220,11,1.804272708628173,0
118,2,0,4,0.3664926828882667,204,11,0.8884502877862838,0
110,6,0,3,0.3187448151586018,226,11,0.8884502877862838,0
106,2,0,3,0.6967487680184489,186,11,0.8884502877862838,0
114,6,0,3,0.378429649820683,199,11,0.9431945538974952,0
122,2,0,4,0.3704716718657388,199,11,0.8884502877862838,0
118,2,0,3,0.5296312309646218,189,11,0.8884502877862838,0
88,6,0,4,0.4062825726629875,211,11,0.0273721330556057,0
104,6,0,4,0.4739253852800127,175,11,0.9431945538974952,0
95,2,0,4,0.5654421317618704,181,11,0.0273721330556057,0
101,2,0,3,0.5813580876717588,196,11,0.8884502877862838,0
105,6,0,3,0.3744506608432109,219,11,0.9431945538974952,0
76,6,0,3,0.5893160656267029,168,11,0.9431945538974952,0
105,2,0,3,0.4500514514151803,197,11,1.804272708628173,0
93,2,0,4,0.6291059554014237,162,11,0.8884502877862838,0
97,2,0,4,0.4977993191448452,186,11,0.9431945538974952,0
129,6,0,3,0.4898413411899011,204,11,0.9431945538974952,0
116,6,0,3,0.5574841538069263,199,11,0.9431945538974952,0
85,2,0,3,0.6450219113113119,196,11,0.8884502877862838,0
104,2,0,4,0.3426187490234343,198,11,0.8884502877862838,0
107,6,0,4,0.5137152750547335,182,11,1.804272708628173,0
87,2,0,4,0.5057572970997893,174,11,0.8884502877862838,0
116,6,0,4,0.4301565065278199,207,11,0.9431945538974952,0
111,2,0,4,0.3147658261811298,189,11,0.0273721330556057,0
84,2,0,4,0.7086857349508652,191,11,1.804272708628173,0
102,6,0,3,0.3625136939107947,201,11,1.804272708628173,0
113,2,0,3,0.5773790986942867,187,11,0.8884502877862838,0
87,6,0,4,0.5574841538069263,183,11,0.0273721330556057,0
100,2,0,4,0.4023035836855154,191,11,0.9431945538974952,0
111,6,0,4,0.5773790986942867,179,11,0.8884502877862838,0
122,2,0,3,0.5336102199420939,210,11,0.8884502877862838,0
134,6,0,3,0.4381144844827641,223,11,1.804272708628173,0
114,6,0,3,0.4540304403926524,191,11,0.0273721330556057,0
110,6,0,4,0.3664926828882667,193,11,0.0273721330556057,0
91,2,0,3,0.537589208919566,199,11,0.8884502877862838,0
85,6,0,3,0.4301565065278199,203,11,0.0273721330556057,0
105,2,0,3,0.4540304403926524,196,11,1.804272708628173,0
61,6,0,3,0.979256985418966,141,11,0.8884502877862838,0
96,6,0,3,0.3983245947080434,194,11,0.8884502877862838,0
100,6,0,4,0.5614631427843984,216,11,1.804272708628173,0
106,6,0,4,0.3068078482261857,197,11,0.8884502877862838,0
119,6,0,3,0.2829339143613532,221,11,0.8884502877862838,0
126,2,0,3,0.2471230135641045,230,11,1.804272708628173,0
85,6,0,4,0.7047067459733931,172,11,0.0273721330556057,0
111,6,0,3,0.3585347049333226,212,11,0.0273721330556057,0
90,6,0,4,0.5256522419871498,181,11,0.9431945538974952,0
90,2,0,4,0.6410429223338399,177,11,0.9431945538974952,0
133,2,0,4,0.4699463963025407,215,11,0.9431945538974952,0
110,2,0,4,0.4102615616404595,190,11,0.0273721330556057,0
137,2,0,4,0.3943456057305713,198,11,0.9431945538974952,0
83,2,0,4,0.5813580876717588,187,11,0.9431945538974952,0
130,2,0,3,0.4301565065278199,213,11,0.9431945538974952,0
111,6,0,4,0.4301565065278199,201,11,0.8884502877862838,0
117,6,0,3,0.3744506608432109,240,11,0.9431945538974952,0
68,6,0,4,0.5336102199420939,188,11,1.804272708628173,0
108,6,0,3,0.4420934734602362,200,11,0.8884502877862838,0
98,6,0,4,0.2789549253838811,203,11,0.8884502877862838,0
94,2,0,3,0.5574841538069263,181,11,1.804272708628173,0
125,2,0,3,0.4500514514151803,200,11,0.8884502877862838,0
116,6,0,4,0.6211479774464795,191,11,0.9431945538974952,0
112,2,0,3,0.5336102199420939,195,11,0.8884502877862838,0
126,6,0,4,0.5256522419871498,190,11,0.0273721330556057,0
100,6,0,3,0.434135495505292,187,11,1.804272708628173,0
90,2,0,4,0.5654421317618704,196,11,1.804272708628173,0
82,2,0,3,0.7444966357481138,163,11,0.0273721330556057,0
103,2,0,3,0.4221985285728758,212,11,0.8884502877862838,0
107,2,0,3,0.2351860466316883,208,11,0.9431945538974952,0
107,6,0,4,0.4261775175503479,201,11,0.8884502877862838,0
123,2,0,3,0.378429649820683,203,11,1.804272708628173,0
84,6,0,4,0.541568197897038,170,11,0.0273721330556057,0
120,2,0,4,0.3664926828882667,215,11,1.804272708628173,0
127,2,0,4,0.1516272781047747,233,11,1.804272708628173,0
122,2,0,4,0.3306817820910181,202,11,0.9431945538974952,0
119,2,0,3,0.4381144844827641,188,11,0.0273721330556057,0
102,2,0,3,0.4977993191448452,209,11,0.8884502877862838,0
100,6,0,4,0.6211479774464795,186,11,0.0273721330556057,0
79,6,0,4,0.2908918923162973,206,11,0.8884502877862838,0
95,6,0,3,0.4460724624377082,193,11,0.0273721330556057,0
94,6,0,4,0.652979889266256,191,11,0.8884502877862838,0
115,2,0,4,0.2073331237893838,192,11,0.9431945538974952,0
129,2,0,3,0.4818833632349569,210,11,0.8884502877862838,0
105,2,0,3,0.5535051648294542,205,11,1.804272708628173,0
80,6,0,4,0.593295054604175,174,11,1.804272708628173,0
85,6,0,3,0.434135495505292,204,11,0.8884502877862838,0
101,2,0,3,0.3426187490234343,215,11,0.0273721330556057,0
128,6,0,3,0.5176942640322055,191,11,0.9431945538974952,0
122,6,0,3,0.434135495505292,205,11,0.8884502877862838,0
81,6,0,3,0.649000900288784,172,11,1.804272708628173,0
103,2,0,4,0.3346607710684902,193,11,1.804272708628173,0
119,2,0,3,0.4182195395954037,204,11,0.0273721330556057,0
92,2,0,3,0.4102615616404595,199,11,0.9431945538974952,0
108,6,0,4,0.2670179584514649,193,11,0.9431945538974952,0
116,2,0,4,0.2630389694739928,208,11,0.0273721330556057,0
86,6,0,3,0.4818833632349569,171,11,0.0273721330556057,0
100,6,0,4,0.3346607710684902,199,11,0.0273721330556057,0
101,6,0,4,0.485862352212429,197,11,0.8884502877862838,0
99,2,0,4,0.485862352212429,190,11,0.8884502877862838,0
117,2,0,4,0.3903666167530992,198,11,1.804272708628173,0
100,6,0,3,0.2471230135641045,214,11,0.8884502877862838,0
104,6,0,3,0.5614631427843984,204,11,0.9431945538974952,0
115,2,0,4,0.2351860466316883,239,11,0.9431945538974952,0
92,2,0,4,0.270996947428937,203,11,0.9431945538974952,0
127,6,0,3,0.3625136939107947,195,11,0.0273721330556057,0
79,2,0,4,0.5017783081223173,187,11,0.9431945538974952,0
87,2,0,3,0.4500514514151803,211,11,0.9431945538974952,0
97,6,0,3,0.6370639333563678,169,11,0.8884502877862838,0
124,6,0,4,0.3943456057305713,221,11,0.8884502877862838,0
69,6,0,4,0.7246016908607534,177,11,1.804272708628173,0
135,2,0,4,0.2192700907218,220,11,1.804272708628173,0
117,6,0,3,0.5773790986942867,207,11,1.804272708628173,0
105,2,0,3,0.4023035836855154,195,11,1.804272708628173,0
106,6,0,3,0.5137152750547335,174,11,0.0273721330556057,0
99,2,0,4,0.7564336026805301,157,11,0.0273721330556057,0
99,2,0,4,0.6131899994915354,196,11,1.804272708628173,0
112,2,0,3,0.4261775175503479,198,11,0.0273721330556057,0
90,6,0,3,0.4619884183475966,214,11,0.0273721330556057,0
99,6,0,3,0.541568197897038,207,11,0.9431945538974952,0
138,2,0,4,0.2312070576542162,224,11,0.8884502877862838,0
132,6,0,3,0.7246016908607534,179,11,0.0273721330556057,0
99,2,0,4,0.4381144844827641,204,11,0.0273721330556057,0
86,2,0,4,0.5734001097168147,191,11,0.9431945538974952,0
96,2,0,3,0.6092110105140632,194,11,0.9431945538974952,0
79,6,0,3,0.4301565065278199,191,11,0.0273721330556057,0
109,2,0,4,0.3426187490234343,196,11,0.9431945538974952,0
92,2,0,4,0.6808328121085606,171,11,0.8884502877862838,0
113,6,0,4,0.4420934734602362,203,11,0.8884502877862838,0
106,6,0,4,0.5813580876717588,166,11,0.9431945538974952,0
111,2,0,4,0.4659674073250686,186,11,0.0273721330556057,0
107,6,0,4,0.274975936406409,222,11,0.9431945538974952,0
67,2,0,4,0.434135495505292,180,11,0.8884502877862838,0
111,2,0,3,0.4580094293701244,211,11,0.8884502877862838,0
97,6,0,4,0.5495261758519822,194,11,0.0273721330556057,0
108,6,0,3,0.3426187490234343,189,11,0.0273721330556057,0
120,6,0,3,0.4898413411899011,202,11,1.804272708628173,0
71,2,0,3,0.5654421317618704,174,11,0.0273721330556057,0
130,2,0,3,0.434135495505292,191,11,0.0273721330556057,0
71,6,0,4,0.4420934734602362,187,11,0.0273721330556057,0
103,6,0,3,0.6370639333563678,191,11,0.9431945538974952,0
115,6,0,4,0.4977993191448452,191,11,1.804272708628173,0
104,2,0,3,0.3585347049333226,211,11,1.804272708628173,0
126,6,0,3,0.2511020025415766,210,11,0.8884502877862838,0
107,2,0,3,0.4898413411899011,205,11,0.0273721330556057,0
123,6,0,3,0.5813580876717588,188,11,1.804272708628173,0
121,2,0,3,0.4182195395954037,197,11,1.804272708628173,0
103,6,0,4,0.4420934734602362,192,11,0.8884502877862838,0
126,6,0,3,0.2988498702712415,204,11,0.8884502877862838,0
92,2,0,3,0.5296312309646218,199,11,0.9431945538974952,0
78,2,0,4,0.4779043742574848,174,11,0.9431945538974952,0
119,2,0,3,0.2471230135641045,212,11,0.0273721330556057,0
109,6,0,4,0.5017783081223173,199,11,0.8884502877862838,0
93,6,0,3,0.5336102199420939,168,11,1.804272708628173,0
92,6,0,3,0.5495261758519822,186,11,0.9431945538974952,0
101,6,0,4,0.3664926828882667,210,11,0.9431945538974952,0
119,2,0,4,0.4580094293701244,210,11,1.804272708628173,0
86,2,0,3,0.6092110105140632,172,11,0.8884502877862838,0
107,6,0,4,0.5296312309646218,209,11,0.0273721330556057,0
117,2,0,3,0.270996947428937,219,11,0.0273721330556057,0
102,2,0,3,0.6171689884690075,188,11,1.804272708628173,0
66,2,0,3,0.4699463963025407,186,11,0.8884502877862838,0
103,6,0,4,0.6211479774464795,175,11,1.804272708628173,0
89,6,0,3,0.6370639333563678,167,11,0.9431945538974952,0
114,6,0,4,0.4142405506179316,212,11,0.9431945538974952,0
85,2,0,4,0.3227238041360739,213,11,0.8884502877862838,0
128,2,0,3,0.2272280686767442,230,11,1.804272708628173,0
93,6,0,4,0.6688958451761444,188,11,0.8884502877862838,0
122,6,0,4,0.3107868372036577,211,11,1.804272708628173,0
118,2,0,3,0.3306817820910181,207,11,0.9431945538974952,0
117,6,0,3,0.3465977380009064,211,11,1.804272708628173,0
130,2,0,3,0.3943456057305713,231,11,0.9431945538974952,0
98,2,0,3,0.6052320215365912,184,11,0.8884502877862838,0
97,6,0,4,0.4460724624377082,181,11,0.9431945538974952,0
90,2,0,3,0.4580094293701244,210,11,1.804272708628173,0
107,6,0,4,0.3426187490234343,201,11,1.804272708628173,0
124,6,0,4,0.3585347049333226,236,11,1.804272708628173,0
102,6,0,3,0.3625136939107947,209,11,0.8884502877862838,0
90,2,0,3,0.6728748341536165,175,11,0.8884502877862838,0
75,6,0,3,0.4977993191448452,202,11,0.9431945538974952,0
114,6,0,3,0.5654421317618704,207,11,0.8884502877862838,0
106,6,0,3,0.378429649820683,198,11,0.0273721330556057,0
117,6,0,3,0.4261775175503479,195,11,0.0273721330556057,0
112,2,0,4,0.4261775175503479,218,11,1.804272708628173,0
117,2,0,4,0.6569588782437281,174,11,0.8884502877862838,0
98,6,0,3,0.6808328121085606,160,11,1.804272708628173,0
128,2,0,3,0.274975936406409,213,11,0.0273721330556057,0
104,2,0,4,0.3664926828882667,198,11,0.8884502877862838,0
116,6,0,3,0.4938203301673731,209,11,1.804272708628173,0
91,2,0,3,0.434135495505292,177,11,0.8884502877862838,0
93,2,0,4,0.4460724624377082,190,11,0.9431945538974952,0
81,2,0,3,0.3744506608432109,182,11,0.8884502877862838,0
115,6,0,3,0.2391650356091604,227,11,0.0273721330556057,0
101,6,0,4,0.2988498702712415,211,11,0.9431945538974952,0
108,6,0,3,0.4023035836855154,192,11,0.9431945538974952,0
91,2,0,3,0.752454613703058,163,11,0.0273721330556057,0
139,2,0,3,0.2073331237893838,241,11,0.0273721330556057,0
93,6,0,3,0.3147658261811298,208,11,0.8884502877862838,0
88,2,0,4,0.649000900288784,183,11,0.0273721330556057,0
90,2,0,4,0.5137152750547335,198,11,1.804272708628173,0
113,6,0,4,0.485862352212429,195,11,0.8884502877862838,0
101,6,0,3,0.4739253852800127,195,11,1.804272708628173,0
82,6,0,3,0.4460724624377082,182,11,0.9431945538974952,0
123,6,0,3,0.537589208919566,183,11,0.8884502877862838,0
107,2,0,3,0.2670179584514649,218,11,0.8884502877862838,0
113,2,0,3,0.4142405506179316,204,11,0.8884502877862838,0
107,2,0,3,0.5057572970997893,197,11,0.0273721330556057,0
90,6,0,4,0.4420934734602362,193,11,0.8884502877862838,0
106,6,0,4,0.4182195395954037,210,11,0.8884502877862838,0
77,2,0,4,0.7365386577931696,158,11,0.9431945538974952,0
111,6,0,4,0.5256522419871498,200,11,0.9431945538974952,0
103,2,0,4,0.4540304403926524,192,11,0.0273721330556057,0
104,6,0,4,0.485862352212429,183,11,0.9431945538974952,0
106,2,0,4,0.3983245947080434,210,11,0.9431945538974952,0
104,2,0,3,0.5574841538069263,217,11,0.9431945538974952,0
130,6,0,3,0.3028288592487136,223,11,0.8884502877862838,0
82,6,0,4,0.485862352212429,179,11,0.9431945538974952,0
103,6,0,4,0.6609378672212003,188,11,0.0273721330556057,0
109,2,0,3,0.6131899994915354,174,11,1.804272708628173,0
110,2,0,3,0.3863876277756271,206,11,1.804272708628173,0
79,2,0,4,0.5057572970997893,206,11,0.0273721330556057,0
113,6,0,4,0.537589208919566,206,11,0.9431945538974952,0
130,2,0,4,0.2113121127668558,211,11,0.9431945538974952,0
107,6,0,4,0.5455471868745101,198,11,0.9431945538974952,0
93,2,0,4,0.4619884183475966,192,11,0.0273721330556057,0
88,6,0,4,0.4460724624377082,207,11,0.0273721330556057,0
66,2,0,4,0.7365386577931696,155,11,0.8884502877862838,0
124,2,0,3,0.2431440245866324,219,11,0.0273721330556057,0
113,6,0,3,0.4023035836855154,202,11,0.0273721330556057,0
67,6,0,4,0.3227238041360739,196,11,0.0273721330556057,0
130,2,0,3,0.4818833632349569,201,11,0.0273721330556057,0
85,6,0,4,0.7643915806354742,180,11,0.0273721330556057,0
108,6,0,3,0.6370639333563678,189,11,1.804272708628173,0
83,6,0,4,0.6649168561986724,189,11,0.0273721330556057,0
103,6,0,3,0.3227238041360739,199,11,0.0273721330556057,0
73,2,0,3,0.5495261758519822,188,11,0.8884502877862838,0
120,6,0,3,0.4699463963025407,206,11,0.9431945538974952,0
109,2,0,4,0.2431440245866324,218,11,0.9431945538974952,0
113,6,0,3,0.2908918923162973,189,11,0.8884502877862838,0
111,2,0,3,0.4261775175503479,203,11,1.804272708628173,0
118,6,0,3,0.3426187490234343,203,11,0.8884502877862838,0
110,6,0,4,0.4221985285728758,188,11,0.8884502877862838,0
84,6,0,3,0.5893160656267029,188,11,0.8884502877862838,0
96,2,0,3,0.4062825726629875,208,11,1.804272708628173,0
94,6,0,4,0.5495261758519822,198,11,0.8884502877862838,0
99,2,0,4,0.6330849443788957,185,11,0.0273721330556057,0
111,2,0,3,0.382408638798155,210,11,1.804272708628173,0
97,6,0,3,0.3943456057305713,199,11,0.9431945538974952,0
86,2,0,4,0.4779043742574848,180,11,0.0273721330556057,0
104,2,0,3,0.593295054604175,187,11,0.8884502877862838,0
116,2,0,4,0.274975936406409,220,11,1.804272708628173,0
111,2,0,3,0.4221985285728758,190,11,0.8884502877862838,0
102,6,0,3,0.6211479774464795,178,11,1.804272708628173,0
101,2,0,3,0.4739253852800127,198,11,0.8884502877862838,0
122,6,0,4,0.2789549253838811,208,11,0.0273721330556057,0
120,2,0,3,0.5495261758519822,192,11,0.9431945538974952,0
84,2,0,3,0.4938203301673731,205,11,0.0273721330556057,0
120,6,0,4,0.4619884183475966,196,11,0.0273721330556057,0
70,6,0,4,0.326702793113546,196,11,0.8884502877862838,0
109,2,0,4,0.5097362860772614,201,11,0.9431945538974952,0
114,2,0,3,0.326702793113546,208,11,0.9431945538974952,0
98,6,0,4,0.4739253852800127,216,11,0.0273721330556057,0
116,6,0,3,0.5336102199420939,203,11,0.8884502877862838,0
104,6,0,4,0.3863876277756271,211,11,0.0273721330556057,0
91,6,0,4,0.6728748341536165,182,11,1.804272708628173,0
126,2,0,4,0.378429649820683,201,11,0.8884502877862838,0
96,6,0,4,0.4659674073250686,195,11,0.8884502877862838,0
131,6,0,4,0.382408638798155,211,11,0.9431945538974952,0
90,2,0,4,0.5256522419871498,177,11,0.8884502877862838,0
106,6,0,4,0.541568197897038,193,11,0.9431945538974952,0
79,2,0,3,0.4779043742574848,184,11,0.0273721330556057,0
95,2,0,3,0.4580094293701244,187,11,0.8884502877862838,0
94,2,0,3,0.4739253852800127,183,11,0.9431945538974952,0
108,2,0,4,0.5694211207393426,190,11,0.0273721330556057,0
96,6,0,3,0.5893160656267029,193,11,0.9431945538974952,0
131,2,0,4,0.6330849443788957,179,11,0.9431945538974952,0
105,2,0,4,0.3704716718657388,209,11,0.8884502877862838,0
101,2,0,3,0.541568197897038,170,11,0.9431945538974952,0
96,6,0,3,0.4818833632349569,187,11,1.804272708628173,0
102,6,0,3,0.5216732530096777,166,11,1.804272708628173,0
86,2,0,3,0.5256522419871498,185,11,1.804272708628173,0
154,6,0,3,0.3028288592487136,232,11,1.804272708628173,0
112,6,0,3,0.2272280686767442,214,11,0.0273721330556057,0
102,2,0,3,0.3306817820910181,201,11,0.9431945538974952,0
112,6,0,4,0.4977993191448452,205,11,0.0273721330556057,0
87,2,0,4,0.7047067459733931,173,11,0.9431945538974952,0
103,6,0,4,0.3068078482261857,203,11,0.8884502877862838,0
133,6,0,4,0.1436693001498306,228,11,0.8884502877862838,0
104,2,0,3,0.5176942640322055,151,11,1.804272708628173,0
93,2,0,3,0.3505767269783785,205,11,0.8884502877862838,0
97,6,0,4,0.4301565065278199,192,11,1.804272708628173,0
117,6,0,4,0.5216732530096777,183,11,0.8884502877862838,0
80,6,0,3,0.6808328121085606,160,11,0.0273721330556057,0
112,6,0,4,0.3306817820910181,218,11,0.8884502877862838,0
101,6,0,4,0.5057572970997893,182,11,0.0273721330556057,0
116,2,0,3,0.4500514514151803,202,11,0.8884502877862838,0
99,2,0,3,0.3107868372036577,214,11,0.0273721330556057,0
116,2,0,4,0.6131899994915354,190,11,0.8884502877862838,0
104,6,0,3,0.5097362860772614,185,11,0.9431945538974952,0
149,2,0,4,0.3704716718657388,201,11,1.804272708628173,0
102,6,0,3,0.5773790986942867,183,11,0.0273721330556057,0
113,2,0,3,0.274975936406409,213,11,0.0273721330556057,0
107,6,0,4,0.4221985285728758,202,11,0.0273721330556057,0
95,6,0,4,0.6728748341536165,200,11,0.8884502877862838,0
96,2,0,3,0.1516272781047747,207,11,1.804272708628173,0
81,2,0,4,0.5535051648294542,182,11,0.9431945538974952,0
91,2,0,4,0.4977993191448452,191,11,0.0273721330556057,0
114,2,0,4,0.4659674073250686,207,11,0.8884502877862838,0
114,2,0,4,0.4261775175503479,200,11,1.804272708628173,0
100,2,0,4,0.6171689884690075,192,11,0.9431945538974952,0
97,6,0,4,0.3187448151586018,201,11,0.8884502877862838,0
103,2,0,3,0.5614631427843984,217,11,0.8884502877862838,0
111,2,0,4,0.6131899994915354,180,11,0.9431945538974952,0
84,2,0,3,0.4818833632349569,212,11,0.0273721330556057,0
96,6,0,3,0.6251269664239516,174,11,0.8884502877862838,0
131,6,0,4,0.5574841538069263,200,11,0.0273721330556057,0
115,2,0,4,0.3744506608432109,214,11,0.8884502877862838,0
120,6,0,3,0.3545557159558505,203,11,0.0273721330556057,0
105,2,0,3,0.3983245947080434,193,11,0.0273721330556057,0
121,6,0,4,0.326702793113546,212,11,1.804272708628173,0
124,6,0,4,0.3744506608432109,202,11,0.9431945538974952,0
111,2,0,3,0.5614631427843984,192,11,0.9431945538974952,0
113,2,0,4,0.5256522419871498,188,11,1.804272708628173,0
113,6,0,4,0.5694211207393426,190,11,1.804272708628173,0
78,2,0,4,0.6012530325591191,183,11,0.8884502877862838,0
115,2,0,4,0.4699463963025407,209,11,0.9431945538974952,0
64,6,0,3,0.649000900288784,172,11,0.9431945538974952,0
112,6,0,4,0.4699463963025407,191,11,0.8884502877862838,0
106,6,0,4,0.1953961568569676,229,11,1.804272708628173,0
124,6,0,4,0.4182195395954037,199,11,0.9431945538974952,0
92,6,0,4,0.6012530325591191,180,11,0.0273721330556057,0
102,6,0,4,0.4818833632349569,199,11,0.9431945538974952,0
94,6,0,4,0.5137152750547335,175,11,1.804272708628173,0
114,6,0,4,0.1834591899245513,211,11,0.0273721330556057,0
118,6,0,4,0.3426187490234343,208,11,1.804272708628173,0
78,6,0,3,0.4062825726629875,203,11,0.0273721330556057,0
72,6,0,3,0.6768538231310886,194,11,0.9431945538974952,0
110,6,0,4,0.485862352212429,211,11,0.0273721330556057,0
80,2,0,3,0.7007277569959209,173,11,0.9431945538974952,0
79,2,0,4,0.2670179584514649,206,11,0.8884502877862838,0
111,2,0,4,0.5654421317618704,184,11,0.0273721330556057,0
107,6,0,4,0.593295054604175,190,11,0.0273721330556057,0
127,2,0,3,0.3386397600459622,233,11,0.9431945538974952,0
109,2,0,3,0.4779043742574848,200,11,1.804272708628173,0
119,6,0,3,0.3664926828882667,208,11,0.9431945538974952,0
118,6,0,3,0.4779043742574848,205,11,0.8884502877862838,0
99,2,0,3,0.3863876277756271,209,11,0.9431945538974952,0
83,6,0,3,0.7803075365453624,179,11,1.804272708628173,0
138,6,0,4,0.4261775175503479,194,11,1.804272708628173,0
133,2,0,4,0.163564245037191,223,11,1.804272708628173,0
106,6,0,3,0.3107868372036577,197,11,0.9431945538974952,0
119,2,0,4,0.3943456057305713,199,11,0.9431945538974952,0
110,2,0,4,0.4102615616404595,216,11,0.9431945538974952,0
123,2,0,3,0.4580094293701244,221,11,0.8884502877862838,0
144,2,0,3,0.2471230135641045,225,11,0.9431945538974952,0
99,2,0,4,0.3068078482261857,207,11,0.8884502877862838,0
380,6,6,5,0.2741245424847371,353,11,0.9431945538974952,0
437,2,6,9,0.1706708290704632,348,11,0.8884502877862838,0
398,2,6,10,0.0959214324201657,311,11,0.9431945538974952,0
461,6,6,3,0.3178934212369299,365,11,0.9431945538974952,0
423,6,6,5,0.1706708290704632,338,11,0.9431945538974952,0
422,2,6,5,0.0433431817913568,323,11,0.9431945538974952,0
377,6,6,9,0.10700700543091,365,11,0.8884502877862838,0
417,6,6,9,0.0282786198031404,334,11,0.9431945538974952,0
445,2,6,10,0.321872410214402,388,11,0.9431945538974952,0
465,2,6,10,0.2502506086199046,382,11,0.8884502877862838,0
432,2,6,5,0.0720474985553333,353,11,0.9431945538974952,0
367,2,6,10,0.2542295975973768,378,11,0.8884502877862838,0
438,6,6,5,0.10700700543091,334,11,0.8884502877862838,0
402,6,6,5,0.1865867849803515,377,11,0.9431945538974952,0
340,6,6,5,0.0990490274759658,312,11,0.9431945538974952,0
400,2,6,5,0.4054311787413155,356,11,0.8884502877862838,0
454,6,6,10,0.162712851115519,355,11,0.9431945538974952,0
405,2,6,9,0.0751750936111334,326,11,0.8884502877862838,0
450,6,6,5,0.1786288070254073,355,11,0.8884502877862838,0
376,2,6,9,0.158733862138047,350,11,0.8884502877862838,0
430,2,6,9,0.2303556637325443,364,11,0.9431945538974952,0
526,2,6,10,0.5088848921555895,414,11,0.9431945538974952,0
394,6,6,10,0.1874381789020234,314,11,0.9431945538974952,0
373,6,6,5,0.0481735646905008,338,11,0.8884502877862838,0
470,6,6,3,0.3019774653270416,354,11,0.9431945538974952,0
365,6,6,10,0.1945447629352956,334,11,0.9431945538974952,0
439,2,6,10,0.1865867849803515,371,11,0.9431945538974952,0
368,6,6,3,0.2582085865748488,391,11,0.8884502877862838,0
471,6,6,3,0.0362365977580846,365,11,0.9431945538974952,0
420,2,6,5,0.2940194873720975,365,11,0.8884502877862838,0
434,2,6,5,0.5526537709077823,403,11,0.9431945538974952,0
359,6,6,10,0.0393641928138847,348,11,0.9431945538974952,0
441,2,6,3,0.1547548731605749,374,11,0.8884502877862838,0
488,6,6,10,0.2979984763495695,364,11,0.9431945538974952,0
376,2,6,10,0.1786288070254073,355,11,0.8884502877862838,0
454,6,6,10,0.1030280164534379,383,11,0.8884502877862838,0
398,2,6,5,0.0203206418481963,327,11,0.9431945538974952,0
403,2,6,5,0.3258513991918741,334,11,0.8884502877862838,0
446,2,6,10,0.266166564529793,355,11,0.9431945538974952,0
426,2,6,9,0.0760264875328053,325,11,0.9431945538974952,0
369,2,6,3,0.1038794103751098,306,11,0.8884502877862838,0
299,2,6,5,0.1237743552624702,302,11,0.8884502877862838,0
419,6,6,9,0.0473221707688289,361,11,0.9431945538974952,0
414,6,6,5,0.1229229613407983,307,11,0.9431945538974952,0
432,2,6,9,0.0871120605435496,365,11,0.8884502877862838,0
405,6,6,9,0.3855362338539552,381,11,0.8884502877862838,0
448,2,6,5,0.1158163773075261,345,11,0.9431945538974952,0
467,2,6,10,0.4094101677187876,369,11,0.9431945538974952,0
470,2,6,5,0.2383136416874884,404,11,0.8884502877862838,0
429,6,6,9,0.2502506086199046,333,11,0.8884502877862838,0
443,6,6,10,0.1189439723633262,306,11,0.8884502877862838,0
339,6,6,9,0.2670179584514649,281,11,0.8884502877862838,0
367,2,6,5,0.0959214324201657,306,11,0.9431945538974952,0
420,6,6,5,0.2263766747550722,368,11,0.8884502877862838,0
315,6,6,5,0.1746498180479352,337,11,0.8884502877862838,0
400,6,6,9,0.2940194873720975,367,11,0.8884502877862838,0
276,2,6,9,0.3068078482261857,253,11,0.8884502877862838,0
398,6,6,5,0.1507758841831028,343,11,0.9431945538974952,0
486,6,6,3,0.4133891566962597,347,11,0.8884502877862838,0
327,2,6,5,0.214439707822656,352,11,0.9431945538974952,0
350,2,6,10,0.0879634544652216,317,11,0.8884502877862838,0
452,6,6,5,0.540716803975366,348,11,0.8884502877862838,0
388,6,6,10,0.1547548731605749,324,11,0.9431945538974952,0
351,2,6,10,0.0990490274759658,336,11,0.9431945538974952,0
333,2,6,9,0.0751750936111334,360,11,0.9431945538974952,0
420,6,6,3,0.2741245424847371,375,11,0.8884502877862838,0
370,2,6,5,0.2781035314622092,370,11,0.9431945538974952,0
429,2,6,5,0.0950700384984938,364,11,0.9431945538974952,0
459,6,6,9,0.0760264875328053,362,11,0.9431945538974952,0
405,2,6,10,0.1269019503182704,358,11,0.9431945538974952,0
376,6,6,9,0.0672171156561892,342,11,0.8884502877862838,0
443,2,6,3,0.2104607188451839,398,11,0.9431945538974952,0
338,6,6,9,0.2351860466316883,302,11,0.8884502877862838,0
453,2,6,9,0.2900404983946254,324,11,0.8884502877862838,0
340,6,6,5,0.1357113221948865,296,11,0.9431945538974952,0
419,2,6,5,0.0274272258814685,320,11,0.9431945538974952,0
442,2,6,5,0.1706708290704632,366,11,0.9431945538974952,0
364,2,6,10,0.0035532920166361,334,11,0.8884502877862838,0
439,6,6,3,0.004404685938308,353,11,0.9431945538974952,0
342,2,6,9,0.3227238041360739,269,11,0.9431945538974952,0
465,6,6,9,0.0632381266787172,354,11,0.8884502877862838,0
394,6,6,3,0.1666918400929911,348,11,0.9431945538974952,0
425,6,6,5,0.2741245424847371,357,11,0.8884502877862838,0
415,6,6,10,0.0004256969608359,319,11,0.9431945538974952,0
460,2,6,10,0.2025027408902398,346,11,0.8884502877862838,0
420,2,6,10,0.0791540825886055,374,11,0.9431945538974952,0
476,2,6,10,0.2343346527100163,378,11,0.8884502877862838,0
401,2,6,3,0.0831330715660775,329,11,0.9431945538974952,0
429,6,6,9,0.4133891566962597,378,11,0.8884502877862838,0
370,2,6,3,0.1158163773075261,300,11,0.9431945538974952,0
421,2,6,5,0.0115112699715802,283,11,0.9431945538974952,0
461,2,6,5,0.2820825204396813,391,11,0.8884502877862838,0
358,2,6,3,0.2422926306649605,327,11,0.9431945538974952,0
337,6,6,3,0.162712851115519,297,11,0.9431945538974952,0
411,6,6,9,0.3656412889665948,382,11,0.8884502877862838,0
535,2,6,10,0.3656412889665948,375,11,0.9431945538974952,0
428,2,6,5,0.10700700543091,386,11,0.9431945538974952,0
407,2,6,9,0.1149649833858541,328,11,0.8884502877862838,0
357,6,6,3,0.1507758841831028,343,11,0.9431945538974952,0
304,6,6,5,0.4779043742574848,284,11,0.9431945538974952,0
435,6,6,5,0.1905657739578236,369,11,0.9431945538974952,0
433,6,6,10,0.1905657739578236,314,11,0.9431945538974952,0
412,6,6,9,0.0242996308256684,319,11,0.9431945538974952,0
321,2,6,10,0.1993751458344396,302,11,0.9431945538974952,0
373,6,6,5,0.1905657739578236,345,11,0.8884502877862838,0
423,6,6,10,0.2343346527100163,345,11,0.9431945538974952,0
409,2,6,3,0.214439707822656,364,11,0.9431945538974952,0
466,2,6,9,0.2860615094171533,343,11,0.8884502877862838,0
322,2,6,9,0.2869129033388253,282,11,0.8884502877862838,0
420,2,6,10,0.0910910495210217,298,11,0.9431945538974952,0
329,6,6,3,0.0282786198031404,352,11,0.8884502877862838,0
365,6,6,5,0.3178934212369299,339,11,0.8884502877862838,0
433,2,6,5,0.0433431817913568,299,11,0.8884502877862838,0
331,6,6,10,0.2471230135641045,285,11,0.9431945538974952,0
391,6,6,5,0.3298303881693462,376,11,0.8884502877862838,0
388,2,6,10,0.3417673551017623,340,11,0.8884502877862838,0
369,6,6,10,0.274975936406409,279,11,0.9431945538974952,0
497,6,6,5,0.1945447629352956,374,11,0.8884502877862838,0
518,2,6,10,0.2343346527100163,402,11,0.9431945538974952,0
413,2,6,9,0.158733862138047,307,11,0.9431945538974952,0
385,2,6,10,0.10700700543091,338,11,0.9431945538974952,0
410,2,6,10,0.0680685095778612,337,11,0.8884502877862838,0
524,6,6,9,0.3059564543045137,355,11,0.9431945538974952,0
366,2,6,5,0.0441945757130287,286,11,0.9431945538974952,0
460,6,6,5,0.2781035314622092,390,11,0.9431945538974952,0
487,6,6,9,0.3178934212369299,394,11,0.9431945538974952,0
350,6,6,10,0.2033541348119117,296,11,0.8884502877862838,0
404,2,6,3,0.0791540825886055,345,11,0.9431945538974952,0
431,2,6,10,0.1507758841831028,400,11,0.9431945538974952,0
455,6,6,5,0.4531790464709804,444,11,0.9431945538974952,0
336,2,6,10,0.0672171156561892,331,11,0.8884502877862838,0
467,6,6,9,0.2741245424847371,367,11,0.9431945538974952,0
463,6,6,5,0.0083836749157801,314,11,0.8884502877862838,0
442,2,6,3,0.4332841015836201,402,11,0.8884502877862838,0
391,6,6,10,0.0234482369039964,335,11,0.8884502877862838,0
395,2,6,9,0.0632381266787172,335,11,0.9431945538974952,0
464,6,6,5,0.3059564543045137,367,11,0.8884502877862838,0
351,6,6,5,0.0831330715660775,353,11,0.9431945538974952,0
426,2,6,9,0.0950700384984938,360,11,0.9431945538974952,0
499,6,6,3,0.5327588260204219,401,11,0.8884502877862838,0
471,2,6,10,0.4850109582907571,378,11,0.9431945538974952,0
418,2,6,9,0.1428179062281586,390,11,0.8884502877862838,0
369,2,6,10,0.0441945757130287,323,11,0.8884502877862838,0
464,6,6,5,0.1189439723633262,310,11,0.9431945538974952,0
450,6,6,10,0.1109859944083821,356,11,0.9431945538974952,0
381,6,6,9,0.10700700543091,307,11,0.8884502877862838,0
448,2,6,9,0.1189439723633262,334,11,0.9431945538974952,0
444,2,6,3,0.1945447629352956,379,11,0.9431945538974952,0
458,6,6,10,0.0473221707688289,319,11,0.9431945538974952,0
383,6,6,10,0.2590599804965208,295,11,0.8884502877862838,0
477,2,6,10,0.6043806276149193,424,11,0.9431945538974952,0
451,2,6,9,0.0473221707688289,345,11,0.9431945538974952,0
375,2,6,3,0.2192700907218,355,11,0.9431945538974952,0
367,6,6,3,0.1388389172506866,331,11,0.8884502877862838,0
332,6,6,10,0.0473221707688289,349,11,0.9431945538974952,0
441,6,6,10,0.2979984763495695,388,11,0.8884502877862838,0
485,2,6,3,0.3338093771468182,373,11,0.8884502877862838,0
390,2,6,10,0.1269019503182704,361,11,0.8884502877862838,0
360,6,6,9,0.0800054765102774,324,11,0.8884502877862838,0
444,2,6,5,0.2741245424847371,383,11,0.8884502877862838,0
343,6,6,10,0.060110531622917,365,11,0.9431945538974952,0
418,2,6,3,0.0362365977580846,331,11,0.8884502877862838,0
334,6,6,3,0.0004256969608359,317,11,0.8884502877862838,0
388,6,6,9,0.1348599282732145,319,11,0.8884502877862838,0
426,2,6,10,0.377578255899011,389,11,0.8884502877862838,0
336,2,6,5,0.0919424434426936,296,11,0.8884502877862838,0
353,6,6,10,0.3338093771468182,340,11,0.9431945538974952,0
501,6,6,3,0.2781035314622092,406,11,0.8884502877862838,0
376,2,6,10,0.1149649833858541,347,11,0.8884502877862838,0
493,6,6,9,0.3497253330567065,396,11,0.9431945538974952,0
405,2,6,3,0.2979984763495695,340,11,0.9431945538974952,0
357,2,6,9,0.056131542645445,297,11,0.8884502877862838,0
413,2,6,9,0.0592591377012451,375,11,0.9431945538974952,0
476,2,6,3,0.2303556637325443,378,11,0.9431945538974952,0
419,2,6,9,0.3426187490234343,274,11,0.8884502877862838,0
481,6,6,3,0.0322576087806125,368,11,0.8884502877862838,0
385,6,6,5,0.3019774653270416,353,11,0.9431945538974952,0
383,6,6,9,0.0075322809941081,328,11,0.8884502877862838,0
421,2,6,10,0.0959214324201657,318,11,0.9431945538974952,0
361,6,6,10,0.1786288070254073,342,11,0.9431945538974952,0
472,6,6,9,0.1547548731605749,341,11,0.8884502877862838,0
406,6,6,3,0.0950700384984938,340,11,0.9431945538974952,0
411,6,6,9,0.3178934212369299,391,11,0.9431945538974952,0
325,2,6,5,0.111837388330054,320,11,0.9431945538974952,0
360,6,6,5,0.167543234014663,282,11,0.8884502877862838,0
407,2,6,3,0.1905657739578236,355,11,0.8884502877862838,0
330,2,6,5,0.0075322809941081,294,11,0.9431945538974952,0
405,6,6,10,0.214439707822656,311,11,0.9431945538974952,0
502,6,6,5,0.1945447629352956,376,11,0.8884502877862838,0
390,2,6,9,0.1826077960028794,327,11,0.8884502877862838,0
360,2,6,10,0.1467968952056307,380,11,0.9431945538974952,0
356,2,6,5,0.270145553507265,382,11,0.9431945538974952,0
261,6,6,10,0.1755012119696072,297,11,0.9431945538974952,0
410,2,6,9,0.1755012119696072,293,11,0.9431945538974952,0
508,2,6,5,0.5049059031781175,395,11,0.9431945538974952,0
394,6,6,9,0.0791540825886055,324,11,0.8884502877862838,0
482,6,6,5,0.2502506086199046,374,11,0.8884502877862838,0
350,2,6,10,0.2033541348119117,292,11,0.9431945538974952,0
448,6,6,10,0.3497253330567065,382,11,0.8884502877862838,0
394,2,6,3,0.0115112699715802,340,11,0.9431945538974952,0
394,2,6,9,0.1985237519127677,346,11,0.8884502877862838,0
402,6,6,5,0.2073331237893838,315,11,0.8884502877862838,0
435,2,6,10,0.1666918400929911,360,11,0.9431945538974952,0
405,6,6,10,0.0154902589490523,336,11,0.9431945538974952,0
424,2,6,3,0.1308809392957424,325,11,0.9431945538974952,0
386,6,6,10,0.214439707822656,335,11,0.9431945538974952,0
364,6,6,9,0.3497253330567065,361,11,0.8884502877862838,0
410,2,6,9,0.0791540825886055,310,11,0.8884502877862838,0
423,6,6,10,0.5088848921555895,362,11,0.8884502877862838,0
300,2,6,5,0.0353852038364127,378,11,0.8884502877862838,0
455,2,6,3,0.4810319693132849,347,11,0.8884502877862838,0
441,2,6,3,0.3139144322594578,402,11,0.9431945538974952,0
372,2,6,10,0.0680685095778612,324,11,0.9431945538974952,0
355,2,6,5,0.1396903111723585,344,11,0.9431945538974952,0
415,2,6,9,0.1308809392957424,345,11,0.9431945538974952,0
429,6,6,10,0.0393641928138847,368,11,0.8884502877862838,0
430,6,6,5,0.1706708290704632,328,11,0.8884502877862838,0
397,2,6,3,0.1905657739578236,371,11,0.9431945538974952,0
400,6,6,9,0.0083836749157801,335,11,0.8884502877862838,0
400,6,6,9,0.1030280164534379,349,11,0.9431945538974952,0
385,6,6,5,0.3139144322594578,334,11,0.9431945538974952,0
461,6,6,9,0.2502506086199046,368,11,0.9431945538974952,0
352,6,6,5,0.0473221707688289,321,11,0.8884502877862838,0
492,2,6,5,0.1746498180479352,321,11,0.9431945538974952,0
424,6,6,3,0.10700700543091,351,11,0.8884502877862838,0
397,2,6,3,0.1308809392957424,334,11,0.9431945538974952,0
304,6,6,10,0.0521525536679729,293,11,0.9431945538974952,0
358,6,6,5,0.0919424434426936,351,11,0.9431945538974952,0
286,6,6,3,0.0115112699715802,351,11,0.8884502877862838,0
474,6,6,10,0.1547548731605749,351,11,0.8884502877862838,0
382,2,6,3,0.1030280164534379,354,11,0.9431945538974952,0
533,6,6,9,0.1229229613407983,345,11,0.9431945538974952,0
406,6,6,9,0.1030280164534379,336,11,0.9431945538974952,0
486,2,6,3,0.4571580354484525,400,11,0.9431945538974952,0
485,2,6,10,0.2741245424847371,326,11,0.8884502877862838,0
342,6,6,5,0.0959214324201657,294,11,0.8884502877862838,0
398,6,6,5,0.3059564543045137,346,11,0.9431945538974952,0
436,2,6,10,0.2621875755523209,395,11,0.9431945538974952,0
385,2,6,3,0.1038794103751098,299,11,0.9431945538974952,0
425,6,6,9,0.2033541348119117,336,11,0.8884502877862838,0
388,6,6,10,0.2542295975973768,312,11,0.8884502877862838,0
360,2,6,5,0.270145553507265,376,11,0.8884502877862838,0
459,6,6,3,0.1308809392957424,339,11,0.8884502877862838,0
415,2,6,9,0.0839844654877495,301,11,0.8884502877862838,0
416,6,6,5,0.10700700543091,352,11,0.8884502877862838,0
340,2,6,10,0.1197953662849981,349,11,0.9431945538974952,0
416,6,6,3,0.0521525536679729,316,11,0.9431945538974952,0
450,6,6,10,0.1078583993525819,336,11,0.9431945538974952,0
471,2,6,5,0.1547548731605749,387,11,0.9431945538974952,0
431,6,6,10,0.1348599282732145,338,11,0.9431945538974952,0
431,6,6,10,0.3537043220341786,372,11,0.9431945538974952,0
368,2,6,10,0.0513011597463009,322,11,0.9431945538974952,0
421,2,6,10,0.0919424434426936,334,11,0.8884502877862838,0
506,6,6,5,0.1507758841831028,365,11,0.8884502877862838,0
472,2,6,9,0.4492000574935084,373,11,0.9431945538974952,0
515,2,6,9,0.3537043220341786,378,11,0.9431945538974952,0
373,6,6,9,0.0083836749157801,344,11,0.9431945538974952,0
323,6,6,9,0.1865867849803515,364,11,0.8884502877862838,0
432,6,6,10,0.1388389172506866,350,11,0.9431945538974952,0
359,6,6,9,0.0473221707688289,364,11,0.9431945538974952,0
399,2,6,10,0.0154902589490523,298,11,0.8884502877862838,0
462,2,6,5,0.2979984763495695,390,11,0.8884502877862838,0
383,2,6,3,0.0123626638932521,330,11,0.9431945538974952,0
359,2,6,5,0.1547548731605749,315,11,0.9431945538974952,0
417,6,6,10,0.3576833110116507,396,11,0.8884502877862838,0
426,6,6,3,0.0203206418481963,340,11,0.8884502877862838,0
468,2,6,10,0.0004256969608359,321,11,0.8884502877862838,0
355,2,6,10,0.0441945757130287,329,11,0.8884502877862838,0
454,6,6,10,0.2940194873720975,359,11,0.9431945538974952,0
472,6,6,9,0.2979984763495695,345,11,0.9431945538974952,0
415,6,6,3,0.0353852038364127,357,11,0.8884502877862838,0
405,6,6,3,0.270145553507265,342,11,0.8884502877862838,0
480,2,6,3,0.2303556637325443,398,11,0.8884502877862838,0
465,6,6,10,0.4889899472682291,374,11,0.9431945538974952,0
403,6,6,10,0.3457463440792345,373,11,0.9431945538974952,0
408,6,6,5,0.3068078482261857,306,11,0.9431945538974952,0
337,6,6,10,0.0711961046336613,357,11,0.8884502877862838,0
427,6,6,10,0.1428179062281586,310,11,0.8884502877862838,0
250,2,6,3,0.1357113221948865,303,11,0.9431945538974952,0
417,6,6,3,0.0950700384984938,367,11,0.9431945538974952,0
470,6,6,10,0.2542295975973768,371,11,0.8884502877862838,0
439,2,6,10,0.3497253330567065,360,11,0.8884502877862838,0
324,6,6,9,0.0800054765102774,278,11,0.8884502877862838,0
488,6,6,3,0.1149649833858541,320,11,0.9431945538974952,0
466,6,6,10,0.4531790464709804,394,11,0.9431945538974952,0
400,6,6,10,0.2621875755523209,358,11,0.9431945538974952,0
418,2,6,5,0.5049059031781175,388,11,0.9431945538974952,0
438,6,6,3,0.2064817298677118,366,11,0.8884502877862838,0
489,6,6,10,0.4571580354484525,408,11,0.8884502877862838,0
389,2,6,5,0.1436693001498306,307,11,0.9431945538974952,0
392,6,6,5,0.4253261236286759,374,11,0.9431945538974952,0
386,6,6,9,0.2741245424847371,363,11,0.9431945538974952,0
411,2,6,10,0.0481735646905008,316,11,0.9431945538974952,0
321,6,6,5,0.1914171678794955,308,11,0.8884502877862838,0
454,2,6,9,0.2979984763495695,334,11,0.9431945538974952,0
418,6,6,3,0.0919424434426936,357,11,0.9431945538974952,0
383,6,6,3,0.0711961046336613,344,11,0.9431945538974952,0
343,2,6,5,0.1786288070254073,386,11,0.9431945538974952,0
427,6,6,3,0.1078583993525819,288,11,0.8884502877862838,0
330,2,6,9,0.056131542645445,302,11,0.8884502877862838,0
400,2,6,5,0.1826077960028794,355,11,0.9431945538974952,0
384,2,6,9,0.2391650356091604,315,11,0.9431945538974952,0
446,6,6,3,0.6004016386374472,421,11,0.8884502877862838,0
427,2,6,10,0.0441945757130287,323,11,0.8884502877862838,0
457,6,6,10,0.2542295975973768,366,11,0.9431945538974952,0
416,2,6,5,0.1396903111723585,340,11,0.8884502877862838,0
393,6,6,3,0.1467968952056307,349,11,0.9431945538974952,0
374,2,6,9,0.0959214324201657,312,11,0.9431945538974952,0
361,2,6,10,0.0919424434426936,344,11,0.9431945538974952,0
397,6,6,9,0.1786288070254073,355,11,0.8884502877862838,0
428,2,6,3,0.373599266921539,393,11,0.9431945538974952,0
390,6,6,5,0.1985237519127677,363,11,0.8884502877862838,0
381,2,6,5,0.0154902589490523,339,11,0.9431945538974952,0
433,2,6,5,0.2979984763495695,384,11,0.9431945538974952,0
354,6,6,5,0.3059564543045137,388,11,0.9431945538974952,0
449,6,6,9,0.3576833110116507,343,11,0.8884502877862838,0
448,6,6,9,0.3696202779440669,412,11,0.8884502877862838,0
412,2,6,9,0.2422926306649605,358,11,0.9431945538974952,0
375,2,6,3,0.5327588260204219,379,11,0.8884502877862838,0
422,6,6,3,0.2502506086199046,340,11,0.9431945538974952,0
352,2,6,5,0.4381144844827641,258,11,0.8884502877862838,0
417,2,6,3,0.1109859944083821,360,11,0.9431945538974952,0
403,6,6,5,0.0672171156561892,387,11,0.8884502877862838,0
388,6,6,10,0.1158163773075261,315,11,0.9431945538974952,0
433,2,6,9,0.0075322809941081,364,11,0.8884502877862838,0
417,2,6,10,0.111837388330054,318,11,0.8884502877862838,0
385,2,6,9,0.1388389172506866,364,11,0.9431945538974952,0
486,2,6,3,0.2383136416874884,363,11,0.9431945538974952,0
354,6,6,10,0.0322576087806125,316,11,0.9431945538974952,0
453,6,6,5,0.1985237519127677,371,11,0.8884502877862838,0
358,6,6,9,0.1834591899245513,320,11,0.9431945538974952,0
345,6,6,3,0.0083836749157801,343,11,0.8884502877862838,0
431,6,6,10,0.377578255899011,354,11,0.8884502877862838,0
390,6,6,10,0.2621875755523209,383,11,0.8884502877862838,0
472,2,6,9,0.3457463440792345,355,11,0.8884502877862838,0
435,6,6,3,0.266166564529793,362,11,0.9431945538974952,0
476,2,6,3,0.3298303881693462,383,11,0.9431945538974952,0
453,6,6,9,0.2900404983946254,376,11,0.9431945538974952,0
414,6,6,10,0.0640895206003891,299,11,0.9431945538974952,0
434,6,6,9,0.0203206418481963,332,11,0.9431945538974952,0
498,6,6,10,0.6720234402319445,405,11,0.9431945538974952,0
428,6,6,10,0.1865867849803515,355,11,0.8884502877862838,0
478,6,6,3,0.6202965835248075,432,11,0.9431945538974952,0
407,2,6,5,0.2104607188451839,333,11,0.8884502877862838,0
351,2,6,10,0.1746498180479352,356,11,0.8884502877862838,0
414,2,6,10,0.2621875755523209,383,11,0.9431945538974952,0
358,6,6,9,0.0123626638932521,329,11,0.9431945538974952,0
478,6,6,10,0.1945447629352956,359,11,0.8884502877862838,0
512,6,6,10,0.2781035314622092,376,11,0.9431945538974952,0
328,6,6,5,0.004404685938308,322,11,0.9431945538974952,0
404,2,6,10,0.1746498180479352,334,11,0.9431945538974952,0
356,2,6,10,0.1786288070254073,300,11,0.8884502877862838,0
476,2,6,5,0.1467968952056307,345,11,0.8884502877862838,0
268,6,0,5,0.0353852038364127,681,11,0.8884502877862838,0
273,2,0,4,0.1595852560597189,555,11,0.8884502877862838,0
259,2,0,4,0.0242996308256684,627,11,0.8884502877862838,0
362,2,0,5,0.2184186968001281,626,11,0.9431945538974952,0
291,2,0,4,0.0999004213976378,616,11,0.9431945538974952,0
326,6,0,5,0.1237743552624702,599,11,0.9431945538974952,0
223,6,0,4,0.7047067459733931,516,11,0.9431945538974952,0
276,6,0,5,0.3386397600459622,519,11,0.8884502877862838,0
325,2,0,5,0.1666918400929911,665,11,0.9431945538974952,0
292,6,0,5,0.3306817820910181,569,11,0.9431945538974952,0
436,2,0,4,0.2979984763495695,709,11,0.8884502877862838,0
349,6,0,4,0.0314062148589406,613,11,0.8884502877862838,0
295,2,0,5,0.1158163773075261,518,11,0.9431945538974952,0
235,6,0,4,0.0959214324201657,603,11,0.9431945538974952,0
284,2,0,4,0.0274272258814685,614,11,0.8884502877862838,0
378,2,0,4,0.2590599804965208,606,11,0.9431945538974952,0
332,6,0,5,0.1237743552624702,592,11,0.9431945538974952,0
320,6,0,4,0.3227238041360739,517,11,0.8884502877862838,0
336,6,0,4,0.2781035314622092,614,11,0.9431945538974952,0
297,6,0,5,0.1436693001498306,565,11,0.8884502877862838,0
343,6,0,5,0.0839844654877495,590,11,0.8884502877862838,0
375,2,0,5,0.2303556637325443,650,11,0.8884502877862838,0
340,2,0,4,0.0513011597463009,590,11,0.8884502877862838,0
362,6,0,4,0.1985237519127677,632,11,0.8884502877862838,0
235,6,0,5,0.3744506608432109,539,11,0.8884502877862838,0
231,2,0,5,0.1556062670822468,511,11,0.9431945538974952,0
324,6,0,4,0.1794802009470793,581,11,0.8884502877862838,0
214,2,0,4,0.1158163773075261,594,11,0.9431945538974952,0
398,2,0,5,0.4651160134033967,664,11,0.8884502877862838,0
377,6,0,5,0.1666918400929911,639,11,0.8884502877862838,0
344,6,0,5,0.2263766747550722,677,11,0.9431945538974952,0
358,2,0,5,0.1308809392957424,642,11,0.9431945538974952,0
343,6,0,4,0.1109859944083821,585,11,0.8884502877862838,0
281,6,0,5,0.1467968952056307,599,11,0.8884502877862838,0
393,6,0,4,0.0481735646905008,598,11,0.8884502877862838,0
295,2,0,4,0.2621875755523209,640,11,0.9431945538974952,0
272,6,0,5,0.2979984763495695,686,11,0.8884502877862838,0
389,2,0,4,0.0919424434426936,658,11,0.8884502877862838,0
208,6,0,4,0.163564245037191,557,11,0.8884502877862838,0
234,2,0,4,0.4381144844827641,503,11,0.9431945538974952,0
264,2,0,5,0.2033541348119117,561,11,0.9431945538974952,0
336,2,0,5,0.0919424434426936,637,11,0.9431945538974952,0
281,6,0,4,0.0075322809941081,602,11,0.9431945538974952,0
298,6,0,5,0.2232490796992721,574,11,0.8884502877862838,0
229,6,0,4,0.1317323332174144,558,11,0.9431945538974952,0
311,6,0,5,0.0441945757130287,639,11,0.9431945538974952,0
302,6,0,5,0.3704716718657388,534,11,0.8884502877862838,0
280,6,0,5,0.0640895206003891,554,11,0.9431945538974952,0
313,6,0,5,0.163564245037191,557,11,0.9431945538974952,0
331,2,0,5,0.1348599282732145,544,11,0.9431945538974952,0
327,2,0,5,0.0353852038364127,558,11,0.8884502877862838,0
301,2,0,5,0.0314062148589406,585,11,0.9431945538974952,0
303,2,0,5,0.4412420795385642,692,11,0.8884502877862838,0
188,6,0,4,0.752454613703058,514,11,0.8884502877862838,0
302,2,0,5,0.0314062148589406,581,11,0.9431945538974952,0
237,6,0,5,0.1715222229921351,603,11,0.8884502877862838,0
293,6,0,4,0.0234482369039964,633,11,0.8884502877862838,0
218,2,0,5,0.1516272781047747,617,11,0.9431945538974952,0
338,6,0,5,0.1786288070254073,631,11,0.8884502877862838,0
295,6,0,5,0.0433431817913568,599,11,0.8884502877862838,0
352,6,0,4,0.3497253330567065,643,11,0.9431945538974952,0
315,2,0,4,0.5216732530096777,516,11,0.8884502877862838,0
300,6,0,4,0.0282786198031404,647,11,0.9431945538974952,0
332,2,0,4,0.1874381789020234,614,11,0.8884502877862838,0
278,2,0,4,0.1905657739578236,576,11,0.9431945538974952,0
386,2,0,5,0.536737814997894,714,11,0.9431945538974952,0
279,2,0,4,0.4102615616404595,552,11,0.9431945538974952,0
268,6,0,5,0.6649168561986724,485,11,0.8884502877862838,0
407,2,0,5,0.0800054765102774,627,11,0.8884502877862838,0
275,6,0,4,0.2900404983946254,640,11,0.8884502877862838,0
383,6,0,5,0.3258513991918741,649,11,0.8884502877862838,0
245,2,0,4,0.2948708812937694,520,11,0.9431945538974952,0
315,6,0,5,0.1794802009470793,638,11,0.9431945538974952,0
329,6,0,4,0.3497253330567065,685,11,0.8884502877862838,0
362,2,0,4,0.0433431817913568,610,11,0.9431945538974952,0
350,6,0,4,0.0711961046336613,621,11,0.8884502877862838,0
292,2,0,4,0.0990490274759658,597,11,0.8884502877862838,0
394,6,0,5,0.4531790464709804,693,11,0.9431945538974952,0
318,2,0,4,0.2940194873720975,646,11,0.9431945538974952,0
213,6,0,4,0.1953961568569676,560,11,0.8884502877862838,0
313,2,0,5,0.3545557159558505,568,11,0.8884502877862838,0
281,2,0,5,0.1874381789020234,559,11,0.8884502877862838,0
217,2,0,5,0.0481735646905008,617,11,0.9431945538974952,0
264,2,0,4,0.0672171156561892,653,11,0.9431945538974952,0
305,2,0,4,0.0990490274759658,616,11,0.9431945538974952,0
223,2,0,4,0.0879634544652216,576,11,0.9431945538974952,0
282,6,0,5,0.1794802009470793,605,11,0.8884502877862838,0
268,2,0,5,0.3028288592487136,553,11,0.9431945538974952,0
260,2,0,4,0.0242996308256684,546,11,0.9431945538974952,0
198,2,0,5,0.5574841538069263,533,11,0.9431945538974952,0
262,2,0,5,0.2908918923162973,554,11,0.9431945538974952,0
263,6,0,5,0.0632381266787172,581,11,0.8884502877862838,0
349,6,0,5,0.3178934212369299,634,11,0.8884502877862838,0
392,6,0,5,0.1706708290704632,703,11,0.9431945538974952,0
397,2,0,5,0.1985237519127677,665,11,0.9431945538974952,0
253,6,0,5,0.6688958451761444,535,11,0.9431945538974952,0
390,6,0,5,0.0720474985553333,598,11,0.8884502877862838,0
291,2,0,4,0.2033541348119117,599,11,0.9431945538974952,0
266,2,0,4,0.4739253852800127,561,11,0.8884502877862838,0
353,6,0,5,0.0163416528707242,626,11,0.8884502877862838,0
371,2,0,4,0.2781035314622092,635,11,0.9431945538974952,0
319,2,0,5,0.2312070576542162,591,11,0.8884502877862838,0
358,6,0,5,0.4651160134033967,617,11,0.9431945538974952,0
306,6,0,5,0.2940194873720975,574,11,0.8884502877862838,0
424,2,0,4,0.0990490274759658,570,11,0.9431945538974952,0
316,6,0,5,0.1078583993525819,568,11,0.9431945538974952,0
272,2,0,5,0.4540304403926524,623,11,0.9431945538974952,0
310,6,0,4,0.2502506086199046,583,11,0.8884502877862838,0
322,6,0,4,0.1595852560597189,563,11,0.8884502877862838,0
359,2,0,4,0.321872410214402,697,11,0.8884502877862838,0
279,6,0,5,0.5574841538069263,547,11,0.8884502877862838,0
300,2,0,4,0.1197953662849981,617,11,0.8884502877862838,0
357,2,0,5,0.1189439723633262,577,11,0.8884502877862838,0
313,6,0,5,0.1595852560597189,605,11,0.9431945538974952,0
382,6,0,5,0.1388389172506866,609,11,0.9431945538974952,0
360,2,0,4,0.1826077960028794,734,11,0.8884502877862838,0
284,2,0,5,0.0760264875328053,548,11,0.8884502877862838,0
377,6,0,5,0.1905657739578236,642,11,0.8884502877862838,0
222,6,0,4,0.2312070576542162,562,11,0.9431945538974952,0
343,6,0,4,0.0632381266787172,602,11,0.9431945538974952,0
364,6,0,5,0.3974732007863714,623,11,0.8884502877862838,0
264,2,0,5,0.2232490796992721,571,11,0.8884502877862838,0
277,2,0,5,0.1277533442399423,523,11,0.9431945538974952,0
263,6,0,5,0.004404685938308,657,11,0.9431945538974952,0
197,2,0,4,0.6211479774464795,548,11,0.8884502877862838,0
284,2,0,5,0.0879634544652216,598,11,0.9431945538974952,0
360,6,0,5,0.4094101677187876,606,11,0.8884502877862838,0
316,6,0,5,0.485862352212429,545,11,0.8884502877862838,0
282,2,0,4,0.2820825204396813,595,11,0.9431945538974952,0
227,6,0,5,0.2113121127668558,560,11,0.9431945538974952,0
396,6,0,4,0.060110531622917,579,11,0.8884502877862838,0
209,2,0,4,0.1467968952056307,632,11,0.8884502877862838,0
349,6,0,5,0.0910910495210217,591,11,0.8884502877862838,0
320,2,0,4,0.3855362338539552,667,11,0.9431945538974952,0
261,2,0,5,0.3465977380009064,569,11,0.8884502877862838,0
206,2,0,4,0.3664926828882667,503,11,0.9431945538974952,0
413,2,0,5,0.0402155867355567,634,11,0.8884502877862838,0
333,2,0,5,0.0322576087806125,655,11,0.8884502877862838,0
346,2,0,5,0.0163416528707242,631,11,0.9431945538974952,0
249,2,0,5,0.0871120605435496,622,11,0.8884502877862838,0
294,6,0,4,0.1715222229921351,576,11,0.9431945538974952,0
277,2,0,4,0.4611370244259246,622,11,0.8884502877862838,0
235,6,0,5,0.3386397600459622,580,11,0.9431945538974952,0
205,2,0,5,0.2988498702712415,495,11,0.9431945538974952,0
232,2,0,5,0.5893160656267029,528,11,0.8884502877862838,0
292,6,0,5,0.2272280686767442,577,11,0.9431945538974952,0
230,2,0,4,0.2351860466316883,553,11,0.9431945538974952,0
312,6,0,5,0.1388389172506866,633,11,0.9431945538974952,0
306,6,0,5,0.2462716196424326,627,11,0.8884502877862838,0
283,6,0,5,0.5574841538069263,548,11,0.9431945538974952,0
410,2,0,5,0.4730739913583408,666,11,0.9431945538974952,0
209,6,0,4,0.0879634544652216,539,11,0.8884502877862838,0
361,2,0,5,0.2502506086199046,640,11,0.9431945538974952,0
269,6,0,5,0.2550809915190487,498,11,0.9431945538974952,0
299,6,0,4,0.3386397600459622,534,11,0.9431945538974952,0
371,6,0,5,0.1786288070254073,639,11,0.9431945538974952,0
310,2,0,5,0.1794802009470793,608,11,0.9431945538974952,0
256,2,0,5,0.3625136939107947,542,11,0.8884502877862838,0
255,6,0,5,0.0393641928138847,522,11,0.9431945538974952,0
322,6,0,5,0.1436693001498306,569,11,0.8884502877862838,0
361,6,0,5,0.0871120605435496,680,11,0.9431945538974952,0
301,6,0,5,0.4460724624377082,596,11,0.8884502877862838,0
357,6,0,5,0.2900404983946254,676,11,0.8884502877862838,0
327,6,0,5,0.1436693001498306,604,11,0.9431945538974952,0
362,2,0,4,0.0433431817913568,654,11,0.8884502877862838,0
329,2,0,4,0.2113121127668558,607,11,0.9431945538974952,0
281,2,0,4,0.3465977380009064,585,11,0.8884502877862838,0
212,6,0,5,0.1914171678794955,559,11,0.8884502877862838,0
359,2,0,5,0.2303556637325443,683,11,0.9431945538974952,0
355,6,0,5,0.0672171156561892,604,11,0.9431945538974952,0
362,6,0,4,0.0751750936111334,625,11,0.8884502877862838,0
347,6,0,5,0.4460724624377082,595,11,0.8884502877862838,0
287,2,0,5,0.3227238041360739,577,11,0.9431945538974952,0
355,6,0,5,0.1189439723633262,564,11,0.8884502877862838,0
354,6,0,4,0.2033541348119117,626,11,0.8884502877862838,0
282,6,0,5,0.1516272781047747,618,11,0.8884502877862838,0
376,6,0,5,0.2621875755523209,627,11,0.9431945538974952,0
303,6,0,4,0.3147658261811298,556,11,0.9431945538974952,0
342,6,0,5,0.3457463440792345,641,11,0.8884502877862838,0
316,2,0,4,0.0115112699715802,582,11,0.8884502877862838,0
245,2,0,4,0.3068078482261857,564,11,0.8884502877862838,0
285,2,0,4,0.3068078482261857,586,11,0.8884502877862838,0
316,2,0,5,0.2263766747550722,655,11,0.8884502877862838,0
314,6,0,4,0.0123626638932521,596,11,0.8884502877862838,0
349,2,0,4,0.1914171678794955,583,11,0.8884502877862838,0
243,2,0,5,0.0720474985553333,606,11,0.9431945538974952,0
264,2,0,4,0.0959214324201657,562,11,0.9431945538974952,0
368,6,0,5,0.0473221707688289,648,11,0.9431945538974952,0
242,6,0,5,0.3943456057305713,573,11,0.9431945538974952,0
257,2,0,5,0.3943456057305713,508,11,0.8884502877862838,0
308,2,0,4,0.1277533442399423,633,11,0.9431945538974952,0
303,6,0,4,0.3028288592487136,541,11,0.8884502877862838,0
400,2,0,4,0.055280148723773,686,11,0.8884502877862838,0
330,6,0,5,0.3457463440792345,670,11,0.8884502877862838,0
304,2,0,5,0.4014521897638435,695,11,0.9431945538974952,0
315,2,0,5,0.1348599282732145,706,11,0.9431945538974952,0
263,6,0,4,0.056131542645445,528,11,0.9431945538974952,0
216,2,0,5,0.2948708812937694,537,11,0.9431945538974952,0
405,2,0,5,0.0123626638932521,602,11,0.9431945538974952,0
307,2,0,5,0.1993751458344396,582,11,0.9431945538974952,0
319,2,0,4,0.1746498180479352,538,11,0.8884502877862838,0
313,2,0,4,0.1755012119696072,587,11,0.8884502877862838,0
284,2,0,4,0.0919424434426936,613,11,0.9431945538974952,0
207,6,0,4,0.0592591377012451,617,11,0.8884502877862838,0
339,2,0,4,0.0433431817913568,549,11,0.9431945538974952,0
267,6,0,4,0.1357113221948865,641,11,0.9431945538974952,0
323,6,0,4,0.1715222229921351,615,11,0.9431945538974952,0
341,2,0,5,0.2152911017443279,584,11,0.9431945538974952,0
389,6,0,5,0.321872410214402,710,11,0.9431945538974952,0
287,2,0,4,0.1755012119696072,594,11,0.8884502877862838,0
315,6,0,5,0.1197953662849981,626,11,0.8884502877862838,0
359,2,0,4,0.162712851115519,697,11,0.8884502877862838,0
328,6,0,4,0.1158163773075261,638,11,0.9431945538974952,0
368,6,0,5,0.0950700384984938,672,11,0.8884502877862838,0
302,2,0,5,0.1865867849803515,628,11,0.8884502877862838,0
320,2,0,4,0.2471230135641045,568,11,0.9431945538974952,0
318,2,0,4,0.0282786198031404,549,11,0.9431945538974952,0
317,2,0,5,0.1507758841831028,657,11,0.8884502877862838,0
254,2,0,5,0.056131542645445,534,11,0.8884502877862838,0
284,6,0,4,0.3187448151586018,586,11,0.9431945538974952,0
288,2,0,5,0.7246016908607534,527,11,0.9431945538974952,0
287,6,0,4,0.5455471868745101,533,11,0.9431945538974952,0
322,6,0,5,0.1277533442399423,545,11,0.8884502877862838,0
268,6,0,4,0.4261775175503479,578,11,0.9431945538974952,0
344,6,0,5,0.0362365977580846,670,11,0.9431945538974952,0
356,2,0,4,0.1109859944083821,615,11,0.8884502877862838,0
288,2,0,5,0.1507758841831028,651,11,0.9431945538974952,0
384,2,0,5,0.3497253330567065,661,11,0.8884502877862838,0
295,6,0,4,0.0433431817913568,525,11,0.9431945538974952,0
340,6,0,5,0.2343346527100163,667,11,0.9431945538974952,0
359,2,0,4,0.2630389694739928,516,11,0.9431945538974952,0
289,6,0,4,0.1348599282732145,590,11,0.9431945538974952,0
285,6,0,4,0.2542295975973768,693,11,0.8884502877862838,0
340,6,0,4,0.1388389172506866,607,11,0.8884502877862838,0
285,2,0,4,0.0640895206003891,640,11,0.8884502877862838,0
237,6,0,4,0.1914171678794955,587,11,0.9431945538974952,0
357,6,0,5,0.0473221707688289,569,11,0.9431945538974952,0
235,6,0,4,0.3187448151586018,621,11,0.8884502877862838,0
170,2,0,5,0.6211479774464795,474,11,0.8884502877862838,0
255,2,0,5,0.3346607710684902,582,11,0.8884502877862838,0
377,6,0,4,0.3178934212369299,725,11,0.8884502877862838,0
306,6,0,5,0.2232490796992721,603,11,0.8884502877862838,0
298,6,0,5,0.0640895206003891,612,11,0.8884502877862838,0
280,2,0,4,0.0163416528707242,621,11,0.8884502877862838,0
335,2,0,5,0.3537043220341786,598,11,0.9431945538974952,0
198,6,0,5,0.2511020025415766,605,11,0.8884502877862838,0
318,2,0,5,0.536737814997894,652,11,0.9431945538974952,0
275,6,0,5,0.1030280164534379,618,11,0.8884502877862838,0
351,2,0,4,0.2860615094171533,655,11,0.8884502877862838,0
250,6,0,5,0.1158163773075261,616,11,0.9431945538974952,0
304,2,0,4,0.3664926828882667,573,11,0.8884502877862838,0
258,2,0,4,0.0203206418481963,516,11,0.9431945538974952,0
297,2,0,5,0.1914171678794955,597,11,0.9431945538974952,0
209,2,0,5,0.6012530325591191,547,11,0.9431945538974952,0
293,6,0,4,0.0075322809941081,641,11,0.8884502877862838,0
290,2,0,4,0.6131899994915354,528,11,0.8884502877862838,0
290,2,0,4,0.0513011597463009,557,11,0.8884502877862838,0
369,2,0,5,0.0680685095778612,612,11,0.8884502877862838,0
255,2,0,4,0.7444966357481138,560,11,0.8884502877862838,0
303,2,0,5,0.2184186968001281,594,11,0.8884502877862838,0
395,2,0,4,0.1189439723633262,597,11,0.8884502877862838,0
286,6,0,4,0.2948708812937694,569,11,0.8884502877862838,0
276,2,0,5,0.1436693001498306,605,11,0.8884502877862838,0
310,6,0,5,0.2033541348119117,619,11,0.9431945538974952,0
276,2,0,4,0.3505767269783785,554,11,0.8884502877862838,0
277,2,0,4,0.4301565065278199,518,11,0.9431945538974952,0
277,2,0,5,0.0194692479265244,644,11,0.9431945538974952,0
281,6,0,5,0.0919424434426936,625,11,0.8884502877862838,0
244,6,0,5,0.3187448151586018,535,11,0.8884502877862838,0
209,2,0,5,0.2232490796992721,530,11,0.9431945538974952,0
310,2,0,5,0.4142405506179316,599,11,0.9431945538974952,0
294,6,0,4,0.1874381789020234,558,11,0.9431945538974952,0
304,6,0,5,0.4412420795385642,595,11,0.9431945538974952,0
283,6,0,5,0.1905657739578236,625,11,0.9431945538974952,0
259,6,0,5,0.6131899994915354,562,11,0.8884502877862838,0
379,6,0,4,0.2630389694739928,619,11,0.8884502877862838,0
248,2,0,5,0.2789549253838811,546,11,0.8884502877862838,0
297,2,0,4,0.0919424434426936,585,11,0.9431945538974952,0
318,6,0,4,0.4969479252231732,686,11,0.9431945538974952,0
376,6,0,4,0.1388389172506866,672,11,0.8884502877862838,0
299,6,0,5,0.1595852560597189,621,11,0.9431945538974952,0
265,6,0,4,0.2223976857776001,587,11,0.8884502877862838,0
303,2,0,5,0.1467968952056307,530,11,0.8884502877862838,0
285,2,0,4,0.2192700907218,606,11,0.8884502877862838,0
286,2,0,4,0.0640895206003891,575,11,0.9431945538974952,0
226,6,0,5,0.3505767269783785,497,11,0.8884502877862838,0
331,6,0,5,0.0632381266787172,627,11,0.9431945538974952,0
233,2,0,4,0.5216732530096777,514,11,0.9431945538974952,0
218,2,0,5,0.3028288592487136,566,11,0.8884502877862838,0
318,2,0,4,0.0513011597463009,645,11,0.8884502877862838,0
379,6,0,5,0.0680685095778612,569,11,0.8884502877862838,0
328,2,0,4,0.3068078482261857,537,11,0.8884502877862838,0
349,6,0,4,0.0751750936111334,693,11,0.9431945538974952,0
344,6,0,4,0.3099354432819858,654,11,0.9431945538974952,0
255,6,0,5,0.3863876277756271,538,11,0.9431945538974952,0
343,6,0,5,0.1826077960028794,617,11,0.9431945538974952,0
269,2,0,5,0.0800054765102774,562,11,0.8884502877862838,0
311,2,0,4,0.326702793113546,585,11,0.9431945538974952,0
296,6,0,4,0.0314062148589406,560,11,0.9431945538974952,0
258,6,0,5,0.2431440245866324,590,11,0.8884502877862838,0
263,6,0,4,0.3664926828882667,586,11,0.9431945538974952,0
244,6,0,4,0.4301565065278199,518,11,0.8884502877862838,0
299,2,0,4,0.2303556637325443,659,11,0.9431945538974952,0
201,2,0,4,0.2431440245866324,591,11,0.8884502877862838,0
378,6,0,4,0.2979984763495695,623,11,0.9431945538974952,0
363,6,0,4,0.1865867849803515,685,11,0.8884502877862838,0
260,6,0,4,0.5336102199420939,542,11,0.8884502877862838,0
375,2,0,5,0.0999004213976378,620,11,0.8884502877862838,0
244,6,0,5,0.2789549253838811,571,11,0.8884502877862838,0
277,2,0,4,0.1149649833858541,558,11,0.8884502877862838,0
351,2,0,4,0.1038794103751098,589,11,0.9431945538974952,0
365,2,0,4,0.4372630905610921,653,11,0.8884502877862838,0
344,2,0,4,0.111837388330054,613,11,0.8884502877862838,0
241,2,0,5,0.0999004213976378,613,11,0.9431945538974952,0
347,6,0,5,0.0959214324201657,591,11,0.8884502877862838,0
284,6,0,4,0.2550809915190487,591,11,0.9431945538974952,0
339,6,0,5,0.2263766747550722,657,11,0.8884502877862838,0
394,6,0,5,0.2263766747550722,636,11,0.9431945538974952,0
305,6,0,5,0.0640895206003891,627,11,0.8884502877862838,0
306,2,0,5,0.2471230135641045,594,11,0.9431945538974952,0
224,6,0,5,0.0004256969608359,625,11,0.9431945538974952,0
290,2,0,4,0.1476482891273027,525,11,0.8884502877862838,0
323,6,0,5,0.0163416528707242,575,11,0.8884502877862838,0
282,2,0,5,0.0680685095778612,618,11,0.9431945538974952,0
341,6,0,5,0.3377883661242903,660,11,0.8884502877862838,0
320,2,0,4,0.1158163773075261,564,11,0.8884502877862838,0
242,6,0,4,0.4054311787413155,583,11,0.8884502877862838,0
309,6,0,5,0.1666918400929911,577,11,0.9431945538974952,0
303,2,0,4,0.4261775175503479,600,11,0.9431945538974952,0
339,6,0,4,0.0592591377012451,607,11,0.8884502877862838,0
235,2,0,5,0.1794802009470793,566,11,0.9431945538974952,0
384,2,0,4,0.3457463440792345,647,11,0.9431945538974952,0
332,2,0,5,0.3107868372036577,517,11,0.9431945538974952,0
329,6,0,4,0.0083836749157801,619,11,0.9431945538974952,0
272,2,0,5,0.4420934734602362,545,11,0.9431945538974952,0
420,6,0,5,0.1158163773075261,567,11,0.8884502877862838,0
312,6,0,5,0.055280148723773,655,11,0.9431945538974952,0
321,2,0,4,0.0433431817913568,544,11,0.8884502877862838,0
327,6,0,4,0.0393641928138847,603,11,0.9431945538974952,0
220,2,0,5,0.326702793113546,547,11,0.9431945538974952,0
363,6,0,5,0.3099354432819858,587,11,0.8884502877862838,0
313,6,0,4,0.0521525536679729,563,11,0.9431945538974952,0
310,6,0,5,0.4659674073250686,576,11,0.8884502877862838,0
337,6,0,4,0.1865867849803515,648,11,0.9431945538974952,0
347,2,0,5,0.0282786198031404,602,11,0.9431945538974952,0
315,2,0,5,0.1237743552624702,579,11,0.8884502877862838,0
292,2,0,4,0.5535051648294542,610,11,0.8884502877862838,0
293,6,0,4,0.1993751458344396,678,11,0.8884502877862838,0
362,2,0,5,0.3537043220341786,607,11,0.8884502877862838,0
396,2,0,4,0.158733862138047,566,11,0.8884502877862838,0
209,6,0,5,0.3664926828882667,552,11,0.9431945538974952,0
348,6,0,5,0.0234482369039964,674,11,0.8884502877862838,0
279,6,0,4,0.3386397600459622,587,11,0.8884502877862838,0
97,6,0,5,0.4699463963025407,193,6,0.8884502877862838,1
99,6,0,4,0.4977993191448452,197,6,0.8884502877862838,1
67,6,0,4,0.6569588782437281,181,6,0.9431945538974952,1
141,6,0,4,0.2272280686767442,230,6,0.8884502877862838,1
133,6,0,4,0.3943456057305713,200,6,0.8884502877862838,1
87,6,0,5,0.3028288592487136,209,6,0.9431945538974952,1
86,6,0,4,0.4739253852800127,213,6,0.8884502877862838,1
89,6,0,4,0.8837612499596363,161,6,0.8884502877862838,1
110,6,0,4,0.3107868372036577,218,6,0.9431945538974952,1
114,6,0,4,0.3863876277756271,200,6,0.8884502877862838,1
137,6,0,5,0.4221985285728758,199,6,0.8884502877862838,1
137,6,0,4,0.378429649820683,214,6,0.9431945538974952,1
131,6,0,4,0.5455471868745101,201,6,0.8884502877862838,1
102,6,0,4,0.6131899994915354,185,6,0.8884502877862838,1
80,6,0,5,0.6291059554014237,168,6,0.8884502877862838,1
109,6,0,4,0.6131899994915354,200,6,0.9431945538974952,1
133,6,0,4,0.3943456057305713,208,6,0.8884502877862838,1
121,6,0,4,0.434135495505292,195,6,0.9431945538974952,1
107,6,0,5,0.3585347049333226,217,6,0.8884502877862838,1
97,6,0,5,0.3863876277756271,192,6,0.8884502877862838,1
76,6,0,5,0.4898413411899011,180,6,0.9431945538974952,1
97,6,0,4,0.5495261758519822,172,6,0.8884502877862838,1
111,6,0,5,0.4580094293701244,190,6,0.9431945538974952,1
117,6,0,5,0.5734001097168147,177,6,0.9431945538974952,1
98,6,0,4,0.593295054604175,200,6,0.8884502877862838,1
100,6,0,5,0.541568197897038,209,6,0.8884502877862838,1
93,6,0,5,0.5853370766492308,197,6,0.8884502877862838,1
111,6,0,5,0.537589208919566,210,6,0.8884502877862838,1
97,6,0,5,0.6012530325591191,173,6,0.8884502877862838,1
88,6,0,5,0.593295054604175,189,6,0.9431945538974952,1
98,6,0,4,0.5574841538069263,170,6,0.9431945538974952,1
89,6,0,4,0.5694211207393426,207,6,0.9431945538974952,1
87,6,0,5,0.6012530325591191,196,6,0.8884502877862838,1
108,6,0,5,0.5574841538069263,180,6,0.8884502877862838,1
121,6,0,5,0.3465977380009064,200,6,0.8884502877862838,1
108,6,0,4,0.3664926828882667,208,6,0.9431945538974952,1
94,6,0,4,0.5097362860772614,193,6,0.9431945538974952,1
102,6,0,5,0.5137152750547335,184,6,0.9431945538974952,1
95,6,0,4,0.5614631427843984,185,6,0.9431945538974952,1
126,6,0,4,0.3107868372036577,230,6,0.8884502877862838,1
104,6,0,5,0.3704716718657388,210,6,0.8884502877862838,1
120,6,0,5,0.3426187490234343,215,6,0.9431945538974952,1
112,6,0,5,0.4977993191448452,180,6,0.8884502877862838,1
92,6,0,4,0.4102615616404595,193,6,0.9431945538974952,1
91,6,0,5,0.6649168561986724,169,6,0.9431945538974952,1
126,6,0,5,0.4420934734602362,194,6,0.9431945538974952,1
129,6,0,5,0.2670179584514649,214,6,0.8884502877862838,1
131,6,0,5,0.2471230135641045,222,6,0.9431945538974952,1
96,6,0,4,0.3625136939107947,199,6,0.9431945538974952,1
92,6,0,5,0.6967487680184489,182,6,0.8884502877862838,1
118,6,0,4,0.3943456057305713,216,6,0.8884502877862838,1
123,6,0,5,0.2988498702712415,189,6,0.8884502877862838,1
121,6,0,5,0.3147658261811298,218,6,0.9431945538974952,1
130,6,0,4,0.4182195395954037,219,6,0.8884502877862838,1
74,6,0,4,0.6649168561986724,151,6,0.8884502877862838,1
103,6,0,5,0.3704716718657388,218,6,0.8884502877862838,1
95,6,0,4,0.3505767269783785,217,6,0.8884502877862838,1
147,6,0,4,0.2391650356091604,225,6,0.8884502877862838,1
120,6,0,4,0.4938203301673731,195,6,0.9431945538974952,1
82,6,0,4,0.7803075365453624,170,6,0.9431945538974952,1
112,6,0,4,0.4261775175503479,184,6,0.8884502877862838,1
94,6,0,5,0.274975936406409,223,6,0.9431945538974952,1
109,6,0,4,0.5734001097168147,204,6,0.8884502877862838,1
106,6,0,5,0.274975936406409,212,6,0.8884502877862838,1
121,6,0,4,0.2351860466316883,211,6,0.8884502877862838,1
115,6,0,4,0.3625136939107947,195,6,0.9431945538974952,1
106,6,0,5,0.3107868372036577,227,6,0.9431945538974952,1
140,6,0,5,0.4699463963025407,219,6,0.8884502877862838,1
99,6,0,5,0.4221985285728758,211,6,0.9431945538974952,1
101,6,0,5,0.4023035836855154,198,6,0.9431945538974952,1
104,6,0,5,0.382408638798155,206,6,0.9431945538974952,1
111,6,0,4,0.3664926828882667,198,6,0.9431945538974952,1
112,6,0,4,0.1357113221948865,221,6,0.8884502877862838,1
97,6,0,4,0.7086857349508652,173,6,0.9431945538974952,1
90,6,0,4,0.4460724624377082,195,6,0.9431945538974952,1
134,6,0,5,0.1914171678794955,231,6,0.9431945538974952,1
90,6,0,4,0.4580094293701244,214,6,0.9431945538974952,1
103,6,0,4,0.5614631427843984,176,6,0.9431945538974952,1
79,6,0,4,0.5614631427843984,161,6,0.9431945538974952,1
105,6,0,4,0.3863876277756271,202,6,0.9431945538974952,1
112,6,0,5,0.485862352212429,208,6,0.9431945538974952,1
116,6,0,4,0.3943456057305713,192,6,0.9431945538974952,1
118,6,0,5,0.3943456057305713,193,6,0.9431945538974952,1
121,6,0,4,0.4699463963025407,215,6,0.9431945538974952,1
113,6,0,5,0.7763285475678904,159,6,0.8884502877862838,1
95,6,0,4,0.3744506608432109,189,6,0.9431945538974952,1
135,6,0,4,0.2869129033388253,226,6,0.8884502877862838,1
124,6,0,5,0.3744506608432109,205,6,0.9431945538974952,1
121,6,0,4,0.4580094293701244,208,6,0.8884502877862838,1
106,6,0,5,0.4898413411899011,190,6,0.9431945538974952,1
97,6,0,4,0.541568197897038,168,6,0.9431945538974952,1
127,6,0,4,0.2471230135641045,213,6,0.9431945538974952,1
131,6,0,5,0.3068078482261857,203,6,0.8884502877862838,1
124,6,0,5,0.4540304403926524,208,6,0.8884502877862838,1
102,6,0,4,0.6131899994915354,210,6,0.8884502877862838,1
104,6,0,5,0.2988498702712415,213,6,0.9431945538974952,1
70,6,0,5,0.4261775175503479,179,6,0.8884502877862838,1
105,6,0,4,0.434135495505292,197,6,0.8884502877862838,1
104,6,0,5,0.6251269664239516,190,6,0.8884502877862838,1
127,6,0,4,0.2829339143613532,212,6,0.9431945538974952,1
130,6,0,5,0.3068078482261857,210,6,0.8884502877862838,1
109,6,0,5,0.3386397600459622,224,6,0.9431945538974952,1
89,6,0,4,0.4739253852800127,201,6,0.8884502877862838,1
116,6,0,5,0.4102615616404595,181,6,0.8884502877862838,1
105,6,0,5,0.6609378672212003,171,6,0.9431945538974952,1
100,6,0,4,0.274975936406409,203,6,0.8884502877862838,1
135,6,0,4,0.1436693001498306,220,6,0.8884502877862838,1
95,6,0,4,0.3306817820910181,225,6,0.9431945538974952,1
82,6,0,5,0.3386397600459622,188,6,0.9431945538974952,1
111,6,0,5,0.2272280686767442,214,6,0.8884502877862838,1
124,6,0,5,0.2312070576542162,216,6,0.9431945538974952,1
102,6,0,4,0.4102615616404595,196,6,0.8884502877862838,1
102,6,0,4,0.5574841538069263,185,6,0.8884502877862838,1
141,6,0,4,0.2391650356091604,221,6,0.8884502877862838,1
86,6,0,5,0.5893160656267029,184,6,0.8884502877862838,1
104,6,0,5,0.5336102199420939,170,6,0.8884502877862838,1
99,6,0,4,0.2630389694739928,197,6,0.9431945538974952,1
116,6,0,5,0.2829339143613532,212,6,0.8884502877862838,1
73,6,0,5,0.4659674073250686,190,6,0.9431945538974952,1
84,6,0,4,0.5614631427843984,200,6,0.9431945538974952,1
113,6,0,4,0.537589208919566,185,6,0.8884502877862838,1
80,6,0,4,0.3744506608432109,182,6,0.9431945538974952,1
94,6,0,5,0.4420934734602362,198,6,0.9431945538974952,1
109,6,0,5,0.4381144844827641,204,6,0.8884502877862838,1
72,6,0,5,0.541568197897038,183,6,0.8884502877862838,1
121,6,0,4,0.4420934734602362,202,6,0.9431945538974952,1
122,6,0,4,0.6171689884690075,177,6,0.8884502877862838,1
112,6,0,4,0.3187448151586018,194,6,0.9431945538974952,1
146,6,0,5,0.3983245947080434,218,6,0.9431945538974952,1
104,6,0,5,0.5296312309646218,205,6,0.8884502877862838,1
113,6,0,4,0.649000900288784,177,6,0.8884502877862838,1
95,6,0,4,0.2789549253838811,199,6,0.8884502877862838,1
109,6,0,5,0.4699463963025407,209,6,0.8884502877862838,1
88,6,0,5,0.4142405506179316,189,6,0.9431945538974952,1
140,6,0,4,0.3983245947080434,201,6,0.9431945538974952,1
108,6,0,5,0.6131899994915354,183,6,0.8884502877862838,1
109,6,0,5,0.378429649820683,203,6,0.9431945538974952,1
130,6,0,4,0.3306817820910181,217,6,0.9431945538974952,1
116,6,0,4,0.4619884183475966,196,6,0.8884502877862838,1
96,6,0,5,0.5097362860772614,205,6,0.9431945538974952,1
96,6,0,4,0.6092110105140632,187,6,0.9431945538974952,1
137,6,0,5,0.1834591899245513,224,6,0.8884502877862838,1
106,6,0,4,0.5137152750547335,205,6,0.9431945538974952,1
94,6,0,5,0.5057572970997893,196,6,0.9431945538974952,1
91,6,0,4,0.7325596688156976,168,6,0.9431945538974952,1
93,6,0,4,0.6012530325591191,179,6,0.9431945538974952,1
106,6,0,5,0.3863876277756271,184,6,0.8884502877862838,1
122,6,0,4,0.3585347049333226,227,6,0.9431945538974952,1
120,6,0,4,0.378429649820683,239,6,0.9431945538974952,1
96,6,0,4,0.3346607710684902,213,6,0.8884502877862838,1
110,6,0,4,0.326702793113546,214,6,0.9431945538974952,1
134,6,0,5,0.4023035836855154,211,6,0.8884502877862838,1
104,6,0,4,0.5057572970997893,191,6,0.9431945538974952,1
122,6,0,4,0.4460724624377082,200,6,0.9431945538974952,1
100,6,0,4,0.4381144844827641,210,6,0.9431945538974952,1
94,6,0,5,0.5574841538069263,178,6,0.8884502877862838,1
94,6,0,4,0.5336102199420939,181,6,0.9431945538974952,1
113,6,0,5,0.3943456057305713,210,6,0.9431945538974952,1
123,6,0,4,0.3704716718657388,217,6,0.9431945538974952,1
123,6,0,5,0.1953961568569676,205,6,0.9431945538974952,1
127,6,0,5,0.5097362860772614,200,6,0.9431945538974952,1
92,6,0,5,0.537589208919566,168,6,0.8884502877862838,1
124,6,0,4,0.4500514514151803,177,6,0.8884502877862838,1
104,6,0,5,0.3664926828882667,203,6,0.8884502877862838,1
122,6,0,4,0.3545557159558505,196,6,0.9431945538974952,1
96,6,0,4,0.3744506608432109,186,6,0.8884502877862838,1
84,6,0,4,0.597274043581647,178,6,0.9431945538974952,1
83,6,0,5,0.597274043581647,192,6,0.8884502877862838,1
93,6,0,4,0.5813580876717588,180,6,0.8884502877862838,1
117,6,0,4,0.274975936406409,222,6,0.8884502877862838,1
100,6,0,5,0.5614631427843984,213,6,0.8884502877862838,1
128,6,0,4,0.3426187490234343,197,6,0.8884502877862838,1
114,6,0,4,0.4023035836855154,191,6,0.9431945538974952,1
95,6,0,5,0.7126647239283372,178,6,0.9431945538974952,1
80,6,0,4,0.4699463963025407,172,6,0.8884502877862838,1
98,6,0,4,0.3068078482261857,218,6,0.9431945538974952,1
104,6,0,4,0.2312070576542162,226,6,0.9431945538974952,1
100,6,0,4,0.5853370766492308,201,6,0.8884502877862838,1
98,6,0,5,0.6012530325591191,185,6,0.9431945538974952,1
92,6,0,4,0.5853370766492308,190,6,0.9431945538974952,1
108,6,0,5,0.4420934734602362,197,6,0.9431945538974952,1
117,6,0,4,0.5216732530096777,194,6,0.8884502877862838,1
107,6,0,4,0.4818833632349569,196,6,0.8884502877862838,1
107,6,0,5,0.4142405506179316,213,6,0.8884502877862838,1
113,6,0,4,0.6052320215365912,166,6,0.9431945538974952,1
105,6,0,5,0.3983245947080434,185,6,0.9431945538974952,1
115,6,0,5,0.4023035836855154,198,6,0.9431945538974952,1
87,6,0,5,0.4182195395954037,206,6,0.8884502877862838,1
114,6,0,5,0.2869129033388253,215,6,0.9431945538974952,1
87,6,0,4,0.4301565065278199,205,6,0.9431945538974952,1
125,6,0,4,0.2511020025415766,231,6,0.8884502877862838,1
117,6,0,4,0.3903666167530992,197,6,0.9431945538974952,1
112,6,0,5,0.1317323332174144,232,6,0.8884502877862838,1
83,6,0,4,0.6251269664239516,182,6,0.9431945538974952,1
109,6,0,4,0.5654421317618704,189,6,0.9431945538974952,1
104,6,0,4,0.3744506608432109,227,6,0.8884502877862838,1
113,6,0,4,0.5734001097168147,209,6,0.9431945538974952,1
90,6,0,5,0.6808328121085606,173,6,0.8884502877862838,1
97,6,0,5,0.5694211207393426,180,6,0.9431945538974952,1
79,6,0,4,0.4221985285728758,219,6,0.9431945538974952,1
106,6,0,5,0.4420934734602362,211,6,0.8884502877862838,1
102,6,0,4,0.4221985285728758,201,6,0.8884502877862838,1
98,6,0,5,0.6251269664239516,167,6,0.8884502877862838,1
86,6,0,5,0.4938203301673731,197,6,0.9431945538974952,1
120,6,0,5,0.4699463963025407,199,6,0.8884502877862838,1
120,6,0,4,0.2630389694739928,227,6,0.8884502877862838,1
114,6,0,5,0.5256522419871498,172,6,0.9431945538974952,1
112,6,0,4,0.4818833632349569,193,6,0.9431945538974952,1
120,6,0,5,0.434135495505292,217,6,0.8884502877862838,1
60,6,0,5,0.4500514514151803,155,6,0.9431945538974952,1
133,6,0,5,0.3943456057305713,193,6,0.9431945538974952,1
90,6,0,5,0.597274043581647,200,6,0.9431945538974952,1
91,6,0,5,0.4102615616404595,207,6,0.9431945538974952,1
117,6,0,4,0.4659674073250686,202,6,0.8884502877862838,1
104,6,0,4,0.2670179584514649,199,6,0.8884502877862838,1
104,6,0,5,0.3545557159558505,202,6,0.9431945538974952,1
120,6,0,4,0.3585347049333226,212,6,0.9431945538974952,1
102,6,0,5,0.541568197897038,190,6,0.9431945538974952,1
119,6,0,4,0.3585347049333226,198,6,0.8884502877862838,1
136,6,0,4,0.4301565065278199,223,6,0.9431945538974952,1
145,6,0,4,0.2471230135641045,221,6,0.9431945538974952,1
100,6,0,4,0.6211479774464795,187,6,0.9431945538974952,1
111,6,0,4,0.5057572970997893,204,6,0.8884502877862838,1
69,6,0,4,0.6728748341536165,164,6,0.9431945538974952,1
87,6,0,4,0.4580094293701244,190,6,0.9431945538974952,1
103,6,0,5,0.5296312309646218,210,6,0.9431945538974952,1
101,6,0,5,0.4540304403926524,210,6,0.9431945538974952,1
94,6,0,4,0.541568197897038,198,6,0.8884502877862838,1
70,6,0,4,0.752454613703058,163,6,0.9431945538974952,1
137,6,0,4,0.2073331237893838,235,6,0.9431945538974952,1
106,6,0,5,0.4938203301673731,208,6,0.9431945538974952,1
99,6,0,4,0.5256522419871498,184,6,0.9431945538974952,1
82,6,0,5,0.4659674073250686,196,6,0.9431945538974952,1
105,6,0,5,0.5336102199420939,189,6,0.8884502877862838,1
106,6,0,5,0.4420934734602362,187,6,0.8884502877862838,1
134,6,0,5,0.4739253852800127,181,6,0.9431945538974952,1
120,6,0,4,0.326702793113546,205,6,0.8884502877862838,1
116,6,0,5,0.270996947428937,200,6,0.8884502877862838,1
89,6,0,5,0.7047067459733931,169,6,0.8884502877862838,1
95,6,0,4,0.5336102199420939,197,6,0.8884502877862838,1
113,6,0,5,0.4977993191448452,193,6,0.9431945538974952,1
121,6,0,4,0.4580094293701244,187,6,0.8884502877862838,1
73,6,0,5,0.7206227018832814,173,6,0.8884502877862838,1
107,6,0,4,0.4739253852800127,184,6,0.9431945538974952,1
89,6,0,4,0.537589208919566,186,6,0.9431945538974952,1
109,6,0,4,0.3107868372036577,206,6,0.8884502877862838,1
96,6,0,4,0.378429649820683,200,6,0.8884502877862838,1
93,6,0,5,0.6092110105140632,184,6,0.8884502877862838,1
114,6,0,5,0.3983245947080434,214,6,0.9431945538974952,1
99,6,0,4,0.4301565065278199,207,6,0.8884502877862838,1
98,6,0,5,0.4977993191448452,188,6,0.9431945538974952,1
117,6,0,5,0.3426187490234343,208,6,0.9431945538974952,1
88,6,0,5,0.4938203301673731,183,6,0.9431945538974952,1
101,6,0,4,0.3187448151586018,211,6,0.8884502877862838,1
130,6,0,5,0.4301565065278199,210,6,0.8884502877862838,1
81,6,0,4,0.593295054604175,187,6,0.8884502877862838,1
96,6,0,5,0.4062825726629875,193,6,0.8884502877862838,1
114,6,0,5,0.3306817820910181,222,6,0.8884502877862838,1
76,6,0,5,0.3744506608432109,200,6,0.8884502877862838,1
124,6,0,5,0.3147658261811298,222,6,0.8884502877862838,1
106,6,0,5,0.4898413411899011,199,6,0.9431945538974952,1
102,6,0,5,0.593295054604175,194,6,0.9431945538974952,1
83,6,0,4,0.4619884183475966,207,6,0.9431945538974952,1
90,6,0,4,0.434135495505292,169,6,0.8884502877862838,1
103,6,0,5,0.4739253852800127,204,6,0.9431945538974952,1
86,6,0,5,0.5296312309646218,177,6,0.8884502877862838,1
110,6,0,4,0.5336102199420939,178,6,0.9431945538974952,1
69,6,0,5,0.6211479774464795,172,6,0.8884502877862838,1
103,6,0,5,0.3744506608432109,203,6,0.9431945538974952,1
104,6,0,4,0.4938203301673731,185,6,0.9431945538974952,1
88,6,0,4,0.5773790986942867,193,6,0.8884502877862838,1
135,6,0,4,0.3903666167530992,217,6,0.9431945538974952,1
118,6,0,4,0.2988498702712415,232,6,0.9431945538974952,1
134,6,0,5,0.3227238041360739,212,6,0.8884502877862838,1
112,6,0,4,0.3386397600459622,230,6,0.9431945538974952,1
119,6,0,4,0.6370639333563678,180,6,0.9431945538974952,1
113,6,0,5,0.5694211207393426,212,6,0.8884502877862838,1
108,6,0,4,0.3505767269783785,207,6,0.9431945538974952,1
82,6,0,4,0.7484756247255858,177,6,0.8884502877862838,1
124,6,0,4,0.434135495505292,196,6,0.9431945538974952,1
88,6,0,4,0.593295054604175,170,6,0.8884502877862838,1
98,6,0,5,0.434135495505292,177,6,0.8884502877862838,1
110,6,0,5,0.4739253852800127,200,6,0.8884502877862838,1
114,6,0,4,0.4460724624377082,211,6,0.9431945538974952,1
115,6,0,5,0.3585347049333226,239,6,0.9431945538974952,1
92,6,0,4,0.4938203301673731,198,6,0.9431945538974952,1
107,6,0,5,0.274975936406409,201,6,0.9431945538974952,1
82,6,0,5,0.5574841538069263,191,6,0.9431945538974952,1
112,6,0,4,0.3943456057305713,212,6,0.8884502877862838,1
90,6,0,5,0.6131899994915354,183,6,0.9431945538974952,1
108,6,0,4,0.649000900288784,181,6,0.8884502877862838,1
125,6,0,4,0.434135495505292,208,6,0.9431945538974952,1
99,6,0,5,0.4142405506179316,196,6,0.8884502877862838,1
106,6,0,4,0.3625136939107947,202,6,0.9431945538974952,1
100,6,0,4,0.3147658261811298,227,6,0.8884502877862838,1
103,6,0,4,0.3943456057305713,204,6,0.8884502877862838,1
146,6,0,5,0.3903666167530992,195,6,0.9431945538974952,1
99,6,0,5,0.3983245947080434,195,6,0.9431945538974952,1
111,6,0,4,0.4500514514151803,208,6,0.8884502877862838,1
91,6,0,5,0.7007277569959209,179,6,0.9431945538974952,1
108,6,0,4,0.5853370766492308,193,6,0.8884502877862838,1
100,6,0,4,0.5137152750547335,175,6,0.8884502877862838,1
121,6,0,4,0.3664926828882667,202,6,0.8884502877862838,1
84,6,0,4,0.5057572970997893,189,6,0.9431945538974952,1
154,6,0,5,0.2908918923162973,225,6,0.9431945538974952,1
85,6,0,4,0.6649168561986724,169,6,0.9431945538974952,1
111,6,0,4,0.3107868372036577,206,6,0.8884502877862838,1
114,6,0,5,0.4142405506179316,193,6,0.8884502877862838,1
84,6,0,5,0.4818833632349569,192,6,0.8884502877862838,1
118,6,0,5,0.485862352212429,200,6,0.9431945538974952,1
142,6,0,5,0.2073331237893838,222,6,0.9431945538974952,1
88,6,0,5,0.649000900288784,166,6,0.9431945538974952,1
108,6,0,5,0.4420934734602362,174,6,0.8884502877862838,1
131,6,0,5,0.3744506608432109,216,6,0.9431945538974952,1
91,6,0,5,0.5893160656267029,176,6,0.8884502877862838,1
137,6,0,4,0.1078583993525819,242,6,0.8884502877862838,1
123,6,0,4,0.485862352212429,210,6,0.9431945538974952,1
111,6,0,4,0.5216732530096777,205,6,0.8884502877862838,1
114,6,0,5,0.2511020025415766,202,6,0.8884502877862838,1
95,6,0,5,0.6211479774464795,183,6,0.8884502877862838,1
85,6,0,4,0.4938203301673731,186,6,0.8884502877862838,1
87,6,0,4,0.3863876277756271,190,6,0.9431945538974952,1
102,6,0,4,0.3983245947080434,201,6,0.9431945538974952,1
96,6,0,5,0.5734001097168147,179,6,0.8884502877862838,1
119,6,0,4,0.4619884183475966,187,6,0.9431945538974952,1
118,6,0,4,0.6012530325591191,189,6,0.8884502877862838,1
108,6,0,5,0.378429649820683,212,6,0.9431945538974952,1
92,6,0,5,0.4619884183475966,208,6,0.9431945538974952,1
126,6,0,5,0.3863876277756271,210,6,0.8884502877862838,1
116,6,0,5,0.4142405506179316,189,6,0.9431945538974952,1
94,6,0,5,0.649000900288784,198,6,0.8884502877862838,1
84,6,0,5,0.4619884183475966,192,6,0.9431945538974952,1
86,6,0,5,0.6887907900635047,179,6,0.8884502877862838,1
99,6,0,5,0.4261775175503479,209,6,0.9431945538974952,1
129,6,0,5,0.2511020025415766,250,6,0.8884502877862838,1
116,6,0,4,0.5256522419871498,187,6,0.8884502877862838,1
95,6,0,4,0.3426187490234343,203,6,0.9431945538974952,1
77,6,0,4,0.5654421317618704,204,6,0.9431945538974952,1
103,6,0,5,0.5256522419871498,192,6,0.8884502877862838,1
102,6,0,5,0.4977993191448452,197,6,0.8884502877862838,1
117,6,0,4,0.4062825726629875,196,6,0.9431945538974952,1
122,6,0,4,0.3346607710684902,204,6,0.9431945538974952,1
131,6,0,4,0.2033541348119117,217,6,0.8884502877862838,1
95,6,0,4,0.6609378672212003,192,6,0.9431945538974952,1
72,6,0,5,0.6092110105140632,187,6,0.8884502877862838,1
143,6,0,4,0.1715222229921351,219,6,0.8884502877862838,1
114,6,0,4,0.5017783081223173,198,6,0.8884502877862838,1
110,6,0,5,0.1715222229921351,209,6,0.9431945538974952,1
133,6,0,4,0.3903666167530992,195,6,0.8884502877862838,1
107,6,0,4,0.4659674073250686,192,6,0.8884502877862838,1
133,6,0,5,0.274975936406409,212,6,0.8884502877862838,1
112,6,0,4,0.3426187490234343,195,6,0.9431945538974952,1
128,6,0,5,0.2511020025415766,208,6,0.9431945538974952,1
236,0,0,4,1.3524305553796692,214,6,0.9431945538974952,1
288,0,0,5,1.0420694151368477,214,6,0.8884502877862838,1
306,0,0,5,1.6309597838027143,208,6,0.8884502877862838,1
248,0,0,5,0.7874141205786347,180,6,0.8884502877862838,1
245,0,0,4,0.6720234402319445,207,6,0.8884502877862838,1
249,0,0,4,0.9187207568352131,200,6,0.9431945538974952,1
204,0,0,5,1.1057332387764005,190,6,0.8884502877862838,1
266,0,0,4,1.6031068609604098,204,6,0.8884502877862838,1
264,0,0,5,0.588464671705031,211,3,0.8884502877862838,1
211,0,0,4,1.2808087537851718,190,6,0.8884502877862838,1
326,0,0,4,1.6349387727801863,205,3,0.9431945538974952,1
241,0,0,5,1.1693970624159538,186,3,0.9431945538974952,1
314,0,0,4,1.615043827892826,221,6,0.8884502877862838,1
294,0,0,4,1.5354640483433846,210,6,0.9431945538974952,1
334,0,0,5,2.028858681549922,247,3,0.8884502877862838,1
206,0,0,4,1.5633169711856891,219,3,0.8884502877862838,1
302,0,0,4,1.1296071726412331,196,3,0.9431945538974952,1
267,0,0,5,1.3046826876500044,219,3,0.9431945538974952,1
252,0,0,4,1.3842624671994457,205,3,0.9431945538974952,1
254,0,0,5,1.8020563098340128,203,6,0.9431945538974952,1
238,0,0,4,1.3007036986725322,198,3,0.9431945538974952,1
246,0,0,4,1.5712749491406333,211,3,0.9431945538974952,1
300,0,0,4,1.0619643600242077,200,3,0.8884502877862838,1
255,0,0,5,0.1746498180479352,167,6,0.9431945538974952,1
257,0,0,5,1.1614390844610096,197,3,0.8884502877862838,1
269,0,0,4,0.8550569331956599,197,6,0.8884502877862838,1
297,0,0,5,0.9744266025198222,207,3,0.8884502877862838,1
260,0,0,4,1.4081364010642785,198,3,0.9431945538974952,1
290,0,0,4,1.3484515664021972,208,6,0.9431945538974952,1
229,0,0,4,0.3815572448764831,171,3,0.8884502877862838,1
261,0,0,5,0.0004256969608359,171,6,0.8884502877862838,1
223,0,0,4,0.9465736796775176,179,6,0.8884502877862838,1
272,0,0,4,0.962489635587406,188,6,0.8884502877862838,1
251,0,0,4,0.699876363074249,193,6,0.8884502877862838,1
300,0,0,4,0.8431199662632437,194,6,0.9431945538974952,1
221,0,0,5,0.7635401867138022,182,3,0.9431945538974952,1
251,0,0,4,0.8391409772857716,192,3,0.8884502877862838,1
286,0,0,4,0.695897374096777,189,3,0.9431945538974952,1
288,0,0,5,1.5235270814109685,201,6,0.9431945538974952,1
251,0,0,5,1.4001784231093342,226,6,0.9431945538974952,1
185,0,0,4,0.9425946907000456,165,6,0.8884502877862838,1
274,0,0,5,0.6600864732995283,187,6,0.9431945538974952,1
256,0,0,4,1.2648927978752835,210,3,0.9431945538974952,1
252,0,0,5,1.0420694151368477,197,6,0.8884502877862838,1
214,0,0,4,0.962489635587406,212,3,0.9431945538974952,1
270,0,0,5,1.0460484041143194,187,6,0.8884502877862838,1
253,0,0,4,1.1296071726412331,202,6,0.9431945538974952,1
244,0,0,4,0.7794561426236906,190,6,0.8884502877862838,1
279,0,0,4,1.4598632577714152,198,3,0.8884502877862838,1
233,0,0,5,1.3564095443571411,212,3,0.9431945538974952,1
206,0,0,4,0.5844856827275589,171,3,0.9431945538974952,1
305,0,0,5,1.2410188640104511,198,3,0.8884502877862838,1
306,0,0,4,1.4757792136813035,212,3,0.8884502877862838,1
250,0,0,5,0.4730739913583408,174,6,0.9431945538974952,1
278,0,0,4,0.8908678339929086,191,3,0.8884502877862838,1
315,0,0,4,1.4678212357263594,218,6,0.8884502877862838,1
237,0,0,4,0.4850109582907571,203,3,0.8884502877862838,1
280,0,0,5,0.7237502969390814,175,3,0.9431945538974952,1
240,0,0,5,1.1654180734384818,199,6,0.9431945538974952,1
282,0,0,4,1.0022795253621266,213,3,0.9431945538974952,1
260,0,0,4,0.910762778880269,180,6,0.9431945538974952,1
261,0,0,4,1.3166196545824205,216,6,0.9431945538974952,1
268,0,0,5,1.125628183663761,203,3,0.9431945538974952,1
279,0,0,4,1.5394430373208567,213,6,0.8884502877862838,1
267,0,0,4,0.6083596165923914,173,6,0.9431945538974952,1
216,0,0,5,0.7277292859165536,179,6,0.9431945538974952,1
265,0,0,4,0.7993510875110509,182,3,0.9431945538974952,1
236,0,0,4,1.3325356104923087,200,3,0.9431945538974952,1
199,0,0,4,0.7993510875110509,176,3,0.8884502877862838,1
278,0,0,5,1.3007036986725322,208,6,0.8884502877862838,1
266,0,0,4,1.7145185523296278,218,3,0.9431945538974952,1
247,0,0,4,0.6720234402319445,199,6,0.8884502877862838,1
273,0,0,4,1.1375651505961772,186,6,0.9431945538974952,1
255,0,0,5,1.6986025964197395,200,3,0.8884502877862838,1
253,0,0,4,1.451905279816471,207,6,0.8884502877862838,1
252,0,0,5,0.8391409772857716,183,3,0.9431945538974952,1
257,0,0,5,0.9147417678577412,170,3,0.9431945538974952,1
266,0,0,5,0.7317082748940257,193,6,0.9431945538974952,1
255,0,0,5,1.149502117528593,206,6,0.8884502877862838,1
233,0,0,5,1.4797582026587754,216,3,0.8884502877862838,1
205,0,0,5,0.8908678339929086,171,3,0.8884502877862838,1
271,0,0,4,1.0022795253621266,189,6,0.9431945538974952,1
245,0,0,5,0.8152670434209391,191,3,0.9431945538974952,1
318,0,0,5,1.9970267697301447,209,3,0.8884502877862838,1
287,0,0,5,1.2648927978752835,211,3,0.9431945538974952,1
251,0,0,5,1.0341114371819031,201,3,0.8884502877862838,1
229,0,0,5,0.6799814181868887,195,6,0.8884502877862838,1
268,0,0,5,1.193270996280786,189,3,0.8884502877862838,1
286,0,0,5,0.8391409772857716,196,3,0.9431945538974952,1
267,0,0,5,0.9744266025198222,206,6,0.9431945538974952,1
242,0,0,4,1.081859304911568,191,3,0.9431945538974952,1
183,0,0,4,1.0460484041143194,189,3,0.9431945538974952,1
309,0,0,4,1.455884268793943,208,6,0.9431945538974952,1
284,0,0,4,0.803330076488523,188,6,0.8884502877862838,1
282,0,0,4,1.2728507758302277,219,3,0.8884502877862838,1
280,0,0,4,1.237039875032979,219,3,0.9431945538974952,1
196,0,0,5,0.6083596165923914,186,3,0.8884502877862838,1
284,0,0,4,1.6946236074422676,215,6,0.8884502877862838,1
253,0,0,5,0.8789308670604924,172,6,0.8884502877862838,1
285,0,0,5,1.0579853710467355,196,6,0.8884502877862838,1
247,0,0,5,0.9226997458126852,180,6,0.9431945538974952,1
256,0,0,5,0.8669939001280762,189,3,0.9431945538974952,1
176,0,0,5,0.699876363074249,175,6,0.9431945538974952,1
239,0,0,4,1.1415441395736492,176,3,0.8884502877862838,1
250,0,0,5,1.2290818970780348,206,6,0.8884502877862838,1
322,0,0,5,1.0102375033170707,192,3,0.9431945538974952,1
237,0,0,4,1.1057332387764005,197,6,0.9431945538974952,1
296,0,0,5,0.7356872638714977,197,3,0.9431945538974952,1
311,0,0,4,1.611064838915354,203,6,0.9431945538974952,1
198,0,0,5,0.214439707822656,155,3,0.8884502877862838,1
181,0,0,4,0.540716803975366,171,3,0.8884502877862838,1
275,0,0,4,1.4240523569741663,202,6,0.8884502877862838,1
275,0,0,5,1.3086616766274763,195,6,0.9431945538974952,1
305,0,0,5,1.770224398014237,218,3,0.9431945538974952,1
260,0,0,5,0.6481495063671121,174,6,0.8884502877862838,1
242,0,0,4,0.373599266921539,180,6,0.8884502877862838,1
246,0,0,4,0.64417051738964,178,6,0.8884502877862838,1
239,0,0,4,1.2091869521906744,189,6,0.8884502877862838,1
358,0,0,4,2.0805855382570586,220,3,0.9431945538974952,1
307,0,0,4,1.432010334929111,206,6,0.8884502877862838,1
254,0,0,4,1.2569348199203394,199,3,0.8884502877862838,1
317,0,0,4,1.2290818970780348,223,3,0.9431945538974952,1
276,0,0,5,1.4200733679966944,211,6,0.8884502877862838,1
266,0,0,5,1.2728507758302277,226,6,0.9431945538974952,1
244,0,0,4,1.2012289742357305,194,6,0.9431945538974952,1
267,0,0,4,1.5871909050505215,212,6,0.8884502877862838,1
249,0,0,5,1.0977752608214564,197,6,0.8884502877862838,1
234,0,0,4,0.7834351316011626,186,6,0.8884502877862838,1
237,0,0,4,0.6481495063671121,181,6,0.9431945538974952,1
258,0,0,5,1.2728507758302277,201,6,0.8884502877862838,1
263,0,0,4,1.2529558309428672,198,3,0.9431945538974952,1
169,0,0,4,0.5566327598852544,175,6,0.9431945538974952,1
258,0,0,5,0.958510646609934,201,6,0.9431945538974952,1
229,0,0,4,0.7993510875110509,185,6,0.8884502877862838,1
222,0,0,4,0.5287798370429498,183,3,0.8884502877862838,1
231,0,0,4,0.8749518780830203,194,3,0.9431945538974952,1
268,0,0,4,1.837867210631262,223,3,0.8884502877862838,1
299,0,0,5,2.0129427256400336,224,3,0.8884502877862838,1
246,0,0,5,0.4929689362457012,165,3,0.8884502877862838,1
283,0,0,5,1.2251029081005629,221,6,0.9431945538974952,1
282,0,0,5,0.8272040103533554,204,6,0.9431945538974952,1
230,0,0,5,0.7197713079616094,186,6,0.8884502877862838,1
242,0,0,4,1.233060886055507,170,3,0.9431945538974952,1
260,0,0,5,1.8060352988114856,210,6,0.8884502877862838,1
204,0,0,5,0.6879393961418329,194,3,0.8884502877862838,1
227,0,0,5,1.3643675223120857,191,6,0.9431945538974952,1
325,0,0,4,1.4200733679966944,199,6,0.8884502877862838,1
247,0,0,5,0.2582085865748488,173,6,0.8884502877862838,1
262,0,0,4,1.901531034270816,214,6,0.9431945538974952,1
266,0,0,4,1.8975520452933432,204,3,0.9431945538974952,1
288,0,0,5,0.859035922173132,198,3,0.8884502877862838,1
251,0,0,4,0.9903425584297104,219,3,0.8884502877862838,1
263,0,0,5,1.336514599469781,200,3,0.9431945538974952,1
336,0,0,4,1.4280313459516385,224,3,0.8884502877862838,1
238,0,0,5,1.1534811065060655,188,3,0.8884502877862838,1
238,0,0,5,1.149502117528593,191,6,0.8884502877862838,1
263,0,0,5,1.0778803159340962,201,6,0.9431945538974952,1
251,0,0,4,0.962489635587406,196,6,0.8884502877862838,1
282,0,0,4,0.8550569331956599,178,6,0.8884502877862838,1
200,0,0,4,0.4571580354484525,162,6,0.8884502877862838,1
254,0,0,5,0.8709728891055483,183,6,0.8884502877862838,1
227,0,0,4,1.0898172828665122,193,3,0.9431945538974952,1
265,0,0,5,1.2768297648076998,199,3,0.8884502877862838,1
245,0,0,4,0.8391409772857716,192,6,0.8884502877862838,1
256,0,0,4,2.0606905933696984,245,3,0.8884502877862838,1
264,0,0,4,1.1136912167313446,194,3,0.8884502877862838,1
276,0,0,5,1.7304345082395165,210,3,0.8884502877862838,1
317,0,0,4,1.6986025964197395,209,3,0.8884502877862838,1
311,0,0,5,1.8020563098340128,223,3,0.8884502877862838,1
210,0,0,4,0.4730739913583408,188,3,0.8884502877862838,1
287,0,0,4,0.9067837899027968,211,3,0.8884502877862838,1
282,0,0,5,1.2728507758302277,177,6,0.9431945538974952,1
271,0,0,5,0.9823845804747664,197,6,0.9431945538974952,1
267,0,0,5,1.3723255002670296,213,3,0.8884502877862838,1
319,0,0,4,1.7184975413071,218,6,0.9431945538974952,1
287,0,0,4,1.451905279816471,207,3,0.8884502877862838,1
258,0,0,5,1.1972499852582583,213,3,0.9431945538974952,1
234,0,0,5,1.3007036986725322,197,3,0.9431945538974952,1
277,0,0,4,1.2211239191230907,180,6,0.9431945538974952,1
238,0,0,4,0.9147417678577412,186,6,0.8884502877862838,1
246,0,0,5,1.1534811065060655,201,3,0.8884502877862838,1
215,0,0,4,1.5513800042532728,188,3,0.9431945538974952,1
162,0,0,4,0.5924436606825031,159,3,0.9431945538974952,1
242,0,0,4,1.666770684599963,213,3,0.9431945538974952,1
222,0,0,4,0.4014521897638435,175,6,0.8884502877862838,1
224,0,0,5,0.7038553520517211,170,6,0.8884502877862838,1
263,0,0,5,1.5513800042532728,196,6,0.8884502877862838,1
293,0,0,4,1.5911698940279937,230,3,0.8884502877862838,1
270,0,0,4,1.244997852987923,218,3,0.8884502877862838,1
249,0,0,5,1.133586161618705,208,3,0.8884502877862838,1
246,0,0,5,1.0858382938890403,206,3,0.8884502877862838,1
190,0,0,4,0.7595611977363301,169,3,0.9431945538974952,1
273,0,0,4,1.3325356104923087,213,6,0.8884502877862838,1
264,0,0,5,0.9187207568352131,181,3,0.8884502877862838,1
315,0,0,4,0.9266787347901572,202,6,0.9431945538974952,1
262,0,0,5,1.5195480924334963,203,6,0.8884502877862838,1
224,0,0,5,1.022174470249487,178,6,0.9431945538974952,1
219,0,0,5,1.6428967507351306,198,6,0.9431945538974952,1
278,0,0,4,1.3166196545824205,205,3,0.9431945538974952,1
308,0,0,4,1.1892920073033142,197,6,0.9431945538974952,1
209,0,0,5,0.5168428701105336,184,6,0.9431945538974952,1
276,0,0,5,1.5474010152758009,217,6,0.8884502877862838,1
252,0,0,5,1.2489768419653953,209,3,0.9431945538974952,1
209,0,0,4,0.803330076488523,182,3,0.9431945538974952,1
342,0,0,4,1.447926290838999,203,6,0.8884502877862838,1
262,0,0,5,1.6269807948252424,218,6,0.9431945538974952,1
277,0,0,4,0.9983005363846544,183,3,0.9431945538974952,1
264,0,0,4,0.6362125394346959,163,6,0.9431945538974952,1
231,0,0,4,0.8948468229703807,185,6,0.9431945538974952,1
209,0,0,4,0.8948468229703807,173,6,0.9431945538974952,1
302,0,0,5,1.5991278719829378,214,6,0.8884502877862838,1
282,0,0,4,1.555358993230745,201,3,0.8884502877862838,1
220,0,0,5,1.3245776325373646,202,3,0.8884502877862838,1
261,0,0,5,0.966468624564878,205,6,0.8884502877862838,1
203,0,0,5,0.4014521897638435,192,6,0.8884502877862838,1
296,0,0,5,1.889594067338399,222,3,0.8884502877862838,1
250,0,0,4,0.97044761354235,192,6,0.8884502877862838,1
247,0,0,4,1.3802834782219735,199,6,0.9431945538974952,1
220,0,0,4,1.133586161618705,178,3,0.9431945538974952,1
216,0,0,5,0.8749518780830203,190,3,0.8884502877862838,1
258,0,0,4,1.5394430373208567,219,6,0.8884502877862838,1
283,0,0,4,1.0977752608214564,214,3,0.8884502877862838,1
310,0,0,5,1.503632136523608,193,6,0.8884502877862838,1
264,0,0,5,0.7078343410291932,187,3,0.8884502877862838,1
224,0,0,4,0.4889899472682291,174,6,0.8884502877862838,1
202,0,0,4,0.6919183851193049,177,6,0.9431945538974952,1
229,0,0,4,1.06594334900168,203,6,0.9431945538974952,1
233,0,0,5,1.344472577424725,190,3,0.9431945538974952,1
315,0,0,5,1.5832119160730496,210,3,0.8884502877862838,1
212,0,0,4,0.4730739913583408,174,6,0.8884502877862838,1
200,0,0,4,1.014216492294543,183,6,0.9431945538974952,1
250,0,0,4,0.4929689362457012,181,3,0.8884502877862838,1
290,0,0,4,1.5633169711856891,214,6,0.9431945538974952,1
221,0,0,5,1.121649194686289,225,6,0.9431945538974952,1
226,0,0,5,1.4638422467488872,211,6,0.8884502877862838,1
276,0,0,4,1.0301324482044312,195,6,0.8884502877862838,1
296,0,0,4,1.149502117528593,186,6,0.9431945538974952,1
252,0,0,4,1.0898172828665122,175,3,0.9431945538974952,1
350,0,0,4,1.432010334929111,208,6,0.9431945538974952,1
237,0,0,4,0.6799814181868887,176,6,0.8884502877862838,1
236,0,0,4,0.8868888450154365,206,3,0.9431945538974952,1
206,0,0,4,0.6879393961418329,180,3,0.9431945538974952,1
184,0,0,5,0.7874141205786347,185,3,0.9431945538974952,1
290,0,0,5,1.2688717868527557,209,3,0.9431945538974952,1
212,0,0,4,0.9983005363846544,199,3,0.8884502877862838,1
232,0,0,5,0.8988258119478527,192,6,0.8884502877862838,1
229,0,0,4,1.0619643600242077,196,3,0.8884502877862838,1
265,0,0,4,1.2688717868527557,199,6,0.9431945538974952,1
297,0,0,4,0.9266787347901572,190,6,0.9431945538974952,1
287,0,0,5,1.344472577424725,200,3,0.8884502877862838,1
215,0,0,5,0.6561074843220562,170,6,0.8884502877862838,1
259,0,0,5,0.8391409772857716,187,6,0.8884502877862838,1
301,0,0,5,1.121649194686289,190,3,0.9431945538974952,1
260,0,0,5,1.0540063820692636,181,6,0.8884502877862838,1
252,0,0,5,1.611064838915354,221,6,0.9431945538974952,1
205,0,0,4,1.5712749491406333,213,3,0.9431945538974952,1
231,0,0,5,0.910762778880269,183,3,0.9431945538974952,1
280,0,0,5,1.471800224703831,223,3,0.9431945538974952,1
213,0,0,4,0.6720234402319445,162,3,0.9431945538974952,1
229,0,0,4,0.910762778880269,202,3,0.9431945538974952,1
290,0,0,4,1.7463504641494043,236,3,0.8884502877862838,1
262,0,0,5,1.3285566215148368,189,6,0.8884502877862838,1
203,0,0,4,1.3086616766274763,205,3,0.9431945538974952,1
291,0,0,5,1.5951488830054656,223,3,0.9431945538974952,1
265,0,0,5,0.5526537709077823,186,3,0.9431945538974952,1
321,0,0,4,1.5394430373208567,214,3,0.9431945538974952,1
256,0,0,5,1.619022816870298,228,3,0.8884502877862838,1
260,0,0,5,1.1057332387764005,214,3,0.9431945538974952,1
254,0,0,4,0.8431199662632437,191,3,0.8884502877862838,1
293,0,0,5,1.5115901144785522,188,6,0.9431945538974952,1
265,0,0,5,1.2410188640104511,185,3,0.8884502877862838,1
239,0,0,5,0.751603219781386,177,3,0.8884502877862838,1
249,0,0,4,1.0341114371819031,191,3,0.9431945538974952,1
278,0,0,4,1.5712749491406333,218,6,0.9431945538974952,1
282,0,0,5,0.9744266025198222,180,6,0.8884502877862838,1
271,0,0,5,1.4598632577714152,211,6,0.9431945538974952,1
257,0,0,4,0.9863635694522384,199,3,0.9431945538974952,1
314,0,0,5,1.6468757397126026,239,6,0.9431945538974952,1
285,0,0,5,1.567295960163161,198,6,0.9431945538974952,1
213,0,0,5,1.0062585143395988,189,3,0.9431945538974952,1
219,0,0,4,0.4929689362457012,165,6,0.9431945538974952,1
224,0,0,4,1.3166196545824205,188,6,0.8884502877862838,1
272,0,0,5,1.185313018325842,213,3,0.8884502877862838,1
243,0,0,4,0.2223976857776001,147,3,0.9431945538974952,1
233,0,0,5,0.270145553507265,148,6,0.8884502877862838,1
241,0,0,4,1.292745720717588,192,3,0.8884502877862838,1
252,0,0,4,0.9147417678577412,187,3,0.9431945538974952,1
251,0,0,5,1.3285566215148368,213,6,0.9431945538974952,1
251,0,0,4,1.1136912167313446,179,6,0.9431945538974952,1
302,0,0,4,1.9492789020004804,232,6,0.8884502877862838,1
254,0,0,5,1.3763044892445015,204,6,0.9431945538974952,1
292,0,0,4,1.109712227753873,209,3,0.9431945538974952,1
294,0,0,4,1.3842624671994457,204,6,0.8884502877862838,1
208,0,0,5,0.3974732007863714,159,6,0.9431945538974952,1
263,0,0,5,1.5354640483433846,207,3,0.8884502877862838,1
232,0,0,4,0.7635401867138022,191,6,0.9431945538974952,1
205,0,0,4,0.8988258119478527,193,3,0.8884502877862838,1
262,0,0,5,0.429305112606148,188,6,0.9431945538974952,1
285,0,0,5,1.615043827892826,200,6,0.8884502877862838,1
304,0,0,4,1.925404968135648,228,6,0.9431945538974952,1
234,0,0,5,0.321872410214402,184,3,0.8884502877862838,1
268,0,0,5,1.499653147546136,218,3,0.9431945538974952,1
249,0,0,4,0.9306577237676292,186,3,0.9431945538974952,1
199,0,0,5,0.4730739913583408,145,6,0.9431945538974952,1
275,0,0,5,1.4877161806137198,206,6,0.9431945538974952,1
252,0,0,4,0.695897374096777,186,3,0.8884502877862838,1
308,0,0,4,1.722476530284572,212,6,0.9431945538974952,1
215,0,0,5,0.8749518780830203,183,3,0.8884502877862838,1
277,0,0,5,1.5394430373208567,204,3,0.9431945538974952,1
264,0,0,5,0.7794561426236906,201,6,0.9431945538974952,1
256,0,0,4,1.471800224703831,227,3,0.9431945538974952,1
266,0,0,4,1.9651948579103689,224,6,0.9431945538974952,1
278,0,0,4,1.185313018325842,193,3,0.8884502877862838,1
247,0,0,4,1.6269807948252424,201,6,0.8884502877862838,1
273,0,0,5,1.5275060703884404,220,3,0.8884502877862838,1
243,0,0,4,1.0102375033170707,180,6,0.9431945538974952,1
245,0,0,5,0.8908678339929086,191,3,0.9431945538974952,1
196,0,0,5,0.958510646609934,179,3,0.9431945538974952,1
260,0,0,5,1.432010334929111,204,6,0.8884502877862838,1
284,0,0,4,1.388241456176918,219,6,0.8884502877862838,1
206,0,0,5,0.8789308670604924,186,3,0.9431945538974952,1
220,0,0,4,0.6043806276149193,190,3,0.8884502877862838,1
262,0,0,5,0.9823845804747664,199,3,0.8884502877862838,1
274,0,0,4,1.3404935884472529,214,6,0.8884502877862838,1
263,0,0,5,1.50761112550108,208,3,0.8884502877862838,1
273,0,0,5,1.455884268793943,205,6,0.8884502877862838,1
245,0,0,4,1.6349387727801863,209,3,0.9431945538974952,1
259,0,0,4,0.910762778880269,188,3,0.8884502877862838,1
254,0,0,4,1.4280313459516385,198,6,0.8884502877862838,1
243,0,0,5,1.233060886055507,181,6,0.9431945538974952,1
290,0,0,4,1.4160943790192224,208,6,0.9431945538974952,1
262,0,0,4,1.3404935884472529,185,6,0.9431945538974952,1
273,0,0,4,1.1136912167313446,211,6,0.8884502877862838,1
217,0,0,4,1.109712227753873,186,6,0.9431945538974952,1
254,0,0,4,0.9983005363846544,181,3,0.9431945538974952,1
272,0,0,4,1.555358993230745,228,6,0.8884502877862838,1
266,0,0,5,1.2489768419653953,184,6,0.9431945538974952,1
315,0,0,4,1.778182375969181,212,6,0.8884502877862838,1
257,0,0,5,1.4160943790192224,199,3,0.9431945538974952,1
281,0,0,5,1.7025815853972115,196,6,0.8884502877862838,1
228,0,0,5,1.0858382938890403,199,6,0.9431945538974952,1
249,0,0,5,1.5871909050505215,186,3,0.8884502877862838,1
268,0,0,4,1.455884268793943,194,3,0.9431945538974952,1
255,0,0,4,1.404157412086806,192,6,0.8884502877862838,1
259,0,0,4,0.958510646609934,197,6,0.9431945538974952,1
201,0,0,5,1.4160943790192224,191,3,0.8884502877862838,1
294,0,0,4,0.8192460323984113,205,3,0.8884502877862838,1
255,0,0,4,1.4359893239065826,205,6,0.9431945538974952,1
266,0,0,4,0.7635401867138022,183,3,0.9431945538974952,1
261,0,0,4,1.1017542497989286,212,3,0.9431945538974952,1
243,0,0,4,0.97044761354235,182,6,0.8884502877862838,1
208,0,0,4,0.5725487157951427,176,3,0.8884502877862838,1
176,0,0,4,0.6680444512544724,165,6,0.8884502877862838,1
392,0,0,5,2.67743388487787,600,11,0.8884502877862838,1
279,0,0,4,1.233060886055507,491,11,0.9431945538974952,1
245,0,0,4,1.7423714751719324,535,11,1.804272708628173,1
473,0,0,5,2.203934196558693,581,11,1.804272708628173,1
392,0,0,4,2.291471954063079,652,11,1.804272708628173,1
364,0,0,4,1.4399683128840548,598,11,1.804272708628173,1
274,0,0,5,1.6986025964197395,511,11,0.8884502877862838,1
250,0,0,4,0.4372630905610921,512,11,0.8884502877862838,1
401,0,0,5,2.669475906922925,573,11,0.9431945538974952,1
341,0,0,5,1.9532578909779523,583,11,0.9431945538974952,1
435,0,0,5,1.495674158568664,545,11,0.9431945538974952,1
473,0,0,4,1.2211239191230907,578,11,0.9431945538974952,1
460,0,0,5,1.4399683128840548,603,11,0.8884502877862838,1
368,0,0,4,3.7358449528854414,711,11,0.8884502877862838,1
487,0,0,5,2.180060262693861,602,11,0.8884502877862838,1
334,0,0,4,0.7118133300066652,491,11,0.9431945538974952,1
226,0,0,5,1.1375651505961772,453,11,1.804272708628173,1
428,0,0,4,3.0474798597827726,643,11,1.804272708628173,1
241,0,0,4,0.373599266921539,365,11,0.9431945538974952,1
350,0,0,5,2.3949256674773527,647,11,0.9431945538974952,1
402,0,0,4,1.292745720717588,522,11,1.804272708628173,1
324,0,0,4,0.1109859944083821,444,11,1.804272708628173,1
277,0,0,4,0.8112880544434671,440,11,0.8884502877862838,1
439,0,0,5,0.7396662528489698,449,11,1.804272708628173,1
346,0,0,4,1.1614390844610096,438,11,1.804272708628173,1
328,0,0,4,2.088543516212003,570,11,0.9431945538974952,1
295,0,0,5,0.7675191756912743,496,11,1.804272708628173,1
485,0,0,5,2.096501494166947,555,11,1.804272708628173,1
306,0,0,5,1.658812706645019,600,11,1.804272708628173,1
350,0,0,4,1.4837371916362476,494,11,0.8884502877862838,1
366,0,0,5,1.9850898027977288,717,11,0.8884502877862838,1
343,0,0,5,1.3046826876500044,533,11,0.9431945538974952,1
403,0,0,5,0.0831330715660775,432,11,0.9431945538974952,1
428,0,0,4,1.4916951695911915,547,11,0.9431945538974952,1
294,0,0,4,1.6548337176675467,494,11,0.8884502877862838,1
493,0,0,5,2.538169270666347,601,11,0.8884502877862838,1
402,0,0,4,1.881636089383455,541,11,1.804272708628173,1
283,0,0,5,1.4280313459516385,462,11,1.804272708628173,1
385,0,0,4,1.0937962718439844,488,11,0.9431945538974952,1
417,0,0,5,1.8458251885862065,539,11,0.9431945538974952,1
244,0,0,4,0.4253261236286759,427,11,1.804272708628173,1
334,0,0,4,1.5633169711856891,584,11,0.9431945538974952,1
379,0,0,4,2.251682064288358,506,11,0.9431945538974952,1
364,0,0,5,0.3855362338539552,556,11,0.8884502877862838,1
343,0,0,4,1.567295960163161,541,11,0.8884502877862838,1
394,0,0,5,1.7463504641494043,642,11,0.9431945538974952,1
201,0,0,4,0.1229229613407983,528,11,0.9431945538974952,1
263,0,0,4,0.7436452418264419,572,11,1.804272708628173,1
334,0,0,5,0.6163175945473355,518,11,0.9431945538974952,1
377,0,0,4,0.8232250213758834,547,11,0.8884502877862838,1
269,0,0,5,1.6548337176675467,532,11,1.804272708628173,1
457,0,0,5,1.559337982208217,570,11,0.9431945538974952,1
385,0,0,4,2.410841623387241,591,11,0.9431945538974952,1
345,0,0,5,0.9386157017225736,510,11,1.804272708628173,1
311,0,0,4,1.3166196545824205,546,11,1.804272708628173,1
438,0,0,4,1.2768297648076998,612,11,0.9431945538974952,1
298,0,0,5,0.1428179062281586,524,11,1.804272708628173,1
355,0,0,5,1.0898172828665122,567,11,1.804272708628173,1
290,0,0,4,1.8975520452933432,602,11,1.804272708628173,1
335,0,0,4,0.8550569331956599,513,11,0.9431945538974952,1
316,0,0,4,1.559337982208217,579,11,0.9431945538974952,1
435,0,0,5,2.852509399886641,687,11,0.8884502877862838,1
367,0,0,4,1.292745720717588,564,11,1.804272708628173,1
261,0,0,5,1.0937962718439844,476,11,0.9431945538974952,1
527,0,0,4,2.35115678872516,562,11,0.8884502877862838,1
284,0,0,4,0.910762778880269,470,11,0.9431945538974952,1
349,0,0,4,0.9465736796775176,569,11,0.8884502877862838,1
393,0,0,4,1.8458251885862065,656,11,0.8884502877862838,1
144,0,0,4,0.9545316576324616,440,11,1.804272708628173,1
307,0,0,5,0.9306577237676292,490,11,0.8884502877862838,1
233,0,0,5,0.5336102199420939,456,11,1.804272708628173,1
363,0,0,4,1.6707496735774352,530,11,0.9431945538974952,1
345,0,0,4,0.7675191756912743,433,11,1.804272708628173,1
450,0,0,5,1.5951488830054656,550,11,0.9431945538974952,1
375,0,0,4,3.1668495291069347,620,11,0.9431945538974952,1
260,0,0,5,1.555358993230745,606,11,0.8884502877862838,1
416,0,0,5,2.0805855382570586,611,11,0.8884502877862838,1
249,0,0,5,1.3285566215148368,547,11,0.9431945538974952,1
264,0,0,5,1.555358993230745,532,11,0.8884502877862838,1
482,0,0,4,2.203934196558693,652,11,0.8884502877862838,1
453,0,0,5,2.0049847476850893,582,11,0.9431945538974952,1
314,0,0,4,0.4054311787413155,433,11,0.8884502877862838,1
353,0,0,4,1.2012289742357305,501,11,0.9431945538974952,1
319,0,0,5,0.1865867849803515,523,11,0.8884502877862838,1
440,0,0,5,1.8060352988114856,603,11,0.9431945538974952,1
437,0,0,4,2.4983793808916266,579,11,1.804272708628173,1
245,0,0,4,1.1296071726412331,551,11,1.804272708628173,1
306,0,0,5,1.4160943790192224,464,11,0.8884502877862838,1
517,0,0,5,2.363093755657576,559,11,0.9431945538974952,1
377,0,0,5,0.8232250213758834,511,11,1.804272708628173,1
410,0,0,5,1.6986025964197395,551,11,1.804272708628173,1
475,0,0,5,1.7861403539241252,591,11,0.8884502877862838,1
316,0,0,5,1.109712227753873,600,11,1.804272708628173,1
336,0,0,5,1.451905279816471,502,11,1.804272708628173,1
399,0,0,5,2.203934196558693,595,11,0.8884502877862838,1
320,0,0,4,0.9266787347901572,513,11,0.9431945538974952,1
418,0,0,4,1.2569348199203394,548,11,0.8884502877862838,1
409,0,0,5,1.5633169711856891,539,11,0.8884502877862838,1
422,0,0,4,2.8644463668190574,669,11,0.9431945538974952,1
576,0,0,5,2.936068168413555,669,11,0.9431945538974952,1
363,0,0,4,2.291471954063079,602,11,0.8884502877862838,1
455,0,0,5,1.244997852987923,638,11,1.804272708628173,1
308,0,0,4,1.774203386991709,522,11,0.9431945538974952,1
348,0,0,5,1.244997852987923,592,11,1.804272708628173,1
384,0,0,4,0.9386157017225736,559,11,1.804272708628173,1
410,0,0,5,2.092522505189475,584,11,0.9431945538974952,1
384,0,0,5,1.7344134972169882,552,11,1.804272708628173,1
280,0,0,4,0.3537043220341786,450,11,1.804272708628173,1
393,0,0,4,1.4797582026587754,552,11,0.8884502877862838,1
347,0,0,4,1.913468001203232,544,11,0.8884502877862838,1
317,0,0,4,1.0778803159340962,481,11,0.8884502877862838,1
249,0,0,5,1.404157412086806,502,11,1.804272708628173,1
379,0,0,4,1.917446990180704,562,11,0.8884502877862838,1
279,0,0,5,1.8020563098340128,606,11,0.9431945538974952,1
263,0,0,5,2.104459472121891,531,11,0.9431945538974952,1
411,0,0,5,1.2728507758302277,538,11,0.8884502877862838,1
469,0,0,5,1.4200733679966944,500,11,1.804272708628173,1
371,0,0,4,1.4638422467488872,529,11,0.8884502877862838,1
397,0,0,5,2.749055686472367,592,11,0.8884502877862838,1
341,0,0,4,1.2768297648076998,578,11,0.8884502877862838,1
408,0,0,5,1.5712749491406333,529,11,0.9431945538974952,1
414,0,0,5,3.3021351543409856,637,11,0.9431945538974952,1
379,0,0,4,2.036816659504866,646,11,1.804272708628173,1
313,0,0,4,1.014216492294543,482,11,0.8884502877862838,1
479,0,0,4,1.5275060703884404,546,11,0.8884502877862838,1
446,0,0,5,2.9241312014811385,680,11,0.9431945538974952,1
271,0,0,5,1.3802834782219735,495,11,0.9431945538974952,1
371,0,0,5,1.2251029081005629,515,11,0.8884502877862838,1
261,0,0,4,0.5486747819303103,455,11,0.9431945538974952,1
249,0,0,4,0.5009269142006454,397,11,0.8884502877862838,1
451,0,0,5,1.5832119160730496,590,11,0.8884502877862838,1
297,0,0,5,1.6747286625549072,562,11,0.9431945538974952,1
319,0,0,5,1.3126406656049483,489,11,1.804272708628173,1
347,0,0,5,0.4094101677187876,469,11,0.8884502877862838,1
244,0,0,4,1.3922204451543898,523,11,0.8884502877862838,1
260,0,0,4,1.3643675223120857,431,11,0.9431945538974952,1
376,0,0,4,1.3325356104923087,534,11,0.8884502877862838,1
240,0,0,5,0.4372630905610921,435,11,1.804272708628173,1
446,0,0,5,1.8100142877889576,619,11,0.8884502877862838,1
365,0,0,5,1.881636089383455,643,11,1.804272708628173,1
382,0,0,5,0.1507758841831028,475,11,0.8884502877862838,1
219,0,0,4,1.1296071726412331,442,11,0.9431945538974952,1
377,0,0,5,2.2994299320180227,591,11,1.804272708628173,1
412,0,0,4,1.0858382938890403,570,11,1.804272708628173,1
238,0,0,4,0.9903425584297104,435,11,0.9431945538974952,1
370,0,0,5,0.5685697268176706,495,11,0.8884502877862838,1
265,0,0,5,1.917446990180704,480,11,0.9431945538974952,1
345,0,0,4,1.837867210631262,562,11,0.8884502877862838,1
335,0,0,4,2.096501494166947,621,11,1.804272708628173,1
395,0,0,5,1.5474010152758009,518,11,0.8884502877862838,1
423,0,0,4,2.251682064288358,609,11,1.804272708628173,1
295,0,0,5,1.2728507758302277,475,11,0.8884502877862838,1
189,0,0,4,0.5208218590880057,367,11,0.8884502877862838,1
361,0,0,4,2.4585894911169057,605,11,0.9431945538974952,1
284,0,0,5,1.4359893239065826,607,11,1.804272708628173,1
328,0,0,5,1.893573056315872,528,11,1.804272708628173,1
408,0,0,4,1.4001784231093342,546,11,0.8884502877862838,1
287,0,0,4,1.388241456176918,531,11,0.9431945538974952,1
429,0,0,4,2.0726275603021147,659,11,0.9431945538974952,1
309,0,0,5,0.7356872638714977,537,11,0.9431945538974952,1
315,0,0,4,1.945299913023008,612,11,0.8884502877862838,1
435,0,0,5,1.837867210631262,537,11,1.804272708628173,1
406,0,0,4,1.770224398014237,519,11,1.804272708628173,1
381,0,0,5,1.5712749491406333,591,11,0.8884502877862838,1
270,0,0,4,0.7317082748940257,420,11,0.8884502877862838,1
268,0,0,5,1.233060886055507,517,11,0.8884502877862838,1
406,0,0,5,1.8139932767664293,646,11,1.804272708628173,1
288,0,0,4,0.7953720985335788,476,11,1.804272708628173,1
368,0,0,4,1.2768297648076998,524,11,1.804272708628173,1
389,0,0,5,1.921425979158176,548,11,0.8884502877862838,1
278,0,0,5,2.132312394964196,558,11,0.9431945538974952,1
321,0,0,4,1.893573056315872,632,11,0.9431945538974952,1
417,0,0,4,1.4121153900417502,561,11,0.9431945538974952,1
338,0,0,4,1.6269807948252424,527,11,1.804272708628173,1
245,0,0,5,1.495674158568664,481,11,0.8884502877862838,1
321,0,0,5,1.0858382938890403,512,11,0.9431945538974952,1
268,0,0,5,1.9651948579103689,597,11,0.8884502877862838,1
419,0,0,4,0.8391409772857716,502,11,0.8884502877862838,1
292,0,0,4,0.8908678339929086,477,11,1.804272708628173,1
291,0,0,4,1.4797582026587754,482,11,0.8884502877862838,1
457,0,0,4,1.611064838915354,605,11,0.8884502877862838,1
362,0,0,5,1.7025815853972115,518,11,0.8884502877862838,1
466,0,0,4,2.6097910722608444,646,11,0.9431945538974952,1
353,0,0,5,1.937341935068064,572,11,0.8884502877862838,1
264,0,0,5,1.3723255002670296,510,11,0.8884502877862838,1
319,0,0,5,1.615043827892826,531,11,1.804272708628173,1
333,0,0,4,1.5633169711856891,557,11,0.9431945538974952,1
506,0,0,5,3.3697779669580106,640,11,0.8884502877862838,1
360,0,0,5,0.5287798370429498,467,11,1.804272708628173,1
386,0,0,4,1.7344134972169882,481,11,1.804272708628173,1
414,0,0,4,1.8020563098340128,509,11,0.8884502877862838,1
444,0,0,4,1.2251029081005629,531,11,0.9431945538974952,1
416,0,0,4,2.2357661083784697,670,11,0.8884502877862838,1
222,0,0,4,1.1693970624159538,481,11,0.8884502877862838,1
366,0,0,5,1.5235270814109685,602,11,0.8884502877862838,1
357,0,0,5,1.7025815853972115,586,11,0.8884502877862838,1
294,0,0,5,1.284787742762644,500,11,0.9431945538974952,1
263,0,0,4,0.5526537709077823,387,11,1.804272708628173,1
226,0,0,4,1.06594334900168,517,11,0.9431945538974952,1
305,0,0,4,1.2290818970780348,538,11,1.804272708628173,1
412,0,0,5,1.8458251885862065,656,11,0.9431945538974952,1
372,0,0,4,1.766245409036765,533,11,0.9431945538974952,1
214,0,0,5,1.0778803159340962,511,11,0.9431945538974952,1
371,0,0,5,1.1693970624159538,447,11,0.9431945538974952,1
411,0,0,4,1.7543084421043489,567,11,1.804272708628173,1
425,0,0,5,1.495674158568664,580,11,0.9431945538974952,1
384,0,0,5,1.443947301861527,504,11,0.9431945538974952,1
407,0,0,4,2.46654746907185,637,11,0.9431945538974952,1
347,0,0,5,1.4757792136813035,517,11,0.8884502877862838,1
358,0,0,4,2.7450766974948952,556,11,0.9431945538974952,1
262,0,0,5,1.451905279816471,519,11,0.8884502877862838,1
484,0,0,4,2.570001182486124,649,11,0.9431945538974952,1
287,0,0,5,1.4837371916362476,571,11,1.804272708628173,1
386,0,0,5,1.8139932767664293,536,11,0.9431945538974952,1
390,0,0,4,1.8418461996087343,517,11,0.8884502877862838,1
330,0,0,5,1.177355040370898,473,11,0.8884502877862838,1
409,0,0,4,1.6627916956224909,578,11,0.9431945538974952,1
259,0,0,4,1.9094890122257595,533,11,1.804272708628173,1
333,0,0,4,2.1163964390543075,589,11,0.9431945538974952,1
288,0,0,4,0.7555822087588581,485,11,0.8884502877862838,1
258,0,0,5,1.1375651505961772,524,11,0.9431945538974952,1
283,0,0,5,0.9983005363846544,493,11,1.804272708628173,1
307,0,0,4,1.611064838915354,587,11,0.8884502877862838,1
308,0,0,5,1.344472577424725,512,11,0.9431945538974952,1
315,0,0,5,1.2290818970780348,423,11,0.9431945538974952,1
295,0,0,5,1.9850898027977288,573,11,0.9431945538974952,1
289,0,0,5,2.052732615414754,553,11,0.8884502877862838,1
354,0,0,5,1.877657100405983,516,11,1.804272708628173,1
441,0,0,5,2.036816659504866,675,11,0.9431945538974952,1
333,0,0,4,1.925404968135648,551,11,0.8884502877862838,1
293,0,0,5,1.0420694151368477,553,11,0.9431945538974952,1
263,0,0,4,0.7118133300066652,458,11,0.9431945538974952,1
318,0,0,4,1.9572368799554245,541,11,0.8884502877862838,1
466,0,0,5,2.9718790692108032,718,11,1.804272708628173,1
335,0,0,4,1.889594067338399,552,11,1.804272708628173,1
412,0,0,4,1.5991278719829378,593,11,1.804272708628173,1
314,0,0,5,0.6879393961418329,603,11,0.8884502877862838,1
251,0,0,4,1.3205986435598926,508,11,0.8884502877862838,1
280,0,0,5,1.1892920073033142,561,11,0.8884502877862838,1
463,0,0,4,2.534190281688875,724,11,0.8884502877862838,1
281,0,0,4,0.7237502969390814,529,11,0.8884502877862838,1
383,0,0,4,0.8669939001280762,565,11,1.804272708628173,1
475,0,0,4,1.3325356104923087,491,11,0.8884502877862838,1
483,0,0,5,2.6257070281707326,733,11,0.8884502877862838,1
228,0,0,4,0.3895152228314272,429,11,1.804272708628173,1
348,0,0,4,2.0129427256400336,549,11,0.8884502877862838,1
299,0,0,5,0.859035922173132,521,11,0.9431945538974952,1
271,0,0,4,1.29672470969506,492,11,1.804272708628173,1
375,0,0,4,2.335240832815272,653,11,0.8884502877862838,1
378,0,0,4,1.1693970624159538,564,11,0.8884502877862838,1
226,0,0,4,1.503632136523608,508,11,0.9431945538974952,1
279,0,0,5,0.3178934212369299,512,11,0.9431945538974952,1
466,0,0,5,2.796803554202032,613,11,0.8884502877862838,1
279,0,0,4,1.4001784231093342,506,11,0.8884502877862838,1
510,0,0,4,3.0912487385349654,655,11,1.804272708628173,1
364,0,0,5,1.6230018058477702,524,11,1.804272708628173,1
309,0,0,4,0.5725487157951427,453,11,0.9431945538974952,1
428,0,0,5,2.689370851810286,621,11,1.804272708628173,1
319,0,0,5,1.1375651505961772,587,11,0.9431945538974952,1
400,0,0,4,1.933362946090592,588,11,1.804272708628173,1
325,0,0,5,0.6640654622770004,494,11,0.9431945538974952,1
407,0,0,5,1.5832119160730496,588,11,0.8884502877862838,1
415,0,0,4,2.028858681549922,628,11,0.8884502877862838,1
382,0,0,5,2.339219821792744,664,11,0.9431945538974952,1
284,0,0,5,1.396199434131862,514,11,1.804272708628173,1
279,0,0,4,0.9306577237676292,451,11,0.8884502877862838,1
325,0,0,4,0.807309065465995,465,11,1.804272708628173,1
381,0,0,4,1.9691738468878408,570,11,0.8884502877862838,1
455,0,0,4,1.7184975413071,558,11,0.8884502877862838,1
276,0,0,4,1.193270996280786,470,11,0.8884502877862838,1
360,0,0,4,3.11910166137727,664,11,1.804272708628173,1
370,0,0,4,0.699876363074249,537,11,1.804272708628173,1
403,0,0,5,1.3205986435598926,518,11,1.804272708628173,1
264,0,0,4,1.022174470249487,519,11,0.9431945538974952,1
223,0,0,4,1.4200733679966944,573,11,1.804272708628173,1
425,0,0,5,1.829909232676318,592,11,1.804272708628173,1
356,0,0,5,0.2542295975973768,499,11,0.8884502877862838,1
478,0,0,5,2.132312394964196,583,11,0.9431945538974952,1
330,0,0,4,1.2768297648076998,550,11,0.8884502877862838,1
351,0,0,5,0.3258513991918741,425,11,0.8884502877862838,1
407,0,0,4,1.8418461996087343,588,11,0.8884502877862838,1
304,0,0,5,1.125628183663761,492,11,1.804272708628173,1
344,0,0,4,1.9850898027977288,507,11,0.9431945538974952,1
240,0,0,4,1.499653147546136,438,11,0.8884502877862838,1
321,0,0,5,1.3166196545824205,528,11,0.9431945538974952,1
316,0,0,5,1.8219512547213736,575,11,0.8884502877862838,1
201,0,0,5,0.321872410214402,416,11,0.9431945538974952,1
399,0,0,5,1.9612158689328965,542,11,0.8884502877862838,1
328,0,0,4,1.2728507758302277,507,11,0.9431945538974952,1
356,0,0,4,0.7078343410291932,549,11,0.9431945538974952,1
466,0,0,5,2.0766065492795867,509,11,1.804272708628173,1
365,0,0,4,1.3126406656049483,552,11,1.804272708628173,1
354,0,0,4,2.6495809620355653,612,11,1.804272708628173,1
383,0,0,5,2.0646695823471704,588,11,1.804272708628173,1
419,0,0,4,1.9492789020004804,576,11,1.804272708628173,1
326,0,0,4,0.8789308670604924,483,11,0.8884502877862838,1
570,0,0,4,2.800782543179504,772,11,0.9431945538974952,1
283,0,0,5,0.3298303881693462,391,11,0.9431945538974952,1
388,0,0,4,2.052732615414754,508,11,0.9431945538974952,1
281,0,0,4,1.0778803159340962,559,11,1.804272708628173,1
389,0,0,5,0.8152670434209391,471,11,1.804272708628173,1
417,0,0,5,2.637643995103149,609,11,0.9431945538974952,1
405,0,0,4,1.8856150783609271,593,11,1.804272708628173,1
438,0,0,5,1.495674158568664,658,11,0.8884502877862838,1
293,0,0,4,0.8112880544434671,388,11,1.804272708628173,1
316,0,0,4,0.2860615094171533,444,11,0.9431945538974952,1
338,0,0,5,1.5911698940279937,566,11,0.8884502877862838,1
244,0,0,5,2.052732615414754,532,11,0.9431945538974952,1
317,0,0,4,1.6031068609604098,582,11,0.9431945538974952,1
273,0,0,5,0.0481735646905008,397,11,0.9431945538974952,1
265,0,0,5,0.1269019503182704,463,11,0.8884502877862838,1
415,0,0,4,1.6707496735774352,596,11,0.8884502877862838,1
458,0,0,5,2.307387909972967,643,11,1.804272708628173,1
405,0,0,4,2.3471777997476875,660,11,0.9431945538974952,1
503,0,0,4,2.852509399886641,694,11,0.9431945538974952,1
320,0,0,4,1.3046826876500044,442,11,0.8884502877862838,1
406,0,0,4,1.6031068609604098,538,11,0.8884502877862838,1
298,0,0,5,0.5964226496599752,500,11,0.8884502877862838,1
443,0,0,4,1.6309597838027143,555,11,0.8884502877862838,1
377,0,0,4,1.29672470969506,452,11,0.8884502877862838,1
301,0,0,5,2.104459472121891,617,11,0.9431945538974952,1
389,0,0,4,2.526232303733931,598,11,0.8884502877862838,1
322,0,0,4,1.9771318248427847,567,11,0.8884502877862838,1
428,0,0,5,2.6456019730580933,589,11,1.804272708628173,1
329,0,0,5,0.8669939001280762,429,11,1.804272708628173,1
372,0,0,4,1.3126406656049483,483,11,0.8884502877862838,1
312,0,0,4,0.4492000574935084,475,11,0.8884502877862838,1
464,0,0,5,2.550106237598764,616,11,0.9431945538974952,1
394,0,0,5,2.211892174513637,640,11,0.8884502877862838,1
281,0,0,5,0.7317082748940257,519,11,0.9431945538974952,1
244,0,0,4,0.6163175945473355,462,11,1.804272708628173,1
496,0,0,5,2.669475906922925,639,11,0.9431945538974952,1
449,0,0,5,1.3007036986725322,510,11,1.804272708628173,1
372,0,0,4,1.8537831665411504,475,11,1.804272708628173,1
429,0,0,4,1.6230018058477702,552,11,1.804272708628173,1
356,0,0,4,1.6548337176675467,627,11,1.804272708628173,1
463,0,0,5,2.4625684800943777,679,11,0.8884502877862838,1
344,0,0,4,1.177355040370898,570,11,1.804272708628173,1
404,0,0,5,1.9811108138202569,581,11,0.8884502877862838,1
260,0,0,4,2.052732615414754,540,11,0.9431945538974952,1
484,0,0,5,2.836593443976753,599,11,0.8884502877862838,1
364,0,0,4,1.5275060703884404,533,11,0.9431945538974952,1
308,0,0,5,1.7861403539241252,502,11,0.9431945538974952,1
295,0,0,5,1.92938395711312,569,11,1.804272708628173,1
324,0,0,5,1.1892920073033142,515,11,0.9431945538974952,1
500,0,0,5,1.678707651532379,543,11,0.8884502877862838,1
450,0,0,4,1.7065605743746837,575,11,1.804272708628173,1
349,0,0,4,1.4280313459516385,532,11,0.8884502877862838,1
396,0,0,5,1.4678212357263594,499,11,1.804272708628173,1
455,0,0,5,2.836593443976753,666,11,0.9431945538974952,1
307,0,0,5,1.177355040370898,504,11,0.8884502877862838,1
401,0,0,4,2.112417450076835,590,11,0.9431945538974952,1
209,0,0,4,0.162712851115519,462,11,0.9431945538974952,1
1276,6,4,11,1.5195480924334963,2314,6,0.8884502877862838,0
895,6,4,11,0.8470989552407158,2253,6,0.9431945538974952,0
943,6,4,11,0.7953720985335788,2270,6,0.8884502877862838,0
1122,6,4,11,1.5474010152758009,2245,6,0.8884502877862838,0
1022,6,4,11,0.4929689362457012,2089,6,0.8884502877862838,0
1081,6,4,11,1.2688717868527557,2273,6,0.9431945538974952,0
939,6,4,11,0.751603219781386,2169,6,0.9431945538974952,0
1113,6,4,11,1.3205986435598926,2246,6,0.9431945538974952,0
1132,6,4,11,1.515569103456024,2295,6,0.8884502877862838,0
1049,6,4,11,1.1136912167313446,2207,6,0.9431945538974952,0
985,6,4,11,1.1415441395736492,2262,6,0.8884502877862838,0
1213,6,4,11,1.4121153900417502,2322,6,0.8884502877862838,0
1313,6,4,11,1.901531034270816,2244,6,0.9431945538974952,0
1007,6,4,11,0.1078583993525819,2124,6,0.8884502877862838,0
1165,6,4,11,1.6508547286900748,2374,6,0.9431945538974952,0
1039,6,4,11,1.6508547286900748,2277,6,0.9431945538974952,0
1078,6,4,11,0.8948468229703807,2116,6,0.9431945538974952,0
1227,6,4,11,1.1136912167313446,2220,6,0.9431945538974952,0
895,6,4,11,0.6640654622770004,2177,6,0.9431945538974952,0
993,6,4,11,0.1189439723633262,2039,6,0.9431945538974952,0
1139,6,4,11,0.5725487157951427,2249,6,0.8884502877862838,0
914,6,4,11,0.9943215474071824,2124,6,0.9431945538974952,0
1000,6,4,11,1.2648927978752835,2271,6,0.9431945538974952,0
1076,6,4,11,1.1375651505961772,2231,6,0.8884502877862838,0
1312,6,4,11,0.751603219781386,2129,6,0.8884502877862838,0
1102,6,4,11,1.0500273930917916,2125,6,0.9431945538974952,0
1021,6,4,11,1.3126406656049483,2200,6,0.8884502877862838,0
1194,6,4,11,0.9465736796775176,2247,6,0.8884502877862838,0
1205,6,4,11,1.2131659411681466,2197,6,0.8884502877862838,0
997,6,4,11,1.3683465112895574,2323,6,0.8884502877862838,0
1282,6,4,11,1.1176702057088168,2313,6,0.9431945538974952,0
1188,6,4,11,1.073901326956624,2179,6,0.9431945538974952,0
962,6,4,11,0.4452210685160363,2124,6,0.8884502877862838,0
1086,6,4,11,1.0977752608214564,2130,6,0.8884502877862838,0
1116,6,4,11,1.7940983318790693,2248,6,0.8884502877862838,0
1045,6,4,11,0.5566327598852544,2207,6,0.9431945538974952,0
782,6,4,11,0.0751750936111334,2079,6,0.8884502877862838,0
1093,6,4,11,0.3457463440792345,2189,6,0.8884502877862838,0
1231,6,4,11,1.50761112550108,2384,6,0.8884502877862838,0
713,6,4,11,0.9147417678577412,2096,6,0.8884502877862838,0
1290,6,4,11,0.8988258119478527,2175,6,0.8884502877862838,0
1432,6,4,11,1.125628183663761,2322,6,0.9431945538974952,0
1156,6,4,11,0.4372630905610921,2310,6,0.9431945538974952,0
1119,6,4,11,1.133586161618705,2337,6,0.8884502877862838,0
1212,6,4,11,0.7794561426236906,2323,6,0.8884502877862838,0
1186,6,4,11,1.4280313459516385,2259,6,0.9431945538974952,0
998,6,4,11,1.5115901144785522,2127,6,0.9431945538974952,0
1121,6,4,11,1.1136912167313446,2257,6,0.8884502877862838,0
1184,6,4,11,0.8391409772857716,2220,6,0.9431945538974952,0
1267,6,4,11,1.396199434131862,2368,6,0.8884502877862838,0
1152,6,4,11,0.8470989552407158,2211,6,0.8884502877862838,0
888,6,4,11,1.0261534592269592,2150,6,0.9431945538974952,0
1020,6,4,11,1.3643675223120857,2212,6,0.9431945538974952,0
1067,6,4,11,0.9983005363846544,2244,6,0.9431945538974952,0
1200,6,4,11,1.18133402934837,2200,6,0.9431945538974952,0
910,6,4,11,0.5844856827275589,2174,6,0.9431945538974952,0
1086,6,4,11,0.9147417678577412,2371,6,0.8884502877862838,0
1007,6,4,11,0.5765277047726147,2134,6,0.9431945538974952,0
1229,6,4,11,1.177355040370898,2211,6,0.9431945538974952,0
1190,6,4,11,0.9147417678577412,2157,6,0.9431945538974952,0
875,6,4,11,0.5486747819303103,2102,6,0.9431945538974952,0
1131,6,4,11,0.2940194873720975,2109,6,0.8884502877862838,0
829,6,4,11,0.699876363074249,2178,6,0.8884502877862838,0
985,6,4,11,0.8908678339929086,2006,6,0.8884502877862838,0
872,6,4,11,0.8351619883082996,2208,6,0.8884502877862838,0
1024,6,4,11,1.4598632577714152,2342,6,0.8884502877862838,0
1149,6,4,11,1.4877161806137198,2416,6,0.8884502877862838,0
1021,6,4,11,0.4850109582907571,2157,6,0.9431945538974952,0
908,6,4,11,0.9266787347901572,2235,6,0.9431945538974952,0
1071,6,4,11,0.8232250213758834,2183,6,0.9431945538974952,0
1134,6,4,11,0.8908678339929086,2201,6,0.8884502877862838,0
915,6,4,11,0.4651160134033967,2148,6,0.8884502877862838,0
1151,6,4,11,0.5168428701105336,2132,6,0.9431945538974952,0
944,6,4,11,0.8192460323984113,2069,6,0.9431945538974952,0
1004,6,4,11,1.432010334929111,2264,6,0.8884502877862838,0
1203,6,4,11,1.7901193429015974,2352,6,0.9431945538974952,0
950,6,4,11,0.751603219781386,2199,6,0.8884502877862838,0
1259,6,4,11,0.8192460323984113,2189,6,0.9431945538974952,0
974,6,4,11,1.404157412086806,2199,6,0.8884502877862838,0
1150,6,4,11,1.1176702057088168,2206,6,0.8884502877862838,0
1006,6,4,11,1.0380904261593753,2079,6,0.8884502877862838,0
814,6,4,11,0.6163175945473355,2141,6,0.9431945538974952,0
1172,6,4,11,1.0420694151368477,2140,6,0.9431945538974952,0
1200,6,4,11,0.6680444512544724,2168,6,0.8884502877862838,0
968,6,4,11,0.1985237519127677,1985,6,0.8884502877862838,0
1064,6,4,11,0.751603219781386,2260,6,0.8884502877862838,0
1052,6,4,11,0.8829098560379645,2234,6,0.8884502877862838,0
905,6,4,11,0.699876363074249,2156,6,0.9431945538974952,0
1064,6,4,11,0.4173681456737318,2211,6,0.8884502877862838,0
997,6,4,11,1.1296071726412331,2183,6,0.9431945538974952,0
953,6,4,11,0.9784055914972942,2169,6,0.8884502877862838,0
1078,6,4,11,0.1715222229921351,2062,6,0.9431945538974952,0
819,6,4,11,0.5964226496599752,2104,6,0.8884502877862838,0
1301,6,4,11,0.64417051738964,2261,6,0.8884502877862838,0
1070,6,4,11,0.9425946907000456,2279,6,0.8884502877862838,0
920,6,4,11,0.1945447629352956,2156,6,0.9431945538974952,0
1003,6,4,11,0.8749518780830203,2225,6,0.8884502877862838,0
1221,6,4,11,0.4412420795385642,2139,6,0.9431945538974952,0
929,6,4,11,0.8391409772857716,2111,6,0.9431945538974952,0
912,6,4,11,0.7595611977363301,2116,6,0.9431945538974952,0
926,6,4,11,1.3564095443571411,2356,6,0.8884502877862838,0
983,6,4,11,0.162712851115519,2138,6,0.8884502877862838,0
911,6,4,11,0.10700700543091,2131,6,0.8884502877862838,0
829,6,4,11,0.4412420795385642,2100,6,0.8884502877862838,0
1117,6,4,11,1.3763044892445015,2339,6,0.8884502877862838,0
1205,6,4,11,0.9067837899027968,2206,6,0.9431945538974952,0
1111,6,4,11,0.7595611977363301,2200,6,0.8884502877862838,0
1268,6,4,11,1.185313018325842,2322,6,0.8884502877862838,0
918,6,4,11,0.9545316576324616,2170,6,0.8884502877862838,0
989,6,4,11,0.7953720985335788,2095,6,0.9431945538974952,0
1258,6,4,11,1.7145185523296278,2343,6,0.9431945538974952,0
1125,6,4,11,1.937341935068064,2361,6,0.8884502877862838,0
1059,6,4,11,1.0937962718439844,2257,6,0.8884502877862838,0
1063,6,4,11,0.8272040103533554,2256,6,0.9431945538974952,0
1371,6,4,11,1.50761112550108,2427,6,0.9431945538974952,0
1053,6,4,11,1.0898172828665122,2240,6,0.9431945538974952,0
1136,6,4,11,1.2211239191230907,2257,6,0.8884502877862838,0
1103,6,4,11,0.0004256969608359,2182,6,0.8884502877862838,0
1357,6,4,11,1.7025815853972115,2350,6,0.9431945538974952,0
1176,6,4,11,0.803330076488523,2243,6,0.8884502877862838,0
942,6,4,11,0.0990490274759658,2004,6,0.8884502877862838,0
1293,6,4,11,1.6826866405098513,2288,6,0.8884502877862838,0
1109,6,4,11,1.3524305553796692,2233,6,0.8884502877862838,0
923,6,4,11,1.3166196545824205,2440,6,0.9431945538974952,0
1150,6,4,11,1.133586161618705,2252,6,0.8884502877862838,0
878,6,4,11,0.4850109582907571,2059,6,0.9431945538974952,0
988,6,4,11,0.4173681456737318,2128,6,0.9431945538974952,0
1024,6,4,11,1.4001784231093342,2156,6,0.9431945538974952,0
899,6,4,11,0.5168428701105336,2145,6,0.9431945538974952,0
1097,6,4,11,0.6640654622770004,2200,6,0.8884502877862838,0
921,6,4,11,0.4372630905610921,2165,6,0.9431945538974952,0
1057,6,4,11,1.0858382938890403,2244,6,0.8884502877862838,0
1068,6,4,11,0.8868888450154365,2169,6,0.8884502877862838,0
1110,6,4,11,1.109712227753873,2259,6,0.9431945538974952,0
932,6,4,11,0.4651160134033967,2168,6,0.8884502877862838,0
1281,6,4,11,1.4121153900417502,2284,6,0.8884502877862838,0
1088,6,4,11,0.8431199662632437,2134,6,0.9431945538974952,0
1041,6,4,11,1.1296071726412331,2144,6,0.9431945538974952,0
992,6,4,11,0.8550569331956599,2184,6,0.8884502877862838,0
1031,6,4,11,0.9266787347901572,2274,6,0.9431945538974952,0
1147,6,4,11,1.2569348199203394,2210,6,0.9431945538974952,0
1164,6,4,11,0.9386157017225736,2191,6,0.9431945538974952,0
1246,6,4,11,1.4001784231093342,2386,6,0.8884502877862838,0
1218,6,4,11,1.233060886055507,2214,6,0.8884502877862838,0
1034,6,4,11,0.4173681456737318,2158,6,0.8884502877862838,0
1048,6,4,11,1.133586161618705,2278,6,0.9431945538974952,0
986,6,4,11,0.1436693001498306,2047,6,0.9431945538974952,0
978,6,4,11,0.859035922173132,2102,6,0.8884502877862838,0
898,6,4,11,0.5446957929528382,2100,6,0.9431945538974952,0
976,6,4,11,1.1892920073033142,2224,6,0.8884502877862838,0
1039,6,4,11,0.9147417678577412,2326,6,0.9431945538974952,0
1038,6,4,11,0.1428179062281586,2217,6,0.9431945538974952,0
1319,6,4,11,1.5235270814109685,2383,6,0.8884502877862838,0
1221,6,4,11,2.0646695823471704,2369,6,0.9431945538974952,0
1017,6,4,11,0.8391409772857716,2177,6,0.8884502877862838,0
1034,6,4,11,0.6839604071643608,2226,6,0.8884502877862838,0
1202,6,4,11,1.2251029081005629,2301,6,0.8884502877862838,0
952,6,4,11,0.1269019503182704,2060,6,0.9431945538974952,0
1354,6,4,11,1.3842624671994457,2251,6,0.8884502877862838,0
1241,6,4,11,0.2781035314622092,2163,6,0.8884502877862838,0
1161,6,4,11,1.1415441395736492,2305,6,0.8884502877862838,0
1002,6,4,11,0.8908678339929086,2197,6,0.9431945538974952,0
889,6,4,11,0.8550569331956599,2160,6,0.8884502877862838,0
1037,6,4,11,1.2728507758302277,2242,6,0.9431945538974952,0
1155,6,4,11,0.9545316576324616,2268,6,0.9431945538974952,0
1199,6,4,11,1.1017542497989286,2235,6,0.8884502877862838,0
960,6,4,11,0.4301565065278199,2072,6,0.8884502877862838,0
1014,6,4,11,0.4850109582907571,2157,6,0.9431945538974952,0
930,6,4,11,1.5474010152758009,2269,6,0.9431945538974952,0
1145,6,4,11,1.0778803159340962,2212,6,0.9431945538974952,0
1194,6,4,11,1.6428967507351306,2258,6,0.9431945538974952,0
955,6,4,11,1.451905279816471,2236,6,0.8884502877862838,0
997,6,4,11,1.014216492294543,2236,6,0.8884502877862838,0
1100,6,4,11,1.2489768419653953,2210,6,0.8884502877862838,0
1182,6,4,11,0.9505526686549896,2154,6,0.9431945538974952,0
919,6,4,11,1.0619643600242077,2173,6,0.8884502877862838,0
802,6,4,11,0.0242996308256684,2035,6,0.8884502877862838,0
848,6,4,11,1.237039875032979,2312,6,0.8884502877862838,0
798,6,4,11,1.3484515664021972,2246,6,0.9431945538974952,0
1148,6,4,11,0.5009269142006454,2086,6,0.8884502877862838,0
1051,6,4,11,0.6282545614797517,2198,6,0.8884502877862838,0
1261,6,4,11,1.5991278719829378,2323,6,0.8884502877862838,0
1091,6,4,11,0.8232250213758834,2111,6,0.8884502877862838,0
1075,6,4,11,1.2728507758302277,2310,6,0.9431945538974952,0
1217,6,4,11,1.8458251885862065,2352,6,0.9431945538974952,0
1145,6,4,11,1.3763044892445015,2327,6,0.9431945538974952,0
988,6,4,11,0.3537043220341786,2095,6,0.9431945538974952,0
889,6,4,11,0.695897374096777,2155,6,0.9431945538974952,0
985,6,4,11,0.540716803975366,2179,6,0.9431945538974952,0
1271,6,4,11,0.9784055914972942,2188,6,0.8884502877862838,0
1081,6,4,11,1.022174470249487,2201,6,0.9431945538974952,0
1233,6,4,11,1.0341114371819031,2169,6,0.8884502877862838,0
836,6,4,11,0.4332841015836201,2132,6,0.9431945538974952,0
956,6,4,11,0.2820825204396813,2175,6,0.8884502877862838,0
987,6,4,11,1.1415441395736492,2234,6,0.8884502877862838,0
1074,6,4,11,1.109712227753873,2313,6,0.9431945538974952,0
991,6,4,11,0.6123386055698634,2196,6,0.8884502877862838,0
1062,6,4,11,0.7754771536462185,2177,6,0.8884502877862838,0
1234,6,4,11,1.4837371916362476,2344,6,0.9431945538974952,0
1133,6,4,11,1.3126406656049483,2239,6,0.9431945538974952,0
1030,6,4,11,0.8431199662632437,2242,6,0.8884502877862838,0
1360,6,4,11,1.9691738468878408,2401,6,0.8884502877862838,0
1145,6,4,11,1.50761112550108,2307,6,0.8884502877862838,0
937,6,4,11,0.8470989552407158,2108,6,0.8884502877862838,0
1098,6,4,11,0.7913931095561068,2225,6,0.8884502877862838,0
1260,6,4,11,1.6230018058477702,2282,6,0.9431945538974952,0
1019,6,4,11,1.0858382938890403,2191,6,0.8884502877862838,0
957,6,4,11,0.2383136416874884,2084,6,0.9431945538974952,0
1046,6,4,11,0.7476242308039139,2168,6,0.8884502877862838,0
971,6,4,11,0.966468624564878,2062,6,0.8884502877862838,0
1078,6,4,11,0.6600864732995283,2207,6,0.8884502877862838,0
1387,6,4,11,0.9266787347901572,2165,6,0.8884502877862838,0
1170,6,4,11,1.3046826876500044,2337,6,0.8884502877862838,0
1096,6,4,11,0.6640654622770004,2190,6,0.9431945538974952,0
991,6,4,11,0.910762778880269,2150,6,0.8884502877862838,0
1126,6,4,11,0.7595611977363301,2208,6,0.9431945538974952,0
989,6,4,11,0.7953720985335788,2171,6,0.9431945538974952,0
1065,6,4,11,1.0102375033170707,2187,6,0.8884502877862838,0
1025,6,4,11,0.7834351316011626,2248,6,0.9431945538974952,0
1152,6,4,11,1.0380904261593753,2267,6,0.9431945538974952,0
1166,6,4,11,0.7476242308039139,2165,6,0.8884502877862838,0
1066,6,4,11,1.2489768419653953,2143,6,0.8884502877862838,0
1059,6,4,11,1.4877161806137198,2268,6,0.9431945538974952,0
1181,6,4,11,0.9823845804747664,2232,6,0.9431945538974952,0
983,6,4,11,0.3974732007863714,2064,6,0.8884502877862838,0
832,6,4,11,0.3855362338539552,2069,6,0.9431945538974952,0
1006,6,4,11,0.8868888450154365,2136,6,0.8884502877862838,0
1017,6,4,11,0.3934942118088994,2031,6,0.8884502877862838,0
1089,6,4,11,0.4889899472682291,2120,6,0.9431945538974952,0
961,6,4,11,0.7277292859165536,2185,6,0.9431945538974952,0
1061,6,4,11,0.6004016386374472,2156,6,0.9431945538974952,0
954,6,4,11,1.3046826876500044,2326,6,0.9431945538974952,0
782,6,4,11,0.6123386055698634,2047,6,0.9431945538974952,0
1183,6,4,11,0.6521284953445842,2151,6,0.8884502877862838,0
1158,6,4,11,0.4492000574935084,2162,6,0.8884502877862838,0
1013,6,4,11,0.5446957929528382,2207,6,0.8884502877862838,0
990,6,4,11,0.7078343410291932,2256,6,0.9431945538974952,0
1314,6,4,11,1.3007036986725322,2285,6,0.8884502877862838,0
935,6,4,11,0.5486747819303103,2090,6,0.8884502877862838,0
1130,6,4,11,1.0937962718439844,2134,6,0.8884502877862838,0
1064,6,4,11,0.7476242308039139,2149,6,0.9431945538974952,0
1288,6,4,11,0.6083596165923914,2218,6,0.9431945538974952,0
884,6,4,11,0.2383136416874884,2080,6,0.8884502877862838,0
1042,6,4,11,0.7078343410291932,2148,6,0.8884502877862838,0
964,6,4,11,0.695897374096777,2178,6,0.9431945538974952,0
1182,6,4,11,1.7940983318790693,2250,6,0.8884502877862838,0
883,6,4,11,0.3974732007863714,2134,6,0.8884502877862838,0
949,6,4,11,0.4492000574935084,1998,6,0.8884502877862838,0
1117,6,4,11,1.0301324482044312,2229,6,0.9431945538974952,0
987,6,4,11,0.3855362338539552,2242,6,0.8884502877862838,0
828,6,4,11,0.0473221707688289,2194,6,0.8884502877862838,0
978,6,4,11,1.0977752608214564,2143,6,0.8884502877862838,0
1099,6,4,11,1.0261534592269592,2244,6,0.8884502877862838,0
996,6,4,11,0.4969479252231732,2212,6,0.8884502877862838,0
1329,6,4,11,0.859035922173132,2194,6,0.8884502877862838,0
1075,6,4,11,0.9067837899027968,2245,6,0.9431945538974952,0
909,6,4,11,0.4969479252231732,2171,6,0.8884502877862838,0
914,6,4,11,0.2869129033388253,2033,6,0.8884502877862838,0
890,6,4,11,1.5434220262983287,2352,6,0.8884502877862838,0
986,6,4,11,0.3656412889665948,2131,6,0.9431945538974952,0
1355,6,4,11,1.2609138088978116,2253,6,0.9431945538974952,0
1028,6,4,11,0.8431199662632437,2175,6,0.8884502877862838,0
1200,6,4,11,1.404157412086806,2278,6,0.8884502877862838,0
905,6,4,11,0.3139144322594578,2037,6,0.8884502877862838,0
850,6,4,11,0.1317323332174144,2080,6,0.8884502877862838,0
963,6,4,11,0.7197713079616094,2172,6,0.9431945538974952,0
1168,6,4,11,0.9067837899027968,2199,6,0.8884502877862838,0
905,6,4,11,1.0500273930917916,2201,6,0.9431945538974952,0
1094,6,4,11,1.284787742762644,2196,6,0.9431945538974952,0
989,6,4,11,1.133586161618705,2102,6,0.9431945538974952,0
997,6,4,11,0.6202965835248075,2118,6,0.9431945538974952,0
800,6,4,11,0.7555822087588581,2110,6,0.9431945538974952,0
1021,6,4,11,0.9187207568352131,2172,6,0.9431945538974952,0
1072,6,4,11,0.910762778880269,2180,6,0.8884502877862838,0
804,6,4,11,0.2351860466316883,1930,6,0.9431945538974952,0
1331,6,4,11,1.8498041775636784,2411,6,0.8884502877862838,0
907,6,4,11,0.699876363074249,2188,6,0.9431945538974952,0
1136,6,4,11,1.193270996280786,2307,6,0.8884502877862838,0
1261,6,4,11,1.4837371916362476,2380,6,0.8884502877862838,0
1168,6,4,11,1.6946236074422676,2292,6,0.8884502877862838,0
993,6,4,11,1.6269807948252424,2163,6,0.9431945538974952,0
1057,6,4,11,0.4690950023808687,2125,6,0.9431945538974952,0
1269,6,4,11,0.9983005363846544,2207,6,0.9431945538974952,0
1153,6,4,11,1.2768297648076998,2117,6,0.8884502877862838,0
950,6,4,11,0.9744266025198222,2172,6,0.8884502877862838,0
875,6,4,11,0.1357113221948865,2082,6,0.9431945538974952,0
1000,6,4,11,1.5115901144785522,2303,6,0.9431945538974952,0
961,6,4,11,0.2383136416874884,2095,6,0.9431945538974952,0
921,6,4,11,0.2940194873720975,2187,6,0.8884502877862838,0
1030,6,4,11,0.97044761354235,2168,6,0.9431945538974952,0
866,6,4,11,0.3139144322594578,2124,6,0.8884502877862838,0
1125,6,4,11,0.699876363074249,2226,6,0.9431945538974952,0
1046,6,4,11,1.0062585143395988,2300,6,0.8884502877862838,0
1213,6,4,11,1.173376051393426,2109,6,0.9431945538974952,0
1090,6,4,11,0.6282545614797517,2138,6,0.9431945538974952,0
1206,6,4,11,1.133586161618705,2194,6,0.9431945538974952,0
928,6,4,11,1.4916951695911915,2212,6,0.8884502877862838,0
1145,6,4,11,1.2808087537851718,2222,6,0.8884502877862838,0
929,6,4,11,0.9386157017225736,2172,6,0.8884502877862838,0
907,6,4,11,0.0035532920166361,2032,6,0.8884502877862838,0
1179,6,4,11,1.1415441395736492,2260,6,0.8884502877862838,0
973,6,4,11,0.3855362338539552,2074,6,0.8884502877862838,0
1063,6,4,11,0.5287798370429498,2128,6,0.9431945538974952,0
1285,6,4,11,2.088543516212003,2327,6,0.9431945538974952,0
943,6,4,11,0.0959214324201657,2063,6,0.9431945538974952,0
1041,6,4,11,0.5248008480654778,2196,6,0.9431945538974952,0
871,6,4,11,0.7197713079616094,2238,6,0.8884502877862838,0
998,6,4,11,0.0402155867355567,2032,6,0.9431945538974952,0
1276,6,4,11,1.3404935884472529,2257,6,0.8884502877862838,0
1193,6,4,11,0.8550569331956599,2242,6,0.8884502877862838,0
1060,6,4,11,0.7953720985335788,2062,6,0.9431945538974952,0
952,6,4,11,0.699876363074249,2154,6,0.9431945538974952,0
1152,6,4,11,1.503632136523608,2167,6,0.8884502877862838,0
994,6,4,11,1.193270996280786,2171,6,0.9431945538974952,0
982,6,4,11,0.4730739913583408,2164,6,0.8884502877862838,0
1092,6,4,11,0.8311829993308275,2088,6,0.8884502877862838,0
1290,6,4,11,1.2609138088978116,2295,6,0.9431945538974952,0
1062,6,4,11,0.8351619883082996,2253,6,0.8884502877862838,0
958,6,4,11,0.7356872638714977,2176,6,0.8884502877862838,0
1003,6,4,11,0.9744266025198222,2225,6,0.9431945538974952,0
1128,6,4,11,1.1057332387764005,2249,6,0.9431945538974952,0
969,6,4,11,0.6282545614797517,2198,6,0.8884502877862838,0
1229,6,4,11,1.5633169711856891,2169,6,0.9431945538974952,0
1001,6,4,11,0.5327588260204219,2098,6,0.8884502877862838,0
1038,6,4,11,0.6680444512544724,2213,6,0.8884502877862838,0
1105,6,4,11,0.2303556637325443,2103,6,0.9431945538974952,0
961,6,4,11,1.3046826876500044,2328,6,0.8884502877862838,0
1029,6,4,11,1.0699223379791518,2296,6,0.9431945538974952,0
850,6,4,11,0.1348599282732145,2144,6,0.8884502877862838,0
1187,6,4,11,1.2131659411681466,2237,6,0.9431945538974952,0
1256,6,4,11,0.7436452418264419,2192,6,0.9431945538974952,0
1230,6,4,11,1.7622664200592928,2266,6,0.9431945538974952,0
1009,6,4,11,0.4929689362457012,2067,6,0.9431945538974952,0
1115,6,4,11,1.1654180734384818,2222,6,0.9431945538974952,0
1290,6,4,11,0.8948468229703807,2196,6,0.8884502877862838,0
1024,6,4,11,0.6163175945473355,2113,6,0.9431945538974952,0
691,6,4,11,0.3934942118088994,2072,6,0.9431945538974952,0
1142,6,4,11,2.028858681549922,2294,6,0.8884502877862838,0
1076,6,4,11,0.6600864732995283,2219,6,0.9431945538974952,0
1057,6,4,11,0.2820825204396813,2144,6,0.8884502877862838,0
1043,6,4,11,1.495674158568664,2261,6,0.8884502877862838,0
1164,6,4,11,1.193270996280786,2232,6,0.8884502877862838,0
1018,6,4,11,1.0102375033170707,2046,6,0.9431945538974952,0
992,6,4,11,0.4929689362457012,2098,6,0.9431945538974952,0
1125,6,4,11,1.503632136523608,2317,6,0.9431945538974952,0
1064,6,4,11,0.5446957929528382,2038,6,0.9431945538974952,0
1057,6,4,11,1.292745720717588,2244,6,0.8884502877862838,0
1078,6,4,11,0.7555822087588581,2148,6,0.8884502877862838,0
709,6,4,11,0.0203206418481963,2087,6,0.9431945538974952,0
917,6,4,11,0.4054311787413155,2066,6,0.9431945538974952,0
1012,6,4,11,1.149502117528593,2236,6,0.8884502877862838,0
1085,6,4,11,0.9863635694522384,2170,6,0.9431945538974952,0
1129,6,4,11,1.3763044892445015,2154,6,0.8884502877862838,0
731,6,4,11,0.3107868372036577,1127,1,0.9431945538974952,0
699,6,4,8,0.4818833632349569,1122,12,0.9431945538974952,0
671,6,4,8,0.2073331237893838,1137,12,0.8884502877862838,0
828,6,4,8,0.0521525536679729,1162,12,0.8884502877862838,0
790,6,4,8,0.3377883661242903,1307,1,0.9431945538974952,0
820,6,4,8,0.004404685938308,1200,12,0.8884502877862838,0
774,6,4,11,0.2184186968001281,1226,1,0.9431945538974952,0
667,6,4,11,0.0800054765102774,1131,12,0.8884502877862838,0
677,6,4,11,0.3616622999891227,1376,1,0.8884502877862838,0
658,6,4,11,0.1388389172506866,1236,12,0.8884502877862838,0
816,6,4,11,0.2900404983946254,1236,12,0.8884502877862838,0
794,6,4,11,0.0083836749157801,1199,1,0.9431945538974952,0
618,6,4,11,0.4142405506179316,1132,12,0.8884502877862838,0
897,6,4,11,0.3696202779440669,1335,1,0.9431945538974952,0
755,6,4,8,0.270996947428937,1209,1,0.9431945538974952,0
571,6,4,11,0.3983245947080434,1180,12,0.9431945538974952,0
638,6,4,8,0.5137152750547335,961,1,0.9431945538974952,0
723,6,4,8,0.1189439723633262,1308,1,0.8884502877862838,0
609,6,4,11,0.0632381266787172,1210,12,0.9431945538974952,0
679,6,4,8,0.1357113221948865,1139,12,0.9431945538974952,0
622,6,4,8,0.2988498702712415,1101,12,0.8884502877862838,0
566,6,4,11,0.2590599804965208,1132,1,0.8884502877862838,0
698,6,4,8,0.2590599804965208,1183,12,0.8884502877862838,0
654,6,4,11,0.2550809915190487,1079,1,0.9431945538974952,0
694,6,4,8,0.3863876277756271,1109,12,0.8884502877862838,0
715,6,4,11,0.3099354432819858,1239,12,0.9431945538974952,0
799,6,4,8,0.2025027408902398,1309,12,0.9431945538974952,0
570,6,4,8,0.111837388330054,1215,12,0.8884502877862838,0
673,6,4,8,0.162712851115519,1194,12,0.8884502877862838,0
782,6,4,8,0.3815572448764831,1350,12,0.9431945538974952,0
711,6,4,8,0.0441945757130287,1125,12,0.8884502877862838,0
642,6,4,11,0.0154902589490523,1251,1,0.9431945538974952,0
857,6,4,11,0.1428179062281586,1308,12,0.8884502877862838,0
889,6,4,11,0.2104607188451839,1178,1,0.9431945538974952,0
683,6,4,8,0.1277533442399423,1150,1,0.9431945538974952,0
869,6,4,11,0.4054311787413155,1419,1,0.8884502877862838,0
537,6,4,11,0.1197953662849981,1169,12,0.8884502877862838,0
661,6,4,11,0.5097362860772614,1086,12,0.8884502877862838,0
596,6,4,11,0.9394670956442456,1120,12,0.9431945538974952,0
657,6,4,8,0.270996947428937,1134,12,0.9431945538974952,0
624,6,4,8,0.1237743552624702,1129,12,0.8884502877862838,0
829,6,4,8,0.4690950023808687,1379,12,0.8884502877862838,0
669,6,4,11,0.2988498702712415,1056,12,0.9431945538974952,0
700,6,4,8,0.4102615616404595,1143,1,0.8884502877862838,0
745,6,4,8,0.060110531622917,1180,1,0.8884502877862838,0
916,6,4,8,0.6242755725022796,1385,12,0.8884502877862838,0
755,6,4,8,0.0800054765102774,1064,12,0.8884502877862838,0
806,6,4,8,0.6004016386374472,1393,1,0.8884502877862838,0
749,6,4,11,0.0194692479265244,1284,12,0.9431945538974952,0
765,6,4,8,0.2820825204396813,1268,12,0.9431945538974952,0
830,6,4,11,0.0441945757130287,1130,12,0.9431945538974952,0
738,6,4,8,0.1078583993525819,1230,1,0.9431945538974952,0
672,6,4,11,0.2383136416874884,1267,1,0.9431945538974952,0
573,6,4,11,0.0919424434426936,1223,1,0.9431945538974952,0
711,6,4,8,0.2232490796992721,1166,1,0.8884502877862838,0
774,6,4,11,0.0194692479265244,1189,12,0.8884502877862838,0
626,6,4,11,0.6171689884690075,1072,12,0.9431945538974952,0
900,6,4,11,0.0632381266787172,1292,1,0.9431945538974952,0
701,6,4,8,0.004404685938308,1225,12,0.8884502877862838,0
592,6,4,11,0.326702793113546,1199,1,0.9431945538974952,0
647,6,4,8,0.2511020025415766,1336,1,0.8884502877862838,0
754,6,4,8,0.1229229613407983,1253,12,0.8884502877862838,0
831,6,4,8,0.1547548731605749,1311,1,0.8884502877862838,0
573,6,4,8,0.1436693001498306,1125,12,0.8884502877862838,0
713,6,4,11,0.0163416528707242,1233,1,0.9431945538974952,0
644,6,4,8,0.4420934734602362,1157,12,0.9431945538974952,0
769,6,4,11,0.1874381789020234,1133,12,0.9431945538974952,0
667,6,4,8,0.3505767269783785,1194,1,0.8884502877862838,0
876,6,4,8,0.0353852038364127,1211,1,0.8884502877862838,0
742,6,4,11,0.0393641928138847,1181,12,0.9431945538974952,0
647,6,4,8,0.4500514514151803,1111,1,0.9431945538974952,0
781,6,4,11,0.1905657739578236,1308,1,0.8884502877862838,0
631,6,4,11,0.1317323332174144,1076,12,0.8884502877862838,0
696,6,4,8,0.373599266921539,1322,1,0.8884502877862838,0
589,6,4,11,0.3625136939107947,1180,1,0.8884502877862838,0
751,6,4,11,0.1467968952056307,1255,12,0.9431945538974952,0
718,6,4,11,0.2033541348119117,1204,1,0.8884502877862838,0
660,6,4,11,0.6450219113113119,1110,12,0.8884502877862838,0
719,6,4,11,0.5296312309646218,1101,12,0.9431945538974952,0
651,6,4,8,0.0234482369039964,1230,1,0.8884502877862838,0
727,6,4,8,0.2630389694739928,1167,1,0.8884502877862838,0
734,6,4,11,0.270145553507265,1226,12,0.8884502877862838,0
744,6,4,8,0.0362365977580846,1277,12,0.8884502877862838,0
788,6,4,11,0.3227238041360739,1156,12,0.9431945538974952,0
733,6,4,8,0.1476482891273027,1197,12,0.8884502877862838,0
599,6,4,11,0.111837388330054,1226,12,0.9431945538974952,0
711,6,4,8,0.2192700907218,1106,1,0.9431945538974952,0
636,6,4,8,0.1666918400929911,1228,1,0.8884502877862838,0
691,6,4,11,0.0282786198031404,1208,12,0.8884502877862838,0
736,6,4,11,0.2462716196424326,1181,12,0.8884502877862838,0
718,6,4,8,0.3943456057305713,1230,1,0.8884502877862838,0
679,6,4,8,0.1746498180479352,1305,12,0.9431945538974952,0
633,6,4,11,0.4221985285728758,1037,1,0.9431945538974952,0
807,6,4,11,0.1865867849803515,1357,1,0.9431945538974952,0
579,6,4,8,0.163564245037191,1106,12,0.8884502877862838,0
717,6,4,8,0.0194692479265244,1180,1,0.8884502877862838,0
719,6,4,8,0.5208218590880057,1383,12,0.8884502877862838,0
669,6,4,11,0.1516272781047747,1213,12,0.9431945538974952,0
648,6,4,11,0.0959214324201657,1222,1,0.8884502877862838,0
780,6,4,11,0.6640654622770004,1339,1,0.9431945538974952,0
707,6,4,11,0.1109859944083821,1243,12,0.9431945538974952,0
596,6,4,11,0.1834591899245513,1321,12,0.9431945538974952,0
673,6,4,8,0.5049059031781175,1192,1,0.9431945538974952,0
750,6,4,8,0.0154902589490523,1236,1,0.9431945538974952,0
651,6,4,8,0.5694211207393426,1021,1,0.9431945538974952,0
784,6,4,8,0.3187448151586018,1232,12,0.9431945538974952,0
718,6,4,8,0.1556062670822468,1119,12,0.9431945538974952,0
735,6,4,11,0.0879634544652216,1308,1,0.9431945538974952,0
709,6,4,8,0.0314062148589406,1212,1,0.8884502877862838,0
834,6,4,8,0.3178934212369299,1275,1,0.8884502877862838,0
655,6,4,8,0.2670179584514649,1201,1,0.9431945538974952,0
706,6,4,11,0.0035532920166361,1168,12,0.9431945538974952,0
776,6,4,11,0.0203206418481963,1294,1,0.9431945538974952,0
637,6,4,11,0.1556062670822468,1130,1,0.9431945538974952,0
572,6,4,8,0.4540304403926524,1111,12,0.8884502877862838,0
618,6,4,8,0.0680685095778612,1195,1,0.9431945538974952,0
685,6,4,11,0.2988498702712415,1146,12,0.8884502877862838,0
704,6,4,8,0.2502506086199046,1261,1,0.9431945538974952,0
704,6,4,11,0.0362365977580846,1297,12,0.8884502877862838,0
683,6,4,8,0.0990490274759658,1157,12,0.8884502877862838,0
678,6,4,11,0.5017783081223173,1145,1,0.8884502877862838,0
804,6,4,11,0.0433431817913568,1205,12,0.9431945538974952,0
784,6,4,8,0.2272280686767442,1204,12,0.8884502877862838,0
585,6,4,11,0.652979889266256,1118,1,0.8884502877862838,0
922,6,4,11,0.695897374096777,1456,1,0.8884502877862838,0
739,6,4,8,0.1436693001498306,1166,12,0.8884502877862838,0
692,6,4,11,0.4500514514151803,1046,1,0.8884502877862838,0
676,6,4,8,0.1038794103751098,1155,12,0.8884502877862838,0
690,6,4,8,0.1953961568569676,1205,1,0.8884502877862838,0
655,6,4,8,0.2630389694739928,1236,1,0.9431945538974952,0
616,6,4,8,0.0720474985553333,1258,12,0.8884502877862838,0
808,6,4,8,0.4452210685160363,1299,1,0.9431945538974952,0
917,6,4,8,0.4173681456737318,1312,12,0.8884502877862838,0
892,6,4,11,0.0473221707688289,1340,1,0.8884502877862838,0
727,6,4,11,0.0592591377012451,1185,12,0.8884502877862838,0
556,6,4,11,0.5495261758519822,1063,1,0.9431945538974952,0
802,6,4,11,0.0632381266787172,1172,12,0.9431945538974952,0
780,6,4,11,0.3974732007863714,1349,1,0.8884502877862838,0
727,6,4,11,0.2462716196424326,1192,1,0.9431945538974952,0
638,6,4,11,0.0871120605435496,1158,12,0.9431945538974952,0
814,6,4,8,0.1396903111723585,1243,12,0.9431945538974952,0
809,6,4,11,0.4850109582907571,1328,1,0.9431945538974952,0
713,6,4,8,0.1914171678794955,1155,12,0.9431945538974952,0
705,6,4,11,0.3107868372036577,1203,1,0.9431945538974952,0
875,6,4,8,0.2232490796992721,1268,12,0.8884502877862838,0
718,6,4,8,0.4133891566962597,1263,1,0.8884502877862838,0
718,6,4,8,0.0362365977580846,1332,1,0.9431945538974952,0
816,6,4,11,0.3059564543045137,1302,12,0.9431945538974952,0
876,6,4,11,0.2860615094171533,1253,1,0.8884502877862838,0
644,6,4,11,0.2431440245866324,1099,1,0.8884502877862838,0
842,6,4,8,0.5526537709077823,1287,1,0.8884502877862838,0
658,6,4,8,0.3505767269783785,1023,1,0.8884502877862838,0
721,6,4,11,0.2829339143613532,1261,12,0.8884502877862838,0
780,6,4,11,0.0473221707688289,1316,12,0.8884502877862838,0
738,6,4,11,0.2979984763495695,1138,1,0.9431945538974952,0
673,6,4,11,0.1794802009470793,1126,12,0.8884502877862838,0
905,6,4,11,0.2192700907218,1208,1,0.8884502877862838,0
673,6,4,11,0.0481735646905008,1176,1,0.9431945538974952,0
655,6,4,11,0.2829339143613532,1194,12,0.8884502877862838,0
739,6,4,8,0.214439707822656,1271,12,0.8884502877862838,0
649,6,4,8,0.2550809915190487,1125,12,0.9431945538974952,0
754,6,4,11,0.3338093771468182,1353,1,0.9431945538974952,0
747,6,4,11,0.2272280686767442,1211,12,0.8884502877862838,0
749,6,4,11,0.3147658261811298,1145,12,0.9431945538974952,0
803,6,4,11,0.377578255899011,1216,12,0.9431945538974952,0
486,6,4,8,0.2988498702712415,1070,1,0.9431945538974952,0
815,6,4,11,0.4173681456737318,1284,1,0.8884502877862838,0
705,6,4,11,0.2343346527100163,1208,12,0.9431945538974952,0
635,6,4,11,0.1189439723633262,1265,1,0.9431945538974952,0
640,6,4,11,0.0282786198031404,1227,1,0.8884502877862838,0
751,6,4,8,0.4173681456737318,1191,1,0.9431945538974952,0
829,6,4,8,0.4253261236286759,1278,1,0.9431945538974952,0
627,6,4,8,0.4500514514151803,1093,1,0.9431945538974952,0
746,6,4,11,0.0751750936111334,1159,1,0.9431945538974952,0
704,6,4,11,0.0353852038364127,1246,1,0.8884502877862838,0
720,6,4,8,0.2351860466316883,1268,1,0.8884502877862838,0
681,6,4,8,0.0910910495210217,1177,12,0.9431945538974952,0
669,6,4,8,0.0680685095778612,1225,12,0.8884502877862838,0
660,6,4,8,0.3943456057305713,1086,1,0.8884502877862838,0
730,6,4,8,0.0481735646905008,1234,12,0.8884502877862838,0
837,6,4,11,0.214439707822656,1255,12,0.8884502877862838,0
775,6,4,11,0.4014521897638435,1300,12,0.9431945538974952,0
752,6,4,11,0.1874381789020234,1225,1,0.9431945538974952,0
708,6,4,11,0.3505767269783785,1208,1,0.8884502877862838,0
785,6,4,8,0.2113121127668558,1133,12,0.8884502877862838,0
620,6,4,11,0.0513011597463009,1184,12,0.9431945538974952,0
662,6,4,11,0.2073331237893838,1152,1,0.9431945538974952,0
702,6,4,11,0.2431440245866324,1148,1,0.8884502877862838,0
662,6,4,8,0.2820825204396813,1409,1,0.8884502877862838,0
613,6,4,8,0.0513011597463009,1169,12,0.9431945538974952,0
779,6,4,8,0.1826077960028794,1156,12,0.9431945538974952,0
643,6,4,8,0.0402155867355567,1200,1,0.9431945538974952,0
772,6,4,8,0.0919424434426936,1209,12,0.9431945538974952,0
594,6,4,8,0.3664926828882667,1180,12,0.8884502877862838,0
747,6,4,8,0.0919424434426936,1199,12,0.9431945538974952,0
605,6,4,11,0.2232490796992721,1232,12,0.8884502877862838,0
689,6,4,8,0.3386397600459622,1243,1,0.8884502877862838,0
797,6,4,11,0.270996947428937,1279,12,0.9431945538974952,0
747,6,4,11,0.1357113221948865,1161,12,0.9431945538974952,0
741,6,4,8,0.274975936406409,1144,1,0.8884502877862838,0
689,6,4,8,0.3028288592487136,1190,1,0.8884502877862838,0
716,6,4,11,0.2590599804965208,1178,1,0.9431945538974952,0
815,6,4,11,0.2223976857776001,1253,12,0.8884502877862838,0
709,6,4,8,0.2184186968001281,1207,12,0.8884502877862838,0
779,6,4,8,0.3656412889665948,1291,12,0.9431945538974952,0
684,6,4,8,0.163564245037191,1222,1,0.9431945538974952,0
641,6,4,11,0.0879634544652216,1114,12,0.9431945538974952,0
642,6,4,8,0.4818833632349569,1116,12,0.8884502877862838,0
733,6,4,8,0.0353852038364127,1198,12,0.9431945538974952,0
1004,6,4,8,0.3377883661242903,1247,12,0.9431945538974952,0
683,6,4,11,0.0910910495210217,1228,1,0.9431945538974952,0
802,6,4,11,0.056131542645445,1176,1,0.8884502877862838,0
658,6,4,8,0.326702793113546,1071,12,0.9431945538974952,0
651,6,4,11,0.0839844654877495,1068,1,0.8884502877862838,0
804,6,4,11,0.1308809392957424,1208,1,0.8884502877862838,0
637,6,4,11,0.3187448151586018,1191,1,0.9431945538974952,0
751,6,4,11,0.1197953662849981,1145,1,0.9431945538974952,0
645,6,4,8,0.2670179584514649,1148,1,0.9431945538974952,0
776,6,4,11,0.0800054765102774,1229,1,0.8884502877862838,0
642,6,4,11,0.2104607188451839,1211,12,0.9431945538974952,0
588,6,4,8,0.5176942640322055,1073,1,0.8884502877862838,0
737,6,4,11,0.2152911017443279,1217,1,0.8884502877862838,0
705,6,4,8,0.1237743552624702,1173,1,0.9431945538974952,0
736,6,4,11,0.0800054765102774,1259,1,0.8884502877862838,0
685,6,4,8,0.056131542645445,1253,12,0.8884502877862838,0
732,6,4,8,0.2033541348119117,1137,12,0.9431945538974952,0
743,6,4,8,0.0831330715660775,1268,12,0.8884502877862838,0
776,6,4,11,0.2223976857776001,1297,1,0.8884502877862838,0
826,6,4,8,0.0999004213976378,1159,1,0.9431945538974952,0
702,6,4,8,0.2621875755523209,1279,12,0.8884502877862838,0
800,6,4,11,0.3656412889665948,1301,1,0.8884502877862838,0
680,6,4,11,0.2948708812937694,1192,1,0.9431945538974952,0
623,6,4,8,0.1237743552624702,1211,1,0.9431945538974952,0
818,6,4,8,0.0314062148589406,1253,12,0.8884502877862838,0
576,6,4,11,0.0999004213976378,1164,12,0.8884502877862838,0
824,6,4,11,0.167543234014663,1326,1,0.9431945538974952,0
708,6,4,8,0.2979984763495695,1314,1,0.8884502877862838,0
837,6,4,8,0.2550809915190487,1115,12,0.8884502877862838,0
724,6,4,11,0.2829339143613532,1174,1,0.8884502877862838,0
732,6,4,11,0.10700700543091,1155,1,0.8884502877862838,0
618,6,4,11,0.2900404983946254,1241,1,0.9431945538974952,0
787,6,4,8,0.1388389172506866,1340,12,0.9431945538974952,0
738,6,4,11,0.2670179584514649,1150,1,0.8884502877862838,0
619,6,4,8,0.3505767269783785,1165,1,0.8884502877862838,0
746,6,4,8,0.0393641928138847,1171,12,0.8884502877862838,0
632,6,4,8,0.5216732530096777,1085,12,0.8884502877862838,0
785,6,4,11,0.2343346527100163,1269,12,0.9431945538974952,0
626,6,4,11,0.3306817820910181,1049,12,0.8884502877862838,0
676,6,4,11,0.2152911017443279,1169,12,0.8884502877862838,0
682,6,4,11,0.2630389694739928,1122,1,0.9431945538974952,0
732,6,4,8,0.0800054765102774,1271,1,0.9431945538974952,0
680,6,4,11,0.2152911017443279,1220,12,0.8884502877862838,0
642,6,4,8,0.5137152750547335,1103,12,0.9431945538974952,0
691,6,4,11,0.2462716196424326,1316,12,0.9431945538974952,0
731,6,4,11,0.2104607188451839,1289,12,0.8884502877862838,0
658,6,4,11,0.2948708812937694,1107,12,0.9431945538974952,0
524,6,4,8,0.2192700907218,1181,12,0.9431945538974952,0
665,6,4,8,0.2152911017443279,1145,12,0.9431945538974952,0
691,6,4,8,0.377578255899011,1251,12,0.9431945538974952,0
523,6,4,8,0.4062825726629875,1047,1,0.9431945538974952,0
599,6,4,11,0.1794802009470793,1097,1,0.9431945538974952,0
733,6,4,8,0.0083836749157801,1189,1,0.8884502877862838,0
802,6,4,8,0.0959214324201657,1141,1,0.8884502877862838,0
725,6,4,11,0.0123626638932521,1138,12,0.8884502877862838,0
657,6,4,8,0.0999004213976378,1108,12,0.9431945538974952,0
623,6,4,11,0.3346607710684902,1102,12,0.8884502877862838,0
710,6,4,11,0.321872410214402,1257,12,0.9431945538974952,0
595,6,4,11,0.3107868372036577,1112,1,0.8884502877862838,0
505,6,4,8,0.2630389694739928,1070,1,0.9431945538974952,0
649,6,4,11,0.2471230135641045,1161,12,0.9431945538974952,0
668,6,4,11,0.1476482891273027,1105,12,0.9431945538974952,0
662,6,4,11,0.3068078482261857,1127,1,0.8884502877862838,0
634,6,4,11,0.1038794103751098,1241,1,0.8884502877862838,0
573,6,4,8,0.1834591899245513,1086,1,0.8884502877862838,0
715,6,4,8,0.0959214324201657,1215,12,0.8884502877862838,0
617,6,4,8,0.2351860466316883,1085,12,0.9431945538974952,0
595,6,4,11,0.6131899994915354,1057,1,0.9431945538974952,0
779,6,4,11,0.1794802009470793,1208,12,0.8884502877862838,0
759,6,4,11,0.0760264875328053,1280,1,0.8884502877862838,0
619,6,4,11,0.2391650356091604,1204,12,0.8884502877862838,0
737,6,4,8,0.2391650356091604,1290,1,0.8884502877862838,0
770,6,4,11,0.4571580354484525,1224,12,0.9431945538974952,0
719,6,4,8,0.0242996308256684,1264,12,0.9431945538974952,0
680,6,4,8,0.2152911017443279,1167,1,0.8884502877862838,0
717,6,4,11,0.2391650356091604,1154,1,0.9431945538974952,0
720,6,4,8,0.1277533442399423,1238,12,0.9431945538974952,0
691,6,4,8,0.2550809915190487,1163,12,0.9431945538974952,0
673,6,4,8,0.3227238041360739,1075,1,0.9431945538974952,0
709,6,4,11,0.2511020025415766,1150,1,0.8884502877862838,0
740,6,4,8,0.004404685938308,1172,12,0.8884502877862838,0
650,6,4,8,0.0800054765102774,1278,1,0.8884502877862838,0
694,6,4,8,0.1317323332174144,1210,12,0.8884502877862838,0
729,6,4,11,0.0035532920166361,1246,12,0.9431945538974952,0
646,6,4,8,0.0910910495210217,1274,1,0.9431945538974952,0
896,6,4,11,0.3815572448764831,1242,12,0.9431945538974952,0
547,6,4,8,0.0441945757130287,1107,1,0.8884502877862838,0
795,6,4,8,0.0879634544652216,1177,12,0.9431945538974952,0
658,6,4,8,0.0720474985553333,1206,1,0.8884502877862838,0
689,6,4,8,0.2431440245866324,1178,12,0.9431945538974952,0
646,6,4,8,0.1556062670822468,1246,12,0.9431945538974952,0
584,6,4,11,0.4301565065278199,1224,12,0.8884502877862838,0
752,6,4,11,0.4452210685160363,1257,12,0.9431945538974952,0
874,6,4,8,0.0632381266787172,1321,1,0.9431945538974952,0
801,6,4,11,0.4492000574935084,1375,1,0.9431945538974952,0
822,6,4,8,0.2272280686767442,1173,12,0.9431945538974952,0
677,6,4,8,0.3664926828882667,1226,12,0.8884502877862838,0
750,6,4,11,0.10700700543091,1279,1,0.9431945538974952,0
635,6,4,8,0.1516272781047747,1266,1,0.9431945538974952,0
672,6,4,11,0.2113121127668558,1128,12,0.8884502877862838,0
612,6,4,11,0.4381144844827641,1161,1,0.9431945538974952,0
722,6,4,8,0.3147658261811298,1096,12,0.9431945538974952,0
722,6,4,11,0.2192700907218,1199,12,0.8884502877862838,0
664,6,4,8,0.0481735646905008,1291,1,0.8884502877862838,0
745,6,4,8,0.0751750936111334,1199,12,0.9431945538974952,0
698,6,4,11,0.1317323332174144,1132,12,0.9431945538974952,0
730,6,4,8,0.3107868372036577,1347,12,0.8884502877862838,0
807,6,4,8,0.536737814997894,1320,1,0.8884502877862838,0
601,6,4,11,0.3585347049333226,1099,12,0.9431945538974952,0
732,6,4,11,0.0959214324201657,1191,1,0.8884502877862838,0
847,6,4,11,0.1706708290704632,1327,12,0.8884502877862838,0
816,6,4,8,0.0353852038364127,1206,12,0.8884502877862838,0
638,6,4,8,0.056131542645445,1243,1,0.9431945538974952,0
729,6,4,8,0.0839844654877495,1202,1,0.8884502877862838,0
604,6,4,11,0.1953961568569676,1237,1,0.8884502877862838,0
846,6,4,11,0.0990490274759658,1290,1,0.8884502877862838,0
765,6,4,11,0.321872410214402,1390,1,0.8884502877862838,0
618,6,4,11,0.2303556637325443,1211,12,0.9431945538974952,0
710,6,4,8,0.270996947428937,1155,1,0.8884502877862838,0
713,6,4,11,0.1834591899245513,1123,1,0.9431945538974952,0
836,6,4,8,0.2860615094171533,1353,1,0.8884502877862838,0
778,6,4,8,0.2502506086199046,1227,12,0.8884502877862838,0
697,6,4,11,0.0959214324201657,1223,1,0.9431945538974952,0
679,6,4,8,0.2630389694739928,1145,1,0.8884502877862838,0
716,6,4,11,0.4779043742574848,1030,12,0.9431945538974952,0
832,6,4,8,0.1945447629352956,1180,12,0.9431945538974952,0
812,6,4,8,0.2979984763495695,1327,12,0.9431945538974952,0
697,6,4,8,0.2232490796992721,1233,12,0.9431945538974952,0
742,6,4,11,0.1078583993525819,1275,1,0.8884502877862838,0
741,6,4,11,0.270145553507265,1198,1,0.8884502877862838,0
675,6,4,8,0.2670179584514649,1258,12,0.8884502877862838,0
711,6,4,8,0.5137152750547335,1106,1,0.8884502877862838,0
695,6,4,8,0.1874381789020234,1175,1,0.9431945538974952,0
739,6,4,11,0.1755012119696072,1173,1,0.8884502877862838,0
646,6,4,8,0.0800054765102774,1054,1,0.9431945538974952,0
711,6,4,11,0.0322576087806125,1172,12,0.9431945538974952,0
593,6,4,11,0.652979889266256,1083,12,0.9431945538974952,0
863,6,4,8,0.1396903111723585,1251,1,0.8884502877862838,0
858,6,4,11,0.3178934212369299,1345,12,0.9431945538974952,0
768,6,4,8,0.1269019503182704,1313,1,0.8884502877862838,0
781,6,4,8,0.1834591899245513,1112,12,0.8884502877862838,0
758,6,4,8,0.1595852560597189,1111,12,0.8884502877862838,0
503,6,4,8,0.752454613703058,1020,1,0.8884502877862838,0
829,6,4,11,0.214439707822656,1237,1,0.9431945538974952,0
760,6,4,11,0.5327588260204219,1634,12,0.9431945538974952,0
478,6,4,11,0.158733862138047,1338,12,0.8884502877862838,0
855,6,4,11,0.7635401867138022,1825,12,0.9431945538974952,0
574,6,4,11,0.2582085865748488,1383,12,0.9431945538974952,0
709,6,4,11,0.3855362338539552,1407,12,0.9431945538974952,0
714,6,4,11,0.3815572448764831,1449,12,0.9431945538974952,0
677,6,4,11,0.3019774653270416,1750,12,0.9431945538974952,0
509,6,4,11,0.4094101677187876,1345,12,0.9431945538974952,0
620,6,4,11,0.1348599282732145,1450,12,0.8884502877862838,0
732,6,4,11,0.9465736796775176,1606,12,0.9431945538974952,0
780,6,4,11,0.4969479252231732,1527,12,0.8884502877862838,0
593,6,4,11,0.0839844654877495,1227,12,0.8884502877862838,0
820,6,4,11,0.6123386055698634,1562,12,0.9431945538974952,0
714,6,4,11,0.8988258119478527,1799,12,0.8884502877862838,0
660,6,4,11,0.8868888450154365,1573,12,0.9431945538974952,0
662,6,4,11,0.2263766747550722,1645,12,0.8884502877862838,0
670,6,4,11,0.0672171156561892,1446,12,0.9431945538974952,0
443,6,4,11,0.1467968952056307,1711,12,0.8884502877862838,0
800,6,4,11,0.5964226496599752,1764,12,0.9431945538974952,0
716,6,4,11,1.0420694151368477,1523,12,0.9431945538974952,0
584,6,4,11,0.0353852038364127,1239,12,0.8884502877862838,0
561,6,4,11,0.4332841015836201,1406,12,0.9431945538974952,0
854,6,4,11,0.536737814997894,1564,12,0.8884502877862838,0
853,6,4,11,0.6879393961418329,1542,12,0.8884502877862838,0
685,6,4,11,0.588464671705031,1521,12,0.8884502877862838,0
791,6,4,11,0.3178934212369299,1357,12,0.8884502877862838,0
670,6,4,11,0.640191528412168,1525,12,0.9431945538974952,0
527,6,4,11,0.1149649833858541,1258,12,0.9431945538974952,0
611,6,4,11,0.3934942118088994,1391,12,0.8884502877862838,0
515,6,4,11,0.2621875755523209,1297,12,0.9431945538974952,0
815,6,4,11,0.5049059031781175,1488,12,0.9431945538974952,0
664,6,4,11,0.3934942118088994,1464,12,0.8884502877862838,0
564,6,4,11,0.10700700543091,1367,12,0.9431945538974952,0
540,6,4,11,0.3338093771468182,1337,12,0.8884502877862838,0
592,6,4,11,0.2502506086199046,1365,12,0.9431945538974952,0
439,6,4,11,0.6282545614797517,1480,12,0.9431945538974952,0
460,6,4,11,0.3505767269783785,1276,12,0.8884502877862838,0
718,6,4,11,0.8988258119478527,1565,12,0.8884502877862838,0
512,6,4,11,0.3696202779440669,1522,12,0.9431945538974952,0
824,6,4,11,1.0261534592269592,1653,12,0.9431945538974952,0
630,6,4,11,0.2223976857776001,1237,12,0.9431945538974952,0
403,6,4,11,0.3147658261811298,1271,12,0.9431945538974952,0
417,6,4,11,0.1396903111723585,1252,12,0.9431945538974952,0
641,6,4,11,0.4054311787413155,1523,12,0.9431945538974952,0
559,6,4,11,0.5566327598852544,1567,12,0.9431945538974952,0
715,6,4,11,0.1826077960028794,1503,12,0.8884502877862838,0
652,6,4,11,0.5606117488627265,1565,12,0.8884502877862838,0
453,6,4,11,0.0115112699715802,1303,12,0.9431945538974952,0
354,6,4,11,0.0242996308256684,1239,12,0.8884502877862838,0
695,6,4,11,0.699876363074249,1732,12,0.8884502877862838,0
305,6,4,11,0.4221985285728758,1190,12,0.9431945538974952,0
524,6,4,11,0.4810319693132849,1264,12,0.9431945538974952,0
592,6,4,11,0.2582085865748488,1500,12,0.8884502877862838,0
621,6,4,11,0.1945447629352956,1299,12,0.8884502877862838,0
474,6,4,11,0.3537043220341786,1526,12,0.8884502877862838,0
724,6,4,11,0.5128638811330616,1589,12,0.9431945538974952,0
691,6,4,11,0.695897374096777,1527,12,0.8884502877862838,0
610,6,4,11,0.5168428701105336,1535,12,0.8884502877862838,0
655,6,4,11,1.081859304911568,1663,12,0.8884502877862838,0
516,6,4,11,0.0672171156561892,1391,12,0.8884502877862838,0
601,6,4,11,0.3815572448764831,1531,12,0.8884502877862838,0
533,6,4,11,1.1375651505961772,1682,12,0.9431945538974952,0
536,6,4,11,0.10700700543091,1452,12,0.9431945538974952,0
692,6,4,11,1.5871909050505215,1784,12,0.9431945538974952,0
700,6,4,11,0.266166564529793,1362,12,0.8884502877862838,0
588,6,4,11,1.0341114371819031,1659,12,0.9431945538974952,0
586,6,4,11,0.2391650356091604,1245,12,0.8884502877862838,0
308,6,4,11,0.2550809915190487,1206,12,0.8884502877862838,0
577,6,4,11,0.9147417678577412,1578,12,0.8884502877862838,0
444,6,4,11,0.0194692479265244,1440,12,0.8884502877862838,0
593,6,4,11,0.64417051738964,1342,12,0.8884502877862838,0
551,6,4,11,0.0353852038364127,1176,12,0.8884502877862838,0
658,6,4,11,0.4452210685160363,1482,12,0.9431945538974952,0
586,6,4,11,0.0871120605435496,1344,12,0.8884502877862838,0
626,6,4,11,0.3019774653270416,1312,12,0.9431945538974952,0
704,6,4,11,0.5566327598852544,1418,12,0.9431945538974952,0
582,6,4,11,0.8749518780830203,1605,12,0.8884502877862838,0
794,6,4,11,0.9226997458126852,1267,12,0.9431945538974952,0
382,6,4,11,0.2025027408902398,1442,12,0.9431945538974952,0
590,6,4,11,0.5248008480654778,1412,12,0.8884502877862838,0
757,6,4,11,0.7197713079616094,1669,12,0.8884502877862838,0
593,6,4,11,0.1826077960028794,1561,12,0.9431945538974952,0
551,6,4,11,0.2184186968001281,1235,12,0.9431945538974952,0
496,6,4,11,0.2343346527100163,1340,12,0.9431945538974952,0
773,6,4,11,0.7038553520517211,1721,12,0.8884502877862838,0
674,6,4,11,0.7555822087588581,1476,12,0.9431945538974952,0
797,6,4,11,1.6906446184647954,1846,12,0.8884502877862838,0
602,6,4,11,0.6521284953445842,1508,12,0.9431945538974952,0
668,6,4,11,0.7317082748940257,1557,12,0.9431945538974952,0
565,6,4,11,0.2422926306649605,1352,12,0.9431945538974952,0
873,6,4,11,0.270145553507265,1525,12,0.9431945538974952,0
599,6,4,11,0.373599266921539,1343,12,0.8884502877862838,0
544,6,4,11,0.2502506086199046,1478,12,0.8884502877862838,0
741,6,4,11,0.3178934212369299,1424,12,0.9431945538974952,0
620,6,4,11,0.966468624564878,1723,12,0.9431945538974952,0
460,6,4,11,0.6251269664239516,1130,12,0.8884502877862838,0
710,6,4,11,0.8948468229703807,1791,12,0.9431945538974952,0
601,6,4,11,0.1945447629352956,1458,12,0.9431945538974952,0
651,6,4,11,0.3457463440792345,1577,12,0.9431945538974952,0
489,6,4,11,0.2223976857776001,1359,12,0.9431945538974952,0
699,6,4,11,0.7794561426236906,1695,12,0.9431945538974952,0
649,6,4,11,0.2462716196424326,1595,12,0.8884502877862838,0
438,6,4,11,0.1078583993525819,1389,12,0.8884502877862838,0
609,6,4,11,0.3855362338539552,1577,12,0.8884502877862838,0
803,6,4,11,0.6004016386374472,1593,12,0.8884502877862838,0
676,6,4,11,0.266166564529793,1245,12,0.8884502877862838,0
683,6,4,11,0.1348599282732145,1602,12,0.9431945538974952,0
358,6,4,11,0.2223976857776001,1298,12,0.9431945538974952,0
507,6,4,11,0.4531790464709804,1437,12,0.9431945538974952,0
627,6,4,11,0.6362125394346959,1579,12,0.8884502877862838,0
784,6,4,11,0.1547548731605749,1449,12,0.8884502877862838,0
790,6,4,11,1.2290818970780348,1621,12,0.8884502877862838,0
419,6,4,11,0.111837388330054,1175,12,0.8884502877862838,0
601,6,4,11,0.64417051738964,1367,12,0.9431945538974952,0
638,6,4,11,0.1985237519127677,1540,12,0.9431945538974952,0
681,6,4,11,0.0154902589490523,1439,12,0.9431945538974952,0
665,6,4,11,0.6123386055698634,1420,12,0.9431945538974952,0
575,6,4,11,0.0871120605435496,1396,12,0.9431945538974952,0
596,6,4,11,0.2621875755523209,1387,12,0.9431945538974952,0
659,6,4,11,0.111837388330054,1343,12,0.8884502877862838,0
618,6,4,11,0.4492000574935084,1427,12,0.8884502877862838,0
596,6,4,11,0.2502506086199046,1491,12,0.8884502877862838,0
627,6,4,11,0.3147658261811298,1216,12,0.9431945538974952,0
593,6,4,11,0.2781035314622092,1349,12,0.9431945538974952,0
431,6,4,11,0.2582085865748488,1403,12,0.9431945538974952,0
576,6,4,11,0.3616622999891227,1500,12,0.8884502877862838,0
540,6,4,11,0.8232250213758834,1489,12,0.9431945538974952,0
757,6,4,11,0.3457463440792345,1522,12,0.8884502877862838,0
609,6,4,11,0.270145553507265,1631,12,0.8884502877862838,0
894,6,4,11,0.3338093771468182,1578,12,0.8884502877862838,0
615,6,4,11,0.4253261236286759,1345,12,0.9431945538974952,0
452,6,4,11,0.540716803975366,1411,12,0.8884502877862838,0
609,6,4,11,0.4651160134033967,1386,12,0.8884502877862838,0
635,6,4,11,0.3059564543045137,1581,12,0.9431945538974952,0
490,6,4,11,0.7356872638714977,1411,12,0.9431945538974952,0
731,6,4,11,0.9187207568352131,1544,12,0.8884502877862838,0
692,6,4,11,0.1237743552624702,1386,12,0.9431945538974952,0
645,6,4,11,0.1547548731605749,1457,12,0.9431945538974952,0
543,6,4,11,0.3934942118088994,1657,12,0.9431945538974952,0
461,6,4,11,0.1357113221948865,1290,12,0.8884502877862838,0
422,6,4,11,0.1428179062281586,1390,12,0.8884502877862838,0
524,6,4,11,0.0322576087806125,1554,12,0.8884502877862838,0
627,6,4,11,0.536737814997894,1505,12,0.9431945538974952,0
476,6,4,11,0.2431440245866324,1163,12,0.9431945538974952,0
390,6,4,11,0.3306817820910181,1257,12,0.9431945538974952,0
532,6,4,11,0.2223976857776001,1420,12,0.9431945538974952,0
649,6,4,11,0.4133891566962597,1594,12,0.9431945538974952,0
562,6,4,11,0.3537043220341786,1304,12,0.9431945538974952,0
326,6,4,11,0.1715222229921351,1225,12,0.9431945538974952,0
757,6,4,11,0.7675191756912743,1652,12,0.8884502877862838,0
519,6,4,11,0.0990490274759658,1228,12,0.8884502877862838,0
598,6,4,11,0.5924436606825031,1297,12,0.9431945538974952,0
713,6,4,11,0.2542295975973768,1577,12,0.8884502877862838,0
804,6,4,11,0.3855362338539552,1628,12,0.8884502877862838,0
507,6,4,11,0.055280148723773,1196,12,0.9431945538974952,0
398,6,4,11,0.5009269142006454,1259,12,0.9431945538974952,0
538,6,4,11,0.3616622999891227,1366,12,0.9431945538974952,0
613,6,4,11,0.2988498702712415,1179,12,0.8884502877862838,0
560,6,4,11,0.0831330715660775,1473,12,0.9431945538974952,0
762,6,4,11,1.1136912167313446,1784,12,0.9431945538974952,0
554,6,4,11,0.5486747819303103,1511,12,0.9431945538974952,0
455,6,4,11,0.0990490274759658,1296,12,0.8884502877862838,0
1058,6,4,11,0.5566327598852544,1678,12,0.8884502877862838,0
952,6,4,11,0.910762778880269,1649,12,0.9431945538974952,0
440,6,4,11,0.2542295975973768,1360,12,0.8884502877862838,0
513,6,4,11,0.5327588260204219,1532,12,0.9431945538974952,0
546,6,4,11,0.4133891566962597,1309,12,0.9431945538974952,0
534,6,4,11,0.4213471346512039,1353,12,0.9431945538974952,0
898,6,4,11,0.373599266921539,1335,12,0.9431945538974952,0
748,6,4,11,0.8948468229703807,1625,12,0.9431945538974952,0
729,6,4,11,0.158733862138047,1253,12,0.8884502877862838,0
718,6,4,11,0.0314062148589406,1325,12,0.8884502877862838,0
561,6,4,11,0.5844856827275589,1670,12,0.9431945538974952,0
571,6,4,11,0.5805066937500868,1647,12,0.8884502877862838,0
829,6,4,11,0.8391409772857716,1465,12,0.8884502877862838,0
574,6,4,11,0.6251269664239516,1374,12,0.8884502877862838,0
510,6,4,11,0.3863876277756271,1173,12,0.9431945538974952,0
560,6,4,11,1.1136912167313446,1524,12,0.8884502877862838,0
503,6,4,11,0.1149649833858541,1313,12,0.8884502877862838,0
445,6,4,11,0.10700700543091,1408,12,0.9431945538974952,0
807,6,4,11,1.2529558309428672,1661,12,0.9431945538974952,0
698,6,4,11,1.022174470249487,1652,12,0.8884502877862838,0
783,6,4,11,0.6561074843220562,1594,12,0.9431945538974952,0
537,6,4,11,0.5526537709077823,1468,12,0.9431945538974952,0
611,6,4,11,0.4969479252231732,1590,12,0.8884502877862838,0
566,6,4,11,0.540716803975366,1610,12,0.9431945538974952,0
675,6,4,11,0.0672171156561892,1253,12,0.9431945538974952,0
627,6,4,11,0.6720234402319445,1305,12,0.8884502877862838,0
595,6,4,11,0.6202965835248075,1624,12,0.9431945538974952,0
499,6,4,11,0.2104607188451839,1458,12,0.9431945538974952,0
525,6,4,11,0.3377883661242903,1415,12,0.9431945538974952,0
653,6,4,11,0.0083836749157801,1341,12,0.9431945538974952,0
805,6,4,11,0.962489635587406,1782,12,0.9431945538974952,0
414,6,4,11,0.0353852038364127,1188,12,0.9431945538974952,0
464,6,4,11,0.5773790986942867,1238,12,0.9431945538974952,0
687,6,4,11,0.5009269142006454,1602,12,0.9431945538974952,0
694,6,4,11,0.6680444512544724,1521,12,0.9431945538974952,0
706,6,4,11,0.5446957929528382,1490,12,0.9431945538974952,0
485,6,4,11,0.1038794103751098,1365,12,0.8884502877862838,0
739,6,4,11,0.0632381266787172,1455,12,0.9431945538974952,0
470,6,4,11,0.3377883661242903,1415,12,0.9431945538974952,0
431,6,4,11,0.0203206418481963,1281,12,0.8884502877862838,0
670,6,4,11,0.2621875755523209,1545,12,0.8884502877862838,0
594,6,4,11,0.540716803975366,1401,12,0.8884502877862838,0
647,6,4,11,0.5486747819303103,1511,12,0.9431945538974952,0
912,6,4,11,0.536737814997894,1483,12,0.8884502877862838,0
568,6,4,11,0.1516272781047747,1282,12,0.8884502877862838,0
482,6,4,11,0.2391650356091604,1122,12,0.9431945538974952,0
665,6,4,11,0.7595611977363301,1635,12,0.8884502877862838,0
664,6,4,11,0.4810319693132849,1586,12,0.8884502877862838,0
534,6,4,11,0.0035532920166361,1080,12,0.8884502877862838,0
496,6,4,11,0.1865867849803515,1371,12,0.9431945538974952,0
713,6,4,11,0.2383136416874884,1348,12,0.9431945538974952,0
635,6,4,11,0.8749518780830203,1738,12,0.9431945538974952,0
541,6,4,11,0.2303556637325443,1425,12,0.9431945538974952,0
381,6,4,11,0.2979984763495695,1205,12,0.8884502877862838,0
501,6,4,11,0.0919424434426936,1330,12,0.8884502877862838,0
500,6,4,11,0.3178934212369299,1459,12,0.9431945538974952,0
453,6,4,11,0.0990490274759658,1285,12,0.9431945538974952,0
856,6,4,11,0.863014911150604,1564,12,0.9431945538974952,0
634,6,4,11,0.4412420795385642,1374,12,0.9431945538974952,0
418,6,4,11,0.2979984763495695,1353,12,0.8884502877862838,0
403,6,4,11,0.004404685938308,1159,12,0.8884502877862838,0
661,6,4,11,0.3099354432819858,1515,12,0.9431945538974952,0
509,6,4,11,0.2582085865748488,1301,12,0.9431945538974952,0
576,6,4,11,0.3576833110116507,1587,12,0.8884502877862838,0
829,6,4,11,0.9028048009253248,1618,12,0.9431945538974952,0
625,6,4,11,0.2025027408902398,1275,12,0.8884502877862838,0
822,6,4,11,0.695897374096777,1561,12,0.8884502877862838,0
607,6,4,11,0.4690950023808687,1447,12,0.8884502877862838,0
568,6,4,11,0.0521525536679729,1449,12,0.9431945538974952,0
726,6,4,11,0.4810319693132849,1456,12,0.8884502877862838,0
796,6,4,11,0.0115112699715802,1454,12,0.8884502877862838,0
730,6,4,11,0.3457463440792345,1469,12,0.9431945538974952,0
519,6,4,11,0.1388389172506866,1338,12,0.8884502877862838,0
647,6,4,11,0.536737814997894,1589,12,0.9431945538974952,0
654,6,4,11,0.6640654622770004,1763,12,0.9431945538974952,0
686,6,4,11,0.6362125394346959,1483,12,0.9431945538974952,0
412,6,4,11,0.2303556637325443,1352,12,0.9431945538974952,0
608,6,4,11,0.2422926306649605,1614,12,0.9431945538974952,0
411,6,4,11,0.0362365977580846,1023,12,0.8884502877862838,0
662,6,4,11,0.807309065465995,1486,12,0.9431945538974952,0
971,6,4,11,0.9187207568352131,1627,12,0.8884502877862838,0
605,6,4,11,0.699876363074249,1754,12,0.9431945538974952,0
507,6,4,11,0.5248008480654778,1419,12,0.9431945538974952,0
495,6,4,11,0.0959214324201657,1284,12,0.9431945538974952,0
508,6,4,11,0.3815572448764831,1417,12,0.8884502877862838,0
698,6,4,11,0.377578255899011,1449,12,0.8884502877862838,0
575,6,4,11,0.0950700384984938,1429,12,0.8884502877862838,0
596,6,4,11,0.4730739913583408,1418,12,0.9431945538974952,0
441,6,4,11,0.266166564529793,1392,12,0.9431945538974952,0
575,6,4,11,0.1436693001498306,1133,12,0.8884502877862838,0
693,6,4,11,0.8431199662632437,1560,12,0.8884502877862838,0
479,6,4,11,0.1189439723633262,1336,12,0.9431945538974952,0
636,6,4,11,0.4094101677187876,1377,12,0.9431945538974952,0
595,6,4,11,0.4690950023808687,1254,12,0.8884502877862838,0
694,6,4,11,0.7595611977363301,1576,12,0.9431945538974952,0
682,6,4,11,0.5685697268176706,1447,12,0.9431945538974952,0
574,6,4,11,0.3019774653270416,1351,12,0.8884502877862838,0
529,6,4,11,0.377578255899011,1531,12,0.9431945538974952,0
716,6,4,11,0.7038553520517211,1455,12,0.8884502877862838,0
654,6,4,11,0.0242996308256684,1469,12,0.8884502877862838,0
677,6,4,11,0.2422926306649605,1525,12,0.9431945538974952,0
701,6,4,11,0.162712851115519,1528,12,0.8884502877862838,0
733,6,4,11,0.5128638811330616,1265,12,0.9431945538974952,0
660,6,4,11,0.3019774653270416,1402,12,0.8884502877862838,0
581,6,4,11,0.0282786198031404,1415,12,0.9431945538974952,0
429,6,4,11,0.2582085865748488,1290,12,0.8884502877862838,0
625,6,4,11,0.3497253330567065,1531,12,0.9431945538974952,0
367,6,4,11,0.1467968952056307,1317,12,0.8884502877862838,0
785,6,4,11,0.7317082748940257,1586,12,0.8884502877862838,0
662,6,4,11,1.3842624671994457,1565,12,0.8884502877862838,0
663,6,4,11,0.266166564529793,1547,12,0.9431945538974952,0
534,6,4,11,0.3377883661242903,1326,12,0.9431945538974952,0
823,6,4,11,0.4253261236286759,1373,12,0.8884502877862838,0
587,6,4,11,0.266166564529793,1433,12,0.9431945538974952,0
607,6,4,11,0.0314062148589406,1359,12,0.8884502877862838,0
389,6,4,11,0.0393641928138847,1178,12,0.9431945538974952,0
457,6,4,11,0.5486747819303103,1456,12,0.8884502877862838,0
665,6,4,11,0.266166564529793,1475,12,0.9431945538974952,0
811,6,4,11,0.1308809392957424,1309,12,0.8884502877862838,0
635,6,4,11,0.6680444512544724,1483,12,0.9431945538974952,0
604,6,4,11,0.2184186968001281,1465,12,0.9431945538974952,0
745,6,4,11,0.807309065465995,1648,12,0.8884502877862838,0
461,6,4,11,0.3585347049333226,1174,12,0.8884502877862838,0
597,6,4,11,0.4690950023808687,1283,12,0.9431945538974952,0
697,6,4,11,0.5844856827275589,1442,12,0.8884502877862838,0
643,6,4,11,0.0075322809941081,1489,12,0.9431945538974952,0
564,6,4,11,0.1277533442399423,1460,12,0.9431945538974952,0
518,6,4,11,0.5924436606825031,1570,12,0.9431945538974952,0
514,6,4,11,0.0950700384984938,1483,12,0.9431945538974952,0
557,6,4,11,0.1666918400929911,1141,12,0.8884502877862838,0
638,6,4,11,0.1428179062281586,1384,12,0.8884502877862838,0
735,6,4,11,0.4372630905610921,1730,12,0.9431945538974952,0
651,6,4,11,0.1706708290704632,1739,12,0.9431945538974952,0
734,6,4,11,0.2940194873720975,1425,12,0.8884502877862838,0
684,6,4,11,1.0301324482044312,1640,12,0.9431945538974952,0
592,6,4,11,0.8431199662632437,1745,12,0.8884502877862838,0
582,6,4,11,0.4452210685160363,1534,12,0.8884502877862838,0
747,6,4,11,0.4094101677187876,1432,12,0.8884502877862838,0
574,6,4,11,0.1428179062281586,1405,12,0.9431945538974952,0
701,6,4,11,0.9863635694522384,1573,12,0.9431945538974952,0
532,6,4,11,0.060110531622917,1378,12,0.9431945538974952,0
414,6,4,11,0.2431440245866324,1459,12,0.8884502877862838,0
828,6,4,11,0.7794561426236906,1762,12,0.9431945538974952,0
603,6,4,11,0.2422926306649605,1492,12,0.8884502877862838,0
566,6,4,11,0.8470989552407158,1571,12,0.8884502877862838,0
355,6,4,11,0.1078583993525819,1127,12,0.8884502877862838,0
712,6,4,11,0.0831330715660775,1412,12,0.8884502877862838,0
796,6,4,11,1.1375651505961772,1578,12,0.8884502877862838,0
620,6,4,11,0.6760024292094166,1625,12,0.9431945538974952,0
588,6,4,11,0.3178934212369299,1413,12,0.8884502877862838,0
718,6,4,11,0.3338093771468182,1392,12,0.8884502877862838,0
577,6,4,11,0.5486747819303103,1325,12,0.9431945538974952,0
700,6,4,11,0.9306577237676292,1442,12,0.8884502877862838,0
649,6,4,11,0.8311829993308275,1391,12,0.8884502877862838,0
761,6,4,11,1.0102375033170707,1642,12,0.9431945538974952,0
676,6,4,11,0.1158163773075261,1320,12,0.9431945538974952,0
605,6,4,11,0.588464671705031,1598,12,0.8884502877862838,0
769,6,4,11,0.6720234402319445,1453,12,0.8884502877862838,0
544,6,4,11,0.640191528412168,1312,12,0.8884502877862838,0
631,6,4,11,0.4770529803358129,1554,12,0.9431945538974952,0
579,6,4,11,0.3178934212369299,1392,12,0.9431945538974952,0
589,6,4,11,0.2223976857776001,1480,12,0.9431945538974952,0
685,6,4,11,0.5248008480654778,1324,12,0.9431945538974952,0
802,6,4,11,0.4810319693132849,1526,12,0.8884502877862838,0
582,6,4,11,0.4014521897638435,1460,12,0.9431945538974952,0
462,6,4,11,0.541568197897038,1178,12,0.9431945538974952,0
545,6,4,11,0.5566327598852544,1658,12,0.9431945538974952,0
772,6,4,11,0.7157923189841373,1354,12,0.8884502877862838,0
646,6,4,11,0.6481495063671121,1698,12,0.8884502877862838,0
698,6,4,11,0.4213471346512039,1504,12,0.9431945538974952,0
633,6,4,11,0.4969479252231732,1355,12,0.9431945538974952,0
520,6,4,11,0.3576833110116507,1509,12,0.8884502877862838,0
520,6,4,11,0.4173681456737318,1376,12,0.8884502877862838,0
523,6,4,11,0.2064817298677118,1410,12,0.8884502877862838,0
579,6,4,11,0.4213471346512039,1399,12,0.8884502877862838,0
830,6,4,11,0.6481495063671121,1577,12,0.8884502877862838,0
572,6,4,11,0.2192700907218,1237,12,0.8884502877862838,0
693,6,4,11,0.2025027408902398,1438,12,0.9431945538974952,0
697,6,4,11,0.6043806276149193,1473,12,0.9431945538974952,0
894,6,4,11,1.3683465112895574,1817,12,0.8884502877862838,0
615,6,4,11,0.3863876277756271,1313,12,0.9431945538974952,0
640,6,4,11,0.4850109582907571,1699,12,0.9431945538974952,0
491,6,4,11,0.1269019503182704,1579,12,0.9431945538974952,0
727,6,4,11,0.7396662528489698,1569,12,0.9431945538974952,0
668,6,4,11,0.5486747819303103,1502,12,0.9431945538974952,0
495,6,4,11,0.0513011597463009,1304,12,0.9431945538974952,0
633,6,4,11,0.6242755725022796,1423,12,0.8884502877862838,0
499,6,4,11,0.2263766747550722,1580,12,0.8884502877862838,0
838,6,4,11,1.1375651505961772,1561,12,0.9431945538974952,0
310,6,4,11,0.0680685095778612,1462,12,0.8884502877862838,0
592,6,4,11,0.1317323332174144,1319,12,0.8884502877862838,0
1496,6,4,6,1.726455519262044,3026,12,0.8884502877862838,1
1372,6,4,11,0.6760024292094166,2920,12,0.8884502877862838,1
1544,6,4,11,0.6282545614797517,2606,12,0.9431945538974952,1
1464,6,4,1,1.177355040370898,3254,12,0.9431945538974952,1
1150,6,4,11,0.97044761354235,3028,12,0.8884502877862838,1
1234,6,4,1,1.2768297648076998,3036,12,0.9431945538974952,1
1307,6,4,1,1.4359893239065826,2894,12,0.9431945538974952,1
1659,6,4,6,1.7344134972169882,3369,12,0.8884502877862838,1
1070,6,4,6,0.5446957929528382,2967,12,0.9431945538974952,1
915,6,4,11,0.64417051738964,2489,12,0.9431945538974952,1
1563,6,4,6,1.4638422467488872,2984,12,0.9431945538974952,1
1478,6,4,1,1.4001784231093342,3518,12,0.8884502877862838,1
1230,6,4,1,0.6004016386374472,2656,12,0.8884502877862838,1
1380,6,4,6,0.751603219781386,3047,12,0.8884502877862838,1
1403,6,4,6,1.4916951695911915,3335,12,0.8884502877862838,1
1323,6,4,11,1.2012289742357305,2787,12,0.9431945538974952,1
1440,6,4,11,1.92938395711312,3049,12,0.9431945538974952,1
1468,6,4,11,1.4280313459516385,3447,12,0.9431945538974952,1
1303,6,4,1,1.5911698940279937,3318,12,0.8884502877862838,1
1572,6,4,1,1.284787742762644,3143,12,0.8884502877862838,1
1529,6,4,11,1.6468757397126026,3147,12,0.9431945538974952,1
1046,6,4,6,0.3338093771468182,2320,12,0.9431945538974952,1
1610,6,4,11,1.921425979158176,3371,12,0.8884502877862838,1
1146,6,4,6,1.4598632577714152,2889,12,0.9431945538974952,1
1128,6,4,11,1.4638422467488872,2859,12,0.9431945538974952,1
1617,6,4,1,1.0062585143395988,3297,12,0.8884502877862838,1
1696,6,4,1,2.0010057587076173,3158,12,0.8884502877862838,1
1469,6,4,11,1.5513800042532728,2684,12,0.9431945538974952,1
1396,6,4,1,1.284787742762644,3094,12,0.8884502877862838,1
1454,6,4,1,1.1296071726412331,3184,12,0.8884502877862838,1
1518,6,4,11,1.6309597838027143,3390,12,0.9431945538974952,1
1639,6,4,6,1.6389177617576585,2884,12,0.9431945538974952,1
1636,6,4,1,1.7463504641494043,3549,12,0.9431945538974952,1
1058,6,4,11,0.8192460323984113,2743,12,0.9431945538974952,1
991,6,4,1,0.3338093771468182,2837,12,0.8884502877862838,1
1593,6,4,11,1.1574600954835377,2736,12,0.8884502877862838,1
1451,6,4,1,1.0540063820692636,2903,12,0.8884502877862838,1
1262,6,4,6,1.4121153900417502,2598,12,0.9431945538974952,1
1483,6,4,1,1.6906446184647954,3217,12,0.9431945538974952,1
1660,6,4,1,0.6799814181868887,2642,12,0.9431945538974952,1
1170,6,4,6,0.2542295975973768,2496,12,0.8884502877862838,1
1528,6,4,1,1.3245776325373646,2969,12,0.8884502877862838,1
1478,6,4,6,2.156186328829028,3553,12,0.9431945538974952,1
1109,6,4,1,1.29672470969506,2871,12,0.9431945538974952,1
1230,6,4,11,0.9943215474071824,2668,12,0.8884502877862838,1
1137,6,4,6,0.7714981646687463,2682,12,0.8884502877862838,1
1184,6,4,11,1.1455231285511214,3113,12,0.9431945538974952,1
1321,6,4,1,1.1892920073033142,2590,12,0.8884502877862838,1
1447,6,4,1,1.388241456176918,3107,12,0.9431945538974952,1
1241,6,4,1,1.2768297648076998,2812,12,0.9431945538974952,1
1139,6,4,11,0.4651160134033967,2368,12,0.9431945538974952,1
1364,6,4,6,1.0937962718439844,2868,12,0.9431945538974952,1
1314,6,4,6,1.125628183663761,3328,12,0.8884502877862838,1
1115,6,4,6,1.014216492294543,2473,12,0.8884502877862838,1
1298,6,4,11,0.5287798370429498,2529,12,0.8884502877862838,1
1590,6,4,11,1.4916951695911915,3511,12,0.8884502877862838,1
1477,6,4,11,0.9028048009253248,2710,12,0.9431945538974952,1
1058,6,4,6,1.173376051393426,3152,12,0.8884502877862838,1
1343,6,4,1,1.073901326956624,2623,12,0.8884502877862838,1
1489,6,4,6,1.0540063820692636,2758,12,0.8884502877862838,1
1560,6,4,11,0.9863635694522384,3098,12,0.9431945538974952,1
1287,6,4,11,1.1534811065060655,2812,12,0.8884502877862838,1
1384,6,4,11,1.2489768419653953,3219,12,0.8884502877862838,1
1007,6,4,6,1.2768297648076998,2829,12,0.8884502877862838,1
1360,6,4,6,0.7436452418264419,2625,12,0.9431945538974952,1
1352,6,4,11,0.9067837899027968,2810,12,0.8884502877862838,1
1230,6,4,6,0.6919183851193049,2702,12,0.8884502877862838,1
1140,6,4,6,0.4889899472682291,2769,12,0.9431945538974952,1
1177,6,4,11,1.1892920073033142,2775,12,0.8884502877862838,1
1498,6,4,1,1.499653147546136,3043,12,0.9431945538974952,1
1499,6,4,1,1.0261534592269592,3068,12,0.8884502877862838,1
1532,6,4,11,1.292745720717588,3117,12,0.9431945538974952,1
1605,6,4,1,1.4121153900417502,2842,12,0.8884502877862838,1
1121,6,4,1,1.0500273930917916,2766,12,0.8884502877862838,1
1797,6,4,6,1.6031068609604098,3298,12,0.8884502877862838,1
1140,6,4,11,0.8311829993308275,2838,12,0.9431945538974952,1
1411,6,4,11,1.5871909050505215,3107,12,0.9431945538974952,1
1320,6,4,11,0.8789308670604924,2830,12,0.9431945538974952,1
1250,6,4,1,0.0274272258814685,2245,12,0.8884502877862838,1
1189,6,4,11,0.7197713079616094,2710,12,0.8884502877862838,1
1558,6,4,6,1.766245409036765,3336,12,0.8884502877862838,1
1388,6,4,11,0.9823845804747664,2914,12,0.8884502877862838,1
1436,6,4,11,1.3484515664021972,3033,12,0.9431945538974952,1
1416,6,4,6,0.9226997458126852,2676,12,0.8884502877862838,1
1663,6,4,11,2.2357661083784697,3568,12,0.8884502877862838,1
1691,6,4,11,1.559337982208217,3519,12,0.9431945538974952,1
1488,6,4,1,1.5115901144785522,2980,12,0.8884502877862838,1
1270,6,4,11,0.6362125394346959,2746,12,0.9431945538974952,1
1177,6,4,6,0.8908678339929086,2530,12,0.8884502877862838,1
1446,6,4,6,1.2410188640104511,3273,12,0.9431945538974952,1
1539,6,4,11,1.9691738468878408,3512,12,0.9431945538974952,1
1636,6,4,6,1.889594067338399,3510,12,0.9431945538974952,1
1189,6,4,1,1.825930243698846,3110,12,0.9431945538974952,1
1024,6,4,6,1.2768297648076998,2952,12,0.8884502877862838,1
1324,6,4,6,1.2290818970780348,3034,12,0.9431945538974952,1
1301,6,4,11,0.807309065465995,2777,12,0.9431945538974952,1
1196,6,4,1,0.6799814181868887,2857,12,0.9431945538974952,1
1266,6,4,1,1.3922204451543898,3001,12,0.8884502877862838,1
1711,6,4,11,1.0898172828665122,3120,12,0.8884502877862838,1
1140,6,4,6,1.2052079632132024,3203,12,0.9431945538974952,1
1639,6,4,6,1.3842624671994457,3325,12,0.8884502877862838,1
1510,6,4,1,0.8112880544434671,2714,12,0.9431945538974952,1
1460,6,4,1,0.8192460323984113,3306,12,0.9431945538974952,1
1374,6,4,1,1.5434220262983287,3204,12,0.9431945538974952,1
1328,6,4,1,1.1614390844610096,2696,12,0.8884502877862838,1
1420,6,4,1,1.233060886055507,3375,12,0.9431945538974952,1
1471,6,4,11,1.1892920073033142,2744,12,0.9431945538974952,1
1505,6,4,11,1.1017542497989286,3385,12,0.8884502877862838,1
1425,6,4,1,1.233060886055507,2799,12,0.8884502877862838,1
1540,6,4,6,1.5434220262983287,3194,12,0.9431945538974952,1
1547,6,4,6,1.2808087537851718,3279,12,0.8884502877862838,1
1536,6,4,6,1.0380904261593753,3266,12,0.9431945538974952,1
1582,6,4,1,1.9492789020004804,3411,12,0.9431945538974952,1
1369,6,4,6,0.8669939001280762,2595,12,0.8884502877862838,1
1449,6,4,11,1.447926290838999,3219,12,0.9431945538974952,1
1312,6,4,6,0.3934942118088994,3081,12,0.9431945538974952,1
1445,6,4,11,1.6269807948252424,2968,12,0.8884502877862838,1
1306,6,4,11,1.2052079632132024,3185,12,0.9431945538974952,1
1439,6,4,11,1.404157412086806,3245,12,0.8884502877862838,1
1061,6,4,1,0.7714981646687463,2766,12,0.9431945538974952,1
1301,6,4,6,1.5434220262983287,3376,12,0.8884502877862838,1
1488,6,4,11,1.2609138088978116,2888,12,0.9431945538974952,1
1626,6,4,1,1.4359893239065826,2716,12,0.9431945538974952,1
846,6,4,11,0.7038553520517211,2492,12,0.8884502877862838,1
1254,6,4,11,0.270145553507265,2756,12,0.8884502877862838,1
1429,6,4,1,0.9983005363846544,3136,12,0.9431945538974952,1
1131,6,4,1,0.540716803975366,2655,12,0.9431945538974952,1
1406,6,4,11,0.9346367127451014,3257,12,0.9431945538974952,1
1435,6,4,6,0.9863635694522384,2856,12,0.9431945538974952,1
1220,6,4,6,0.97044761354235,2993,12,0.8884502877862838,1
1285,6,4,1,1.7980773208565417,3200,12,0.9431945538974952,1
1496,6,4,11,1.2171449301456188,2978,12,0.8884502877862838,1
1310,6,4,1,0.7396662528489698,2508,12,0.8884502877862838,1
1396,6,4,1,1.1892920073033142,2813,12,0.8884502877862838,1
1391,6,4,6,1.4837371916362476,3238,12,0.9431945538974952,1
969,6,4,1,1.0579853710467355,2942,12,0.8884502877862838,1
1439,6,4,6,1.0898172828665122,2594,12,0.8884502877862838,1
1226,6,4,1,0.5248008480654778,2452,12,0.9431945538974952,1
1253,6,4,11,1.3842624671994457,2923,12,0.9431945538974952,1
1295,6,4,1,0.6879393961418329,2406,12,0.8884502877862838,1
1098,6,4,11,0.9386157017225736,2853,12,0.8884502877862838,1
1295,6,4,6,0.7237502969390814,2427,12,0.9431945538974952,1
1466,6,4,1,1.0699223379791518,3142,12,0.8884502877862838,1
1242,6,4,1,0.8868888450154365,2972,12,0.9431945538974952,1
1234,6,4,11,0.8948468229703807,2559,12,0.8884502877862838,1
1322,6,4,6,1.2688717868527557,3077,12,0.9431945538974952,1
1508,6,4,6,1.0500273930917916,3030,12,0.8884502877862838,1
1043,6,4,6,0.6680444512544724,2619,12,0.8884502877862838,1
1602,6,4,1,1.4399683128840548,2958,12,0.9431945538974952,1
1114,6,4,6,1.1017542497989286,2997,12,0.9431945538974952,1
1660,6,4,6,1.0898172828665122,2792,12,0.9431945538974952,1
1113,6,4,6,0.8272040103533554,2920,12,0.8884502877862838,1
1608,6,4,1,0.9983005363846544,2826,12,0.8884502877862838,1
1261,6,4,6,0.5009269142006454,2517,12,0.9431945538974952,1
1410,6,4,11,1.3007036986725322,2696,12,0.9431945538974952,1
1303,6,4,6,1.2410188640104511,3163,12,0.8884502877862838,1
1131,6,4,11,0.8431199662632437,2483,12,0.8884502877862838,1
1429,6,4,1,1.7065605743746837,3210,12,0.9431945538974952,1
1038,6,4,6,0.640191528412168,2293,12,0.9431945538974952,1
1461,6,4,1,1.3683465112895574,2966,12,0.9431945538974952,1
1401,6,4,6,0.8152670434209391,3044,12,0.9431945538974952,1
1430,6,4,11,0.9346367127451014,2544,12,0.8884502877862838,1
1278,6,4,6,0.9386157017225736,2733,12,0.9431945538974952,1
1563,6,4,6,1.3166196545824205,2962,12,0.8884502877862838,1
1437,6,4,11,1.292745720717588,2858,12,0.9431945538974952,1
1523,6,4,11,1.3763044892445015,3006,12,0.8884502877862838,1
1581,6,4,6,1.5195480924334963,3162,12,0.9431945538974952,1
1260,6,4,1,0.4969479252231732,2477,12,0.8884502877862838,1
1345,6,4,1,0.803330076488523,2685,12,0.8884502877862838,1
1293,6,4,1,1.2410188640104511,2978,12,0.8884502877862838,1
995,6,4,6,0.5805066937500868,2438,12,0.8884502877862838,1
1693,6,4,1,1.3603885333346133,2761,12,0.8884502877862838,1
1375,6,4,6,1.555358993230745,2916,12,0.8884502877862838,1
1740,6,4,11,1.921425979158176,3444,12,0.9431945538974952,1
1325,6,4,6,0.2303556637325443,2431,12,0.9431945538974952,1
1295,6,4,6,0.7078343410291932,2776,12,0.9431945538974952,1
972,6,4,11,0.5486747819303103,2563,12,0.8884502877862838,1
1223,6,4,11,1.4001784231093342,2973,12,0.9431945538974952,1
1258,6,4,6,0.9067837899027968,2752,12,0.9431945538974952,1
1570,6,4,1,1.4757792136813035,3029,12,0.9431945538974952,1
1329,6,4,11,0.9425946907000456,2813,12,0.9431945538974952,1
1281,6,4,11,0.9823845804747664,3195,12,0.8884502877862838,1
1346,6,4,6,1.1693970624159538,3168,12,0.9431945538974952,1
1833,6,4,11,1.8418461996087343,3495,12,0.9431945538974952,1
1533,6,4,1,1.4837371916362476,3380,12,0.9431945538974952,1
1802,6,4,6,1.4200733679966944,3300,12,0.9431945538974952,1
1557,6,4,6,1.0937962718439844,2832,12,0.9431945538974952,1
1465,6,4,11,1.3603885333346133,3017,12,0.8884502877862838,1
1407,6,4,11,1.0619643600242077,3026,12,0.9431945538974952,1
1412,6,4,1,1.193270996280786,3300,12,0.9431945538974952,1
966,6,4,6,0.6242755725022796,2465,12,0.8884502877862838,1
1439,6,4,11,1.607085849937882,3483,12,0.8884502877862838,1
1393,6,4,6,1.4678212357263594,3243,12,0.8884502877862838,1
1138,6,4,6,0.5526537709077823,3053,12,0.8884502877862838,1
1013,6,4,6,1.2728507758302277,2491,12,0.9431945538974952,1
1423,6,4,1,1.0619643600242077,2451,12,0.9431945538974952,1
1190,6,4,1,1.5314850593659124,2771,12,0.9431945538974952,1
1185,6,4,6,0.6879393961418329,3034,12,0.8884502877862838,1
1401,6,4,6,0.8550569331956599,2387,12,0.9431945538974952,1
1081,6,4,11,0.5964226496599752,2664,12,0.8884502877862838,1
1099,6,4,11,0.6481495063671121,2469,12,0.9431945538974952,1
1247,6,4,6,0.3537043220341786,2523,12,0.9431945538974952,1
1143,6,4,1,0.8908678339929086,2387,12,0.9431945538974952,1
1065,6,4,1,1.244997852987923,3082,12,0.8884502877862838,1
1608,6,4,6,1.559337982208217,3211,12,0.8884502877862838,1
1626,6,4,6,1.7184975413071,3013,12,0.9431945538974952,1
1174,6,4,6,0.8431199662632437,3220,12,0.9431945538974952,1
1161,6,4,6,1.133586161618705,2585,12,0.8884502877862838,1
1292,6,4,1,0.9306577237676292,2710,12,0.9431945538974952,1
1374,6,4,1,1.4877161806137198,3027,12,0.9431945538974952,1
1425,6,4,1,1.3166196545824205,3211,12,0.9431945538974952,1
1470,6,4,6,1.4797582026587754,3493,12,0.8884502877862838,1
1278,6,4,6,1.06594334900168,3401,12,0.9431945538974952,1
1636,6,4,11,1.6031068609604098,3190,12,0.8884502877862838,1
1352,6,4,6,0.8988258119478527,2846,12,0.8884502877862838,1
1290,6,4,1,1.06594334900168,3138,12,0.9431945538974952,1
1630,6,4,1,1.0500273930917916,2782,12,0.9431945538974952,1
1459,6,4,11,1.0261534592269592,3247,12,0.9431945538974952,1
1634,6,4,6,1.149502117528593,2904,12,0.8884502877862838,1
1290,6,4,11,1.3285566215148368,3090,12,0.9431945538974952,1
1418,6,4,6,1.125628183663761,3274,12,0.8884502877862838,1
1240,6,4,1,1.7105395633521558,3095,12,0.9431945538974952,1
1308,6,4,6,0.7317082748940257,2599,12,0.8884502877862838,1
1271,6,4,1,1.4280313459516385,3230,12,0.8884502877862838,1
1572,6,4,11,0.966468624564878,2862,12,0.9431945538974952,1
1177,6,4,11,1.1017542497989286,3096,12,0.9431945538974952,1
1449,6,4,6,1.0858382938890403,2895,12,0.8884502877862838,1
1440,6,4,11,1.284787742762644,3204,12,0.9431945538974952,1
1291,6,4,11,0.5765277047726147,2482,12,0.8884502877862838,1
1329,6,4,11,1.0102375033170707,2436,12,0.8884502877862838,1
1469,6,4,11,1.2609138088978116,3004,12,0.9431945538974952,1
1169,6,4,11,1.5991278719829378,2994,12,0.8884502877862838,1
1141,6,4,6,1.4399683128840548,3064,12,0.8884502877862838,1
1138,6,4,11,1.2648927978752835,2722,12,0.8884502877862838,1
1137,6,4,1,0.7118133300066652,2797,12,0.8884502877862838,1
931,6,4,1,0.6720234402319445,2590,12,0.8884502877862838,1
1142,6,4,11,1.1415441395736492,2698,12,0.8884502877862838,1
1211,6,4,6,0.9545316576324616,2666,12,0.8884502877862838,1
1249,6,4,6,1.3205986435598926,3033,12,0.8884502877862838,1
1281,6,4,1,1.244997852987923,2881,12,0.8884502877862838,1
1166,6,4,11,0.863014911150604,2617,12,0.8884502877862838,1
1294,6,4,1,1.2290818970780348,2654,12,0.9431945538974952,1
1367,6,4,1,1.4797582026587754,2981,12,0.9431945538974952,1
1325,6,4,1,1.1892920073033142,2914,12,0.8884502877862838,1
1201,6,4,1,1.29672470969506,3122,12,0.9431945538974952,1
1473,6,4,6,1.388241456176918,3039,12,0.8884502877862838,1
1101,6,4,6,0.8550569331956599,2332,12,0.9431945538974952,1
1287,6,4,6,1.3245776325373646,3016,12,0.8884502877862838,1
1367,6,4,1,0.751603219781386,3398,12,0.8884502877862838,1
1355,6,4,6,1.619022816870298,3011,12,0.9431945538974952,1
1161,6,4,6,0.966468624564878,2704,12,0.8884502877862838,1
1307,6,4,1,0.9545316576324616,2406,12,0.9431945538974952,1
1297,6,4,1,0.7277292859165536,2544,12,0.9431945538974952,1
1407,6,4,11,0.5805066937500868,2671,12,0.8884502877862838,1
1152,6,4,11,0.7396662528489698,2711,12,0.9431945538974952,1
1393,6,4,1,1.455884268793943,3010,12,0.8884502877862838,1
1175,6,4,1,0.7714981646687463,2575,12,0.9431945538974952,1
1042,6,4,11,0.8470989552407158,2804,12,0.8884502877862838,1
1155,6,4,1,0.5446957929528382,2512,12,0.8884502877862838,1
1053,6,4,1,0.8152670434209391,2385,12,0.8884502877862838,1
1397,6,4,1,0.6521284953445842,2641,12,0.8884502877862838,1
1663,6,4,1,1.5792329270955774,3207,12,0.8884502877862838,1
1197,6,4,1,0.7754771536462185,2388,12,0.8884502877862838,1
1271,6,4,11,1.0102375033170707,2745,12,0.8884502877862838,1
1332,6,4,11,1.1534811065060655,2901,12,0.9431945538974952,1
1695,6,4,6,1.766245409036765,3076,12,0.9431945538974952,1
1390,6,4,6,1.4837371916362476,3013,12,0.8884502877862838,1
1696,6,4,1,1.5752539381181052,2906,12,0.9431945538974952,1
1435,6,4,11,1.1136912167313446,2954,12,0.9431945538974952,1
1366,6,4,1,1.2688717868527557,2755,12,0.8884502877862838,1
1162,6,4,6,0.8669939001280762,2698,12,0.9431945538974952,1
1227,6,4,11,1.2052079632132024,2921,12,0.9431945538974952,1
1279,6,4,1,0.5765277047726147,2763,12,0.9431945538974952,1
849,6,4,11,0.695897374096777,2402,12,0.8884502877862838,1
1280,6,4,1,1.344472577424725,2897,12,0.8884502877862838,1
1607,6,4,11,0.7118133300066652,2908,12,0.8884502877862838,1
1569,6,4,6,0.910762778880269,3203,12,0.9431945538974952,1
1089,6,4,11,1.237039875032979,2779,12,0.9431945538974952,1
1243,6,4,1,1.2808087537851718,2898,12,0.8884502877862838,1
1336,6,4,11,1.5513800042532728,3104,12,0.9431945538974952,1
1643,6,4,11,1.5394430373208567,3463,12,0.8884502877862838,1
1615,6,4,11,0.8272040103533554,3108,12,0.9431945538974952,1
1487,6,4,1,1.1176702057088168,3110,12,0.9431945538974952,1
1317,6,4,11,0.7635401867138022,2620,12,0.8884502877862838,1
1311,6,4,1,1.726455519262044,3295,12,0.8884502877862838,1
1383,6,4,1,0.8470989552407158,2542,12,0.8884502877862838,1
1379,6,4,6,1.1972499852582583,2698,12,0.9431945538974952,1
1273,6,4,1,0.97044761354235,2982,12,0.9431945538974952,1
1262,6,4,11,1.1654180734384818,2621,12,0.9431945538974952,1
1037,6,4,6,0.8470989552407158,2700,12,0.8884502877862838,1
1604,6,4,1,2.1760812737163886,3432,12,0.9431945538974952,1
1227,6,4,6,1.29672470969506,3201,12,0.8884502877862838,1
1549,6,4,11,1.5832119160730496,3239,12,0.8884502877862838,1
1470,6,4,1,1.022174470249487,2570,12,0.8884502877862838,1
1419,6,4,11,1.3205986435598926,2657,12,0.8884502877862838,1
1347,6,4,6,0.9505526686549896,3073,12,0.8884502877862838,1
1333,6,4,11,0.6839604071643608,2892,12,0.8884502877862838,1
1155,6,4,1,1.0778803159340962,2460,12,0.9431945538974952,1
1163,6,4,11,1.2290818970780348,3162,12,0.8884502877862838,1
1189,6,4,1,1.0341114371819031,2590,12,0.8884502877862838,1
966,6,4,6,0.2104607188451839,2584,12,0.8884502877862838,1
1281,6,4,6,0.7714981646687463,2911,12,0.8884502877862838,1
1234,6,4,1,0.7157923189841373,2564,12,0.8884502877862838,1
1185,6,4,11,1.3802834782219735,3126,12,0.9431945538974952,1
1165,6,4,6,1.4877161806137198,3016,12,0.8884502877862838,1
1567,6,4,11,0.7794561426236906,2779,12,0.8884502877862838,1
1460,6,4,11,1.5354640483433846,3532,12,0.9431945538974952,1
1509,6,4,1,1.5792329270955774,3461,12,0.9431945538974952,1
1452,6,4,1,0.5725487157951427,2324,12,0.8884502877862838,1
1403,6,4,1,1.1057332387764005,3039,12,0.8884502877862838,1
1465,6,4,6,0.4452210685160363,2313,12,0.8884502877862838,1
1181,6,4,11,0.7436452418264419,2713,12,0.9431945538974952,1
1440,6,4,11,0.5805066937500868,2346,12,0.9431945538974952,1
1242,6,4,11,1.336514599469781,3039,12,0.9431945538974952,1
1073,6,4,11,1.149502117528593,2739,12,0.9431945538974952,1
1407,6,4,11,0.7555822087588581,2673,12,0.8884502877862838,1
1475,6,4,6,1.5513800042532728,3359,12,0.9431945538974952,1
1569,6,4,11,0.8351619883082996,3162,12,0.9431945538974952,1
1165,6,4,6,0.3895152228314272,2514,12,0.8884502877862838,1
1327,6,4,6,1.881636089383455,3427,12,0.9431945538974952,1
1471,6,4,11,0.9943215474071824,3001,12,0.8884502877862838,1
953,6,4,6,0.5924436606825031,2458,12,0.8884502877862838,1
981,6,4,6,0.5844856827275589,2376,12,0.8884502877862838,1
1032,6,4,11,1.344472577424725,2649,12,0.9431945538974952,1
1602,6,4,6,1.173376051393426,3179,12,0.8884502877862838,1
1609,6,4,1,1.6747286625549072,3112,12,0.8884502877862838,1
1329,6,4,1,1.3564095443571411,2861,12,0.8884502877862838,1
1426,6,4,1,1.0579853710467355,2841,12,0.9431945538974952,1
1559,6,4,6,1.7821613649466532,3065,12,0.8884502877862838,1
1345,6,4,11,0.8272040103533554,2607,12,0.9431945538974952,1
1421,6,4,1,1.4916951695911915,3477,12,0.9431945538974952,1
1484,6,4,6,1.2569348199203394,3166,12,0.9431945538974952,1
1479,6,4,1,1.6826866405098513,3348,12,0.8884502877862838,1
1472,6,4,6,1.1892920073033142,2699,12,0.9431945538974952,1
1113,6,4,6,0.6799814181868887,2798,12,0.8884502877862838,1
1195,6,4,6,1.404157412086806,2946,12,0.8884502877862838,1
1303,6,4,1,1.1136912167313446,2857,12,0.8884502877862838,1
1292,6,4,11,0.8908678339929086,2788,12,0.8884502877862838,1
1218,6,4,1,0.863014911150604,2756,12,0.8884502877862838,1
1564,6,4,1,1.865720133473567,3102,12,0.8884502877862838,1
1680,6,4,11,1.1654180734384818,2669,12,0.9431945538974952,1
1225,6,4,1,1.0062585143395988,2650,12,0.8884502877862838,1
1388,6,4,1,1.3325356104923087,3288,12,0.8884502877862838,1
1282,6,4,11,1.4121153900417502,2947,12,0.8884502877862838,1
1089,6,4,1,0.6322335504572237,2953,12,0.8884502877862838,1
1426,6,4,1,1.6349387727801863,3062,12,0.9431945538974952,1
864,6,4,1,0.5765277047726147,2679,1,0.8884502877862838,1
1090,6,4,6,1.2529558309428672,3384,10,0.8884502877862838,1
932,6,4,6,0.8709728891055483,2425,10,0.8884502877862838,1
1073,6,4,6,0.9863635694522384,3327,1,0.9431945538974952,1
1155,6,4,1,0.3377883661242903,1817,1,0.8884502877862838,1
873,6,4,1,0.3895152228314272,2162,10,0.9431945538974952,1
1154,6,4,1,0.8789308670604924,3017,10,0.8884502877862838,1
1174,6,4,6,0.9028048009253248,2910,1,0.9431945538974952,1
935,6,4,6,0.3258513991918741,2609,1,0.9431945538974952,1
1116,6,4,6,1.1574600954835377,3148,1,0.8884502877862838,1
1041,6,4,1,1.825930243698846,2887,1,0.8884502877862838,1
1067,6,4,6,1.073901326956624,2719,10,0.9431945538974952,1
1111,6,4,1,1.5354640483433846,2876,10,0.9431945538974952,1
897,6,4,6,0.6083596165923914,2589,10,0.8884502877862838,1
1009,6,4,6,0.536737814997894,1977,1,0.8884502877862838,1
982,6,4,6,0.162712851115519,2232,10,0.8884502877862838,1
1116,6,4,1,1.4916951695911915,3039,10,0.8884502877862838,1
966,6,4,6,0.3576833110116507,2532,10,0.9431945538974952,1
1062,6,4,1,0.6839604071643608,2363,1,0.8884502877862838,1
1168,6,4,1,0.9943215474071824,2646,10,0.9431945538974952,1
1057,6,4,1,0.7157923189841373,2424,10,0.8884502877862838,1
868,6,4,6,0.3497253330567065,2192,10,0.9431945538974952,1
1007,6,4,1,1.5314850593659124,2841,1,0.9431945538974952,1
1171,6,4,6,1.7423714751719324,3227,1,0.8884502877862838,1
1166,6,4,1,1.8696991224510389,3107,10,0.9431945538974952,1
1047,6,4,1,0.9943215474071824,2549,1,0.8884502877862838,1
972,6,4,1,1.177355040370898,2515,1,0.9431945538974952,1
1140,6,4,1,1.3484515664021972,2958,1,0.9431945538974952,1
1019,6,4,1,0.4014521897638435,2587,10,0.9431945538974952,1
979,6,4,1,0.2502506086199046,2747,1,0.8884502877862838,1
1182,6,4,1,1.7304345082395165,2781,10,0.8884502877862838,1
856,6,4,1,0.060110531622917,1844,1,0.8884502877862838,1
1065,6,4,1,1.0898172828665122,2698,1,0.9431945538974952,1
1083,6,4,1,1.292745720717588,2627,1,0.8884502877862838,1
1123,6,4,1,0.3457463440792345,2873,10,0.8884502877862838,1
921,6,4,6,0.3068078482261857,1743,1,0.9431945538974952,1
1147,6,4,6,1.237039875032979,3515,1,0.8884502877862838,1
1174,6,4,6,0.7356872638714977,2920,1,0.9431945538974952,1
1148,6,4,1,1.2688717868527557,2522,10,0.9431945538974952,1
1143,6,4,6,1.1296071726412331,3086,1,0.8884502877862838,1
1010,6,4,6,1.1534811065060655,2756,1,0.8884502877862838,1
958,6,4,1,1.0778803159340962,2416,1,0.9431945538974952,1
1198,6,4,1,1.0937962718439844,3080,10,0.8884502877862838,1
948,6,4,1,0.4611370244259246,2148,1,0.8884502877862838,1
1155,6,4,1,1.726455519262044,2994,10,0.9431945538974952,1
1049,6,4,6,0.4770529803358129,2450,1,0.8884502877862838,1
1094,6,4,1,1.5314850593659124,2477,10,0.9431945538974952,1
955,6,4,1,0.5645907378401985,2725,10,0.9431945538974952,1
1068,6,4,1,0.1945447629352956,2024,10,0.8884502877862838,1
1049,6,4,6,0.7635401867138022,2785,1,0.9431945538974952,1
1051,6,4,1,0.7157923189841373,2531,1,0.9431945538974952,1
1158,6,4,1,0.7078343410291932,2686,10,0.9431945538974952,1
960,6,4,6,0.8470989552407158,2708,10,0.8884502877862838,1
1123,6,4,6,1.3285566215148368,3007,1,0.8884502877862838,1
1149,6,4,6,1.5235270814109685,3432,10,0.8884502877862838,1
1100,6,4,6,1.2251029081005629,2680,10,0.9431945538974952,1
1051,6,4,6,1.121649194686289,3104,10,0.9431945538974952,1
972,6,4,6,0.3895152228314272,2554,10,0.9431945538974952,1
1144,6,4,6,1.2648927978752835,2667,1,0.8884502877862838,1
851,6,4,1,0.4412420795385642,2125,1,0.9431945538974952,1
1047,6,4,1,1.2251029081005629,2676,1,0.9431945538974952,1
1203,6,4,6,1.726455519262044,3526,10,0.8884502877862838,1
1000,6,4,1,0.7078343410291932,2357,1,0.8884502877862838,1
1091,6,4,6,0.0203206418481963,2395,1,0.9431945538974952,1
1124,6,4,6,0.7317082748940257,2439,10,0.8884502877862838,1
1066,6,4,6,1.1455231285511214,3208,1,0.9431945538974952,1
1041,6,4,1,0.8948468229703807,2649,1,0.8884502877862838,1
899,6,4,1,0.6242755725022796,2186,10,0.9431945538974952,1
1083,6,4,1,0.1905657739578236,1845,10,0.9431945538974952,1
957,6,4,6,0.3616622999891227,1670,10,0.8884502877862838,1
1028,6,4,6,1.388241456176918,2701,10,0.8884502877862838,1
1138,6,4,1,0.803330076488523,2874,1,0.8884502877862838,1
1091,6,4,1,1.5792329270955774,3427,10,0.8884502877862838,1
1058,6,4,1,0.8908678339929086,2985,1,0.9431945538974952,1
1063,6,4,1,0.7038553520517211,2827,10,0.8884502877862838,1
940,6,4,6,0.699876363074249,2484,10,0.9431945538974952,1
985,6,4,1,0.4651160134033967,2251,10,0.9431945538974952,1
899,6,4,6,0.5566327598852544,2633,1,0.9431945538974952,1
1138,6,4,6,0.540716803975366,2384,10,0.9431945538974952,1
885,6,4,6,0.4611370244259246,1845,1,0.9431945538974952,1
1045,6,4,1,0.8152670434209391,3012,1,0.8884502877862838,1
806,6,4,6,1.0261534592269592,2531,1,0.8884502877862838,1
978,6,4,1,0.8470989552407158,2485,10,0.8884502877862838,1
1112,6,4,1,1.0937962718439844,3251,10,0.9431945538974952,1
1002,6,4,1,0.958510646609934,2207,10,0.9431945538974952,1
1159,6,4,1,1.0062585143395988,3138,10,0.8884502877862838,1
984,6,4,1,0.6799814181868887,2688,1,0.8884502877862838,1
974,6,4,1,0.4133891566962597,2080,1,0.9431945538974952,1
1052,6,4,1,0.9465736796775176,2192,1,0.9431945538974952,1
1119,6,4,1,0.5049059031781175,2313,1,0.9431945538974952,1
1054,6,4,6,0.863014911150604,2419,1,0.9431945538974952,1
1114,6,4,6,0.8908678339929086,2674,10,0.9431945538974952,1
997,6,4,1,0.7874141205786347,2732,1,0.9431945538974952,1
852,6,4,6,0.6680444512544724,2260,1,0.9431945538974952,1
1201,6,4,6,1.06594334900168,2930,10,0.9431945538974952,1
974,6,4,1,0.0362365977580846,2016,1,0.9431945538974952,1
1086,6,4,1,0.9346367127451014,2890,10,0.9431945538974952,1
1288,6,4,1,1.8856150783609271,3475,10,0.8884502877862838,1
1156,6,4,6,1.1574600954835377,2793,10,0.9431945538974952,1
1069,6,4,1,0.8868888450154365,2725,1,0.9431945538974952,1
1157,6,4,6,1.292745720717588,2514,1,0.8884502877862838,1
1112,6,4,1,1.288766731740116,3345,1,0.9431945538974952,1
1109,6,4,6,1.3285566215148368,3087,1,0.9431945538974952,1
1106,6,4,6,1.4916951695911915,3260,1,0.9431945538974952,1
1050,6,4,1,1.0898172828665122,2283,10,0.9431945538974952,1
1045,6,4,1,0.4651160134033967,2594,1,0.9431945538974952,1
1040,6,4,1,0.3934942118088994,2659,10,0.8884502877862838,1
1227,6,4,6,1.7344134972169882,3272,10,0.9431945538974952,1
989,6,4,6,1.0420694151368477,2225,10,0.9431945538974952,1
1004,6,4,6,0.6282545614797517,2583,10,0.9431945538974952,1
929,6,4,6,0.2820825204396813,2182,1,0.8884502877862838,1
1147,6,4,1,1.3484515664021972,2811,10,0.9431945538974952,1
1001,6,4,1,0.3059564543045137,2095,10,0.9431945538974952,1
920,6,4,1,0.6799814181868887,2213,1,0.9431945538974952,1
1023,6,4,1,0.7356872638714977,2745,1,0.9431945538974952,1
1074,6,4,6,1.0022795253621266,2442,10,0.9431945538974952,1
1180,6,4,1,1.4757792136813035,2790,1,0.8884502877862838,1
863,6,4,1,0.1467968952056307,2283,10,0.8884502877862838,1
1194,6,4,6,1.0102375033170707,2955,1,0.9431945538974952,1
962,6,4,1,0.6600864732995283,2040,10,0.8884502877862838,1
1116,6,4,1,1.658812706645019,2708,10,0.8884502877862838,1
1147,6,4,6,0.8789308670604924,2501,10,0.9431945538974952,1
950,6,4,1,0.7555822087588581,2876,10,0.8884502877862838,1
1122,6,4,1,0.863014911150604,2558,1,0.8884502877862838,1
1052,6,4,1,1.6747286625549072,3535,1,0.9431945538974952,1
1014,6,4,1,0.3338093771468182,2349,10,0.8884502877862838,1
999,6,4,6,0.6799814181868887,2299,10,0.8884502877862838,1
1177,6,4,1,1.0380904261593753,2932,1,0.9431945538974952,1
1089,6,4,6,0.9226997458126852,2546,1,0.8884502877862838,1
1050,6,4,6,0.699876363074249,2295,1,0.9431945538974952,1
968,6,4,6,1.149502117528593,2693,1,0.8884502877862838,1
1034,6,4,1,0.9823845804747664,3144,1,0.8884502877862838,1
1005,6,4,6,1.7543084421043489,2877,10,0.8884502877862838,1
1122,6,4,1,0.7396662528489698,2388,10,0.9431945538974952,1
1028,6,4,6,0.5526537709077823,2332,10,0.8884502877862838,1
1007,6,4,6,0.6043806276149193,2629,10,0.8884502877862838,1
1089,6,4,1,1.396199434131862,2761,10,0.9431945538974952,1
987,6,4,6,0.9943215474071824,2702,1,0.8884502877862838,1
898,6,4,6,0.9505526686549896,2544,1,0.8884502877862838,1
1294,6,4,1,1.4837371916362476,3416,10,0.9431945538974952,1
1031,6,4,6,1.5195480924334963,2874,1,0.8884502877862838,1
928,6,4,6,0.4929689362457012,1861,1,0.8884502877862838,1
1112,6,4,1,0.97044761354235,3499,10,0.9431945538974952,1
1184,6,4,1,1.3126406656049483,3157,10,0.8884502877862838,1
1062,6,4,1,0.8470989552407158,2698,1,0.8884502877862838,1
1073,6,4,1,0.8470989552407158,2696,10,0.9431945538974952,1
1048,6,4,1,1.0022795253621266,2303,10,0.8884502877862838,1
1184,6,4,1,0.7913931095561068,2845,1,0.9431945538974952,1
1083,6,4,6,0.6600864732995283,2378,1,0.8884502877862838,1
1092,6,4,1,1.7582874310818206,2993,1,0.9431945538974952,1
1115,6,4,1,0.8470989552407158,2323,1,0.9431945538974952,1
1166,6,4,1,0.8988258119478527,2718,10,0.9431945538974952,1
1148,6,4,1,0.266166564529793,1980,1,0.8884502877862838,1
1105,6,4,6,1.726455519262044,3393,10,0.8884502877862838,1
1067,6,4,1,0.966468624564878,2595,1,0.9431945538974952,1
1144,6,4,1,2.008963736662561,3073,1,0.9431945538974952,1
1034,6,4,1,1.344472577424725,2662,10,0.9431945538974952,1
948,6,4,6,0.4969479252231732,2109,1,0.8884502877862838,1
1090,6,4,6,1.0778803159340962,2724,10,0.9431945538974952,1
1051,6,4,1,1.503632136523608,3544,1,0.9431945538974952,1
973,6,4,6,1.3285566215148368,2812,10,0.9431945538974952,1
1096,6,4,1,0.0990490274759658,2356,1,0.9431945538974952,1
1117,6,4,6,0.6600864732995283,2884,1,0.8884502877862838,1
1119,6,4,1,1.1614390844610096,2783,10,0.9431945538974952,1
991,6,4,1,0.1826077960028794,2401,10,0.8884502877862838,1
1138,6,4,6,0.7118133300066652,2527,10,0.8884502877862838,1
1011,6,4,1,0.4571580354484525,2742,1,0.8884502877862838,1
1160,6,4,1,2.136291383941668,3382,1,0.9431945538974952,1
1203,6,4,1,0.7834351316011626,2464,10,0.8884502877862838,1
1090,6,4,6,0.9863635694522384,2443,1,0.8884502877862838,1
1135,6,4,1,0.2343346527100163,2693,1,0.9431945538974952,1
1037,6,4,6,1.237039875032979,3178,10,0.9431945538974952,1
954,6,4,6,0.3298303881693462,2222,1,0.9431945538974952,1
1000,6,4,1,0.8311829993308275,2948,1,0.9431945538974952,1
1086,6,4,6,1.5235270814109685,3014,1,0.8884502877862838,1
1086,6,4,1,0.4173681456737318,2349,10,0.9431945538974952,1
782,6,4,6,0.1516272781047747,2055,1,0.8884502877862838,1
1005,6,4,1,0.7993510875110509,2303,1,0.8884502877862838,1
907,6,4,6,0.270145553507265,2453,10,0.9431945538974952,1
1014,6,4,1,0.0123626638932521,2439,1,0.8884502877862838,1
1116,6,4,1,1.5792329270955774,3292,10,0.8884502877862838,1
1062,6,4,1,1.4837371916362476,2776,1,0.9431945538974952,1
809,6,4,1,0.3019774653270416,1999,10,0.8884502877862838,1
1083,6,4,1,0.5327588260204219,2480,10,0.9431945538974952,1
1014,6,4,6,1.109712227753873,2965,1,0.8884502877862838,1
867,6,4,1,0.0751750936111334,1716,10,0.9431945538974952,1
1005,6,4,1,1.3922204451543898,3161,1,0.9431945538974952,1
1243,6,4,6,1.5115901144785522,3083,10,0.9431945538974952,1
1065,6,4,1,0.5725487157951427,2638,1,0.9431945538974952,1
1115,6,4,6,1.0181954812720149,2679,1,0.8884502877862838,1
940,6,4,6,0.2900404983946254,2056,1,0.8884502877862838,1
963,6,4,6,0.9744266025198222,2897,1,0.8884502877862838,1
864,6,4,6,0.8272040103533554,2380,1,0.8884502877862838,1
877,6,4,1,0.163564245037191,1964,10,0.8884502877862838,1
1056,6,4,1,1.3126406656049483,3006,1,0.8884502877862838,1
976,6,4,6,0.5645907378401985,2523,10,0.9431945538974952,1
945,6,4,6,1.8577621555186223,2984,1,0.8884502877862838,1
1057,6,4,1,1.149502117528593,3060,1,0.8884502877862838,1
922,6,4,6,1.7821613649466532,3397,10,0.8884502877862838,1
936,6,4,6,0.3099354432819858,2310,10,0.8884502877862838,1
1086,6,4,1,0.6202965835248075,2451,10,0.9431945538974952,1
1035,6,4,6,1.3404935884472529,2739,1,0.9431945538974952,1
973,6,4,6,0.9903425584297104,2817,1,0.8884502877862838,1
877,6,4,6,0.7317082748940257,2540,10,0.9431945538974952,1
851,6,4,1,0.0592591377012451,2356,1,0.8884502877862838,1
1047,6,4,1,0.7237502969390814,2516,1,0.8884502877862838,1
989,6,4,1,1.503632136523608,2867,10,0.8884502877862838,1
1003,6,4,6,0.4332841015836201,2450,1,0.9431945538974952,1
1091,6,4,1,0.2064817298677118,2312,10,0.9431945538974952,1
964,6,4,6,1.0341114371819031,2658,1,0.8884502877862838,1
1090,6,4,1,0.8192460323984113,3160,10,0.9431945538974952,1
1056,6,4,1,0.695897374096777,2694,1,0.9431945538974952,1
892,6,4,1,1.0022795253621266,2609,1,0.9431945538974952,1
1067,6,4,6,1.2648927978752835,2959,1,0.8884502877862838,1
1141,6,4,6,0.4651160134033967,3064,10,0.8884502877862838,1
1039,6,4,6,1.0540063820692636,2749,1,0.9431945538974952,1
979,6,4,1,0.863014911150604,2754,10,0.9431945538974952,1
980,6,4,1,0.8431199662632437,2559,1,0.8884502877862838,1
1279,6,4,6,1.1017542497989286,3287,10,0.8884502877862838,1
902,6,4,1,0.4651160134033967,2130,1,0.9431945538974952,1
1013,6,4,1,0.8470989552407158,2374,10,0.9431945538974952,1
939,6,4,6,0.3426187490234343,2372,10,0.8884502877862838,1
1234,6,4,6,1.336514599469781,3181,10,0.8884502877862838,1
939,6,4,6,0.4651160134033967,2765,10,0.9431945538974952,1
993,6,4,1,0.8789308670604924,2834,10,0.8884502877862838,1
867,6,4,6,0.3465977380009064,1640,1,0.9431945538974952,1
1009,6,4,1,0.6600864732995283,3037,1,0.9431945538974952,1
937,6,4,6,0.9545316576324616,2335,1,0.9431945538974952,1
1220,6,4,6,0.8311829993308275,2632,1,0.9431945538974952,1
1077,6,4,6,1.2052079632132024,3181,1,0.8884502877862838,1
1110,6,4,1,0.6680444512544724,2806,10,0.8884502877862838,1
1100,6,4,6,0.5606117488627265,2612,10,0.8884502877862838,1
1035,6,4,6,0.2820825204396813,2212,10,0.8884502877862838,1
1050,6,4,1,0.8431199662632437,3001,1,0.9431945538974952,1
1136,6,4,1,1.7861403539241252,2774,1,0.8884502877862838,1
1318,6,4,6,2.0049847476850893,3409,10,0.8884502877862838,1
1032,6,4,6,1.3285566215148368,2901,10,0.8884502877862838,1
949,6,4,1,1.3325356104923087,2933,10,0.9431945538974952,1
1046,6,4,1,0.6720234402319445,3230,10,0.9431945538974952,1
983,6,4,6,0.7157923189841373,2528,1,0.8884502877862838,1
1071,6,4,1,1.0022795253621266,2776,10,0.9431945538974952,1
1280,6,4,6,1.901531034270816,3052,10,0.8884502877862838,1
1157,6,4,6,0.9425946907000456,2724,10,0.9431945538974952,1
1109,6,4,6,0.64417051738964,2029,1,0.8884502877862838,1
1116,6,4,1,0.8192460323984113,2760,1,0.9431945538974952,1
1142,6,4,6,1.3564095443571411,3214,10,0.8884502877862838,1
917,6,4,6,0.4770529803358129,2112,10,0.8884502877862838,1
945,6,4,1,1.5911698940279937,3153,10,0.8884502877862838,1
1022,6,4,6,1.3285566215148368,3545,10,0.9431945538974952,1
856,6,4,1,0.0751750936111334,2160,1,0.8884502877862838,1
1068,6,4,6,0.3258513991918741,2862,10,0.9431945538974952,1
981,6,4,6,0.2383136416874884,1925,1,0.9431945538974952,1
1008,6,4,1,1.1455231285511214,2835,10,0.8884502877862838,1
925,6,4,1,1.1415441395736492,1988,1,0.9431945538974952,1
998,6,4,1,0.2621875755523209,2183,10,0.9431945538974952,1
1080,6,4,6,1.125628183663761,2695,1,0.9431945538974952,1
1062,6,4,6,0.5009269142006454,3049,1,0.9431945538974952,1
987,6,4,6,0.5327588260204219,2299,10,0.8884502877862838,1
1160,6,4,6,0.8988258119478527,2632,1,0.8884502877862838,1
1202,6,4,6,1.0579853710467355,2673,10,0.9431945538974952,1
1057,6,4,6,0.6760024292094166,2350,1,0.8884502877862838,1
1099,6,4,1,0.9744266025198222,2604,1,0.8884502877862838,1
1197,6,4,6,1.4797582026587754,3376,10,0.8884502877862838,1
975,6,4,1,0.64417051738964,2134,1,0.8884502877862838,1
1172,6,4,1,1.3325356104923087,3246,10,0.8884502877862838,1
1122,6,4,1,0.7993510875110509,2415,10,0.9431945538974952,1
1103,6,4,6,1.3205986435598926,3038,1,0.9431945538974952,1
1042,6,4,6,0.2462716196424326,2092,10,0.8884502877862838,1
1089,6,4,6,0.962489635587406,2612,1,0.9431945538974952,1
924,6,4,1,0.6760024292094166,2419,1,0.9431945538974952,1
1179,6,4,6,0.863014911150604,3076,1,0.8884502877862838,1
1043,6,4,6,0.0910910495210217,2386,1,0.8884502877862838,1
1044,6,4,6,0.1556062670822468,1437,10,0.8884502877862838,1
1017,6,4,1,0.8152670434209391,2003,1,0.8884502877862838,1
1013,6,4,1,0.5248008480654778,2399,1,0.8884502877862838,1
967,6,4,1,0.7874141205786347,2715,10,0.9431945538974952,1
999,6,4,1,0.055280148723773,2340,1,0.8884502877862838,1
1201,6,4,6,1.2091869521906744,3241,10,0.8884502877862838,1
1031,6,4,1,1.666770684599963,2780,10,0.9431945538974952,1
1053,6,4,1,1.2569348199203394,2907,1,0.9431945538974952,1
999,6,4,1,0.7953720985335788,2399,1,0.8884502877862838,1
908,6,4,1,0.0950700384984938,2071,10,0.8884502877862838,1
1039,6,4,1,1.443947301861527,2518,1,0.9431945538974952,1
890,6,4,6,0.4332841015836201,2496,10,0.9431945538974952,1
999,6,4,1,0.9465736796775176,2900,10,0.8884502877862838,1
1104,6,4,1,1.1296071726412331,3065,10,0.8884502877862838,1
944,6,4,6,0.7555822087588581,2564,1,0.8884502877862838,1
1122,6,4,6,1.185313018325842,3293,1,0.9431945538974952,1
1039,6,4,1,0.7595611977363301,2492,10,0.9431945538974952,1
1021,6,4,6,0.7436452418264419,2689,10,0.8884502877862838,1
1136,6,4,6,0.8311829993308275,2537,1,0.9431945538974952,1
916,6,4,1,0.6202965835248075,2421,1,0.8884502877862838,1
903,6,4,1,0.5924436606825031,2492,10,0.9431945538974952,1
988,6,4,6,0.1269019503182704,2052,10,0.9431945538974952,1
1155,6,4,6,1.2012289742357305,3021,10,0.9431945538974952,1
1060,6,4,6,1.1892920073033142,2661,10,0.8884502877862838,1
1023,6,4,1,0.2104607188451839,2691,1,0.9431945538974952,1
1027,6,4,1,1.133586161618705,2679,1,0.9431945538974952,1
1027,6,4,1,0.8988258119478527,2479,1,0.8884502877862838,1
1287,6,4,6,1.829909232676318,3562,1,0.9431945538974952,1
1151,6,4,6,0.751603219781386,2927,10,0.9431945538974952,1
1080,6,4,1,0.3457463440792345,2266,1,0.9431945538974952,1
1039,6,4,6,0.1746498180479352,2472,1,0.9431945538974952,1
865,6,4,6,0.274975936406409,2068,1,0.9431945538974952,1
1041,6,4,1,1.1654180734384818,2837,1,0.8884502877862838,1
849,6,4,6,0.588464671705031,2194,10,0.8884502877862838,1
1174,6,4,6,1.6906446184647954,3128,1,0.8884502877862838,1
1115,6,4,6,0.6799814181868887,2201,10,0.8884502877862838,1
1178,6,4,1,1.8418461996087343,3166,1,0.8884502877862838,1
1003,6,4,6,0.9744266025198222,3046,1,0.9431945538974952,1
1009,6,4,1,0.8510779442181878,2626,1,0.9431945538974952,1
997,6,4,1,0.7953720985335788,3000,1,0.8884502877862838,1
1099,6,4,1,1.8139932767664293,3096,1,0.8884502877862838,1
1126,6,4,1,1.503632136523608,3388,1,0.9431945538974952,1
1122,6,4,6,1.2688717868527557,3022,10,0.8884502877862838,1
1168,6,4,1,1.989068791775201,3045,10,0.8884502877862838,1
1158,6,4,6,0.9425946907000456,3046,1,0.8884502877862838,1
980,6,4,6,0.0672171156561892,2103,10,0.9431945538974952,1
1078,6,4,6,1.0778803159340962,3009,10,0.9431945538974952,1
1059,6,4,1,0.9903425584297104,2566,10,0.8884502877862838,1
1017,6,4,6,1.0937962718439844,2651,10,0.8884502877862838,1
1167,6,4,6,1.1455231285511214,2669,1,0.9431945538974952,1
1161,6,4,1,1.5314850593659124,3043,1,0.8884502877862838,1
1001,6,4,6,1.0500273930917916,2968,1,0.8884502877862838,1
1033,6,4,6,0.2383136416874884,2419,1,0.9431945538974952,1
1104,6,4,6,1.3285566215148368,3145,10,0.9431945538974952,1
1095,6,4,6,1.173376051393426,3306,10,0.8884502877862838,1
928,6,4,6,0.5725487157951427,2632,1,0.8884502877862838,1
1085,6,4,1,0.751603219781386,2870,1,0.9431945538974952,1
879,6,4,1,0.4452210685160363,2612,1,0.9431945538974952,1
1136,6,4,6,1.0619643600242077,2755,10,0.8884502877862838,1
1056,6,4,1,0.5685697268176706,2134,1,0.8884502877862838,1
999,6,4,6,0.8192460323984113,2858,10,0.8884502877862838,1
1099,6,4,1,1.404157412086806,3258,1,0.8884502877862838,1
967,6,4,1,1.121649194686289,2893,10,0.8884502877862838,1
1181,6,4,6,0.5645907378401985,2588,10,0.9431945538974952,1
1084,6,4,1,0.6282545614797517,2411,10,0.8884502877862838,1
961,6,4,1,0.9465736796775176,2842,1,0.8884502877862838,1
1192,6,4,1,1.1057332387764005,2802,1,0.9431945538974952,1
1120,6,4,1,0.5446957929528382,2603,1,0.8884502877862838,1
1006,6,4,6,1.2768297648076998,2813,10,0.8884502877862838,1
926,6,4,1,0.4571580354484525,1859,10,0.9431945538974952,1
1068,6,4,6,1.5911698940279937,2889,1,0.8884502877862838,1
1172,6,4,1,0.9386157017225736,2686,10,0.9431945538974952,1
1280,6,4,1,1.6349387727801863,3377,10,0.9431945538974952,1
1125,6,4,6,1.658812706645019,2952,1,0.8884502877862838,1
1155,6,4,1,1.0937962718439844,2668,10,0.8884502877862838,1
1181,6,4,1,1.567295960163161,3041,1,0.9431945538974952,1
975,6,4,6,1.133586161618705,2722,1,0.8884502877862838,1
259,6,4,11,0.6171689884690075,953,12,0.9431945538974952,0
302,6,4,1,0.7683705696129463,910,6,0.9431945538974952,0
322,6,4,11,0.7962234924552508,912,12,0.9431945538974952,0
329,6,4,5,0.7643915806354742,1017,6,0.9431945538974952,0
344,6,4,11,0.5296312309646218,989,12,0.9431945538974952,0
272,6,4,5,0.7325596688156976,852,6,0.9431945538974952,0
312,6,4,5,0.8758032720046922,869,6,0.9431945538974952,0
292,6,4,1,0.6171689884690075,858,12,0.9431945538974952,0
255,6,4,1,0.7723495585904183,851,12,0.9431945538974952,0
359,6,4,5,0.485862352212429,1042,6,0.9431945538974952,0
370,6,4,5,0.4699463963025407,923,12,0.9431945538974952,0
355,6,4,5,0.3903666167530992,975,12,0.9431945538974952,0
305,6,4,5,0.8479503491623878,877,6,0.9431945538974952,0
361,6,4,5,0.3704716718657388,951,12,0.9431945538974952,0
355,6,4,1,0.4818833632349569,961,6,0.9431945538974952,0
341,6,4,1,0.6171689884690075,985,12,0.9431945538974952,0
335,6,4,5,0.3903666167530992,1003,6,0.9431945538974952,0
330,6,4,1,0.4420934734602362,1009,6,0.9431945538974952,0
313,6,4,1,0.7763285475678904,923,12,0.9431945538974952,0
310,6,4,11,0.3545557159558505,1023,12,0.9431945538974952,0
204,6,4,11,0.8200974263200832,893,6,0.9431945538974952,0
295,6,4,5,0.752454613703058,962,6,0.9431945538974952,0
332,6,4,1,0.4102615616404595,981,12,0.9431945538974952,0
265,6,4,5,0.8519293381398598,882,12,0.9431945538974952,0
277,6,4,11,0.7246016908607534,948,12,0.9431945538974952,0
357,6,4,5,0.8240764152975553,942,6,0.9431945538974952,0
347,6,4,11,0.5017783081223173,1089,12,0.9431945538974952,0
367,6,4,11,0.4261775175503479,1058,6,0.9431945538974952,0
256,6,4,5,0.7166437129058093,967,12,0.9431945538974952,0
320,6,4,5,0.8439713601849157,879,6,0.9431945538974952,0
314,6,4,1,0.6211479774464795,1034,6,0.9431945538974952,0
325,6,4,5,0.5813580876717588,1011,6,0.9431945538974952,0
322,6,4,5,0.7484756247255858,986,6,0.9431945538974952,0
270,6,4,1,0.7842865255228345,907,6,0.9431945538974952,0
286,6,4,5,0.4739253852800127,959,12,0.9431945538974952,0
265,6,4,1,0.7723495585904183,942,12,0.9431945538974952,0
279,6,4,5,1.0150678862162148,866,6,0.9431945538974952,0
251,6,4,5,0.8559083271173319,949,12,0.9431945538974952,0
315,6,4,11,0.7723495585904183,971,12,0.9431945538974952,0
303,6,4,11,0.5773790986942867,972,6,0.9431945538974952,0
277,6,4,1,0.9116141728019408,828,6,0.9431945538974952,0
304,6,4,11,0.5495261758519822,932,12,0.9431945538974952,0
290,6,4,11,1.0548577759909357,791,12,0.9431945538974952,0
337,6,4,1,0.7206227018832814,929,6,0.9431945538974952,0
277,6,4,11,0.6330849443788957,877,6,0.9431945538974952,0
262,6,4,11,0.2789549253838811,1124,12,0.9431945538974952,0
269,6,4,5,0.6688958451761444,976,6,0.9431945538974952,0
317,6,4,1,0.8797822609821643,889,12,0.9431945538974952,0
338,6,4,5,0.6131899994915354,1024,12,0.9431945538974952,0
283,6,4,5,0.8837612499596363,892,12,0.9431945538974952,0
339,6,4,5,0.8200974263200832,958,6,0.9431945538974952,0
373,6,4,11,0.5734001097168147,920,12,0.9431945538974952,0
299,6,4,1,0.5654421317618704,970,6,0.9431945538974952,0
341,6,4,11,0.597274043581647,941,6,0.9431945538974952,0
249,6,4,11,0.7405176467706417,934,6,0.9431945538974952,0
288,6,4,11,0.4301565065278199,1034,6,0.9431945538974952,0
347,6,4,5,0.6370639333563678,969,12,0.9431945538974952,0
365,6,4,5,0.541568197897038,965,6,0.9431945538974952,0
319,6,4,1,0.6251269664239516,1022,6,0.9431945538974952,0
316,6,4,1,0.7763285475678904,947,12,0.9431945538974952,0
298,6,4,11,0.5535051648294542,987,6,0.9431945538974952,0
341,6,4,11,0.7683705696129463,892,6,0.9431945538974952,0
379,6,4,1,0.3545557159558505,1001,6,0.9431945538974952,0
298,6,4,5,0.5893160656267029,914,12,0.9431945538974952,0
241,6,4,5,1.0389418200810472,850,12,0.9431945538974952,0
259,6,4,5,0.6887907900635047,954,6,0.9431945538974952,0
364,6,4,1,0.8758032720046922,914,12,0.9431945538974952,0
246,6,4,11,0.752454613703058,823,12,0.9431945538974952,0
290,6,4,11,0.7564336026805301,990,12,0.9431945538974952,0
274,6,4,1,0.7842865255228345,869,6,0.9431945538974952,0
260,6,4,5,0.7405176467706417,902,6,0.9431945538974952,0
333,6,4,5,0.5734001097168147,960,12,0.9431945538974952,0
307,6,4,5,0.6052320215365912,991,12,0.9431945538974952,0
265,6,4,1,1.0150678862162148,864,6,0.9431945538974952,0
300,6,4,11,0.8559083271173319,887,12,0.9431945538974952,0
330,6,4,1,0.7604125916580021,970,12,0.9431945538974952,0
352,6,4,11,0.434135495505292,963,6,0.9431945538974952,0
266,6,4,11,0.5853370766492308,987,6,0.9431945538974952,0
277,6,4,11,0.7763285475678904,898,6,0.9431945538974952,0
333,6,4,1,0.5734001097168147,1031,12,0.9431945538974952,0
372,6,4,5,0.2550809915190487,989,6,0.9431945538974952,0
378,6,4,1,0.5296312309646218,1077,12,0.9431945538974952,0
279,6,4,5,0.7246016908607534,909,12,0.9431945538974952,0
257,6,4,1,1.2179963240672906,888,12,0.9431945538974952,0
357,6,4,5,0.5614631427843984,1075,6,0.9431945538974952,0
254,6,4,11,0.6688958451761444,944,6,0.9431945538974952,0
304,6,4,5,0.8877402389371084,820,6,0.9431945538974952,0
314,6,4,5,0.7285806798382255,950,6,0.9431945538974952,0
375,6,4,5,0.8758032720046922,941,6,0.9431945538974952,0
390,6,4,5,0.4739253852800127,1055,12,0.9431945538974952,0
349,6,4,1,0.2630389694739928,1011,12,0.9431945538974952,0
325,6,4,5,0.6688958451761444,906,6,0.9431945538974952,0
339,6,4,11,0.6330849443788957,911,6,0.9431945538974952,0
266,6,4,5,0.8996772058695247,846,12,0.9431945538974952,0
310,6,4,5,0.3306817820910181,1037,12,0.9431945538974952,0
267,6,4,5,0.9872149633739103,836,12,0.9431945538974952,0
337,6,4,11,0.6330849443788957,1035,12,0.9431945538974952,0
300,6,4,11,0.8240764152975553,957,6,0.9431945538974952,0
329,6,4,11,0.6848118010860327,1007,6,0.9431945538974952,0
211,6,4,1,0.5336102199420939,946,6,0.9431945538974952,0
366,6,4,1,0.5694211207393426,970,6,0.9431945538974952,0
237,6,4,11,0.7564336026805301,839,12,0.9431945538974952,0
348,6,4,1,0.6848118010860327,1027,12,0.9431945538974952,0
254,6,4,11,0.7126647239283372,1024,6,0.9431945538974952,0
313,6,4,11,0.7405176467706417,1009,12,0.9431945538974952,0
310,6,4,1,0.4301565065278199,998,6,0.9431945538974952,0
318,6,4,11,0.6052320215365912,969,6,0.9431945538974952,0
289,6,4,5,0.7604125916580021,971,6,0.9431945538974952,0
311,6,4,5,0.6251269664239516,1018,6,0.9431945538974952,0
244,6,4,11,0.597274043581647,947,12,0.9431945538974952,0
229,6,4,11,0.863866305072276,935,6,0.9431945538974952,0
345,6,4,5,0.4739253852800127,954,6,0.9431945538974952,0
214,6,4,5,0.9076351838244688,861,12,0.9431945538974952,0
366,6,4,5,0.6370639333563678,1022,6,0.9431945538974952,0
294,6,4,11,0.7882655145003066,952,12,0.9431945538974952,0
239,6,4,1,0.8280554042750273,856,12,0.9431945538974952,0
302,6,4,1,0.541568197897038,973,6,0.9431945538974952,0
301,6,4,5,0.8678452940497481,996,6,0.9431945538974952,0
341,6,4,1,0.4182195395954037,923,12,0.9431945538974952,0
220,6,4,1,0.6768538231310886,948,12,0.9431945538974952,0
349,6,4,11,0.4938203301673731,953,6,0.9431945538974952,0
354,6,4,5,0.5574841538069263,1055,12,0.9431945538974952,0
226,6,4,5,0.752454613703058,969,6,0.9431945538974952,0
293,6,4,11,0.5336102199420939,978,12,0.9431945538974952,0
311,6,4,5,0.8399923712074435,926,12,0.9431945538974952,0
239,6,4,5,0.6012530325591191,873,6,0.9431945538974952,0
358,6,4,11,0.6450219113113119,906,12,0.9431945538974952,0
369,6,4,5,0.6012530325591191,875,12,0.9431945538974952,0
400,6,4,1,0.752454613703058,947,6,0.9431945538974952,0
293,6,4,1,0.4739253852800127,1022,12,0.9431945538974952,0
279,6,4,11,0.96732001848655,833,6,0.9431945538974952,0
433,6,4,11,0.0680685095778612,1065,12,0.9431945538974952,0
441,6,4,5,0.485862352212429,1077,6,0.9431945538974952,0
254,6,4,1,0.9872149633739103,863,6,0.9431945538974952,0
330,6,4,11,0.7803075365453624,1010,6,0.9431945538974952,0
348,6,4,1,0.5614631427843984,854,12,0.9431945538974952,0
444,6,4,11,0.2113121127668558,1034,12,0.9431945538974952,0
255,6,4,1,1.046899798035991,848,12,0.9431945538974952,0
309,6,4,1,0.2312070576542162,1057,12,0.9431945538974952,0
309,6,4,11,0.5495261758519822,1038,12,0.9431945538974952,0
393,6,4,1,0.3227238041360739,973,6,0.9431945538974952,0
236,6,4,11,0.8002024814327229,888,6,0.9431945538974952,0
349,6,4,11,0.6092110105140632,976,12,0.9431945538974952,0
282,6,4,11,0.4818833632349569,965,6,0.9431945538974952,0
232,6,4,5,0.6609378672212003,920,12,0.9431945538974952,0
320,6,4,11,0.8399923712074435,916,6,0.9431945538974952,0
269,6,4,1,0.597274043581647,937,6,0.9431945538974952,0
285,6,4,11,0.6728748341536165,934,12,0.9431945538974952,0
326,6,4,11,1.0110888972387428,866,12,0.9431945538974952,0
246,6,4,5,0.8439713601849157,943,12,0.9431945538974952,0
328,6,4,1,0.4818833632349569,869,12,0.9431945538974952,0
338,6,4,5,0.3545557159558505,1084,12,0.9431945538974952,0
367,6,4,5,0.5137152750547335,1058,6,0.9431945538974952,0
392,6,4,5,0.2948708812937694,1060,6,0.9431945538974952,0
328,6,4,1,0.4221985285728758,1070,12,0.9431945538974952,0
283,6,4,5,0.5296312309646218,973,12,0.9431945538974952,0
358,6,4,5,0.2312070576542162,1146,6,0.9431945538974952,0
377,6,4,11,0.8877402389371084,987,12,0.9431945538974952,0
314,6,4,5,0.7206227018832814,935,12,0.9431945538974952,0
260,6,4,5,0.6370639333563678,1017,12,0.9431945538974952,0
310,6,4,5,0.6450219113113119,977,6,0.9431945538974952,0
362,6,4,1,0.5813580876717588,883,6,0.9431945538974952,0
329,6,4,11,0.6688958451761444,1023,6,0.9431945538974952,0
282,6,4,11,0.6092110105140632,987,12,0.9431945538974952,0
352,6,4,5,0.3664926828882667,1029,12,0.9431945538974952,0
379,6,4,1,0.6171689884690075,980,6,0.9431945538974952,0
224,6,4,1,0.7763285475678904,928,6,0.9431945538974952,0
354,6,4,11,0.5097362860772614,995,12,0.9431945538974952,0
268,6,4,5,0.8439713601849157,775,6,0.9431945538974952,0
423,6,4,1,0.7405176467706417,918,6,0.9431945538974952,0
296,6,4,11,0.7882655145003066,942,12,0.9431945538974952,0
311,6,4,1,0.6370639333563678,977,6,0.9431945538974952,0
340,6,4,1,0.808160459387667,993,12,0.9431945538974952,0
374,6,4,5,0.7405176467706417,913,6,0.9431945538974952,0
258,6,4,1,0.7047067459733931,921,12,0.9431945538974952,0
292,6,4,1,0.859887316094804,900,12,0.9431945538974952,0
295,6,4,1,0.7126647239283372,973,6,0.9431945538974952,0
310,6,4,1,0.4500514514151803,915,12,0.9431945538974952,0
308,6,4,11,0.4540304403926524,924,12,0.9431945538974952,0
357,6,4,5,0.5455471868745101,973,6,0.9431945538974952,0
315,6,4,5,0.3903666167530992,999,12,0.9431945538974952,0
312,6,4,11,0.7444966357481138,916,6,0.9431945538974952,0
214,6,4,11,0.649000900288784,1015,6,0.9431945538974952,0
304,6,4,1,0.7564336026805301,893,12,0.9431945538974952,0
328,6,4,5,0.6927697790409768,944,12,0.9431945538974952,0
320,6,4,5,0.8161184373426111,861,12,0.9431945538974952,0
283,6,4,1,0.3028288592487136,1017,12,0.9431945538974952,0
308,6,4,5,0.2312070576542162,1076,6,0.9431945538974952,0
280,6,4,1,0.9991519303063264,863,6,0.9431945538974952,0
293,6,4,1,0.7047067459733931,957,6,0.9431945538974952,0
275,6,4,11,0.7285806798382255,956,6,0.9431945538974952,0
341,6,4,11,0.3863876277756271,926,12,0.9431945538974952,0
380,6,4,11,0.3068078482261857,1123,6,0.9431945538974952,0
295,6,4,1,0.3903666167530992,981,6,0.9431945538974952,0
251,6,4,5,0.3903666167530992,1026,12,0.9431945538974952,0
372,6,4,11,0.4062825726629875,1001,6,0.9431945538974952,0
261,6,4,11,0.7962234924552508,923,12,0.9431945538974952,0
287,6,4,11,0.8200974263200832,924,6,0.9431945538974952,0
328,6,4,5,0.752454613703058,945,6,0.9431945538974952,0
182,6,4,5,1.3095130705491482,714,6,0.9431945538974952,0
372,6,4,5,0.6887907900635047,977,6,0.9431945538974952,0
329,6,4,1,0.4460724624377082,1052,12,0.9431945538974952,0
427,6,4,1,0.382408638798155,1083,6,0.9431945538974952,0
260,6,4,11,0.9315091176893012,805,12,0.9431945538974952,0
214,6,4,5,0.649000900288784,860,6,0.9431945538974952,0
381,6,4,1,0.4023035836855154,984,6,0.9431945538974952,0
315,6,4,5,0.8399923712074435,926,12,0.9431945538974952,0
255,6,4,11,0.6649168561986724,904,12,0.9431945538974952,0
290,6,4,5,0.7643915806354742,885,12,0.9431945538974952,0
412,6,4,1,0.5535051648294542,1003,12,0.9431945538974952,0
322,6,4,11,0.4540304403926524,924,12,0.9431945538974952,0
361,6,4,11,0.8320343932524994,855,6,0.9431945538974952,0
420,6,4,11,0.3983245947080434,1026,6,0.9431945538974952,0
231,6,4,1,0.7842865255228345,806,6,0.9431945538974952,0
328,6,4,1,0.4818833632349569,1009,6,0.9431945538974952,0
256,6,4,1,0.652979889266256,875,6,0.9431945538974952,0
330,6,4,11,0.6768538231310886,1022,6,0.9431945538974952,0
243,6,4,1,0.4182195395954037,1009,12,0.9431945538974952,0
299,6,4,5,0.6927697790409768,1002,6,0.9431945538974952,0
410,6,4,11,0.2908918923162973,1064,12,0.9431945538974952,0
394,6,4,11,0.3625136939107947,1047,12,0.9431945538974952,0
233,6,4,1,0.5216732530096777,1014,6,0.9431945538974952,0
309,6,4,5,0.5176942640322055,902,6,0.9431945538974952,0
299,6,4,1,0.6728748341536165,958,6,0.9431945538974952,0
266,6,4,11,0.6887907900635047,927,6,0.9431945538974952,0
227,6,4,1,1.0110888972387428,831,6,0.9431945538974952,0
222,6,4,11,0.7285806798382255,929,6,0.9431945538974952,0
338,6,4,5,0.7484756247255858,884,12,0.9431945538974952,0
296,6,4,5,0.2789549253838811,1038,12,0.9431945538974952,0
279,6,4,11,0.434135495505292,901,6,0.9431945538974952,0
285,6,4,11,0.9076351838244688,897,12,0.9431945538974952,0
318,6,4,1,0.6649168561986724,909,12,0.9431945538974952,0
272,6,4,11,0.5813580876717588,942,12,0.9431945538974952,0
264,6,4,11,0.863866305072276,866,12,0.9431945538974952,0
290,6,4,1,0.7683705696129463,940,6,0.9431945538974952,0
331,6,4,1,0.6092110105140632,1062,12,0.9431945538974952,0
329,6,4,5,0.5495261758519822,1039,12,0.9431945538974952,0
277,6,4,1,0.649000900288784,882,6,0.9431945538974952,0
233,6,4,11,0.4659674073250686,951,12,0.9431945538974952,0
319,6,4,1,0.652979889266256,961,12,0.9431945538974952,0
262,6,4,1,0.5853370766492308,935,12,0.9431945538974952,0
251,6,4,1,0.7683705696129463,936,12,0.9431945538974952,0
272,6,4,5,0.7484756247255858,934,6,0.9431945538974952,0
309,6,4,5,0.3028288592487136,996,6,0.9431945538974952,0
283,6,4,5,1.0349628311035752,926,6,0.9431945538974952,0
276,6,4,5,0.8320343932524994,806,12,0.9431945538974952,0
247,6,4,5,0.6569588782437281,992,12,0.9431945538974952,0
318,6,4,1,0.6649168561986724,995,6,0.9431945538974952,0
307,6,4,11,0.6649168561986724,882,6,0.9431945538974952,0
285,6,4,1,0.6649168561986724,922,6,0.9431945538974952,0
466,6,4,1,0.5137152750547335,1002,6,0.9431945538974952,0
338,6,4,11,0.597274043581647,990,6,0.9431945538974952,0
322,6,4,1,0.6967487680184489,1007,6,0.9431945538974952,0
245,6,4,11,0.7683705696129463,821,6,0.9431945538974952,0
315,6,4,11,0.6927697790409768,898,6,0.9431945538974952,0
310,6,4,1,0.4977993191448452,1055,12,0.9431945538974952,0
230,6,4,11,0.8678452940497481,783,6,0.9431945538974952,0
252,6,4,5,0.5296312309646218,874,6,0.9431945538974952,0
336,6,4,1,0.6887907900635047,903,12,0.9431945538974952,0
268,6,4,5,0.7962234924552508,837,6,0.9431945538974952,0
279,6,4,11,0.9275301287118292,910,12,0.9431945538974952,0
298,6,4,5,0.915593161779413,874,6,0.9431945538974952,0
228,6,4,5,0.7723495585904183,857,6,0.9431945538974952,0
433,6,4,5,0.1914171678794955,1090,12,0.9431945538974952,0
286,6,4,11,0.6887907900635047,913,12,0.9431945538974952,0
252,6,4,5,0.5893160656267029,961,6,0.9431945538974952,0
371,6,4,5,0.382408638798155,1026,6,0.9431945538974952,0
402,6,4,1,0.4102615616404595,1033,12,0.9431945538974952,0
249,6,4,1,1.0031309192837985,894,12,0.9431945538974952,0
329,6,4,11,0.7206227018832814,919,12,0.9431945538974952,0
365,6,4,5,0.3863876277756271,1092,12,0.9431945538974952,0
232,6,4,5,0.7007277569959209,959,6,0.9431945538974952,0
238,6,4,5,0.6291059554014237,1022,12,0.9431945538974952,0
305,6,4,1,0.6649168561986724,935,12,0.9431945538974952,0
325,6,4,5,0.4142405506179316,955,6,0.9431945538974952,0
308,6,4,1,0.4500514514151803,1021,12,0.9431945538974952,0
172,6,4,11,1.3095130705491482,816,12,0.9431945538974952,0
291,6,4,11,0.5893160656267029,948,12,0.9431945538974952,0
297,6,4,11,0.8240764152975553,908,12,0.9431945538974952,0
314,6,4,5,0.7962234924552508,933,12,0.9431945538974952,0
317,6,4,11,0.7763285475678904,934,6,0.9431945538974952,0
412,6,4,5,0.3903666167530992,1031,6,0.9431945538974952,0
207,6,4,1,0.9354881066667734,830,12,0.9431945538974952,0
239,6,4,1,0.7206227018832814,858,12,0.9431945538974952,0
409,6,4,11,0.8240764152975553,1028,12,0.9431945538974952,0
233,6,4,11,0.9434460846217176,856,12,0.9431945538974952,0
291,6,4,5,0.8041814704101949,925,6,0.9431945538974952,0
277,6,4,5,0.8479503491623878,942,12,0.9431945538974952,0
278,6,4,11,0.9036561948469968,922,12,0.9431945538974952,0
310,6,4,11,0.6768538231310886,960,6,0.9431945538974952,0
250,6,4,11,0.7763285475678904,906,12,0.9431945538974952,0
315,6,4,5,0.6450219113113119,1008,12,0.9431945538974952,0
325,6,4,11,0.8877402389371084,835,12,0.9431945538974952,0
355,6,4,11,0.5694211207393426,994,6,0.9431945538974952,0
356,6,4,1,0.4460724624377082,1020,12,0.9431945538974952,0
356,6,4,11,0.4779043742574848,1063,6,0.9431945538974952,0
242,6,4,5,0.9991519303063264,863,12,0.9431945538974952,0
208,6,4,5,0.8718242830272201,898,12,0.9431945538974952,0
425,6,4,11,0.541568197897038,1010,12,0.9431945538974952,0
379,6,4,1,0.8240764152975553,976,6,0.9431945538974952,0
416,6,4,11,0.5574841538069263,984,6,0.9431945538974952,0
274,6,4,11,0.6291059554014237,930,6,0.9431945538974952,0
409,6,4,11,0.5137152750547335,1064,6,0.9431945538974952,0
250,6,4,1,0.7564336026805301,916,6,0.9431945538974952,0
331,6,4,1,0.274975936406409,1042,6,0.9431945538974952,0
311,6,4,11,0.4500514514151803,970,6,0.9431945538974952,0
279,6,4,5,0.6967487680184489,980,12,0.9431945538974952,0
299,6,4,1,0.4142405506179316,1011,6,0.9431945538974952,0
338,6,4,5,0.8121394483651391,972,6,0.9431945538974952,0
257,6,4,1,0.8280554042750273,924,12,0.9431945538974952,0
282,6,4,1,0.7206227018832814,890,12,0.9431945538974952,0
307,6,4,5,0.6131899994915354,933,12,0.9431945538974952,0
303,6,4,5,0.8678452940497481,910,6,0.9431945538974952,0
285,6,4,1,0.6967487680184489,968,12,0.9431945538974952,0
301,6,4,1,0.3107868372036577,988,6,0.9431945538974952,0
323,6,4,11,0.7126647239283372,912,6,0.9431945538974952,0
293,6,4,5,0.8240764152975553,866,12,0.9431945538974952,0
332,6,4,11,0.6887907900635047,952,12,0.9431945538974952,0
208,6,4,11,0.5216732530096777,1018,12,0.9431945538974952,0
271,6,4,11,0.9235511397343572,873,6,0.9431945538974952,0
368,6,4,5,0.5296312309646218,1015,12,0.9431945538974952,0
253,6,4,1,0.5853370766492308,976,12,0.9431945538974952,0
302,6,4,1,0.8200974263200832,961,6,0.9431945538974952,0
198,6,4,1,1.1583114894052096,907,6,0.9431945538974952,0
281,6,4,5,0.7922445034777786,849,6,0.9431945538974952,0
333,6,4,11,0.8200974263200832,918,12,0.9431945538974952,0
298,6,4,11,0.8439713601849157,928,12,0.9431945538974952,0
236,6,4,5,0.5734001097168147,937,12,0.9431945538974952,0
312,6,4,5,0.3505767269783785,1032,6,0.9431945538974952,0
277,6,4,5,0.8121394483651391,977,6,0.9431945538974952,0
279,6,4,5,0.8320343932524994,873,6,0.9431945538974952,0
247,6,4,11,0.652979889266256,1003,12,0.9431945538974952,0
312,6,4,1,0.3465977380009064,972,12,0.9431945538974952,0
216,6,4,5,0.7166437129058093,918,12,0.9431945538974952,0
369,6,4,11,0.6410429223338399,947,12,0.9431945538974952,0
286,6,4,11,0.5893160656267029,1021,6,0.9431945538974952,0
296,6,4,1,0.9235511397343572,854,6,0.9431945538974952,0
359,6,4,5,0.5853370766492308,924,12,0.9431945538974952,0
324,6,4,11,0.652979889266256,964,12,0.9431945538974952,0
234,6,4,1,0.649000900288784,971,12,0.9431945538974952,0
288,6,4,1,0.5455471868745101,967,6,0.9431945538974952,0
289,6,4,1,0.6092110105140632,1032,12,0.9431945538974952,0
244,6,4,11,0.7126647239283372,923,6,0.9431945538974952,0
342,6,4,11,0.378429649820683,984,6,0.9431945538974952,0
338,6,4,11,0.4898413411899011,1012,12,0.9431945538974952,0
382,6,4,11,0.3863876277756271,1039,12,0.9431945538974952,0
243,6,4,1,0.6887907900635047,935,6,0.9431945538974952,0
282,6,4,1,0.7007277569959209,960,6,0.9431945538974952,0
318,6,4,5,0.8200974263200832,860,6,0.9431945538974952,0
361,6,4,5,0.6887907900635047,986,12,0.9431945538974952,0
257,6,4,11,0.963341029509078,859,6,0.9431945538974952,0
288,6,4,1,0.8121394483651391,961,12,0.9431945538974952,0
259,6,4,1,0.6927697790409768,929,12,0.9431945538974952,0
801,6,4,7,0.803330076488523,2606,6,0.9431945538974952,1
806,6,4,10,1.451905279816471,2961,6,0.8884502877862838,1
522,6,4,7,0.266166564529793,2281,6,0.8884502877862838,1
1054,6,4,10,1.3524305553796692,2953,6,0.8884502877862838,1
688,4,4,7,1.7065605743746837,3237,6,0.9431945538974952,1
914,4,4,7,1.7463504641494043,3548,6,0.8884502877862838,1
942,4,4,10,2.291471954063079,3408,6,0.8884502877862838,1
948,6,4,7,1.022174470249487,2575,6,0.8884502877862838,1
1037,6,4,7,2.152207339851556,2838,6,0.9431945538974952,1
897,6,4,10,1.7184975413071,3163,6,0.9431945538974952,1
693,6,4,10,2.1163964390543075,3082,6,0.9431945538974952,1
915,6,4,10,1.4678212357263594,3000,6,0.9431945538974952,1
747,6,4,10,1.3763044892445015,3298,6,0.9431945538974952,1
778,4,4,7,1.3484515664021972,2588,6,0.9431945538974952,1
823,6,4,10,0.7436452418264419,2609,6,0.9431945538974952,1
908,6,4,7,0.8232250213758834,2388,6,0.8884502877862838,1
865,6,4,10,1.6747286625549072,3024,6,0.8884502877862838,1
872,6,4,7,1.471800224703831,2951,6,0.9431945538974952,1
846,6,4,7,1.7184975413071,3008,6,0.8884502877862838,1
921,4,4,7,1.4001784231093342,3033,6,0.9431945538974952,1
1120,6,4,10,1.555358993230745,2885,6,0.9431945538974952,1
1246,6,4,10,2.7251817526075346,3324,6,0.8884502877862838,1
905,6,4,10,1.555358993230745,2925,6,0.8884502877862838,1
779,4,4,10,1.125628183663761,2730,6,0.9431945538974952,1
994,6,4,10,1.292745720717588,3026,6,0.8884502877862838,1
1151,4,4,10,2.108438461099363,3095,6,0.8884502877862838,1
759,4,4,10,0.8988258119478527,2960,6,0.9431945538974952,1
888,6,4,7,1.8060352988114856,3287,6,0.9431945538974952,1
946,6,4,10,2.3431988107702155,3037,6,0.8884502877862838,1
1074,6,4,7,2.4904214029366822,3228,6,0.9431945538974952,1
917,6,4,10,2.104459472121891,3550,6,0.8884502877862838,1
1015,6,4,10,0.7993510875110509,2570,6,0.8884502877862838,1
827,4,4,7,1.8100142877889576,2896,6,0.8884502877862838,1
1180,4,4,7,1.8219512547213736,3091,6,0.8884502877862838,1
919,6,4,7,1.6309597838027143,3078,6,0.8884502877862838,1
967,4,4,10,1.615043827892826,2685,6,0.8884502877862838,1
902,6,4,10,1.0937962718439844,3103,6,0.8884502877862838,1
909,6,4,7,1.9612158689328965,3000,6,0.9431945538974952,1
1040,4,4,10,1.9532578909779523,3377,6,0.8884502877862838,1
1255,4,4,10,2.0567116043922264,3368,6,0.9431945538974952,1
723,6,4,10,0.7714981646687463,2504,6,0.9431945538974952,1
1153,4,4,7,1.6906446184647954,3004,6,0.8884502877862838,1
1100,4,4,10,0.6202965835248075,2725,6,0.9431945538974952,1
678,4,4,7,0.373599266921539,2343,6,0.8884502877862838,1
705,4,4,7,1.3564095443571411,3076,6,0.9431945538974952,1
776,4,4,7,0.8709728891055483,2694,6,0.8884502877862838,1
1004,4,4,10,1.6508547286900748,3146,6,0.9431945538974952,1
735,4,4,7,0.7794561426236906,2225,6,0.8884502877862838,1
1022,4,4,10,1.8696991224510389,3030,6,0.9431945538974952,1
912,6,4,7,1.4359893239065826,2615,6,0.8884502877862838,1
1138,4,4,7,1.881636089383455,3237,6,0.8884502877862838,1
791,4,4,7,0.6123386055698634,2444,6,0.8884502877862838,1
845,4,4,10,2.3471777997476875,2913,6,0.8884502877862838,1
659,4,4,10,0.9784055914972942,2496,6,0.8884502877862838,1
804,4,4,7,1.2091869521906744,2840,6,0.8884502877862838,1
675,6,4,7,1.9731528358653128,3170,6,0.8884502877862838,1
538,6,4,7,0.2383136416874884,2451,6,0.8884502877862838,1
1007,4,4,7,1.921425979158176,3221,6,0.8884502877862838,1
948,6,4,7,1.6389177617576585,3168,6,0.9431945538974952,1
710,4,4,7,1.607085849937882,3179,6,0.8884502877862838,1
564,6,4,7,1.3046826876500044,2437,6,0.8884502877862838,1
1038,6,4,7,1.7145185523296278,3038,6,0.9431945538974952,1
1047,4,4,7,2.036816659504866,3450,6,0.9431945538974952,1
929,6,4,10,0.9386157017225736,2900,6,0.8884502877862838,1
1066,6,4,7,1.933362946090592,3329,6,0.9431945538974952,1
899,6,4,10,1.4160943790192224,2768,6,0.9431945538974952,1
1012,4,4,10,1.4280313459516385,2823,6,0.8884502877862838,1
850,4,4,10,1.6269807948252424,3046,6,0.8884502877862838,1
1031,4,4,7,1.913468001203232,2861,6,0.9431945538974952,1
761,6,4,7,1.3842624671994457,2568,6,0.9431945538974952,1
697,4,4,7,1.1017542497989286,2711,6,0.8884502877862838,1
1098,4,4,10,1.8617411444960947,3193,6,0.8884502877862838,1
911,4,4,7,0.9943215474071824,2811,6,0.9431945538974952,1
971,4,4,10,1.9532578909779523,2907,6,0.8884502877862838,1
977,4,4,10,1.9532578909779523,2816,6,0.9431945538974952,1
916,4,4,7,1.1455231285511214,2291,6,0.9431945538974952,1
908,4,4,7,1.515569103456024,3101,6,0.8884502877862838,1
668,4,4,7,1.109712227753873,2978,6,0.8884502877862838,1
1041,4,4,10,1.5275060703884404,2815,6,0.9431945538974952,1
990,6,4,7,1.0898172828665122,2759,6,0.8884502877862838,1
949,4,4,7,1.5871909050505215,3060,6,0.8884502877862838,1
999,4,4,10,1.3325356104923087,3035,6,0.8884502877862838,1
960,4,4,10,2.7251817526075346,3229,6,0.8884502877862838,1
926,4,4,7,2.180060262693861,3100,6,0.8884502877862838,1
750,6,4,7,1.404157412086806,3004,6,0.8884502877862838,1
896,6,4,10,0.7356872638714977,2544,6,0.8884502877862838,1
883,6,4,10,1.451905279816471,2943,6,0.9431945538974952,1
761,4,4,10,1.2609138088978116,3014,6,0.8884502877862838,1
1184,4,4,7,1.865720133473567,3374,6,0.8884502877862838,1
973,6,4,7,2.1163964390543075,3156,6,0.8884502877862838,1
967,6,4,10,0.97044761354235,2727,6,0.8884502877862838,1
919,4,4,10,2.036816659504866,3260,6,0.9431945538974952,1
897,6,4,10,2.5978541053284285,3392,6,0.9431945538974952,1
877,4,4,7,1.4160943790192224,2863,6,0.9431945538974952,1
1092,4,4,10,1.4757792136813035,2818,6,0.9431945538974952,1
873,6,4,10,2.168123295761444,3328,6,0.8884502877862838,1
945,4,4,10,1.0778803159340962,3007,6,0.9431945538974952,1
1034,6,4,7,1.5314850593659124,3279,6,0.9431945538974952,1
675,4,4,10,1.4678212357263594,3201,6,0.9431945538974952,1
844,6,4,10,0.7555822087588581,2717,6,0.9431945538974952,1
1034,4,4,10,1.5911698940279937,3322,6,0.8884502877862838,1
537,4,4,7,1.0460484041143194,2932,6,0.9431945538974952,1
1022,6,4,10,1.615043827892826,3331,6,0.8884502877862838,1
955,6,4,7,1.336514599469781,2866,6,0.9431945538974952,1
790,6,4,7,1.3205986435598926,2941,6,0.9431945538974952,1
634,4,4,10,1.5275060703884404,2733,6,0.9431945538974952,1
930,6,4,7,1.3245776325373646,3007,6,0.9431945538974952,1
856,4,4,10,1.3484515664021972,2788,6,0.8884502877862838,1
852,6,4,7,1.8975520452933432,3237,6,0.8884502877862838,1
838,4,4,10,0.6561074843220562,2305,6,0.9431945538974952,1
860,4,4,7,1.344472577424725,2710,6,0.8884502877862838,1
911,4,4,10,1.0341114371819031,2942,6,0.8884502877862838,1
714,6,4,10,1.133586161618705,2980,6,0.9431945538974952,1
776,4,4,10,1.4200733679966944,2344,6,0.9431945538974952,1
775,6,4,7,0.9147417678577412,2987,6,0.8884502877862838,1
972,4,4,7,1.4121153900417502,2802,6,0.9431945538974952,1
701,4,4,10,1.3245776325373646,2746,6,0.9431945538974952,1
824,6,4,7,0.8311829993308275,2451,6,0.8884502877862838,1
1013,4,4,7,1.499653147546136,3362,6,0.9431945538974952,1
926,6,4,10,1.7383924861944604,3174,6,0.9431945538974952,1
819,4,4,7,1.495674158568664,2679,6,0.8884502877862838,1
1062,6,4,7,2.028858681549922,2819,6,0.9431945538974952,1
787,6,4,10,0.6123386055698634,2996,6,0.9431945538974952,1
828,6,4,10,1.081859304911568,2315,6,0.8884502877862838,1
992,6,4,7,1.2768297648076998,2761,6,0.9431945538974952,1
900,4,4,10,1.4121153900417502,3110,6,0.9431945538974952,1
989,4,4,7,1.666770684599963,2977,6,0.8884502877862838,1
852,4,4,7,1.4877161806137198,3009,6,0.9431945538974952,1
1091,4,4,7,1.722476530284572,2926,6,0.8884502877862838,1
746,6,4,10,2.0606905933696984,3130,6,0.8884502877862838,1
859,6,4,7,2.2437240863334136,3003,6,0.9431945538974952,1
805,4,4,7,1.5275060703884404,2455,6,0.8884502877862838,1
1134,6,4,10,1.917446990180704,3186,6,0.9431945538974952,1
962,4,4,10,1.4638422467488872,2807,6,0.8884502877862838,1
888,4,4,7,1.2808087537851718,2956,6,0.9431945538974952,1
707,4,4,7,1.0778803159340962,2594,6,0.8884502877862838,1
1198,6,4,7,2.633665006125677,3359,6,0.9431945538974952,1
1090,6,4,7,1.3564095443571411,2782,6,0.8884502877862838,1
955,4,4,7,1.5871909050505215,2933,6,0.8884502877862838,1
1054,6,4,7,2.008963736662561,3226,6,0.8884502877862838,1
890,4,4,10,0.7953720985335788,3112,6,0.8884502877862838,1
1038,4,4,7,2.4824634249817383,3471,6,0.9431945538974952,1
878,4,4,7,1.0619643600242077,2902,6,0.9431945538974952,1
993,6,4,10,2.2795349871306625,3287,6,0.8884502877862838,1
922,6,4,10,1.1176702057088168,3072,6,0.9431945538974952,1
808,4,4,10,1.7145185523296278,2991,6,0.8884502877862838,1
991,6,4,7,1.6230018058477702,2816,6,0.9431945538974952,1
754,6,4,10,1.1693970624159538,2564,6,0.8884502877862838,1
1059,6,4,7,2.7689506313597274,3410,6,0.8884502877862838,1
1063,4,4,10,2.3909466784998803,3416,6,0.9431945538974952,1
880,4,4,10,1.6508547286900748,2775,6,0.9431945538974952,1
770,6,4,7,0.4810319693132849,2330,6,0.9431945538974952,1
928,4,4,10,1.8338882216537904,3136,6,0.8884502877862838,1
1093,6,4,10,1.4757792136813035,2781,6,0.9431945538974952,1
665,6,4,7,1.0102375033170707,2540,6,0.8884502877862838,1
892,4,4,10,1.9691738468878408,3161,6,0.9431945538974952,1
759,6,4,7,2.048753626437282,3063,6,0.8884502877862838,1
796,4,4,7,0.8829098560379645,2945,6,0.8884502877862838,1
978,4,4,7,1.4240523569741663,3138,6,0.9431945538974952,1
1249,6,4,10,2.637643995103149,3344,6,0.9431945538974952,1
1034,4,4,7,2.5222533147564588,3235,6,0.8884502877862838,1
654,4,4,10,1.8458251885862065,2969,6,0.9431945538974952,1
1048,4,4,10,1.766245409036765,2966,6,0.8884502877862838,1
758,6,4,7,1.611064838915354,2913,6,0.8884502877862838,1
837,6,4,7,1.5434220262983287,3021,6,0.9431945538974952,1
680,6,4,10,0.8868888450154365,2536,6,0.8884502877862838,1
813,4,4,7,1.921425979158176,3064,6,0.8884502877862838,1
1071,6,4,10,1.8020563098340128,3206,6,0.9431945538974952,1
933,4,4,7,1.1415441395736492,2832,6,0.8884502877862838,1
1101,6,4,10,1.7423714751719324,2920,6,0.9431945538974952,1
1152,6,4,10,1.149502117528593,3054,6,0.9431945538974952,1
896,4,4,7,1.722476530284572,3261,6,0.8884502877862838,1
810,4,4,10,1.7145185523296278,2975,6,0.8884502877862838,1
875,4,4,10,0.859035922173132,2773,6,0.9431945538974952,1
657,6,4,7,0.9346367127451014,2625,6,0.9431945538974952,1
722,4,4,7,1.3325356104923087,2643,6,0.8884502877862838,1
1076,6,4,7,1.3524305553796692,2944,6,0.9431945538974952,1
796,4,4,10,1.0540063820692636,2626,6,0.9431945538974952,1
902,4,4,7,2.4028836454322966,2993,6,0.9431945538974952,1
834,4,4,10,1.1574600954835377,2895,6,0.8884502877862838,1
1044,4,4,10,0.5765277047726147,2544,6,0.9431945538974952,1
800,4,4,10,1.6508547286900748,3097,6,0.9431945538974952,1
633,6,4,7,1.4121153900417502,2956,6,0.8884502877862838,1
1049,4,4,7,1.8975520452933432,3313,6,0.9431945538974952,1
833,4,4,7,0.4372630905610921,2584,6,0.9431945538974952,1
1065,4,4,10,1.5513800042532728,3256,6,0.9431945538974952,1
1220,6,4,10,2.052732615414754,3179,6,0.8884502877862838,1
913,6,4,10,1.29672470969506,2641,6,0.9431945538974952,1
1007,6,4,10,1.8975520452933432,3109,6,0.9431945538974952,1
1122,4,4,7,1.1296071726412331,3004,6,0.8884502877862838,1
956,6,4,7,1.9572368799554245,3049,6,0.9431945538974952,1
736,4,4,10,1.515569103456024,2984,6,0.9431945538974952,1
1022,4,4,7,1.933362946090592,3109,6,0.9431945538974952,1
1128,4,4,7,1.6986025964197395,2776,6,0.9431945538974952,1
972,4,4,7,1.8338882216537904,3398,6,0.8884502877862838,1
1060,4,4,10,1.432010334929111,3105,6,0.8884502877862838,1
1014,6,4,10,2.156186328829028,3555,6,0.8884502877862838,1
700,6,4,7,0.8709728891055483,2532,6,0.9431945538974952,1
775,6,4,10,0.7436452418264419,2621,6,0.8884502877862838,1
967,6,4,7,1.6508547286900748,3251,6,0.9431945538974952,1
941,6,4,10,1.1057332387764005,2872,6,0.9431945538974952,1
833,6,4,10,0.6640654622770004,2799,6,0.9431945538974952,1
838,6,4,10,1.825930243698846,3001,6,0.8884502877862838,1
811,6,4,7,1.901531034270816,3242,6,0.9431945538974952,1
924,6,4,10,1.7383924861944604,2732,6,0.9431945538974952,1
978,4,4,10,2.2954509430405508,3074,6,0.9431945538974952,1
795,4,4,7,2.585917138396012,3233,6,0.9431945538974952,1
990,6,4,7,1.7025815853972115,3016,6,0.9431945538974952,1
534,4,4,7,1.3922204451543898,2443,6,0.8884502877862838,1
938,4,4,10,1.6548337176675467,2707,6,0.9431945538974952,1
867,4,4,7,1.6508547286900748,3092,6,0.8884502877862838,1
810,6,4,10,1.121649194686289,2571,6,0.9431945538974952,1
853,4,4,7,1.0858382938890403,2733,6,0.9431945538974952,1
854,4,4,10,1.611064838915354,2683,6,0.9431945538974952,1
803,4,4,7,1.619022816870298,3358,6,0.9431945538974952,1
671,6,4,7,1.2609138088978116,2651,6,0.8884502877862838,1
992,4,4,7,1.9572368799554245,3091,6,0.8884502877862838,1
815,4,4,10,1.2808087537851718,2823,6,0.8884502877862838,1
924,6,4,7,1.2569348199203394,2886,6,0.9431945538974952,1
1072,6,4,7,1.6230018058477702,3144,6,0.9431945538974952,1
1003,6,4,10,2.036816659504866,3123,6,0.9431945538974952,1
879,6,4,7,1.8100142877889576,3114,6,0.9431945538974952,1
948,6,4,7,1.559337982208217,3296,6,0.9431945538974952,1
1036,4,4,7,2.335240832815272,3149,6,0.9431945538974952,1
1102,4,4,10,1.0619643600242077,2773,6,0.9431945538974952,1
734,4,4,7,1.0977752608214564,2747,6,0.8884502877862838,1
732,4,4,10,0.8351619883082996,3053,6,0.8884502877862838,1
589,6,4,7,2.028858681549922,2840,6,0.8884502877862838,1
1044,6,4,10,1.905510023248288,2866,6,0.8884502877862838,1
875,4,4,7,1.8696991224510389,3151,6,0.9431945538974952,1
867,6,4,10,2.7689506313597274,3266,6,0.8884502877862838,1
659,6,4,10,1.0540063820692636,2789,6,0.9431945538974952,1
754,4,4,10,0.9903425584297104,2642,6,0.8884502877862838,1
809,6,4,10,1.3126406656049483,2829,6,0.8884502877862838,1
987,6,4,7,1.3166196545824205,3392,6,0.8884502877862838,1
1017,4,4,10,1.6349387727801863,3020,6,0.9431945538974952,1
1115,6,4,7,1.6946236074422676,2711,6,0.9431945538974952,1
542,6,4,7,0.8152670434209391,2438,6,0.9431945538974952,1
814,4,4,7,1.50761112550108,2873,6,0.8884502877862838,1
992,6,4,7,1.8577621555186223,2919,6,0.9431945538974952,1
793,6,4,7,1.2569348199203394,2869,6,0.8884502877862838,1
747,4,4,10,0.5844856827275589,2455,6,0.9431945538974952,1
855,4,4,10,1.8577621555186223,3384,6,0.8884502877862838,1
824,4,4,7,1.6866656294873237,3086,6,0.9431945538974952,1
875,4,4,10,0.9067837899027968,2449,6,0.8884502877862838,1
833,6,4,7,1.3564095443571411,2768,6,0.9431945538974952,1
711,4,4,7,1.443947301861527,2793,6,0.9431945538974952,1
899,6,4,10,1.678707651532379,2997,6,0.9431945538974952,1
831,4,4,10,0.6043806276149193,2621,6,0.9431945538974952,1
790,4,4,10,2.144249361896612,3510,6,0.9431945538974952,1
973,6,4,7,1.0420694151368477,2893,6,0.8884502877862838,1
752,4,4,10,1.4399683128840548,2699,6,0.9431945538974952,1
1002,6,4,7,1.284787742762644,2601,6,0.9431945538974952,1
907,4,4,7,1.149502117528593,2732,6,0.9431945538974952,1
829,4,4,10,1.7582874310818206,3202,6,0.9431945538974952,1
871,6,4,10,0.5685697268176706,1967,6,0.9431945538974952,1
1097,6,4,7,2.215871163491109,3331,6,0.9431945538974952,1
1050,4,4,10,1.2211239191230907,2742,6,0.8884502877862838,1
944,6,4,7,1.336514599469781,2819,6,0.9431945538974952,1
643,6,4,7,1.237039875032979,2449,6,0.8884502877862838,1
890,6,4,7,1.7463504641494043,2987,6,0.8884502877862838,1
1024,6,4,7,1.611064838915354,3072,6,0.8884502877862838,1
1168,4,4,10,1.2529558309428672,3183,6,0.8884502877862838,1
893,4,4,10,1.0102375033170707,2296,6,0.8884502877862838,1
891,6,4,10,1.925404968135648,2647,6,0.8884502877862838,1
770,4,4,7,1.0540063820692636,2603,6,0.8884502877862838,1
852,6,4,7,1.7025815853972115,3242,6,0.8884502877862838,1
848,6,4,7,2.323303865882856,3246,6,0.9431945538974952,1
1070,6,4,7,0.1905657739578236,2766,6,0.8884502877862838,1
894,4,4,10,1.658812706645019,3207,6,0.9431945538974952,1
1094,4,4,10,2.132312394964196,3262,6,0.8884502877862838,1
814,6,4,10,2.0646695823471704,3424,6,0.8884502877862838,1
913,4,4,10,1.6906446184647954,3121,6,0.8884502877862838,1
797,6,4,10,1.4916951695911915,2948,6,0.9431945538974952,1
837,6,4,7,1.3643675223120857,3105,6,0.9431945538974952,1
1192,4,4,10,1.7423714751719324,2969,6,0.9431945538974952,1
697,6,4,10,1.925404968135648,3378,6,0.9431945538974952,1
1030,6,4,10,1.4359893239065826,3045,6,0.8884502877862838,1
514,4,4,7,1.2489768419653953,2784,6,0.8884502877862838,1
664,6,4,10,1.50761112550108,3017,6,0.9431945538974952,1
964,4,4,10,1.3802834782219735,2832,6,0.9431945538974952,1
861,4,4,7,1.7861403539241252,2800,6,0.9431945538974952,1
870,6,4,10,1.2728507758302277,2789,6,0.9431945538974952,1
928,4,4,10,1.2410188640104511,3118,6,0.8884502877862838,1
1001,6,4,10,1.6309597838027143,3177,6,0.9431945538974952,1
756,6,4,7,0.6720234402319445,2958,6,0.9431945538974952,1
804,6,4,10,1.4081364010642785,2785,6,0.8884502877862838,1
738,4,4,10,0.7834351316011626,2226,6,0.9431945538974952,1
1147,4,4,10,2.355135777702632,3263,6,0.8884502877862838,1
927,6,4,7,1.515569103456024,2720,6,0.8884502877862838,1
737,4,4,10,0.2940194873720975,2081,6,0.9431945538974952,1
962,4,4,10,1.8418461996087343,3534,6,0.9431945538974952,1
764,4,4,10,1.4200733679966944,2828,6,0.8884502877862838,1
946,6,4,7,0.6004016386374472,2291,6,0.9431945538974952,1
1069,4,4,10,1.615043827892826,3235,6,0.9431945538974952,1
950,4,4,10,1.4638422467488872,3006,6,0.8884502877862838,1
967,6,4,7,1.9532578909779523,2815,6,0.8884502877862838,1
900,4,4,7,1.5275060703884404,2970,6,0.8884502877862838,1
804,6,4,7,1.455884268793943,2729,6,0.8884502877862838,1
766,6,4,10,1.3683465112895574,2616,6,0.9431945538974952,1
1004,4,4,7,2.3909466784998803,3221,6,0.8884502877862838,1
1042,4,4,7,2.2874929650856064,3133,6,0.8884502877862838,1
919,4,4,7,1.5951488830054656,3109,6,0.8884502877862838,1
814,6,4,7,1.244997852987923,2573,6,0.8884502877862838,1
778,4,4,10,0.8391409772857716,2236,6,0.8884502877862838,1
855,4,4,10,1.770224398014237,2972,6,0.9431945538974952,1
742,6,4,10,0.6760024292094166,2368,6,0.8884502877862838,1
952,6,4,10,1.7423714751719324,2876,6,0.9431945538974952,1
982,6,4,10,1.7503294531268765,2965,6,0.8884502877862838,1
833,4,4,10,1.2768297648076998,2935,6,0.9431945538974952,1
757,4,4,7,1.0500273930917916,2649,6,0.9431945538974952,1
685,6,4,10,1.495674158568664,2711,6,0.9431945538974952,1
745,6,4,7,1.3603885333346133,2555,6,0.8884502877862838,1
747,4,4,10,1.0341114371819031,2871,6,0.9431945538974952,1
1002,4,4,7,1.6269807948252424,3135,6,0.8884502877862838,1
749,6,4,10,2.144249361896612,3046,6,0.9431945538974952,1
1005,4,4,7,2.426757579297129,3223,6,0.8884502877862838,1
1018,6,4,7,1.8696991224510389,3301,6,0.8884502877862838,1
851,4,4,7,1.022174470249487,2795,6,0.8884502877862838,1
828,4,4,10,1.4001784231093342,2790,6,0.9431945538974952,1
995,6,4,7,1.3802834782219735,2861,6,0.9431945538974952,1
773,4,4,7,1.825930243698846,2823,6,0.9431945538974952,1
1013,6,4,7,2.0805855382570586,3287,6,0.9431945538974952,1
1018,4,4,10,1.6627916956224909,3096,6,0.8884502877862838,1
1031,4,4,10,1.0380904261593753,2871,6,0.9431945538974952,1
817,6,4,10,1.905510023248288,3067,6,0.8884502877862838,1
998,4,4,10,1.3842624671994457,3024,6,0.8884502877862838,1
821,6,4,7,1.6627916956224909,2701,6,0.8884502877862838,1
639,4,4,7,0.9147417678577412,2690,6,0.8884502877862838,1
814,6,4,10,1.5195480924334963,2565,6,0.9431945538974952,1
705,4,4,10,1.8100142877889576,3016,6,0.9431945538974952,1
894,6,4,7,1.2648927978752835,2650,6,0.8884502877862838,1
867,6,4,7,1.6866656294873237,2600,6,0.8884502877862838,1
963,6,4,10,1.6707496735774352,3133,6,0.8884502877862838,1
833,6,4,10,1.7065605743746837,3358,6,0.9431945538974952,1
733,6,4,7,2.144249361896612,3048,6,0.8884502877862838,1
632,6,4,7,0.4412420795385642,2806,6,0.9431945538974952,1
1019,6,4,7,1.5752539381181052,3287,6,0.9431945538974952,1
885,6,4,10,1.881636089383455,2929,6,0.8884502877862838,1
665,6,4,10,0.9744266025198222,2716,6,0.8884502877862838,1
616,6,4,10,0.8470989552407158,2250,6,0.9431945538974952,1
1083,4,4,7,1.8577621555186223,3101,6,0.8884502877862838,1
775,6,4,7,1.5752539381181052,3036,6,0.9431945538974952,1
1217,4,4,10,1.5712749491406333,3438,6,0.9431945538974952,1
1017,6,4,7,2.3869676895224083,3396,6,0.9431945538974952,1
435,6,4,5,0.4977993191448452,1203,6,0.8884502877862838,0
441,6,4,5,0.1357113221948865,1151,1,0.9431945538974952,0
420,6,4,5,0.0481735646905008,1243,1,0.8884502877862838,0
352,6,4,5,0.8200974263200832,895,6,0.9431945538974952,0
409,6,4,5,0.4301565065278199,1131,1,0.8884502877862838,0
449,6,4,5,0.4730739913583408,1187,1,0.9431945538974952,0
430,6,4,5,0.3545557159558505,1069,1,0.8884502877862838,0
379,6,4,5,0.2590599804965208,1073,6,0.9431945538974952,0
403,6,4,5,0.6927697790409768,1059,1,0.8884502877862838,0
406,6,4,5,0.0402155867355567,1351,6,0.9431945538974952,0
408,6,4,5,0.2550809915190487,1233,6,0.8884502877862838,0
397,6,4,5,0.4261775175503479,981,6,0.8884502877862838,0
407,6,4,5,0.0194692479265244,1175,1,0.9431945538974952,0
516,6,4,5,0.2343346527100163,1217,1,0.9431945538974952,0
412,6,4,5,0.4898413411899011,961,1,0.9431945538974952,0
459,6,4,5,0.2383136416874884,1166,1,0.8884502877862838,0
345,6,4,5,0.4938203301673731,1059,6,0.9431945538974952,0
378,6,4,5,0.0720474985553333,1006,1,0.8884502877862838,0
442,6,4,5,0.2670179584514649,943,6,0.8884502877862838,0
346,6,4,5,0.7962234924552508,950,6,0.9431945538974952,0
418,6,4,5,0.1197953662849981,1224,6,0.9431945538974952,0
401,6,4,5,0.1038794103751098,1124,1,0.9431945538974952,0
328,6,4,5,0.6927697790409768,1072,1,0.8884502877862838,0
431,6,4,5,0.0194692479265244,1248,1,0.8884502877862838,0
376,6,4,5,0.321872410214402,1295,1,0.8884502877862838,0
290,6,4,5,0.5773790986942867,1021,6,0.8884502877862838,0
389,6,4,5,0.1865867849803515,1118,1,0.9431945538974952,0
339,6,4,5,0.6887907900635047,868,1,0.8884502877862838,0
437,6,4,5,0.1874381789020234,1202,1,0.8884502877862838,0
304,6,4,5,0.7564336026805301,849,6,0.9431945538974952,0
490,6,4,5,0.0919424434426936,1054,6,0.8884502877862838,0
296,6,4,5,1.2458492469095952,888,6,0.9431945538974952,0
325,6,4,5,0.5813580876717588,1028,1,0.8884502877862838,0
399,6,4,5,0.4023035836855154,1209,6,0.9431945538974952,0
469,6,4,5,0.3377883661242903,1144,1,0.8884502877862838,0
425,6,4,5,0.3903666167530992,1105,1,0.9431945538974952,0
375,6,4,5,0.5256522419871498,1030,6,0.9431945538974952,0
437,6,4,5,0.3585347049333226,1074,6,0.8884502877862838,0
400,6,4,5,0.7604125916580021,1087,1,0.8884502877862838,0
335,6,4,5,0.2590599804965208,1179,6,0.8884502877862838,0
450,6,4,5,0.377578255899011,1291,6,0.9431945538974952,0
366,6,4,5,0.3426187490234343,1023,1,0.8884502877862838,0
423,6,4,5,0.0242996308256684,1080,1,0.8884502877862838,0
486,6,4,5,0.0879634544652216,1207,1,0.9431945538974952,0
469,6,4,5,0.2502506086199046,1126,1,0.9431945538974952,0
481,6,4,5,0.3656412889665948,1383,6,0.8884502877862838,0
315,6,4,5,0.9553830515541336,932,1,0.9431945538974952,0
384,6,4,5,0.2383136416874884,1183,6,0.9431945538974952,0
498,6,4,5,0.2502506086199046,1131,6,0.9431945538974952,0
395,6,4,5,0.377578255899011,1243,1,0.9431945538974952,0
362,6,4,5,0.1197953662849981,1220,6,0.8884502877862838,0
481,6,4,5,0.1189439723633262,1331,6,0.9431945538974952,0
361,6,4,5,0.0004256969608359,1049,6,0.9431945538974952,0
439,6,4,5,0.0242996308256684,1169,6,0.8884502877862838,0
342,6,4,5,0.5097362860772614,897,1,0.9431945538974952,0
466,6,4,5,0.6609378672212003,907,1,0.9431945538974952,0
429,6,4,5,0.4580094293701244,1119,1,0.9431945538974952,0
413,6,4,5,0.2462716196424326,1203,6,0.9431945538974952,0
417,6,4,5,0.1308809392957424,1170,6,0.8884502877862838,0
396,6,4,5,0.2312070576542162,1170,1,0.9431945538974952,0
422,6,4,5,0.1317323332174144,1118,6,0.9431945538974952,0
377,6,4,5,0.4142405506179316,1028,6,0.9431945538974952,0
392,6,4,5,0.5694211207393426,976,6,0.9431945538974952,0
367,6,4,5,0.1197953662849981,1122,1,0.8884502877862838,0
368,6,4,5,0.1874381789020234,1025,6,0.8884502877862838,0
438,6,4,5,0.3346607710684902,1277,1,0.9431945538974952,0
352,6,4,5,0.1794802009470793,1169,1,0.9431945538974952,0
368,6,4,5,0.6569588782437281,1053,6,0.8884502877862838,0
340,6,4,5,0.0760264875328053,1123,1,0.8884502877862838,0
387,6,4,5,0.4580094293701244,1157,1,0.8884502877862838,0
366,6,4,5,0.056131542645445,1072,6,0.8884502877862838,0
379,6,4,5,0.5057572970997893,982,1,0.8884502877862838,0
437,6,4,5,0.0163416528707242,1184,1,0.8884502877862838,0
426,6,4,5,0.7405176467706417,1033,1,0.8884502877862838,0
352,6,4,5,0.3187448151586018,1206,1,0.9431945538974952,0
422,6,4,5,0.4261775175503479,975,6,0.9431945538974952,0
349,6,4,5,0.4779043742574848,974,6,0.9431945538974952,0
450,6,4,5,0.1388389172506866,1328,1,0.9431945538974952,0
268,6,4,5,1.1145426106530167,887,1,0.9431945538974952,0
341,6,4,5,0.4381144844827641,991,6,0.9431945538974952,0
474,6,4,5,0.1078583993525819,1168,6,0.8884502877862838,0
321,6,4,5,0.5097362860772614,1040,1,0.9431945538974952,0
432,6,4,5,0.0194692479265244,1035,6,0.8884502877862838,0
345,6,4,5,0.0959214324201657,1191,6,0.9431945538974952,0
418,6,4,5,0.1436693001498306,1059,1,0.8884502877862838,0
354,6,4,5,0.163564245037191,996,1,0.8884502877862838,0
441,6,4,5,0.3983245947080434,950,1,0.9431945538974952,0
415,6,4,5,0.0083836749157801,1062,1,0.9431945538974952,0
438,6,4,5,0.3585347049333226,941,6,0.8884502877862838,0
503,6,4,5,0.3377883661242903,1253,1,0.9431945538974952,0
292,6,4,5,0.6649168561986724,1023,6,0.8884502877862838,0
329,6,4,5,0.5017783081223173,1121,6,0.8884502877862838,0
406,6,4,5,0.3625136939107947,1157,1,0.9431945538974952,0
388,6,4,5,0.0839844654877495,1047,1,0.8884502877862838,0
409,6,4,5,0.1715222229921351,1097,6,0.9431945538974952,0
367,6,4,5,0.7444966357481138,1011,6,0.9431945538974952,0
464,6,4,5,0.4301565065278199,1124,6,0.8884502877862838,0
370,6,4,5,0.8320343932524994,969,6,0.9431945538974952,0
370,6,4,5,0.1556062670822468,1140,1,0.9431945538974952,0
406,6,4,5,0.1396903111723585,1085,6,0.8884502877862838,0
508,6,4,5,0.4651160134033967,1150,1,0.8884502877862838,0
428,6,4,5,0.0314062148589406,1115,6,0.8884502877862838,0
396,6,4,5,0.1078583993525819,982,6,0.9431945538974952,0
387,6,4,5,0.4420934734602362,965,6,0.8884502877862838,0
389,6,4,5,0.3585347049333226,1243,6,0.8884502877862838,0
461,6,4,5,0.2908918923162973,929,6,0.8884502877862838,0
482,6,4,5,0.3625136939107947,1119,1,0.8884502877862838,0
317,6,4,5,0.7365386577931696,828,1,0.8884502877862838,0
421,6,4,5,0.2869129033388253,991,6,0.9431945538974952,0
399,6,4,5,0.1277533442399423,1059,6,0.8884502877862838,0
364,6,4,5,0.3346607710684902,839,6,0.8884502877862838,0
396,6,4,5,0.7723495585904183,1095,6,0.9431945538974952,0
384,6,4,5,0.6887907900635047,1036,1,0.9431945538974952,0
401,6,4,5,0.3227238041360739,1101,6,0.8884502877862838,0
420,6,4,5,0.5455471868745101,1004,6,0.9431945538974952,0
391,6,4,5,0.0282786198031404,1017,1,0.9431945538974952,0
417,6,4,5,0.1308809392957424,1109,6,0.8884502877862838,0
389,6,4,5,0.5296312309646218,1079,6,0.8884502877862838,0
490,6,4,5,0.004404685938308,1115,1,0.8884502877862838,0
316,6,4,5,0.3346607710684902,1018,1,0.8884502877862838,0
416,6,4,5,0.4779043742574848,1072,1,0.9431945538974952,0
528,6,4,5,0.056131542645445,1271,6,0.8884502877862838,0
370,6,4,5,0.4182195395954037,876,6,0.9431945538974952,0
385,6,4,5,0.4460724624377082,1049,1,0.8884502877862838,0
432,6,4,5,0.1277533442399423,1072,1,0.8884502877862838,0
460,6,4,5,0.2391650356091604,1151,6,0.8884502877862838,0
390,6,4,5,0.4810319693132849,1248,6,0.9431945538974952,0
435,6,4,5,0.1953961568569676,1225,1,0.8884502877862838,0
306,6,4,5,0.808160459387667,860,6,0.9431945538974952,0
488,6,4,5,0.1516272781047747,1101,6,0.8884502877862838,0
523,6,4,5,0.055280148723773,1132,1,0.8884502877862838,0
380,6,4,5,0.0322576087806125,1089,6,0.8884502877862838,0
503,6,4,5,0.056131542645445,1321,1,0.8884502877862838,0
370,6,4,5,0.6927697790409768,1014,6,0.9431945538974952,0
374,6,4,5,0.6211479774464795,957,6,0.8884502877862838,0
449,6,4,5,0.0839844654877495,1175,1,0.9431945538974952,0
383,6,4,5,0.3178934212369299,1161,1,0.8884502877862838,0
434,6,4,5,0.3983245947080434,1063,1,0.8884502877862838,0
335,6,4,5,0.9434460846217176,877,1,0.9431945538974952,0
489,6,4,5,0.0950700384984938,1278,6,0.8884502877862838,0
439,6,4,5,0.1189439723633262,1401,6,0.9431945538974952,0
484,6,4,5,0.1794802009470793,1099,1,0.8884502877862838,0
393,6,4,5,0.8161184373426111,912,6,0.9431945538974952,0
381,6,4,5,0.434135495505292,1177,6,0.8884502877862838,0
377,6,4,5,0.0242996308256684,1175,1,0.9431945538974952,0
440,6,4,5,0.3545557159558505,1132,6,0.9431945538974952,0
434,6,4,5,0.1396903111723585,1173,6,0.9431945538974952,0
466,6,4,5,0.1396903111723585,1211,1,0.8884502877862838,0
436,6,4,5,0.1038794103751098,1202,6,0.9431945538974952,0
401,6,4,5,0.0473221707688289,1102,6,0.8884502877862838,0
423,6,4,5,0.5773790986942867,1105,1,0.8884502877862838,0
416,6,4,5,0.5606117488627265,1432,1,0.8884502877862838,0
393,6,4,5,0.5535051648294542,1012,1,0.9431945538974952,0
488,6,4,5,0.274975936406409,1036,6,0.9431945538974952,0
427,6,4,5,0.1158163773075261,1013,1,0.8884502877862838,0
398,6,4,5,0.5813580876717588,965,1,0.9431945538974952,0
384,6,4,5,0.4221985285728758,1134,1,0.8884502877862838,0
431,6,4,5,0.1556062670822468,1135,6,0.8884502877862838,0
340,6,4,5,1.2259543020222348,818,6,0.9431945538974952,0
371,6,4,5,0.3943456057305713,1067,6,0.8884502877862838,0
444,6,4,5,0.0760264875328053,1161,1,0.8884502877862838,0
355,6,4,5,0.537589208919566,932,1,0.9431945538974952,0
474,6,4,5,0.0680685095778612,1157,1,0.8884502877862838,0
493,6,4,5,0.1317323332174144,1151,6,0.8884502877862838,0
427,6,4,5,0.1516272781047747,1105,1,0.9431945538974952,0
311,6,4,5,0.5813580876717588,1063,1,0.8884502877862838,0
347,6,4,5,0.7962234924552508,858,6,0.9431945538974952,0
414,6,4,5,0.1030280164534379,1317,6,0.8884502877862838,0
354,6,4,5,0.3943456057305713,1056,6,0.8884502877862838,0
472,6,4,5,0.0035532920166361,1213,6,0.9431945538974952,0
422,6,4,5,0.162712851115519,1116,6,0.9431945538974952,0
434,6,4,5,0.163564245037191,1094,6,0.8884502877862838,0
386,6,4,5,0.5654421317618704,987,6,0.9431945538974952,0
433,6,4,5,0.5606117488627265,1351,6,0.9431945538974952,0
404,6,4,5,0.0322576087806125,1223,1,0.9431945538974952,0
387,6,4,5,0.2550809915190487,968,6,0.8884502877862838,0
318,6,4,5,0.1874381789020234,1002,1,0.8884502877862838,0
357,6,4,5,0.6410429223338399,895,1,0.9431945538974952,0
337,6,4,5,0.7126647239283372,1043,1,0.9431945538974952,0
365,6,4,5,0.5248008480654778,1168,1,0.9431945538974952,0
329,6,4,5,0.2192700907218,1091,1,0.9431945538974952,0
413,6,4,5,0.326702793113546,1081,6,0.9431945538974952,0
343,6,4,5,0.3465977380009064,1152,6,0.9431945538974952,0
329,6,4,5,0.274975936406409,1040,1,0.9431945538974952,0
379,6,4,5,0.6728748341536165,991,1,0.9431945538974952,0
423,6,4,5,0.2789549253838811,1109,1,0.8884502877862838,0
444,6,4,5,0.3187448151586018,1073,1,0.8884502877862838,0
384,6,4,5,0.434135495505292,1123,6,0.8884502877862838,0
388,6,4,5,0.3545557159558505,1045,1,0.8884502877862838,0
370,6,4,5,0.2272280686767442,995,1,0.8884502877862838,0
519,6,4,5,0.4938203301673731,1277,1,0.8884502877862838,0
374,6,4,5,0.3426187490234343,1033,1,0.8884502877862838,0
364,6,4,5,0.4261775175503479,1088,6,0.8884502877862838,0
389,6,4,5,0.1436693001498306,1121,1,0.9431945538974952,0
435,6,4,5,0.2184186968001281,1127,6,0.8884502877862838,0
393,6,4,5,0.3625136939107947,845,6,0.8884502877862838,0
385,6,4,5,0.4102615616404595,1094,6,0.9431945538974952,0
375,6,4,5,0.1158163773075261,1086,1,0.8884502877862838,0
401,6,4,5,0.056131542645445,1267,6,0.8884502877862838,0
404,6,4,5,0.3107868372036577,1094,1,0.9431945538974952,0
364,6,4,5,0.2908918923162973,1009,1,0.9431945538974952,0
426,6,4,5,0.0680685095778612,1101,6,0.8884502877862838,0
350,6,4,5,0.5574841538069263,999,1,0.9431945538974952,0
424,6,4,5,0.0473221707688289,1138,1,0.8884502877862838,0
417,6,4,5,0.2621875755523209,1285,1,0.9431945538974952,0
436,6,4,5,0.2391650356091604,1077,1,0.9431945538974952,0
367,6,4,5,0.163564245037191,1046,1,0.8884502877862838,0
361,6,4,5,0.5057572970997893,1014,1,0.8884502877862838,0
384,6,4,5,0.7166437129058093,1017,6,0.9431945538974952,0
432,6,4,5,0.2948708812937694,1105,1,0.8884502877862838,0
444,6,4,5,0.2511020025415766,1197,6,0.9431945538974952,0
395,6,4,5,0.0393641928138847,1144,6,0.9431945538974952,0
390,6,4,5,0.2033541348119117,1054,6,0.8884502877862838,0
404,6,4,5,0.4739253852800127,1062,1,0.9431945538974952,0
290,6,4,5,0.5813580876717588,833,1,0.8884502877862838,0
384,6,4,5,0.5495261758519822,865,6,0.8884502877862838,0
404,6,4,5,0.0083836749157801,1189,6,0.9431945538974952,0
474,6,4,5,0.0194692479265244,1228,6,0.8884502877862838,0
493,6,4,5,0.162712851115519,1172,1,0.8884502877862838,0
408,6,4,5,0.2033541348119117,1162,6,0.8884502877862838,0
364,6,4,5,0.4977993191448452,991,1,0.8884502877862838,0
419,6,4,5,0.4142405506179316,1031,1,0.9431945538974952,0
372,6,4,5,0.2192700907218,1081,6,0.8884502877862838,0
441,6,4,5,0.6688958451761444,942,6,0.9431945538974952,0
517,6,4,5,0.0194692479265244,1258,1,0.9431945538974952,0
381,6,4,5,0.5216732530096777,959,6,0.8884502877862838,0
449,6,4,5,0.3298303881693462,1139,1,0.8884502877862838,0
409,6,4,5,0.4739253852800127,989,6,0.8884502877862838,0
402,6,4,5,0.3107868372036577,1168,6,0.9431945538974952,0
369,6,4,5,0.0919424434426936,1258,1,0.8884502877862838,0
348,6,4,5,0.4102615616404595,853,1,0.8884502877862838,0
294,6,4,5,0.2192700907218,1154,6,0.8884502877862838,0
394,6,4,5,0.1914171678794955,1066,1,0.9431945538974952,0
417,6,4,5,0.1197953662849981,1201,1,0.9431945538974952,0
355,6,4,5,0.3585347049333226,985,1,0.8884502877862838,0
376,6,4,5,0.3139144322594578,1150,6,0.9431945538974952,0
509,6,4,5,0.4261775175503479,1215,6,0.8884502877862838,0
425,6,4,5,0.3815572448764831,1304,1,0.9431945538974952,0
455,6,4,5,0.0592591377012451,1164,6,0.8884502877862838,0
423,6,4,5,0.1388389172506866,1158,1,0.8884502877862838,0
421,6,4,5,0.4142405506179316,1046,1,0.8884502877862838,0
383,6,4,5,0.4221985285728758,1115,1,0.9431945538974952,0
379,6,4,5,0.382408638798155,961,6,0.9431945538974952,0
447,6,4,5,0.1746498180479352,1289,1,0.9431945538974952,0
416,6,4,5,0.2511020025415766,1126,1,0.8884502877862838,0
418,6,4,5,0.3863876277756271,1056,6,0.8884502877862838,0
440,6,4,5,0.2272280686767442,1186,1,0.8884502877862838,0
459,6,4,5,0.060110531622917,1139,1,0.8884502877862838,0
379,6,4,5,0.378429649820683,957,6,0.9431945538974952,0
434,6,4,5,0.429305112606148,1195,1,0.8884502877862838,0
415,6,4,5,0.485862352212429,1026,6,0.8884502877862838,0
491,6,4,5,0.0672171156561892,1152,6,0.8884502877862838,0
437,6,4,5,0.3187448151586018,1187,1,0.8884502877862838,0
445,6,4,5,0.1277533442399423,1092,6,0.8884502877862838,0
492,6,4,5,0.1396903111723585,1137,1,0.9431945538974952,0
436,6,4,5,0.0990490274759658,1200,6,0.8884502877862838,0
448,6,4,5,0.1914171678794955,1098,1,0.8884502877862838,0
503,6,4,5,0.4651160134033967,1212,1,0.9431945538974952,0
420,6,4,5,0.3306817820910181,1024,6,0.9431945538974952,0
483,6,4,5,0.4739253852800127,1072,6,0.9431945538974952,0
464,6,4,5,0.270996947428937,1085,1,0.8884502877862838,0
376,6,4,5,0.6728748341536165,1010,1,0.9431945538974952,0
422,6,4,5,0.3107868372036577,1044,1,0.8884502877862838,0
431,6,4,5,0.649000900288784,1052,1,0.9431945538974952,0
415,6,4,5,0.3099354432819858,1289,1,0.8884502877862838,0
441,6,4,5,0.1507758841831028,1115,1,0.8884502877862838,0
310,6,4,5,0.3426187490234343,1104,1,0.8884502877862838,0
388,6,4,5,0.1516272781047747,1002,1,0.8884502877862838,0
374,6,4,5,0.2152911017443279,1129,6,0.9431945538974952,0
380,6,4,5,0.0393641928138847,1229,6,0.9431945538974952,0
472,6,4,5,0.1396903111723585,1019,6,0.9431945538974952,0
428,6,4,5,0.0004256969608359,1261,1,0.8884502877862838,0
412,6,4,5,0.2900404983946254,1245,1,0.8884502877862838,0
424,6,4,5,0.270996947428937,1236,1,0.9431945538974952,0
454,6,4,5,0.3068078482261857,1063,6,0.8884502877862838,0
355,6,4,5,0.0004256969608359,1117,1,0.9431945538974952,0
408,6,4,5,0.3028288592487136,1111,6,0.9431945538974952,0
392,6,4,5,0.6291059554014237,1115,6,0.8884502877862838,0
321,6,4,5,0.326702793113546,1028,1,0.8884502877862838,0
371,6,4,5,0.3983245947080434,998,6,0.8884502877862838,0
468,6,4,5,0.1914171678794955,983,6,0.8884502877862838,0
345,6,4,5,0.3386397600459622,1089,6,0.8884502877862838,0
391,6,4,5,0.2988498702712415,1070,6,0.9431945538974952,0
394,6,4,5,0.0760264875328053,1298,6,0.9431945538974952,0
395,6,4,5,0.6171689884690075,1106,6,0.9431945538974952,0
347,6,4,5,0.4659674073250686,916,1,0.9431945538974952,0
445,6,4,5,0.274975936406409,1148,6,0.9431945538974952,0
337,6,4,5,0.4420934734602362,969,1,0.8884502877862838,0
336,6,4,5,0.266166564529793,1159,6,0.8884502877862838,0
377,6,4,5,0.5574841538069263,1067,6,0.8884502877862838,0
429,6,4,5,0.1038794103751098,1184,6,0.8884502877862838,0
401,6,4,5,0.0234482369039964,1136,6,0.9431945538974952,0
348,6,4,5,0.5097362860772614,1022,1,0.9431945538974952,0
406,6,4,5,0.4420934734602362,964,6,0.8884502877862838,0
367,6,4,5,0.0839844654877495,1253,1,0.9431945538974952,0
400,6,4,5,0.0322576087806125,1120,1,0.9431945538974952,0
301,6,4,5,0.593295054604175,1081,6,0.9431945538974952,0
328,6,4,5,1.1702484563376256,912,6,0.8884502877862838,0
485,6,4,5,0.541568197897038,927,6,0.8884502877862838,0
402,6,4,5,0.2113121127668558,1102,1,0.8884502877862838,0
387,6,4,5,0.5654421317618704,1129,6,0.8884502877862838,0
377,6,4,5,0.3258513991918741,1325,6,0.9431945538974952,0
438,6,4,5,0.6927697790409768,1004,6,0.9431945538974952,0
492,6,4,5,0.2422926306649605,1165,1,0.9431945538974952,0
453,6,4,5,0.060110531622917,1146,6,0.9431945538974952,0
396,6,4,5,0.6291059554014237,1068,1,0.8884502877862838,0
393,6,4,5,0.9354881066667734,966,1,0.9431945538974952,0
429,6,4,5,0.3863876277756271,1095,1,0.8884502877862838,0
346,6,4,5,0.6808328121085606,1014,6,0.8884502877862838,0
304,6,4,5,0.6848118010860327,1080,6,0.8884502877862838,0
342,6,4,5,0.1874381789020234,1084,1,0.9431945538974952,0
523,6,4,5,0.2263766747550722,1374,1,0.8884502877862838,0
431,6,4,5,0.1476482891273027,1092,6,0.8884502877862838,0
407,6,4,5,0.2263766747550722,1279,6,0.8884502877862838,0
388,6,4,5,0.5773790986942867,1051,1,0.9431945538974952,0
411,6,4,5,0.0720474985553333,1122,1,0.8884502877862838,0
450,6,4,5,0.0831330715660775,1140,1,0.9431945538974952,0
329,6,4,5,0.2988498702712415,1112,1,0.9431945538974952,0
382,6,4,5,0.0433431817913568,1128,1,0.8884502877862838,0
392,6,4,5,0.3664926828882667,1131,1,0.8884502877862838,0
461,6,4,5,0.0035532920166361,1351,1,0.8884502877862838,0
371,6,4,5,0.2391650356091604,1179,1,0.8884502877862838,0
370,6,4,5,0.9593620405316058,890,1,0.9431945538974952,0
419,6,4,5,0.3338093771468182,1195,1,0.8884502877862838,0
330,6,4,5,0.4420934734602362,1205,6,0.9431945538974952,0
317,6,4,5,0.9991519303063264,687,1,0.9431945538974952,0
470,6,4,5,0.5535051648294542,1135,6,0.8884502877862838,0
315,6,4,5,0.4142405506179316,1024,1,0.8884502877862838,0
426,6,4,5,0.2383136416874884,1271,1,0.9431945538974952,0
361,6,4,5,0.5296312309646218,1093,6,0.9431945538974952,0
441,6,4,5,0.2590599804965208,1296,1,0.8884502877862838,0
432,6,4,5,0.0839844654877495,1296,6,0.8884502877862838,0
446,6,4,5,0.597274043581647,1093,1,0.8884502877862838,0
407,6,4,5,0.1945447629352956,1109,1,0.9431945538974952,0
296,6,4,5,0.7047067459733931,881,1,0.8884502877862838,0
456,6,4,5,0.2232490796992721,1106,6,0.9431945538974952,0
560,6,4,5,0.1666918400929911,1224,6,0.8884502877862838,0
436,6,4,5,0.163564245037191,1025,1,0.9431945538974952,0
561,6,4,5,0.0083836749157801,1226,6,0.9431945538974952,0
419,6,4,5,0.1755012119696072,1043,1,0.8884502877862838,0
456,6,4,5,0.0751750936111334,1209,1,0.8884502877862838,0
364,6,4,5,0.597274043581647,1104,1,0.9431945538974952,0
375,6,4,5,0.4420934734602362,1032,6,0.8884502877862838,0
385,6,4,5,0.2908918923162973,1197,6,0.8884502877862838,0
432,6,4,5,0.537589208919566,1160,6,0.8884502877862838,0
477,6,4,5,0.3696202779440669,1313,6,0.8884502877862838,0
397,6,4,5,0.7683705696129463,1201,6,0.9431945538974952,0
422,6,4,5,0.4213471346512039,1326,1,0.9431945538974952,0
400,6,4,5,0.3744506608432109,1018,1,0.8884502877862838,0
419,6,4,5,0.0791540825886055,1146,6,0.9431945538974952,0
360,6,4,5,0.3028288592487136,1143,6,0.8884502877862838,0
343,6,4,5,0.1794802009470793,1089,6,0.8884502877862838,0
406,6,4,5,0.4182195395954037,1183,6,0.9431945538974952,0
1644,4,4,5,2.6495809620355653,3037,11,0.8884502877862838,0
1604,4,4,5,3.206639418881656,3197,11,0.9431945538974952,0
1740,4,4,10,3.7477819198178577,3321,11,0.9431945538974952,0
1573,4,4,10,3.274282231498681,3422,11,0.9431945538974952,0
1437,6,4,10,2.995753003075636,3318,11,0.9431945538974952,0
1806,6,4,10,3.8353196773222433,3356,11,0.9431945538974952,0
1674,6,4,5,2.8803623227289457,3222,11,0.9431945538974952,0
1680,4,4,5,3.7915507985700505,3390,11,0.9431945538974952,0
1838,6,4,10,3.501084603214589,3339,11,0.9431945538974952,0
1794,6,4,5,3.385693922867899,3352,11,0.9431945538974952,0
1834,4,4,5,3.417525834687676,3379,11,0.9431945538974952,0
1390,6,4,10,2.979837047165748,3101,11,0.8884502877862838,0
1891,4,4,10,3.4135468457102034,3164,11,0.9431945538974952,0
1695,6,4,5,3.783592820615106,3395,11,0.8884502877862838,0
1508,4,4,5,2.558064215553708,2990,11,0.8884502877862838,0
1647,4,4,5,3.461294713439868,3166,11,0.8884502877862838,0
1607,4,4,5,3.63637022844864,3409,11,0.8884502877862838,0
1841,4,4,5,3.3737569559354825,3170,11,0.8884502877862838,0
1520,6,4,10,3.664223151290944,3237,11,0.9431945538974952,0
1758,6,4,10,3.457315724462396,3434,11,0.9431945538974952,0
1836,6,4,10,3.544853481966782,3286,11,0.9431945538974952,0
1836,4,4,5,3.556790448899198,3276,11,0.9431945538974952,0
1731,4,4,10,3.556790448899198,3337,11,0.8884502877862838,0
1679,4,4,5,3.00371098103058,3360,11,0.8884502877862838,0
1570,6,4,5,3.5766853937865584,3318,11,0.9431945538974952,0
1711,6,4,10,3.656265173336,3486,11,0.8884502877862838,0
1889,4,4,10,3.596580338673919,3164,11,0.8884502877862838,0
1667,4,4,10,3.664223151290944,3231,11,0.9431945538974952,0
1791,4,4,10,3.775634842660162,3464,11,0.8884502877862838,0
1855,4,4,5,3.775634842660162,3156,11,0.9431945538974952,0
1736,4,4,5,3.7955297875475225,3321,11,0.9431945538974952,0
1827,4,4,10,3.6164752835612792,3420,11,0.9431945538974952,0
1843,4,4,5,3.2703032425212086,3192,11,0.8884502877862838,0
1879,4,4,10,3.63637022844864,3488,11,0.9431945538974952,0
1795,4,4,5,3.8353196773222433,3420,11,0.8884502877862838,0
1700,4,4,5,3.5090425811695334,3224,11,0.9431945538974952,0
1798,6,4,5,3.397630889800315,3379,11,0.8884502877862838,0
1809,6,4,10,3.42548381264262,3415,11,0.8884502877862838,0
1689,4,4,5,3.548832470944254,3364,11,0.8884502877862838,0
1861,4,4,10,3.7716558536826894,3348,11,0.8884502877862838,0
1649,6,4,5,3.385693922867899,3311,11,0.9431945538974952,0
1519,6,4,5,2.5421482596438194,3020,11,0.8884502877862838,0
1864,4,4,5,3.556790448899198,3372,11,0.9431945538974952,0
1386,6,4,10,3.0435008708053006,3089,11,0.9431945538974952,0
1809,6,4,5,3.5289375260568936,3313,11,0.8884502877862838,0
1749,6,4,5,3.8313406883447714,3326,11,0.9431945538974952,0
1703,4,4,10,3.711971019020609,3356,11,0.8884502877862838,0
1662,4,4,5,3.652286184358528,3365,11,0.9431945538974952,0
1592,4,4,10,3.4095678567327314,3495,11,0.8884502877862838,0
1696,6,4,5,3.815424732434883,3277,11,0.9431945538974952,0
1670,4,4,5,2.852509399886641,3200,11,0.9431945538974952,0
1818,6,4,10,3.767676864705218,3422,11,0.9431945538974952,0
1530,4,4,5,2.9241312014811385,3309,11,0.8884502877862838,0
1586,4,4,10,3.3538620110481223,3317,11,0.9431945538974952,0
1590,6,4,10,3.481189658327229,3337,11,0.9431945538974952,0
1856,6,4,10,3.711971019020609,3569,11,0.9431945538974952,0
1531,6,4,10,3.620454272538751,3287,11,0.9431945538974952,0
1433,4,4,10,3.2424503196789045,3201,11,0.8884502877862838,0
1551,4,4,10,3.210618407859128,3226,11,0.8884502877862838,0
1857,4,4,5,3.759718886750274,3488,11,0.8884502877862838,0
1701,6,4,5,2.975858058188275,3337,11,0.9431945538974952,0
1820,6,4,5,3.755739897772802,3489,11,0.9431945538974952,0
1731,4,4,10,3.624433261516224,3342,11,0.8884502877862838,0
1719,4,4,5,3.596580338673919,3567,11,0.8884502877862838,0
1614,4,4,10,2.995753003075636,3240,11,0.9431945538974952,0
1723,6,4,10,3.318051110250874,3316,11,0.9431945538974952,0
1420,6,4,5,3.294177176386041,3311,11,0.9431945538974952,0
1890,6,4,10,3.628412250493696,3338,11,0.9431945538974952,0
1674,6,4,10,3.3459040330931784,3517,11,0.9431945538974952,0
1879,6,4,5,3.711971019020609,3267,11,0.9431945538974952,0
1702,4,4,5,3.715950007998081,3293,11,0.9431945538974952,0
1810,4,4,5,3.5209795481019497,3258,11,0.9431945538974952,0
1545,4,4,5,3.7438029308403857,3262,11,0.8884502877862838,0
1805,6,4,10,3.0952277275124374,3360,11,0.9431945538974952,0
1576,6,4,10,2.94800513534597,3233,11,0.8884502877862838,0
1505,6,4,5,3.44537875752998,3410,11,0.9431945538974952,0
1650,6,4,5,3.7358449528854414,3313,11,0.8884502877862838,0
1366,6,4,5,3.739823941862913,3299,11,0.8884502877862838,0
1866,6,4,5,3.44537875752998,3345,11,0.8884502877862838,0
1311,6,4,10,3.3498830220706504,3259,11,0.8884502877862838,0
1739,6,4,10,3.011668958985524,3112,11,0.8884502877862838,0
1505,4,4,10,3.5766853937865584,3129,11,0.9431945538974952,0
1858,6,4,5,3.592601349696446,3569,11,0.9431945538974952,0
1485,4,4,10,2.8644463668190574,3262,11,0.9431945538974952,0
1818,4,4,10,3.5090425811695334,3452,11,0.9431945538974952,0
1532,4,4,5,2.585917138396012,3281,11,0.9431945538974952,0
1484,4,4,10,3.556790448899198,3197,11,0.8884502877862838,0
1584,6,4,5,3.3538620110481223,3501,11,0.8884502877862838,0
1756,6,4,5,3.481189658327229,3240,11,0.9431945538974952,0
1658,6,4,10,3.5806643827640308,3394,11,0.9431945538974952,0
1811,6,4,5,3.429462801620092,3302,11,0.9431945538974952,0
1710,6,4,10,3.417525834687676,3349,11,0.8884502877862838,0
1864,4,4,10,2.892299289661362,3242,11,0.8884502877862838,0
1715,6,4,10,2.9440261463684987,3205,11,0.9431945538974952,0
1887,4,4,5,3.238471330701432,3346,11,0.8884502877862838,0
1683,6,4,5,3.648307195381056,3332,11,0.9431945538974952,0
1604,6,4,10,2.967900080233332,3109,11,0.9431945538974952,0
1622,4,4,5,3.7477819198178577,3212,11,0.8884502877862838,0
1623,4,4,5,3.652286184358528,3449,11,0.9431945538974952,0
1810,6,4,5,3.170828518084407,3343,11,0.9431945538974952,0
1667,6,4,5,3.4493577465074523,3383,11,0.8884502877862838,0
1734,6,4,5,3.0952277275124374,3437,11,0.9431945538974952,0
1777,6,4,5,3.162870540129463,3355,11,0.9431945538974952,0
1801,4,4,10,3.6085173056063353,3493,11,0.9431945538974952,0
1210,4,4,10,3.075332782625077,3046,11,0.8884502877862838,0
1836,4,4,5,3.6880970851557766,3253,11,0.8884502877862838,0
1803,6,4,10,3.437420779575036,3395,11,0.9431945538974952,0
1439,6,4,10,3.341925044115706,3169,11,0.9431945538974952,0
1651,6,4,5,3.2504082976338484,3266,11,0.9431945538974952,0
1738,4,4,10,3.4095678567327314,3319,11,0.8884502877862838,0
1674,6,4,5,3.5687274158316145,3467,11,0.9431945538974952,0
1790,6,4,5,3.63637022844864,3370,11,0.9431945538974952,0
1606,4,4,5,3.3737569559354825,3455,11,0.9431945538974952,0
1691,4,4,10,3.5289375260568936,3244,11,0.9431945538974952,0
1653,4,4,5,3.5170005591244773,3199,11,0.9431945538974952,0
1623,4,4,5,3.719928996975553,3432,11,0.9431945538974952,0
1752,4,4,5,3.704013041065665,3536,11,0.9431945538974952,0
1750,4,4,10,3.668202140268416,3334,11,0.9431945538974952,0
1774,4,4,10,3.505063592192061,3421,11,0.8884502877862838,0
1731,6,4,10,2.9400471573910267,3380,11,0.9431945538974952,0
1064,4,4,5,3.2504082976338484,3152,11,0.8884502877862838,0
1394,4,4,5,3.5727064048090864,3341,11,0.8884502877862838,0
1824,4,4,5,3.5647484268541425,3519,11,0.8884502877862838,0
1360,6,4,5,3.0952277275124374,3275,11,0.9431945538974952,0
1497,4,4,10,2.6456019730580933,3013,11,0.9431945538974952,0
1613,6,4,10,3.6841180961783047,3437,11,0.9431945538974952,0
1710,4,4,10,3.401609878777787,3257,11,0.8884502877862838,0
1681,6,4,5,3.63637022844864,3347,11,0.9431945538974952,0
1690,6,4,10,3.457315724462396,3358,11,0.9431945538974952,0
1570,6,4,10,3.668202140268416,3294,11,0.9431945538974952,0
1765,4,4,5,3.548832470944254,3331,11,0.8884502877862838,0
1846,6,4,5,2.538169270666347,3257,11,0.9431945538974952,0
1594,4,4,10,3.4732316803722845,3125,11,0.8884502877862838,0
1727,6,4,10,3.3896729118453712,3324,11,0.9431945538974952,0
1556,4,4,5,3.385693922867899,3467,11,0.8884502877862838,0
1769,4,4,5,3.4692526913948125,3243,11,0.9431945538974952,0
1473,4,4,10,3.274282231498681,3198,11,0.8884502877862838,0
1743,6,4,10,3.723907985953025,3431,11,0.8884502877862838,0
660,6,4,3,2.637643995103149,2396,11,0.9431945538974952,0
653,6,4,3,1.925404968135648,2319,11,0.9431945538974952,0
777,6,4,3,2.8644463668190574,2723,11,0.9431945538974952,0
601,6,4,3,2.291471954063079,2500,11,0.9431945538974952,0
687,6,4,3,1.8100142877889576,2379,11,0.9431945538974952,0
772,6,4,3,2.4625684800943777,2596,11,0.9431945538974952,0
739,6,4,3,2.4028836454322966,2408,11,0.9431945538974952,0
763,6,4,3,1.9532578909779523,2333,11,0.8884502877862838,0
739,6,4,3,1.6627916956224909,2136,11,0.9431945538974952,0
713,6,4,3,2.172102284738916,2424,11,0.8884502877862838,0
632,6,4,3,2.028858681549922,2521,11,0.8884502877862838,0
615,6,4,3,2.0049847476850893,2240,11,0.9431945538974952,0
505,6,4,3,1.3643675223120857,2199,11,0.8884502877862838,0
639,6,4,3,2.4864424139592103,2381,11,0.8884502877862838,0
712,6,4,3,1.8577621555186223,2610,11,0.9431945538974952,0
732,6,4,3,2.0805855382570586,2217,11,0.9431945538974952,0
696,6,4,3,1.901531034270816,2465,11,0.9431945538974952,0
925,6,4,3,3.123080650354742,2663,11,0.9431945538974952,0
714,6,4,3,1.4598632577714152,2379,11,0.8884502877862838,0
473,6,4,3,1.3325356104923087,2416,11,0.8884502877862838,0
666,6,4,3,1.3802834782219735,2387,11,0.9431945538974952,0
806,6,4,3,2.10048048314442,2613,11,0.8884502877862838,0
668,6,4,3,2.191997229626277,2464,11,0.9431945538974952,0
722,6,4,3,2.359114766680104,2476,11,0.9431945538974952,0
784,6,4,3,2.203934196558693,2638,11,0.8884502877862838,0
600,6,4,3,2.1243544170092514,2439,11,0.9431945538974952,0
699,6,4,3,2.339219821792744,2619,11,0.8884502877862838,0
821,6,4,3,2.3869676895224083,2441,11,0.9431945538974952,0
793,6,4,3,1.7901193429015974,2428,11,0.9431945538974952,0
698,6,4,3,1.865720133473567,2407,11,0.8884502877862838,0
555,6,4,3,1.7184975413071,2274,11,0.9431945538974952,0
685,6,4,3,1.5832119160730496,2215,11,0.8884502877862838,0
788,6,4,3,3.544853481966782,2639,11,0.8884502877862838,0
833,6,4,3,2.271577009175718,2485,11,0.9431945538974952,0
623,6,4,3,1.6389177617576585,2421,11,0.8884502877862838,0
814,6,4,3,2.7689506313597274,2813,11,0.8884502877862838,0
859,6,4,3,2.733139730562479,2617,11,0.9431945538974952,0
672,6,4,3,1.8577621555186223,2364,11,0.8884502877862838,0
679,6,4,3,2.0129427256400336,2258,11,0.8884502877862838,0
879,6,4,3,2.4625684800943777,2701,11,0.8884502877862838,0
840,6,4,3,2.35115678872516,2707,11,0.8884502877862838,0
521,6,4,3,1.881636089383455,2254,11,0.8884502877862838,0
743,6,4,3,2.6257070281707326,2539,11,0.8884502877862838,0
786,6,4,3,1.9492789020004804,2436,11,0.8884502877862838,0
638,6,4,3,1.4399683128840548,2508,11,0.9431945538974952,0
632,6,4,3,1.993047780752673,2360,11,0.9431945538974952,0
720,6,4,3,2.46654746907185,2792,11,0.9431945538974952,0
702,6,4,3,1.6548337176675467,2342,11,0.9431945538974952,0
614,6,4,3,1.877657100405983,2358,11,0.8884502877862838,0
570,6,4,3,1.6031068609604098,2560,11,0.9431945538974952,0
621,6,4,3,2.180060262693861,2329,11,0.8884502877862838,0
841,6,4,3,2.442673535207017,2517,11,0.9431945538974952,0
608,6,4,3,1.933362946090592,2366,11,0.8884502877862838,0
801,6,4,3,2.4506315131619614,2384,11,0.9431945538974952,0
776,6,4,3,1.666770684599963,2170,11,0.8884502877862838,0
631,6,4,3,2.2874929650856064,2447,11,0.9431945538974952,0
577,6,4,3,1.9850898027977288,2250,11,0.9431945538974952,0
676,6,4,3,2.8843413117064176,2637,11,0.9431945538974952,0
858,6,4,3,2.6416229840806214,2415,11,0.8884502877862838,0
823,6,4,3,2.4028836454322966,2608,11,0.8884502877862838,0
693,6,4,3,2.410841623387241,2347,11,0.8884502877862838,0
757,6,4,3,2.637643995103149,2694,11,0.9431945538974952,0
636,6,4,3,2.088543516212003,2239,11,0.9431945538974952,0
679,6,4,3,2.215871163491109,2205,11,0.9431945538974952,0
672,6,4,3,2.211892174513637,2361,11,0.8884502877862838,0
707,6,4,3,2.172102284738916,2392,11,0.9431945538974952,0
722,6,4,3,1.7145185523296278,2499,11,0.9431945538974952,0
634,6,4,3,1.5474010152758009,2419,11,0.8884502877862838,0
649,6,4,3,1.4081364010642785,1931,11,0.8884502877862838,0
768,6,4,3,2.737118719539951,2687,11,0.9431945538974952,0
747,6,4,3,1.905510023248288,2662,11,0.8884502877862838,0
860,6,4,3,1.8219512547213736,2563,11,0.9431945538974952,0
679,6,4,3,2.024879692572449,2526,11,0.8884502877862838,0
756,6,4,3,2.088543516212003,2375,11,0.9431945538974952,0
751,6,4,3,1.451905279816471,2495,11,0.8884502877862838,0
713,6,4,3,2.172102284738916,2465,11,0.9431945538974952,0
624,6,4,3,1.6826866405098513,2421,11,0.9431945538974952,0
785,6,4,3,2.4227785903196573,2487,11,0.9431945538974952,0
918,6,4,3,3.0474798597827726,2697,11,0.9431945538974952,0
632,6,4,3,2.434715557252073,2468,11,0.9431945538974952,0
744,6,4,3,2.6814128738553418,2683,11,0.9431945538974952,0
778,6,4,3,2.1243544170092514,2358,11,0.9431945538974952,0
745,6,4,3,2.0805855382570586,2429,11,0.9431945538974952,0
691,6,4,3,2.3909466784998803,2435,11,0.9431945538974952,0
702,6,4,3,1.6627916956224909,2267,11,0.8884502877862838,0
702,6,4,3,2.46654746907185,2589,11,0.8884502877862838,0
542,6,4,3,1.917446990180704,2408,11,0.9431945538974952,0
733,6,4,3,2.024879692572449,2512,11,0.9431945538974952,0
660,6,4,3,3.306114143318457,2569,11,0.8884502877862838,0
728,6,4,3,2.291471954063079,2368,11,0.8884502877862838,0
545,6,4,3,1.865720133473567,2285,11,0.8884502877862838,0
834,6,4,3,2.367072744635048,2720,11,0.8884502877862838,0
751,6,4,3,3.00371098103058,2676,11,0.9431945538974952,0
769,6,4,3,2.9201522125036665,2552,11,0.8884502877862838,0
691,6,4,3,2.418799601342185,2577,11,0.9431945538974952,0
659,6,4,3,2.191997229626277,2447,11,0.8884502877862838,0
789,6,4,3,1.455884268793943,2313,11,0.9431945538974952,0
778,6,4,3,2.35115678872516,2457,11,0.8884502877862838,0
813,6,4,3,2.2278081304235253,2653,11,0.9431945538974952,0
715,6,4,3,2.271577009175718,2266,11,0.8884502877862838,0
577,6,4,3,1.8139932767664293,2321,11,0.9431945538974952,0
629,6,4,3,1.3842624671994457,2088,11,0.8884502877862838,0
682,6,4,3,2.2795349871306625,2584,11,0.9431945538974952,0
649,6,4,3,2.0010057587076173,2281,11,0.8884502877862838,0
708,6,4,3,2.3471777997476875,2527,11,0.8884502877862838,0
607,6,4,3,1.7901193429015974,2186,11,0.9431945538974952,0
757,6,4,3,2.172102284738916,2248,11,0.8884502877862838,0
683,6,4,3,1.611064838915354,2185,11,0.8884502877862838,0
838,6,4,3,2.6058120832833724,2648,11,0.9431945538974952,0
741,6,4,3,1.6906446184647954,2411,11,0.9431945538974952,0
674,6,4,3,2.331261843837799,2392,11,0.8884502877862838,0
635,6,4,3,1.893573056315872,2362,11,0.8884502877862838,0
724,6,4,3,2.363093755657576,2504,11,0.8884502877862838,0
719,6,4,3,2.8246564770443365,2585,11,0.8884502877862838,0
847,6,4,3,2.776908609314672,2872,11,0.8884502877862838,0
685,6,4,3,2.1243544170092514,2386,11,0.8884502877862838,0
704,6,4,3,2.1760812737163886,2479,11,0.8884502877862838,0
714,6,4,3,1.3643675223120857,2392,11,0.9431945538974952,0
740,6,4,3,1.6548337176675467,2399,11,0.9431945538974952,0
475,6,4,3,1.6747286625549072,2284,11,0.9431945538974952,0
714,6,4,3,1.7861403539241252,2348,11,0.9431945538974952,0
902,6,4,3,2.1760812737163886,2525,11,0.8884502877862838,0
703,6,4,3,1.92938395711312,2418,11,0.9431945538974952,0
664,6,4,3,1.8060352988114856,2450,11,0.9431945538974952,0
719,6,4,3,2.108438461099363,2561,11,0.8884502877862838,0
709,6,4,3,1.6627916956224909,2333,11,0.9431945538974952,0
614,6,4,3,1.499653147546136,2352,11,0.8884502877862838,0
762,6,4,3,1.7423714751719324,2470,11,0.8884502877862838,0
762,6,4,3,1.9651948579103689,2482,11,0.9431945538974952,0
670,6,4,3,2.2317871194009977,2400,11,0.9431945538974952,0
733,6,4,3,1.877657100405983,2362,11,0.8884502877862838,0
614,6,4,3,1.3922204451543898,2300,11,0.8884502877862838,0
739,6,4,3,3.00371098103058,2484,11,0.9431945538974952,0
764,6,4,3,1.9532578909779523,2518,11,0.9431945538974952,0
590,6,4,3,1.4240523569741663,2256,11,0.9431945538974952,0
695,6,4,3,2.040795648482338,2474,11,0.9431945538974952,0
665,6,4,3,1.8139932767664293,2470,11,0.8884502877862838,0
563,6,4,3,2.024879692572449,2250,11,0.8884502877862838,0
721,6,4,3,1.5513800042532728,2192,11,0.8884502877862838,0
782,6,4,3,2.156186328829028,2613,11,0.9431945538974952,0
698,6,4,3,2.2278081304235253,2560,11,0.9431945538974952,0
676,6,4,3,2.8047615321569763,2487,11,0.8884502877862838,0
730,6,4,3,2.172102284738916,2451,11,0.9431945538974952,0
576,6,4,3,2.1163964390543075,2363,11,0.8884502877862838,0
757,6,4,3,1.9612158689328965,2444,11,0.8884502877862838,0
583,6,4,3,1.503632136523608,2158,11,0.8884502877862838,0
699,6,4,3,1.9532578909779523,2443,11,0.9431945538974952,0
726,6,4,3,2.780887598292144,2703,11,0.9431945538974952,0
860,6,4,3,1.9532578909779523,2336,11,0.9431945538974952,0
609,6,4,3,1.7503294531268765,2328,11,0.8884502877862838,0
636,6,4,3,2.096501494166947,2447,11,0.9431945538974952,0
729,6,4,3,2.315345887927911,2481,11,0.9431945538974952,0
865,6,4,3,2.673454895900398,2468,11,0.9431945538974952,0
827,6,4,3,2.753034675449839,2769,11,0.9431945538974952,0
870,6,4,3,2.8803623227289457,2660,11,0.8884502877862838,0
804,6,4,3,2.8246564770443365,2619,11,0.9431945538974952,0
676,6,4,3,2.25566105326583,2448,11,0.9431945538974952,0
832,6,4,3,2.2397450973559416,2609,11,0.8884502877862838,0
596,6,4,3,1.778182375969181,2223,11,0.9431945538974952,0
725,6,4,3,2.1601653178065003,2509,11,0.8884502877862838,0
773,6,4,3,2.211892174513637,2343,11,0.8884502877862838,0
657,6,4,3,1.937341935068064,2370,11,0.9431945538974952,0
635,6,4,3,1.451905279816471,2142,11,0.9431945538974952,0
778,6,4,3,2.331261843837799,2454,11,0.8884502877862838,0
786,6,4,3,2.4466525241844894,2437,11,0.8884502877862838,0
661,6,4,3,2.0686485713246423,2255,11,0.9431945538974952,0
765,6,4,3,2.04477463745981,2425,11,0.8884502877862838,0
595,6,4,3,1.3046826876500044,2432,11,0.8884502877862838,0
671,6,4,3,2.470526458049322,2544,11,0.8884502877862838,0
617,6,4,3,1.6468757397126026,2313,11,0.9431945538974952,0
584,6,4,3,1.7543084421043489,2229,11,0.8884502877862838,0
736,6,4,3,2.267598020198246,2695,11,0.8884502877862838,0
588,6,4,3,1.92938395711312,2314,11,0.9431945538974952,0
625,6,4,3,1.925404968135648,2315,11,0.9431945538974952,0
686,6,4,3,1.9811108138202569,2550,11,0.9431945538974952,0
782,6,4,3,2.518274325778987,2603,11,0.8884502877862838,0
690,6,4,3,2.904236256593778,2525,11,0.8884502877862838,0
842,6,4,3,2.8047615321569763,2529,11,0.9431945538974952,0
656,6,4,3,2.327282854860328,2415,11,0.8884502877862838,0
670,6,4,3,1.658812706645019,2356,11,0.9431945538974952,0
712,6,4,3,2.247703075310886,2548,11,0.8884502877862838,0
814,6,4,3,1.905510023248288,2499,11,0.8884502877862838,0
749,6,4,3,1.6548337176675467,2188,11,0.8884502877862838,0
658,6,4,3,1.1415441395736492,2115,11,0.8884502877862838,0
642,6,4,3,1.7145185523296278,2487,11,0.8884502877862838,0
776,6,4,3,2.032837670527394,2766,11,0.9431945538974952,0
712,6,4,3,1.917446990180704,2163,11,0.8884502877862838,0
731,6,4,3,2.25566105326583,2580,11,0.9431945538974952,0
738,6,4,3,1.901531034270816,2551,11,0.8884502877862838,0
697,6,4,3,2.410841623387241,2500,11,0.8884502877862838,0
878,6,4,3,2.1641443067839723,2472,11,0.8884502877862838,0
810,6,4,3,1.817972265743902,2429,11,0.9431945538974952,0
563,6,4,3,1.4757792136813035,2265,11,0.9431945538974952,0
643,6,4,3,1.837867210631262,2539,11,0.8884502877862838,0
787,6,4,3,1.825930243698846,2384,11,0.8884502877862838,0
661,6,4,3,2.7132447856751183,2646,11,0.8884502877862838,0
700,6,4,3,1.451905279816471,2168,11,0.9431945538974952,0
694,6,4,3,2.315345887927911,2551,11,0.9431945538974952,0
642,6,4,3,2.0129427256400336,2346,11,0.9431945538974952,0
822,6,4,3,3.115122672399798,2671,11,0.8884502877862838,0
705,6,4,3,1.7980773208565417,2419,11,0.8884502877862838,0
703,6,4,3,1.722476530284572,2297,11,0.8884502877862838,0
781,6,4,3,2.1203754280317795,2656,11,0.9431945538974952,0
768,6,4,3,2.669475906922925,2538,11,0.9431945538974952,0
714,6,4,3,2.211892174513637,2423,11,0.9431945538974952,0
612,6,4,3,1.2768297648076998,2019,11,0.8884502877862838,0
612,6,4,3,1.2768297648076998,2276,11,0.9431945538974952,0
836,6,4,3,2.3949256674773527,2541,11,0.9431945538974952,0
767,6,4,3,1.905510023248288,2511,11,0.8884502877862838,0
706,6,4,3,1.6548337176675467,2489,11,0.9431945538974952,0
719,6,4,3,1.933362946090592,2450,11,0.8884502877862838,0
657,6,4,3,1.5752539381181052,2191,11,0.8884502877862838,0
749,6,4,3,2.784866587269616,2614,11,0.8884502877862838,0
675,6,4,3,2.096501494166947,2347,11,0.9431945538974952,0
768,6,4,3,2.418799601342185,2477,11,0.9431945538974952,0
675,6,4,3,1.993047780752673,2227,11,0.9431945538974952,0
779,6,4,3,2.2636190312207742,2391,11,0.8884502877862838,0
581,6,4,3,1.4678212357263594,2273,11,0.9431945538974952,0
639,6,4,3,1.658812706645019,2059,11,0.8884502877862838,0
790,6,4,3,2.494400391914154,2451,11,0.9431945538974952,0
780,6,4,3,1.9850898027977288,2528,11,0.9431945538974952,0
706,6,4,3,2.4546105021394338,2373,11,0.9431945538974952,0
573,6,4,3,2.144249361896612,2456,11,0.9431945538974952,0
767,6,4,3,1.9970267697301447,2513,11,0.9431945538974952,0
697,6,4,3,2.4585894911169057,2423,11,0.9431945538974952,0
536,6,4,3,1.8458251885862065,2268,11,0.8884502877862838,0
623,6,4,3,2.008963736662561,2217,11,0.8884502877862838,0
807,6,4,3,1.3842624671994457,2430,11,0.9431945538974952,0
584,6,4,3,2.1283334059867234,2304,11,0.8884502877862838,0
569,6,4,3,1.865720133473567,2347,11,0.9431945538974952,0
805,6,4,3,2.8206774880668646,2637,11,0.8884502877862838,0
706,6,4,3,2.4824634249817383,2557,11,0.8884502877862838,0
752,6,4,3,3.11910166137727,2620,11,0.9431945538974952,0
613,6,4,3,1.455884268793943,2224,11,0.9431945538974952,0
831,6,4,3,2.5023583698690985,2513,11,0.9431945538974952,0
622,6,4,3,2.438694546229545,2642,11,0.8884502877862838,0
639,6,4,3,2.589896127373484,2529,11,0.9431945538974952,0
743,6,4,3,2.4466525241844894,2450,11,0.8884502877862838,0
705,6,4,3,1.925404968135648,2518,11,0.8884502877862838,0
777,6,4,3,1.4877161806137198,2479,11,0.9431945538974952,0
721,6,4,3,2.784866587269616,2540,11,0.9431945538974952,0
826,6,4,3,2.2755559981531905,2307,11,0.9431945538974952,0
596,6,4,3,1.933362946090592,2224,11,0.9431945538974952,0
784,6,4,3,2.67743388487787,2586,11,0.9431945538974952,0
654,6,4,3,2.3471777997476875,2314,11,0.9431945538974952,0
644,6,4,3,1.9492789020004804,2261,11,0.8884502877862838,0
828,6,4,3,2.510316347824043,2581,11,0.8884502877862838,0
743,6,4,3,2.685391862832814,2534,11,0.8884502877862838,0
600,6,4,3,0.8470989552407158,2238,11,0.9431945538974952,0
661,6,4,3,1.5513800042532728,2377,11,0.8884502877862838,0
609,6,4,3,1.7503294531268765,2211,11,0.8884502877862838,0
661,6,4,3,2.3790097115674644,2383,11,0.9431945538974952,0
671,6,4,3,2.1243544170092514,2366,11,0.9431945538974952,0
736,6,4,3,2.494400391914154,2679,11,0.8884502877862838,0
574,6,4,3,1.3245776325373646,2234,11,0.8884502877862838,0
813,6,4,3,1.92938395711312,2642,11,0.9431945538974952,0
570,6,4,3,2.088543516212003,2436,11,0.9431945538974952,0
753,6,4,3,2.3431988107702155,2571,11,0.9431945538974952,0
631,6,4,3,1.607085849937882,2310,11,0.8884502877862838,0
664,6,4,3,2.215871163491109,2331,11,0.8884502877862838,0
656,6,4,3,2.550106237598764,2602,11,0.9431945538974952,0
707,6,4,3,2.8286354660218085,2626,11,0.8884502877862838,0
645,6,4,3,1.2012289742357305,2271,11,0.9431945538974952,0
701,6,4,3,1.9731528358653128,2293,11,0.9431945538974952,0
729,6,4,3,2.0686485713246423,2386,11,0.9431945538974952,0
754,6,4,3,2.2357661083784697,2618,11,0.9431945538974952,0
718,6,4,3,2.573980171463596,2410,11,0.9431945538974952,0
687,6,4,3,2.327282854860328,2645,11,0.9431945538974952,0
650,6,4,3,2.4983793808916266,2621,11,0.8884502877862838,0
617,6,4,3,1.722476530284572,2355,11,0.9431945538974952,0
664,6,4,3,1.9492789020004804,2391,11,0.9431945538974952,0
769,6,4,3,3.23449234172396,2879,11,0.9431945538974952,0
610,6,4,3,2.6615179289679816,2768,11,0.8884502877862838,0
779,6,4,3,2.629686017148205,2728,11,0.8884502877862838,0
634,6,4,3,1.6986025964197395,2414,11,0.8884502877862838,0
695,6,4,3,2.323303865882856,2621,11,0.8884502877862838,0
582,6,4,3,1.611064838915354,2342,11,0.8884502877862838,0
781,6,4,3,2.693349840787758,2561,11,0.9431945538974952,0
694,6,4,3,1.7344134972169882,2118,11,0.8884502877862838,0
830,6,4,3,2.108438461099363,2408,11,0.8884502877862838,0
751,6,4,3,2.81271951011192,2722,11,0.9431945538974952,0
744,6,4,3,2.665496917945453,2799,11,0.8884502877862838,0
509,6,4,3,0.7874141205786347,1903,11,0.9431945538974952,0
607,6,4,3,1.7861403539241252,2432,11,0.8884502877862838,0
696,6,4,3,2.315345887927911,2360,11,0.8884502877862838,0
585,6,4,3,2.112417450076835,2581,11,0.8884502877862838,0
693,6,4,3,2.307387909972967,2430,11,0.8884502877862838,0
691,6,4,3,1.5792329270955774,2334,11,0.9431945538974952,0
664,6,4,3,1.7940983318790693,2267,11,0.8884502877862838,0
601,6,4,3,2.554085226576236,2564,11,0.9431945538974952,0
665,6,4,3,2.104459472121891,2605,11,0.9431945538974952,0
700,6,4,3,2.7729296203372,2490,11,0.8884502877862838,0
594,6,4,3,1.5354640483433846,2217,11,0.9431945538974952,0
730,6,4,3,2.4028836454322966,2539,11,0.9431945538974952,0
647,6,4,3,1.989068791775201,2279,11,0.8884502877862838,0
730,6,4,3,2.6615179289679816,2534,11,0.8884502877862838,0
818,6,4,3,2.331261843837799,2753,11,0.9431945538974952,0
763,6,4,3,1.5951488830054656,2350,11,0.9431945538974952,0
729,6,4,3,1.993047780752673,2452,11,0.8884502877862838,0
684,6,4,3,2.4983793808916266,2529,11,0.8884502877862838,0
638,6,4,3,2.749055686472367,2663,11,0.9431945538974952,0
715,6,4,3,2.3431988107702155,2504,11,0.9431945538974952,0
786,6,4,3,2.0010057587076173,2528,11,0.9431945538974952,0
793,6,4,3,2.2994299320180227,2505,11,0.8884502877862838,0
660,6,4,3,1.7901193429015974,2447,11,0.9431945538974952,0
623,6,4,3,1.901531034270816,2623,11,0.8884502877862838,0
649,6,4,3,2.2755559981531905,2369,11,0.9431945538974952,0
733,6,4,3,1.7543084421043489,2413,11,0.8884502877862838,0
739,6,4,3,2.69732882976523,2471,11,0.8884502877862838,0
563,6,4,3,1.4797582026587754,2192,11,0.9431945538974952,0
668,6,4,3,2.538169270666347,2347,11,0.8884502877862838,0
689,6,4,3,2.203934196558693,2468,11,0.8884502877862838,0
664,6,4,3,1.1654180734384818,1971,11,0.9431945538974952,0
831,6,4,3,2.7052868077201744,2629,11,0.8884502877862838,0
703,6,4,3,2.14027037291914,2353,11,0.9431945538974952,0
770,6,4,3,2.593875116350956,2521,11,0.9431945538974952,0
743,6,4,3,2.307387909972967,2508,11,0.9431945538974952,0
733,6,4,3,1.7940983318790693,2246,11,0.9431945538974952,0
617,6,4,3,1.7065605743746837,2107,11,0.8884502877862838,0
726,6,4,3,2.653559951013037,2454,11,0.8884502877862838,0
642,6,4,3,2.685391862832814,2634,11,0.8884502877862838,0
724,6,4,3,1.611064838915354,2523,11,0.8884502877862838,0
638,6,4,3,2.4546105021394338,2490,11,0.8884502877862838,0
622,6,4,3,1.4598632577714152,2244,11,0.9431945538974952,0
739,6,4,3,1.7503294531268765,2302,11,0.9431945538974952,0
656,6,4,3,1.4916951695911915,2325,11,0.9431945538974952,0
839,6,4,3,2.9440261463684987,2495,11,0.8884502877862838,0
476,6,4,3,1.3564095443571411,2084,11,0.8884502877862838,0
681,6,4,3,1.5394430373208567,2344,11,0.9431945538974952,0
572,6,4,3,1.9492789020004804,2332,11,0.9431945538974952,0
612,6,4,3,2.319324876905384,2480,11,0.8884502877862838,0
751,6,4,3,2.8803623227289457,2614,11,0.9431945538974952,0
844,6,4,3,3.0395218818278287,2744,11,0.8884502877862838,0
599,6,4,3,1.933362946090592,2349,11,0.8884502877862838,0
720,6,4,3,2.0726275603021147,2663,11,0.8884502877862838,0
645,6,4,3,1.901531034270816,2366,11,0.9431945538974952,0
719,6,4,3,2.637643995103149,2451,11,0.8884502877862838,0
628,6,4,3,1.2728507758302277,2317,11,0.9431945538974952,0
798,6,4,3,1.7940983318790693,2323,11,0.8884502877862838,0
781,6,4,3,2.410841623387241,2399,11,0.8884502877862838,0
612,6,4,3,2.1243544170092514,2359,11,0.8884502877862838,0
685,6,4,3,2.5023583698690985,2581,11,0.8884502877862838,0
882,6,4,3,2.689370851810286,2535,11,0.8884502877862838,0
684,6,4,3,1.666770684599963,2220,11,0.9431945538974952,0
618,6,4,3,1.9612158689328965,2239,11,0.8884502877862838,0
710,6,4,3,2.35115678872516,2560,11,0.9431945538974952,0
745,6,4,3,2.0010057587076173,2559,11,0.8884502877862838,0
774,6,4,3,2.410841623387241,2465,11,0.9431945538974952,0
726,6,4,3,1.8498041775636784,2494,11,0.8884502877862838,0
843,6,4,3,3.274282231498681,2578,11,0.8884502877862838,0
787,6,4,3,2.3790097115674644,2454,11,0.8884502877862838,0
632,6,4,3,1.6508547286900748,2209,11,0.9431945538974952,0
687,6,4,3,1.5951488830054656,2267,11,0.8884502877862838,0
565,6,4,11,0.4301565065278199,1217,12,0.9431945538974952,0
591,6,4,11,0.0720474985553333,1242,12,0.8884502877862838,0
790,6,4,11,0.0751750936111334,1378,12,0.9431945538974952,0
912,6,4,11,0.6600864732995283,1546,12,0.8884502877862838,0
690,6,4,11,0.0760264875328053,1299,12,0.8884502877862838,0
665,6,4,11,0.640191528412168,1436,12,0.8884502877862838,0
761,6,4,11,0.2343346527100163,1445,12,0.9431945538974952,0
708,6,4,11,0.0115112699715802,1411,12,0.9431945538974952,0
636,6,4,11,0.9505526686549896,1487,12,0.8884502877862838,0
842,6,4,11,0.6163175945473355,1360,12,0.8884502877862838,0
621,6,4,11,0.5685697268176706,1331,12,0.9431945538974952,0
701,6,4,11,0.7317082748940257,1541,12,0.9431945538974952,0
613,6,4,11,0.1985237519127677,1337,12,0.9431945538974952,0
686,6,4,11,0.4611370244259246,1392,12,0.9431945538974952,0
846,6,4,11,0.8272040103533554,1643,12,0.9431945538974952,0
710,6,4,11,0.5208218590880057,1446,12,0.9431945538974952,0
808,6,4,11,0.2383136416874884,1450,12,0.8884502877862838,0
839,6,4,11,0.0362365977580846,1293,12,0.9431945538974952,0
738,6,4,11,0.6322335504572237,1504,12,0.8884502877862838,0
882,6,4,11,0.7118133300066652,1469,12,0.9431945538974952,0
621,6,4,11,0.3855362338539552,1339,12,0.8884502877862838,0
943,6,4,11,1.1057332387764005,1681,12,0.8884502877862838,0
909,6,4,11,0.1834591899245513,1221,12,0.8884502877862838,0
970,6,4,11,0.6879393961418329,1530,12,0.9431945538974952,0
631,6,4,11,0.9784055914972942,1550,12,0.8884502877862838,0
738,6,4,11,0.1865867849803515,1306,12,0.8884502877862838,0
577,6,4,11,0.0481735646905008,1290,12,0.8884502877862838,0
563,6,4,11,0.5248008480654778,1298,12,0.8884502877862838,0
677,6,4,11,0.1229229613407983,1274,12,0.8884502877862838,0
748,6,4,11,0.2104607188451839,1429,12,0.9431945538974952,0
844,6,4,11,0.7038553520517211,1410,12,0.9431945538974952,0
681,6,4,11,0.1388389172506866,1366,12,0.9431945538974952,0
688,6,4,11,0.3696202779440669,1387,12,0.8884502877862838,0
423,6,4,11,0.0879634544652216,1316,12,0.8884502877862838,0
827,6,4,11,0.2502506086199046,1400,12,0.9431945538974952,0
714,6,4,11,0.803330076488523,1527,12,0.8884502877862838,0
664,6,4,11,0.2979984763495695,1445,12,0.8884502877862838,0
812,6,4,11,0.3019774653270416,1353,12,0.9431945538974952,0
797,6,4,11,0.7555822087588581,1500,12,0.8884502877862838,0
667,6,4,11,0.373599266921539,1393,12,0.9431945538974952,0
573,6,4,11,0.4770529803358129,1441,12,0.8884502877862838,0
988,6,4,11,0.9266787347901572,1606,12,0.8884502877862838,0
620,6,4,11,0.4452210685160363,1437,12,0.9431945538974952,0
738,6,4,11,0.6640654622770004,1297,12,0.8884502877862838,0
888,6,4,11,0.3298303881693462,1356,12,0.9431945538974952,0
740,6,4,11,0.1388389172506866,1382,12,0.9431945538974952,0
747,6,4,11,0.3974732007863714,1416,12,0.8884502877862838,0
875,6,4,11,0.0831330715660775,1510,12,0.8884502877862838,0
886,6,4,11,0.2064817298677118,1517,12,0.9431945538974952,0
632,6,4,11,0.2343346527100163,1471,12,0.8884502877862838,0
626,6,4,11,0.4372630905610921,1498,12,0.9431945538974952,0
853,6,4,11,0.64417051738964,1430,12,0.9431945538974952,0
616,6,4,11,0.7157923189841373,1578,12,0.8884502877862838,0
1057,6,4,11,1.1176702057088168,1667,12,0.9431945538974952,0
623,6,4,11,0.3656412889665948,1422,12,0.8884502877862838,0
872,6,4,11,0.5009269142006454,1365,12,0.8884502877862838,0
900,6,4,11,0.5765277047726147,1513,12,0.9431945538974952,0
949,6,4,11,0.8908678339929086,1591,12,0.9431945538974952,0
963,6,4,11,0.9505526686549896,1541,12,0.9431945538974952,0
710,6,4,11,0.7277292859165536,1489,12,0.9431945538974952,0
672,6,4,11,0.5009269142006454,1486,12,0.9431945538974952,0
691,6,4,11,0.0919424434426936,1291,12,0.8884502877862838,0
785,6,4,11,0.2263766747550722,1486,12,0.8884502877862838,0
563,6,4,11,0.64417051738964,1403,12,0.9431945538974952,0
475,6,4,11,0.1985237519127677,1344,12,0.8884502877862838,0
680,6,4,11,0.6561074843220562,1480,12,0.8884502877862838,0
495,6,4,11,0.6799814181868887,1487,12,0.9431945538974952,0
790,6,4,11,0.5049059031781175,1406,12,0.8884502877862838,0
839,6,4,11,0.8391409772857716,1449,12,0.9431945538974952,0
874,6,4,11,0.5287798370429498,1350,12,0.9431945538974952,0
841,6,4,11,0.8988258119478527,1517,12,0.9431945538974952,0
788,6,4,11,1.3245776325373646,1548,12,0.9431945538974952,0
736,6,4,11,0.4690950023808687,1326,12,0.9431945538974952,0
767,6,4,11,0.7436452418264419,1577,12,0.9431945538974952,0
845,6,4,11,0.8510779442181878,1540,12,0.8884502877862838,0
798,6,4,11,0.4412420795385642,1329,12,0.9431945538974952,0
641,6,4,11,0.6481495063671121,1493,12,0.8884502877862838,0
534,6,4,11,0.0242996308256684,1411,12,0.8884502877862838,0
790,6,4,11,0.7555822087588581,1439,12,0.8884502877862838,0
1038,6,4,11,1.0301324482044312,1518,12,0.8884502877862838,0
917,6,4,11,0.5844856827275589,1531,12,0.9431945538974952,0
1029,6,4,11,0.7436452418264419,1664,12,0.8884502877862838,0
772,6,4,11,0.7197713079616094,1565,12,0.9431945538974952,0
941,6,4,11,0.6521284953445842,1518,12,0.8884502877862838,0
861,6,4,11,0.4770529803358129,1487,12,0.9431945538974952,0
691,6,4,11,0.9505526686549896,1511,12,0.9431945538974952,0
542,6,4,11,0.2184186968001281,1328,12,0.9431945538974952,0
1020,6,4,11,0.9187207568352131,1511,12,0.8884502877862838,0
472,6,4,11,0.0672171156561892,1381,12,0.9431945538974952,0
708,6,4,11,0.3059564543045137,1408,12,0.9431945538974952,0
795,6,4,11,0.2104607188451839,1303,12,0.9431945538974952,0
617,6,4,11,0.5327588260204219,1375,12,0.9431945538974952,0
833,6,4,11,0.5964226496599752,1484,12,0.8884502877862838,0
589,6,4,11,0.1865867849803515,1259,12,0.8884502877862838,0
489,6,4,11,0.2511020025415766,1185,12,0.8884502877862838,0
702,6,4,11,0.2741245424847371,1470,12,0.9431945538974952,0
517,6,4,11,0.6919183851193049,1476,12,0.9431945538974952,0
546,6,4,11,0.1826077960028794,1319,12,0.8884502877862838,0
598,6,4,11,0.1428179062281586,1225,12,0.8884502877862838,0
772,6,4,11,0.5009269142006454,1385,12,0.8884502877862838,0
805,6,4,11,0.8470989552407158,1489,12,0.8884502877862838,0
659,6,4,11,0.5168428701105336,1374,12,0.8884502877862838,0
638,6,4,11,0.1149649833858541,1337,12,0.8884502877862838,0
725,6,4,11,0.429305112606148,1477,12,0.8884502877862838,0
867,6,4,11,0.3178934212369299,1419,12,0.8884502877862838,0
825,6,4,11,0.5805066937500868,1420,12,0.9431945538974952,0
935,6,4,11,1.4121153900417502,1779,12,0.9431945538974952,0
645,6,4,11,0.966468624564878,1545,12,0.8884502877862838,0
650,6,4,11,0.1985237519127677,1421,12,0.8884502877862838,0
1024,6,4,11,0.5566327598852544,1447,12,0.9431945538974952,0
628,6,4,11,0.4929689362457012,1506,12,0.8884502877862838,0
664,6,4,11,0.5128638811330616,1281,12,0.9431945538974952,0
777,6,4,11,0.9147417678577412,1509,12,0.8884502877862838,0
817,6,4,11,0.4889899472682291,1509,12,0.8884502877862838,0
860,6,4,11,0.5248008480654778,1399,12,0.9431945538974952,0
857,6,4,11,0.695897374096777,1572,12,0.8884502877862838,0
785,6,4,11,0.2064817298677118,1414,12,0.9431945538974952,0
616,6,4,11,0.695897374096777,1501,12,0.8884502877862838,0
885,6,4,11,0.7953720985335788,1445,12,0.8884502877862838,0
651,6,4,11,0.5805066937500868,1470,12,0.8884502877862838,0
846,6,4,11,0.4850109582907571,1365,12,0.9431945538974952,0
779,6,4,11,0.4412420795385642,1548,12,0.8884502877862838,0
882,6,4,11,0.5685697268176706,1408,12,0.8884502877862838,0
862,6,4,11,1.121649194686289,1550,12,0.9431945538974952,0
827,6,4,11,0.7396662528489698,1518,12,0.9431945538974952,0
723,6,4,11,0.863014911150604,1658,12,0.8884502877862838,0
800,6,4,11,1.0341114371819031,1571,12,0.9431945538974952,0
822,6,4,11,0.1826077960028794,1361,12,0.8884502877862838,0
732,6,4,11,0.1237743552624702,1328,12,0.9431945538974952,0
871,6,4,11,0.7913931095561068,1553,12,0.9431945538974952,0
582,6,4,11,0.055280148723773,1401,12,0.9431945538974952,0
927,6,4,11,0.5964226496599752,1386,12,0.8884502877862838,0
741,6,4,11,0.5088848921555895,1439,12,0.9431945538974952,0
639,6,4,11,0.0950700384984938,1305,12,0.8884502877862838,0
815,6,4,11,0.7317082748940257,1315,12,0.8884502877862838,0
815,6,4,11,0.4412420795385642,1450,12,0.9431945538974952,0
862,6,4,11,0.5486747819303103,1456,12,0.9431945538974952,0
505,6,4,11,0.1308809392957424,1223,12,0.8884502877862838,0
593,6,4,11,0.5844856827275589,1566,12,0.8884502877862838,0
716,6,4,11,0.3099354432819858,1404,12,0.9431945538974952,0
540,6,4,11,0.0592591377012451,1344,12,0.8884502877862838,0
636,6,4,11,0.6680444512544724,1617,12,0.9431945538974952,0
771,6,4,11,0.7834351316011626,1508,12,0.9431945538974952,0
812,6,4,11,0.3178934212369299,1439,12,0.9431945538974952,0
468,6,4,11,0.5645907378401985,1556,12,0.9431945538974952,0
830,6,4,11,0.2303556637325443,1455,12,0.9431945538974952,0
715,6,4,11,0.10700700543091,1367,12,0.9431945538974952,0
820,6,4,11,0.4651160134033967,1435,12,0.9431945538974952,0
706,6,4,11,0.3895152228314272,1348,12,0.8884502877862838,0
761,6,4,11,0.8391409772857716,1460,12,0.9431945538974952,0
323,6,4,11,0.3059564543045137,1355,12,0.8884502877862838,0
589,6,4,11,0.2422926306649605,1317,12,0.8884502877862838,0
437,6,4,11,0.2033541348119117,1384,12,0.8884502877862838,0
613,6,4,11,0.4133891566962597,1404,12,0.8884502877862838,0
858,6,4,11,0.5964226496599752,1412,12,0.8884502877862838,0
916,6,4,11,0.5725487157951427,1443,12,0.8884502877862838,0
794,6,4,11,0.640191528412168,1493,12,0.8884502877862838,0
638,6,4,11,0.7714981646687463,1414,12,0.8884502877862838,0
640,6,4,11,0.6043806276149193,1468,12,0.9431945538974952,0
475,6,4,11,0.0203206418481963,1256,12,0.8884502877862838,0
741,6,4,11,0.0521525536679729,1364,12,0.9431945538974952,0
891,6,4,11,0.0115112699715802,1325,12,0.8884502877862838,0
706,6,4,11,0.2502506086199046,1373,12,0.8884502877862838,0
886,6,4,11,0.958510646609934,1417,12,0.8884502877862838,0
664,6,4,11,0.863014911150604,1545,12,0.9431945538974952,0
984,6,4,11,0.5685697268176706,1444,12,0.9431945538974952,0
605,6,4,11,0.3099354432819858,1362,12,0.9431945538974952,0
776,6,4,11,0.0751750936111334,1334,12,0.9431945538974952,0
629,6,4,11,0.1547548731605749,1268,12,0.9431945538974952,0
622,6,4,11,0.5566327598852544,1467,12,0.8884502877862838,0
924,6,4,11,0.3059564543045137,1507,12,0.9431945538974952,0
861,6,4,11,0.2184186968001281,1465,12,0.9431945538974952,0
846,6,4,11,0.803330076488523,1549,12,0.9431945538974952,0
913,6,4,11,0.7675191756912743,1482,12,0.8884502877862838,0
787,6,4,11,1.1136912167313446,1550,12,0.8884502877862838,0
692,6,4,11,0.3426187490234343,1352,12,0.8884502877862838,0
700,6,4,11,0.7834351316011626,1444,12,0.8884502877862838,0
808,6,4,11,1.0341114371819031,1573,12,0.8884502877862838,0
1032,6,4,11,1.022174470249487,1454,12,0.9431945538974952,0
665,6,4,11,0.4531790464709804,1269,12,0.8884502877862838,0
773,6,4,11,0.4969479252231732,1435,12,0.9431945538974952,0
540,6,4,11,0.1038794103751098,1212,12,0.8884502877862838,0
941,6,4,11,0.3298303881693462,1370,12,0.8884502877862838,0
676,6,4,11,0.5287798370429498,1529,12,0.8884502877862838,0
751,6,4,11,0.64417051738964,1532,12,0.8884502877862838,0
694,6,4,11,0.5645907378401985,1481,12,0.8884502877862838,0
969,6,4,11,1.3763044892445015,1700,12,0.9431945538974952,0
788,6,4,11,0.4094101677187876,1431,12,0.8884502877862838,0
502,6,4,11,0.3457463440792345,1443,12,0.9431945538974952,0
820,6,4,11,1.2290818970780348,1688,12,0.9431945538974952,0
801,6,4,11,0.6362125394346959,1539,12,0.9431945538974952,0
768,6,4,11,0.2781035314622092,1391,12,0.8884502877862838,0
1035,6,4,11,0.588464671705031,1523,12,0.8884502877862838,0
762,6,4,11,0.6322335504572237,1417,12,0.9431945538974952,0
796,6,4,11,0.7197713079616094,1430,12,0.9431945538974952,0
874,6,4,11,0.9306577237676292,1522,12,0.9431945538974952,0
1035,6,4,11,0.7993510875110509,1644,12,0.9431945538974952,0
764,6,4,11,0.0274272258814685,1396,12,0.9431945538974952,0
692,6,4,11,0.1388389172506866,1437,12,0.9431945538974952,0
760,6,4,11,0.3815572448764831,1461,12,0.8884502877862838,0
647,6,4,11,0.4253261236286759,1386,12,0.9431945538974952,0
618,6,4,11,0.8550569331956599,1533,12,0.9431945538974952,0
619,6,4,11,0.5964226496599752,1422,12,0.9431945538974952,0
664,6,4,11,0.2820825204396813,1322,12,0.9431945538974952,0
811,6,4,11,0.540716803975366,1494,12,0.8884502877862838,0
619,6,4,11,0.5486747819303103,1357,12,0.9431945538974952,0
953,6,4,11,0.2741245424847371,1419,12,0.8884502877862838,0
715,6,4,11,0.0592591377012451,1214,12,0.8884502877862838,0
843,6,4,11,0.8948468229703807,1593,12,0.9431945538974952,0
720,6,4,11,0.4452210685160363,1486,12,0.8884502877862838,0
917,6,4,11,1.0022795253621266,1658,12,0.9431945538974952,0
567,6,4,11,0.0282786198031404,1360,12,0.9431945538974952,0
911,6,4,11,0.9187207568352131,1587,12,0.8884502877862838,0
665,6,4,11,0.6004016386374472,1282,12,0.8884502877862838,0
697,6,4,11,0.9386157017225736,1533,12,0.8884502877862838,0
646,6,4,11,0.373599266921539,1346,12,0.9431945538974952,0
759,6,4,11,0.8311829993308275,1538,12,0.9431945538974952,0
1017,6,4,11,1.3763044892445015,1571,12,0.9431945538974952,0
716,6,4,11,0.3298303881693462,1357,12,0.8884502877862838,0
802,6,4,11,0.7237502969390814,1555,12,0.8884502877862838,0
798,6,4,11,0.6481495063671121,1462,12,0.9431945538974952,0
799,6,4,11,0.0353852038364127,1282,12,0.8884502877862838,0
743,6,4,11,0.9346367127451014,1493,12,0.9431945538974952,0
755,6,4,11,0.9147417678577412,1520,12,0.9431945538974952,0
733,6,4,11,0.1666918400929911,1374,12,0.8884502877862838,0
626,6,4,11,0.9306577237676292,1408,12,0.8884502877862838,0
542,6,4,11,0.4452210685160363,1350,12,0.9431945538974952,0
765,6,4,11,0.429305112606148,1444,12,0.8884502877862838,0
699,6,4,11,0.1706708290704632,1368,12,0.8884502877862838,0
708,6,4,11,0.7038553520517211,1505,12,0.9431945538974952,0
963,6,4,11,0.1834591899245513,1378,12,0.9431945538974952,0
943,6,4,11,1.4081364010642785,1675,12,0.9431945538974952,0
674,6,4,11,0.1269019503182704,1286,12,0.9431945538974952,0
675,6,4,11,0.4810319693132849,1434,12,0.9431945538974952,0
877,6,4,11,0.2502506086199046,1423,12,0.8884502877862838,0
763,6,4,11,0.5128638811330616,1354,12,0.9431945538974952,0
798,6,4,11,0.3895152228314272,1577,12,0.8884502877862838,0
615,6,4,11,0.5526537709077823,1320,12,0.9431945538974952,0
973,6,4,11,0.5805066937500868,1575,12,0.8884502877862838,0
886,6,4,11,0.4492000574935084,1268,12,0.9431945538974952,0
816,6,4,11,0.5446957929528382,1508,12,0.8884502877862838,0
747,6,4,11,0.270145553507265,1381,12,0.8884502877862838,0
827,6,4,11,0.3417673551017623,1306,12,0.9431945538974952,0
760,6,4,11,0.3974732007863714,1381,12,0.9431945538974952,0
866,6,4,11,0.3537043220341786,1436,12,0.8884502877862838,0
668,6,4,11,0.6839604071643608,1516,12,0.9431945538974952,0
558,6,4,11,0.2383136416874884,1270,12,0.8884502877862838,0
665,6,4,11,0.321872410214402,1327,12,0.8884502877862838,0
816,6,4,11,0.3147658261811298,1290,12,0.9431945538974952,0
245,6,4,11,0.274975936406409,1131,12,0.9431945538974952,0
481,6,4,11,0.2781035314622092,1277,12,0.9431945538974952,0
763,6,4,11,0.0481735646905008,1442,12,0.9431945538974952,0
709,6,4,11,0.3417673551017623,1398,12,0.8884502877862838,0
624,6,4,11,0.2152911017443279,1160,12,0.9431945538974952,0
481,6,4,11,0.8470989552407158,1540,12,0.8884502877862838,0
868,6,4,11,0.4850109582907571,1330,12,0.8884502877862838,0
714,6,4,11,0.0362365977580846,1384,12,0.8884502877862838,0
623,6,4,11,0.4372630905610921,1365,12,0.8884502877862838,0
922,6,4,11,0.3696202779440669,1409,12,0.8884502877862838,0
882,6,4,11,0.910762778880269,1539,12,0.8884502877862838,0
793,6,4,11,0.64417051738964,1537,12,0.9431945538974952,0
727,6,4,11,0.7555822087588581,1683,12,0.8884502877862838,0
561,6,4,11,0.5964226496599752,1345,12,0.8884502877862838,0
857,6,4,11,0.6799814181868887,1494,12,0.9431945538974952,0
759,6,4,11,0.7754771536462185,1492,12,0.9431945538974952,0
885,6,4,11,0.6242755725022796,1454,12,0.9431945538974952,0
613,6,4,11,0.4699463963025407,1192,12,0.9431945538974952,0
768,6,4,11,0.4014521897638435,1482,12,0.8884502877862838,0
845,6,4,11,0.6919183851193049,1463,12,0.8884502877862838,0
943,6,4,11,1.288766731740116,1621,12,0.9431945538974952,0
691,6,4,11,0.699876363074249,1518,12,0.9431945538974952,0
736,6,4,11,0.64417051738964,1463,12,0.8884502877862838,0
845,6,4,11,0.9465736796775176,1560,12,0.8884502877862838,0
589,6,4,11,0.4690950023808687,1392,12,0.9431945538974952,0
861,6,4,11,0.6123386055698634,1570,12,0.9431945538974952,0
625,6,4,11,0.2272280686767442,1376,12,0.9431945538974952,0
881,6,4,11,0.2104607188451839,1421,12,0.8884502877862838,0
896,6,4,11,1.5474010152758009,1567,12,0.9431945538974952,0
887,6,4,11,0.8908678339929086,1478,12,0.9431945538974952,0
492,6,4,11,0.2741245424847371,1384,12,0.8884502877862838,0
555,6,4,11,0.3377883661242903,1355,12,0.8884502877862838,0
681,6,4,11,0.8192460323984113,1505,12,0.8884502877862838,0
674,6,4,11,0.4690950023808687,1437,12,0.8884502877862838,0
665,6,4,11,0.64417051738964,1364,12,0.9431945538974952,0
804,6,4,11,0.5685697268176706,1409,12,0.8884502877862838,0
794,6,4,11,0.4094101677187876,1356,12,0.8884502877862838,0
721,6,4,11,0.429305112606148,1497,12,0.8884502877862838,0
769,6,4,11,0.4133891566962597,1370,12,0.9431945538974952,0
950,6,4,11,1.4081364010642785,1560,12,0.9431945538974952,0
694,6,4,11,1.109712227753873,1541,12,0.8884502877862838,0
931,6,4,11,1.0579853710467355,1473,12,0.9431945538974952,0
560,6,4,11,0.2582085865748488,1414,12,0.9431945538974952,0
572,6,4,11,0.377578255899011,1323,12,0.8884502877862838,0
776,6,4,11,0.4929689362457012,1563,12,0.8884502877862838,0
951,6,4,11,0.863014911150604,1519,12,0.8884502877862838,0
545,6,4,11,0.3696202779440669,1468,12,0.9431945538974952,0
724,6,4,11,0.4531790464709804,1525,12,0.8884502877862838,0
697,6,4,11,0.2502506086199046,1531,12,0.9431945538974952,0
688,6,4,11,0.536737814997894,1380,12,0.9431945538974952,0
782,6,4,11,0.2263766747550722,1354,12,0.9431945538974952,0
938,6,4,11,0.6362125394346959,1435,12,0.8884502877862838,0
771,6,4,11,1.344472577424725,1694,12,0.9431945538974952,0
848,6,4,11,0.8749518780830203,1612,12,0.9431945538974952,0
968,6,4,11,0.5725487157951427,1504,12,0.9431945538974952,0
775,6,4,11,0.1547548731605749,1424,12,0.9431945538974952,0
781,6,4,11,0.1149649833858541,1374,12,0.8884502877862838,0
643,6,4,11,0.5964226496599752,1475,12,0.9431945538974952,0
818,6,4,11,0.8112880544434671,1624,12,0.8884502877862838,0
605,6,4,11,0.0433431817913568,1249,12,0.9431945538974952,0
705,6,4,11,0.1189439723633262,1470,12,0.8884502877862838,0
549,6,4,11,0.0871120605435496,1491,12,0.9431945538974952,0
855,6,4,11,1.233060886055507,1572,12,0.8884502877862838,0
565,6,4,11,0.6481495063671121,1421,12,0.8884502877862838,0
618,6,4,11,0.3298303881693462,1367,12,0.8884502877862838,0
709,6,4,11,0.7714981646687463,1420,12,0.8884502877862838,0
874,6,4,11,0.9346367127451014,1576,12,0.9431945538974952,0
746,6,4,11,0.3059564543045137,1372,12,0.9431945538974952,0
472,6,4,11,0.2383136416874884,1277,12,0.9431945538974952,0
746,6,4,11,0.2860615094171533,1563,12,0.8884502877862838,0
898,6,4,11,0.7675191756912743,1541,12,0.9431945538974952,0
520,6,4,11,0.0083836749157801,1263,12,0.8884502877862838,0
830,6,4,11,0.6600864732995283,1530,12,0.9431945538974952,0
876,6,4,11,0.9067837899027968,1421,12,0.9431945538974952,0
839,6,4,11,0.3855362338539552,1360,12,0.8884502877862838,0
437,6,4,11,0.3664926828882667,1269,12,0.9431945538974952,0
982,6,4,11,0.2542295975973768,1439,12,0.8884502877862838,0
984,6,4,11,0.8391409772857716,1496,12,0.9431945538974952,0
827,6,4,11,0.7754771536462185,1489,12,0.9431945538974952,0
696,6,4,11,0.6839604071643608,1604,12,0.8884502877862838,0
742,6,4,11,0.7237502969390814,1356,12,0.9431945538974952,0
786,6,4,11,0.9226997458126852,1517,12,0.9431945538974952,0
839,6,4,11,0.214439707822656,1389,12,0.9431945538974952,0
312,6,4,11,0.5495261758519822,1123,12,0.8884502877862838,0
669,6,4,11,0.4253261236286759,1463,12,0.9431945538974952,0
623,6,4,11,0.5248008480654778,1360,12,0.8884502877862838,0
928,6,4,11,0.4929689362457012,1409,12,0.9431945538974952,0
670,6,4,11,0.2383136416874884,1467,12,0.9431945538974952,0
760,6,4,11,0.5566327598852544,1383,12,0.9431945538974952,0
765,6,4,11,0.6760024292094166,1424,12,0.8884502877862838,0
612,6,4,11,0.3855362338539552,1354,12,0.9431945538974952,0
787,6,4,11,0.9863635694522384,1552,12,0.8884502877862838,0
759,6,4,11,0.640191528412168,1510,12,0.9431945538974952,0
671,6,4,11,0.5168428701105336,1312,12,0.9431945538974952,0
951,6,4,11,0.8351619883082996,1493,12,0.9431945538974952,0
596,6,4,11,0.1865867849803515,1365,12,0.8884502877862838,0
674,6,4,11,0.640191528412168,1457,12,0.9431945538974952,0
650,6,4,11,0.9505526686549896,1543,12,0.8884502877862838,0
849,6,4,11,0.3576833110116507,1437,12,0.9431945538974952,0
841,6,4,11,0.6123386055698634,1432,12,0.8884502877862838,0
652,6,4,11,0.8908678339929086,1544,12,0.9431945538974952,0
609,6,4,11,0.7953720985335788,1493,12,0.8884502877862838,0
829,6,4,11,0.6919183851193049,1519,12,0.9431945538974952,0
658,6,4,11,0.8988258119478527,1581,12,0.8884502877862838,0
786,6,4,11,0.3895152228314272,1604,6,0.9431945538974952,0
750,6,4,11,0.2820825204396813,1739,6,0.8884502877862838,0
786,6,4,5,0.4412420795385642,1722,6,0.9431945538974952,0
823,6,4,5,0.8749518780830203,1654,6,0.8884502877862838,0
789,6,4,5,0.1229229613407983,1594,6,0.8884502877862838,0
824,6,4,5,0.3616622999891227,1676,6,0.8884502877862838,0
935,6,4,11,0.6163175945473355,1719,6,0.8884502877862838,0
772,6,4,5,0.4173681456737318,1667,6,0.9431945538974952,0
824,6,4,5,0.2860615094171533,1623,6,0.9431945538974952,0
915,6,4,11,0.5049059031781175,1698,6,0.8884502877862838,0
967,6,4,5,0.3059564543045137,1796,6,0.8884502877862838,0
766,6,4,5,0.0194692479265244,1550,6,0.9431945538974952,0
858,6,4,11,0.3974732007863714,1748,6,0.9431945538974952,0
882,6,4,11,0.6004016386374472,1672,6,0.8884502877862838,0
784,6,4,5,0.5049059031781175,1680,6,0.9431945538974952,0
943,6,4,5,0.807309065465995,1739,6,0.9431945538974952,0
1003,6,4,11,0.8948468229703807,1716,6,0.9431945538974952,0
1003,6,4,5,1.0460484041143194,1791,6,0.8884502877862838,0
913,6,4,11,0.863014911150604,1726,6,0.9431945538974952,0
661,6,4,11,0.2462716196424326,1678,6,0.8884502877862838,0
1110,6,4,5,0.8988258119478527,1800,6,0.8884502877862838,0
972,6,4,11,1.185313018325842,1815,6,0.8884502877862838,0
764,6,4,5,0.5049059031781175,1678,6,0.9431945538974952,0
940,6,4,11,0.8669939001280762,1728,6,0.9431945538974952,0
1132,6,4,5,0.9266787347901572,1701,6,0.9431945538974952,0
817,6,4,11,0.3457463440792345,1692,6,0.8884502877862838,0
780,6,4,11,0.3227238041360739,1506,6,0.9431945538974952,0
966,6,4,5,1.3404935884472529,1888,6,0.8884502877862838,0
930,6,4,11,0.1269019503182704,1514,6,0.9431945538974952,0
678,6,4,5,0.1914171678794955,1565,6,0.9431945538974952,0
961,6,4,11,0.7038553520517211,1832,6,0.8884502877862838,0
864,6,4,5,0.7874141205786347,1723,6,0.9431945538974952,0
919,6,4,11,0.2422926306649605,1635,6,0.9431945538974952,0
810,6,4,5,0.5287798370429498,1596,6,0.9431945538974952,0
1011,6,4,5,0.8272040103533554,1765,6,0.9431945538974952,0
835,6,4,11,0.6640654622770004,1743,6,0.8884502877862838,0
889,6,4,11,0.214439707822656,1580,6,0.9431945538974952,0
787,6,4,5,0.321872410214402,1742,6,0.8884502877862838,0
720,6,4,11,0.1396903111723585,1616,6,0.9431945538974952,0
811,6,4,11,0.1348599282732145,1665,6,0.9431945538974952,0
907,6,4,11,0.7396662528489698,1761,6,0.9431945538974952,0
994,6,4,11,0.863014911150604,1732,6,0.9431945538974952,0
960,6,4,5,0.9943215474071824,1745,6,0.9431945538974952,0
846,6,4,11,0.3338093771468182,1667,6,0.8884502877862838,0
638,6,4,5,0.2621875755523209,1515,6,0.8884502877862838,0
831,6,4,5,0.588464671705031,1840,6,0.8884502877862838,0
794,6,4,11,0.4571580354484525,1608,6,0.9431945538974952,0
953,6,4,5,0.5208218590880057,1708,6,0.9431945538974952,0
1064,6,4,5,1.0977752608214564,1817,6,0.8884502877862838,0
718,6,4,11,0.2462716196424326,1603,6,0.8884502877862838,0
894,6,4,11,0.3497253330567065,1760,6,0.9431945538974952,0
899,6,4,11,0.9823845804747664,1698,6,0.9431945538974952,0
833,6,4,11,0.7356872638714977,1739,6,0.9431945538974952,0
918,6,4,11,0.5805066937500868,1644,6,0.9431945538974952,0
891,6,4,11,1.0181954812720149,1730,6,0.8884502877862838,0
779,6,4,11,0.4094101677187876,1623,6,0.8884502877862838,0
904,6,4,5,0.4690950023808687,1777,6,0.8884502877862838,0
963,6,4,5,1.2131659411681466,1720,6,0.8884502877862838,0
805,6,4,5,0.2781035314622092,1804,6,0.9431945538974952,0
895,6,4,11,0.9306577237676292,1782,6,0.8884502877862838,0
809,6,4,11,0.1905657739578236,1556,6,0.9431945538974952,0
807,6,4,11,0.4054311787413155,1676,6,0.8884502877862838,0
920,6,4,11,1.121649194686289,1768,6,0.9431945538974952,0
808,6,4,5,0.214439707822656,1686,6,0.8884502877862838,0
887,6,4,5,0.7993510875110509,1710,6,0.9431945538974952,0
793,6,4,11,1.0380904261593753,1850,6,0.8884502877862838,0
895,6,4,11,0.429305112606148,1704,6,0.8884502877862838,0
760,6,4,11,0.0163416528707242,1532,6,0.9431945538974952,0
890,6,4,5,0.6004016386374472,1713,6,0.9431945538974952,0
916,6,4,11,0.6163175945473355,1839,6,0.8884502877862838,0
748,6,4,11,0.7436452418264419,1711,6,0.9431945538974952,0
798,6,4,11,0.7993510875110509,1816,6,0.9431945538974952,0
792,6,4,5,0.0879634544652216,1581,6,0.9431945538974952,0
907,6,4,5,0.751603219781386,1626,6,0.8884502877862838,0
896,6,4,11,0.3815572448764831,1763,6,0.8884502877862838,0
729,6,4,5,0.8868888450154365,1749,6,0.8884502877862838,0
816,6,4,5,0.5685697268176706,1744,6,0.9431945538974952,0
943,6,4,11,0.4571580354484525,1710,6,0.8884502877862838,0
942,6,4,5,0.3298303881693462,1663,6,0.9431945538974952,0
873,6,4,11,0.751603219781386,1764,6,0.8884502877862838,0
716,6,4,5,0.1436693001498306,1724,6,0.8884502877862838,0
809,6,4,5,0.0910910495210217,1687,6,0.8884502877862838,0
858,6,4,5,0.3616622999891227,1716,6,0.9431945538974952,0
928,6,4,11,1.0102375033170707,1723,6,0.8884502877862838,0
984,6,4,11,0.7396662528489698,1867,6,0.8884502877862838,0
795,6,4,11,0.5486747819303103,1622,6,0.9431945538974952,0
882,6,4,11,0.536737814997894,1657,6,0.9431945538974952,0
920,6,4,11,0.540716803975366,1646,6,0.8884502877862838,0
789,6,4,5,0.429305112606148,1638,6,0.8884502877862838,0
1114,6,4,5,1.173376051393426,1633,6,0.9431945538974952,0
866,6,4,5,0.4332841015836201,1702,6,0.8884502877862838,0
776,6,4,5,0.588464671705031,1669,6,0.8884502877862838,0
735,6,4,5,0.0123626638932521,1603,6,0.8884502877862838,0
855,6,4,11,0.4889899472682291,1767,6,0.9431945538974952,0
851,6,4,11,0.7277292859165536,1741,6,0.9431945538974952,0
949,6,4,11,1.125628183663761,1768,6,0.9431945538974952,0
721,6,4,11,0.3059564543045137,1585,6,0.9431945538974952,0
803,6,4,5,0.5685697268176706,1696,6,0.8884502877862838,0
781,6,4,11,0.2940194873720975,1698,6,0.8884502877862838,0
1022,6,4,11,1.2251029081005629,1863,6,0.8884502877862838,0
891,6,4,11,0.7595611977363301,1783,6,0.8884502877862838,0
861,6,4,5,0.5248008480654778,1778,6,0.9431945538974952,0
896,6,4,5,0.8829098560379645,1744,6,0.8884502877862838,0
938,6,4,5,0.9306577237676292,1763,6,0.8884502877862838,0
851,6,4,11,0.5924436606825031,1816,6,0.8884502877862838,0
914,6,4,11,1.0579853710467355,1744,6,0.9431945538974952,0
824,6,4,11,1.0341114371819031,1868,6,0.8884502877862838,0
831,6,4,11,0.3377883661242903,1592,6,0.9431945538974952,0
756,6,4,11,0.2582085865748488,1579,6,0.9431945538974952,0
924,6,4,5,0.8351619883082996,1637,6,0.8884502877862838,0
729,6,4,11,0.3068078482261857,1474,6,0.9431945538974952,0
900,6,4,11,0.7675191756912743,1672,6,0.8884502877862838,0
826,6,4,11,0.8709728891055483,1758,6,0.9431945538974952,0
961,6,4,11,0.5168428701105336,1718,6,0.9431945538974952,0
996,6,4,5,0.266166564529793,1615,6,0.9431945538974952,0
647,6,4,5,0.0751750936111334,1641,6,0.8884502877862838,0
828,6,4,11,1.0380904261593753,1677,6,0.9431945538974952,0
618,6,4,5,0.0919424434426936,1538,6,0.9431945538974952,0
993,6,4,5,0.8112880544434671,1859,6,0.9431945538974952,0
881,6,4,5,0.4253261236286759,1607,6,0.9431945538974952,0
873,6,4,5,0.6680444512544724,1816,6,0.8884502877862838,0
755,6,4,11,0.5924436606825031,1744,6,0.8884502877862838,0
911,6,4,11,0.751603219781386,1788,6,0.8884502877862838,0
848,6,4,11,0.4372630905610921,1762,6,0.9431945538974952,0
931,6,4,5,0.8709728891055483,1815,6,0.9431945538974952,0
719,6,4,5,0.3815572448764831,1753,6,0.9431945538974952,0
940,6,4,11,1.443947301861527,1907,6,0.9431945538974952,0
1082,6,4,5,0.6680444512544724,1746,6,0.8884502877862838,0
940,6,4,11,0.8709728891055483,1734,6,0.9431945538974952,0
628,6,4,5,0.2741245424847371,1657,6,0.9431945538974952,0
725,6,4,11,0.2462716196424326,1567,6,0.8884502877862838,0
826,6,4,5,0.3178934212369299,1737,6,0.8884502877862838,0
918,6,4,11,0.699876363074249,1778,6,0.9431945538974952,0
791,6,4,11,1.0778803159340962,1823,6,0.8884502877862838,0
990,6,4,11,0.9903425584297104,1769,6,0.9431945538974952,0
829,6,4,11,0.6640654622770004,1681,6,0.9431945538974952,0
1008,6,4,11,0.3059564543045137,1663,6,0.9431945538974952,0
865,6,4,11,1.0778803159340962,1809,6,0.9431945538974952,0
763,6,4,5,0.2582085865748488,1636,6,0.8884502877862838,0
867,6,4,11,0.8669939001280762,1817,6,0.9431945538974952,0
931,6,4,11,0.8112880544434671,1754,6,0.9431945538974952,0
915,6,4,5,0.863014911150604,1714,6,0.8884502877862838,0
962,6,4,5,0.8431199662632437,1766,6,0.8884502877862838,0
892,6,4,5,0.2900404983946254,1615,6,0.9431945538974952,0
722,6,4,5,0.3068078482261857,1601,6,0.9431945538974952,0
792,6,4,5,0.1507758841831028,1583,6,0.8884502877862838,0
843,6,4,5,0.4770529803358129,1767,6,0.8884502877862838,0
927,6,4,5,0.9465736796775176,1800,6,0.9431945538974952,0
785,6,4,5,0.9346367127451014,1775,6,0.8884502877862838,0
923,6,4,11,0.3974732007863714,1631,6,0.9431945538974952,0
889,6,4,11,0.0194692479265244,1645,6,0.8884502877862838,0
636,6,4,11,0.0640895206003891,1545,6,0.9431945538974952,0
915,6,4,5,0.0950700384984938,1711,6,0.8884502877862838,0
925,6,4,11,0.3298303881693462,1740,6,0.9431945538974952,0
909,6,4,11,0.5924436606825031,1692,6,0.8884502877862838,0
747,6,4,5,0.859035922173132,1759,6,0.9431945538974952,0
947,6,4,11,1.2768297648076998,1744,6,0.9431945538974952,0
818,6,4,11,0.3576833110116507,1713,6,0.8884502877862838,0
824,6,4,11,0.4730739913583408,1711,6,0.8884502877862838,0
1022,6,4,5,0.699876363074249,1831,6,0.9431945538974952,0
816,6,4,5,0.2303556637325443,1548,6,0.8884502877862838,0
757,6,4,11,0.3696202779440669,1683,6,0.9431945538974952,0
958,6,4,11,1.0022795253621266,1799,6,0.8884502877862838,0
932,6,4,11,0.6919183851193049,1750,6,0.8884502877862838,0
847,6,4,5,0.6362125394346959,1754,6,0.8884502877862838,0
1017,6,4,5,1.3205986435598926,1846,6,0.8884502877862838,0
555,6,4,11,0.2621875755523209,1659,6,0.9431945538974952,0
893,6,4,5,0.9306577237676292,1781,6,0.9431945538974952,0
727,6,4,5,0.0322576087806125,1600,6,0.8884502877862838,0
689,6,4,11,0.3178934212369299,1617,6,0.8884502877862838,0
949,6,4,11,0.8152670434209391,1689,6,0.9431945538974952,0
766,6,4,5,0.5805066937500868,1830,6,0.9431945538974952,0
966,6,4,5,0.429305112606148,1646,6,0.9431945538974952,0
1060,6,4,5,1.4240523569741663,1873,6,0.8884502877862838,0
923,6,4,5,0.5128638811330616,1743,6,0.8884502877862838,0
762,6,4,5,0.910762778880269,1722,6,0.9431945538974952,0
759,6,4,5,0.2431440245866324,1502,6,0.8884502877862838,0
972,6,4,5,0.910762778880269,1694,6,0.9431945538974952,0
896,6,4,5,1.149502117528593,1793,6,0.8884502877862838,0
798,6,4,5,0.1229229613407983,1651,6,0.9431945538974952,0
887,6,4,5,0.7595611977363301,1761,6,0.9431945538974952,0
745,6,4,5,0.2064817298677118,1723,6,0.8884502877862838,0
871,6,4,11,0.6362125394346959,1615,6,0.8884502877862838,0
921,6,4,11,0.9744266025198222,1634,6,0.8884502877862838,0
973,6,4,5,0.8112880544434671,1816,6,0.9431945538974952,0
905,6,4,11,0.3537043220341786,1692,6,0.8884502877862838,0
882,6,4,11,0.4372630905610921,1615,6,0.9431945538974952,0
772,6,4,5,0.4690950023808687,1693,6,0.9431945538974952,0
981,6,4,5,0.6083596165923914,1789,6,0.9431945538974952,0
887,6,4,11,0.8311829993308275,1717,6,0.8884502877862838,0
941,6,4,5,0.1109859944083821,1605,6,0.8884502877862838,0
855,6,4,11,0.8868888450154365,1664,6,0.9431945538974952,0
898,6,4,11,0.7675191756912743,1818,6,0.9431945538974952,0
970,6,4,5,0.8311829993308275,1813,6,0.8884502877862838,0
832,6,4,5,0.3417673551017623,1719,6,0.8884502877862838,0
921,6,4,5,0.640191528412168,1698,6,0.8884502877862838,0
651,6,4,11,0.0274272258814685,1586,6,0.8884502877862838,0
811,6,4,5,0.2064817298677118,1723,6,0.9431945538974952,0
906,6,4,11,0.5009269142006454,1699,6,0.8884502877862838,0
752,6,4,11,0.0839844654877495,1610,6,0.8884502877862838,0
798,6,4,11,0.5088848921555895,1687,6,0.9431945538974952,0
895,6,4,11,0.2900404983946254,1654,6,0.8884502877862838,0
912,6,4,11,0.0035532920166361,1668,6,0.9431945538974952,0
685,6,4,11,0.162712851115519,1581,6,0.8884502877862838,0
967,6,4,5,0.9147417678577412,1757,6,0.8884502877862838,0
883,6,4,11,0.6919183851193049,1578,6,0.9431945538974952,0
928,6,4,11,0.4372630905610921,1666,6,0.9431945538974952,0
825,6,4,11,0.7555822087588581,1740,6,0.8884502877862838,0
972,6,4,11,1.2211239191230907,1854,6,0.9431945538974952,0
1011,6,4,11,0.5248008480654778,1854,6,0.8884502877862838,0
686,6,4,11,0.6043806276149193,1556,6,0.8884502877862838,0
1016,6,4,5,0.7714981646687463,1725,6,0.9431945538974952,0
1067,6,4,11,0.7157923189841373,1769,6,0.9431945538974952,0
905,6,4,5,0.5606117488627265,1699,6,0.9431945538974952,0
885,6,4,5,0.9147417678577412,1765,6,0.8884502877862838,0
894,6,4,11,0.5446957929528382,1715,6,0.8884502877862838,0
839,6,4,11,0.8669939001280762,1747,6,0.9431945538974952,0
875,6,4,5,0.7038553520517211,1756,6,0.8884502877862838,0
835,6,4,11,0.0154902589490523,1542,6,0.8884502877862838,0
849,6,4,5,0.2184186968001281,1674,6,0.9431945538974952,0
705,6,4,5,0.7555822087588581,1636,6,0.9431945538974952,0
913,6,4,5,0.4690950023808687,1670,6,0.8884502877862838,0
654,6,4,11,0.4770529803358129,1681,6,0.9431945538974952,0
934,6,4,11,0.3934942118088994,1717,6,0.8884502877862838,0
1000,6,4,11,0.5446957929528382,1700,6,0.8884502877862838,0
972,6,4,5,0.7038553520517211,1699,6,0.9431945538974952,0
991,6,4,5,0.2025027408902398,1640,6,0.9431945538974952,0
921,6,4,11,0.5128638811330616,1601,6,0.9431945538974952,0
784,6,4,11,0.1666918400929911,1621,6,0.8884502877862838,0
861,6,4,5,0.6481495063671121,1659,6,0.9431945538974952,0
813,6,4,11,0.3457463440792345,1622,6,0.8884502877862838,0
748,6,4,11,0.8351619883082996,1734,6,0.9431945538974952,0
778,6,4,11,0.7714981646687463,1776,6,0.9431945538974952,0
795,6,4,5,0.3457463440792345,1736,6,0.9431945538974952,0
796,6,4,5,0.9266787347901572,1628,6,0.9431945538974952,0
771,6,4,11,0.2104607188451839,1677,6,0.9431945538974952,0
846,6,4,5,0.377578255899011,1642,6,0.9431945538974952,0
834,6,4,11,0.7038553520517211,1743,6,0.9431945538974952,0
999,6,4,11,0.7476242308039139,1785,6,0.8884502877862838,0
829,6,4,11,0.4571580354484525,1662,6,0.8884502877862838,0
1008,6,4,5,0.429305112606148,1733,6,0.9431945538974952,0
1039,6,4,11,0.9545316576324616,1676,6,0.9431945538974952,0
1034,6,4,11,1.3007036986725322,1750,6,0.9431945538974952,0
895,6,4,5,0.0433431817913568,1613,6,0.8884502877862838,0
838,6,4,11,0.3099354432819858,1701,6,0.8884502877862838,0
809,6,4,11,0.7913931095561068,1747,6,0.8884502877862838,0
772,6,4,5,0.0640895206003891,1534,6,0.8884502877862838,0
1057,6,4,11,0.4810319693132849,1676,6,0.9431945538974952,0
750,6,4,5,0.4054311787413155,1641,6,0.9431945538974952,0
828,6,4,11,0.910762778880269,1807,6,0.9431945538974952,0
810,6,4,11,0.8749518780830203,1784,6,0.9431945538974952,0
996,6,4,11,0.863014911150604,1821,6,0.9431945538974952,0
831,6,4,11,0.6322335504572237,1723,6,0.8884502877862838,0
821,6,4,5,1.1455231285511214,1754,6,0.8884502877862838,0
918,6,4,11,0.7356872638714977,1793,6,0.9431945538974952,0
910,6,4,5,0.5964226496599752,1796,6,0.9431945538974952,0
866,6,4,5,0.6123386055698634,1629,6,0.9431945538974952,0
709,6,4,5,0.055280148723773,1623,6,0.9431945538974952,0
919,6,4,5,0.7555822087588581,1725,6,0.9431945538974952,0
975,6,4,5,0.6362125394346959,1756,6,0.8884502877862838,0
737,6,4,11,0.5924436606825031,1727,6,0.8884502877862838,0
886,6,4,11,0.3139144322594578,1627,6,0.9431945538974952,0
1038,6,4,5,1.177355040370898,1793,6,0.8884502877862838,0
883,6,4,5,0.6322335504572237,1780,6,0.8884502877862838,0
977,6,4,5,1.1136912167313446,1750,6,0.9431945538974952,0
864,6,4,11,0.3457463440792345,1519,6,0.8884502877862838,0
896,6,4,11,0.7834351316011626,1670,6,0.9431945538974952,0
899,6,4,11,0.5844856827275589,1651,6,0.9431945538974952,0
869,6,4,5,0.0640895206003891,1448,6,0.9431945538974952,0
852,6,4,11,0.4253261236286759,1719,6,0.9431945538974952,0
758,6,4,5,0.7118133300066652,1710,6,0.9431945538974952,0
894,6,4,5,0.1547548731605749,1615,6,0.8884502877862838,0
914,6,4,5,0.588464671705031,1651,6,0.9431945538974952,0
943,6,4,11,1.0062585143395988,1751,6,0.8884502877862838,0
861,6,4,11,0.4651160134033967,1601,6,0.9431945538974952,0
804,6,4,5,0.5924436606825031,1724,6,0.9431945538974952,0
787,6,4,5,0.3338093771468182,1726,6,0.8884502877862838,0
954,6,4,5,0.3974732007863714,1638,6,0.8884502877862838,0
838,6,4,5,0.8192460323984113,1781,6,0.8884502877862838,0
839,6,4,11,0.1706708290704632,1641,6,0.9431945538974952,0
672,6,4,11,0.0831330715660775,1553,6,0.9431945538974952,0
928,6,4,5,0.0154902589490523,1653,6,0.8884502877862838,0
677,6,4,5,0.373599266921539,1691,6,0.8884502877862838,0
651,6,4,11,0.7675191756912743,1689,6,0.9431945538974952,0
765,6,4,11,0.5088848921555895,1718,6,0.8884502877862838,0
913,6,4,5,0.7874141205786347,1646,6,0.8884502877862838,0
804,6,4,5,0.7754771536462185,1677,6,0.9431945538974952,0
847,6,4,5,0.1030280164534379,1568,6,0.9431945538974952,0
945,6,4,5,0.8709728891055483,1829,6,0.8884502877862838,0
834,6,4,5,1.18133402934837,1760,6,0.9431945538974952,0
751,6,4,5,0.111837388330054,1465,6,0.8884502877862838,0
975,6,4,11,0.863014911150604,1824,6,0.8884502877862838,0
865,6,4,5,0.5446957929528382,1730,6,0.9431945538974952,0
857,6,4,5,0.5924436606825031,1663,6,0.8884502877862838,0
865,6,4,5,0.377578255899011,1660,6,0.8884502877862838,0
925,6,4,11,0.8829098560379645,1749,6,0.9431945538974952,0
987,6,4,11,0.6760024292094166,1742,6,0.8884502877862838,0
856,6,4,5,0.807309065465995,1872,6,0.9431945538974952,0
773,6,4,11,0.4611370244259246,1765,6,0.9431945538974952,0
1037,6,4,5,0.8550569331956599,1754,6,0.8884502877862838,0
884,6,4,5,0.588464671705031,1738,6,0.9431945538974952,0
818,6,4,5,0.6242755725022796,1687,6,0.8884502877862838,0
762,6,4,5,0.5128638811330616,1711,6,0.8884502877862838,0
846,6,4,11,0.2582085865748488,1754,6,0.8884502877862838,0
736,6,4,5,0.5685697268176706,1710,6,0.8884502877862838,0
829,6,4,11,0.6561074843220562,1783,6,0.8884502877862838,0
911,6,4,11,0.4014521897638435,1719,6,0.9431945538974952,0
740,6,4,11,0.4452210685160363,1621,6,0.8884502877862838,0
787,6,4,11,0.4571580354484525,1631,6,0.9431945538974952,0
841,6,4,5,0.0791540825886055,1602,6,0.8884502877862838,0
816,6,4,11,0.7356872638714977,1683,6,0.9431945538974952,0
974,6,4,11,0.6362125394346959,1702,6,0.9431945538974952,0
964,6,4,5,0.699876363074249,1866,6,0.9431945538974952,0
910,6,4,5,0.7078343410291932,1746,6,0.9431945538974952,0
906,6,4,5,1.3564095443571411,1811,6,0.9431945538974952,0
931,6,4,5,0.5287798370429498,1759,6,0.9431945538974952,0
765,6,4,11,0.0075322809941081,1529,6,0.9431945538974952,0
798,6,4,5,0.8868888450154365,1805,6,0.9431945538974952,0
769,6,4,5,0.699876363074249,1707,6,0.8884502877862838,0
802,6,4,5,0.5685697268176706,1820,6,0.9431945538974952,0
812,6,4,11,0.3974732007863714,1734,6,0.8884502877862838,0
1010,6,4,11,1.292745720717588,1916,6,0.9431945538974952,0
1174,6,4,5,1.133586161618705,1845,6,0.9431945538974952,0
882,6,4,11,0.1428179062281586,1524,6,0.8884502877862838,0
939,6,4,5,0.8868888450154365,1837,6,0.8884502877862838,0
721,6,4,11,0.0274272258814685,1621,6,0.9431945538974952,0
735,6,4,11,0.2272280686767442,1515,6,0.8884502877862838,0
876,6,4,5,0.1706708290704632,1659,6,0.8884502877862838,0
833,6,4,11,0.0274272258814685,1525,6,0.8884502877862838,0
954,6,4,5,1.2012289742357305,1842,6,0.8884502877862838,0
948,6,4,11,0.8709728891055483,1739,6,0.9431945538974952,0
1108,6,4,11,1.125628183663761,1808,6,0.9431945538974952,0
940,6,4,11,0.8749518780830203,1784,6,0.8884502877862838,0
689,6,4,11,0.4730739913583408,1625,6,0.9431945538974952,0
910,6,4,5,1.0261534592269592,1829,6,0.9431945538974952,0
709,6,4,5,0.3258513991918741,1621,6,0.8884502877862838,0
1040,6,4,11,1.5911698940279937,1749,6,0.9431945538974952,0
878,6,4,11,0.4770529803358129,1630,6,0.9431945538974952,0
811,6,4,11,0.1547548731605749,1608,6,0.8884502877862838,0
941,6,4,5,0.6362125394346959,1774,6,0.9431945538974952,0
806,6,4,11,0.8351619883082996,1745,6,0.9431945538974952,0
1016,6,4,5,1.0460484041143194,1858,6,0.8884502877862838,0
937,6,4,5,0.6919183851193049,1739,6,0.9431945538974952,0
886,6,4,11,0.6680444512544724,1737,6,0.9431945538974952,0
824,6,4,11,0.6242755725022796,1770,6,0.9431945538974952,0
923,6,4,11,0.8550569331956599,1724,6,0.8884502877862838,0
902,6,4,11,0.3537043220341786,1672,6,0.9431945538974952,0
736,6,4,5,0.1985237519127677,1648,6,0.8884502877862838,0
847,6,4,5,0.4173681456737318,1733,6,0.9431945538974952,0
730,6,4,5,0.1755012119696072,1657,6,0.9431945538974952,0
896,6,4,5,0.8232250213758834,1830,6,0.8884502877862838,0
791,6,4,11,0.5725487157951427,1769,6,0.9431945538974952,0
702,6,4,5,0.2621875755523209,1652,6,0.9431945538974952,0
901,6,4,11,0.7118133300066652,1249,6,0.9431945538974952,0
918,6,4,11,1.0022795253621266,1327,6,0.9431945538974952,0
765,6,4,11,0.7197713079616094,1227,6,0.8884502877862838,0
841,6,4,11,0.1507758841831028,1181,6,0.8884502877862838,0
941,6,4,11,0.807309065465995,1290,6,0.9431945538974952,0
551,6,4,11,0.0950700384984938,1175,6,0.9431945538974952,0
850,6,4,11,0.695897374096777,1321,6,0.9431945538974952,0
871,6,4,11,0.6919183851193049,1290,6,0.8884502877862838,0
743,6,4,11,0.1985237519127677,1167,6,0.9431945538974952,0
945,6,4,11,0.6362125394346959,1291,6,0.8884502877862838,0
851,6,4,11,0.4730739913583408,1265,6,0.9431945538974952,0
664,6,4,11,0.0154902589490523,1013,6,0.9431945538974952,0
780,6,4,11,0.2542295975973768,1181,6,0.9431945538974952,0
739,6,4,11,0.3298303881693462,1206,6,0.8884502877862838,0
734,6,4,11,0.2979984763495695,1111,6,0.9431945538974952,0
737,6,4,11,0.4372630905610921,1267,6,0.8884502877862838,0
809,6,4,11,0.7913931095561068,1310,6,0.9431945538974952,0
567,6,4,11,0.1666918400929911,1174,6,0.8884502877862838,0
713,6,4,11,0.1436693001498306,1039,6,0.9431945538974952,0
685,6,4,11,0.1109859944083821,1139,6,0.9431945538974952,0
712,6,4,11,0.0075322809941081,1098,6,0.8884502877862838,0
672,6,4,11,0.2104607188451839,1078,6,0.8884502877862838,0
815,6,4,11,0.5844856827275589,1315,6,0.9431945538974952,0
850,6,4,11,0.5725487157951427,1320,6,0.8884502877862838,0
671,6,4,11,0.6521284953445842,1253,6,0.8884502877862838,0
817,6,4,11,0.2064817298677118,1152,6,0.8884502877862838,0
738,6,4,11,0.4850109582907571,1205,6,0.8884502877862838,0
905,6,4,11,0.7038553520517211,1267,6,0.8884502877862838,0
745,6,4,11,0.640191528412168,1210,6,0.9431945538974952,0
821,6,4,11,0.8192460323984113,1237,6,0.8884502877862838,0
635,6,4,11,1.0341114371819031,1297,6,0.8884502877862838,0
573,6,4,11,0.1237743552624702,1063,6,0.9431945538974952,0
620,6,4,11,0.4850109582907571,1119,6,0.8884502877862838,0
805,6,4,11,0.6640654622770004,1339,6,0.9431945538974952,0
815,6,4,11,0.4492000574935084,1333,6,0.8884502877862838,0
716,6,4,11,0.640191528412168,1191,6,0.8884502877862838,0
525,6,4,11,0.3545557159558505,1084,6,0.8884502877862838,0
753,6,4,11,0.0910910495210217,1149,6,0.8884502877862838,0
853,6,4,11,0.5009269142006454,1162,6,0.8884502877862838,0
551,6,4,11,0.10700700543091,1068,6,0.9431945538974952,0
698,6,4,11,0.2621875755523209,1113,6,0.9431945538974952,0
631,6,4,11,0.1357113221948865,1165,6,0.9431945538974952,0
628,6,4,11,0.8470989552407158,1324,6,0.9431945538974952,0
823,6,4,11,0.0990490274759658,1084,6,0.9431945538974952,0
787,6,4,11,0.0839844654877495,1141,6,0.8884502877862838,0
736,6,4,11,0.1794802009470793,1131,6,0.8884502877862838,0
814,6,4,11,0.0950700384984938,1187,6,0.9431945538974952,0
753,6,4,11,0.373599266921539,1252,6,0.8884502877862838,0
798,6,4,11,0.0473221707688289,1114,6,0.8884502877862838,0
598,6,4,11,0.2860615094171533,1069,6,0.9431945538974952,0
839,6,4,11,0.4372630905610921,1251,6,0.8884502877862838,0
1036,6,4,11,0.6640654622770004,1174,6,0.9431945538974952,0
484,6,4,11,0.3147658261811298,1081,6,0.9431945538974952,0
476,6,4,11,0.2820825204396813,1106,6,0.9431945538974952,0
943,6,4,11,0.8232250213758834,1265,6,0.8884502877862838,0
738,6,4,11,0.6919183851193049,1194,6,0.8884502877862838,0
535,6,4,11,0.321872410214402,1121,6,0.8884502877862838,0
585,6,4,11,0.1905657739578236,1133,6,0.9431945538974952,0
732,6,4,11,0.3974732007863714,1252,6,0.9431945538974952,0
639,6,4,11,0.0521525536679729,1170,6,0.8884502877862838,0
716,6,4,11,0.373599266921539,1258,6,0.9431945538974952,0
580,6,4,11,0.1277533442399423,1122,6,0.8884502877862838,0
640,6,4,11,0.1396903111723585,1070,6,0.9431945538974952,0
679,6,4,11,0.6242755725022796,1204,6,0.9431945538974952,0
629,6,4,11,0.2820825204396813,1105,6,0.9431945538974952,0
792,6,4,11,0.6720234402319445,1261,6,0.9431945538974952,0
782,6,4,11,0.111837388330054,1123,6,0.9431945538974952,0
970,6,4,11,0.9744266025198222,1254,6,0.9431945538974952,0
692,6,4,11,0.5614631427843984,1001,6,0.8884502877862838,0
860,6,4,11,0.958510646609934,1246,6,0.9431945538974952,0
781,6,4,11,0.1755012119696072,1140,6,0.9431945538974952,0
611,6,4,11,0.2741245424847371,1113,6,0.9431945538974952,0
812,6,4,11,0.0910910495210217,1069,6,0.8884502877862838,0
808,6,4,11,0.2422926306649605,1137,6,0.9431945538974952,0
830,6,4,11,0.7317082748940257,1210,6,0.9431945538974952,0
854,6,4,11,0.9903425584297104,1277,6,0.8884502877862838,0
869,6,4,11,0.7555822087588581,1286,6,0.9431945538974952,0
782,6,4,11,0.1666918400929911,1229,6,0.8884502877862838,0
691,6,4,11,0.7436452418264419,1187,6,0.8884502877862838,0
760,6,4,11,0.0919424434426936,1131,6,0.8884502877862838,0
872,6,4,11,0.5606117488627265,1263,6,0.9431945538974952,0
462,6,4,11,0.0672171156561892,1153,6,0.8884502877862838,0
772,6,4,11,0.2263766747550722,1192,6,0.8884502877862838,0
671,6,4,11,0.1945447629352956,1120,6,0.9431945538974952,0
796,6,4,11,0.0871120605435496,1129,6,0.8884502877862838,0
845,6,4,11,0.2073331237893838,1202,6,0.9431945538974952,0
508,6,4,11,0.1755012119696072,1074,6,0.9431945538974952,0
738,6,4,11,0.3178934212369299,1125,6,0.8884502877862838,0
649,6,4,11,0.9306577237676292,1260,6,0.9431945538974952,0
883,6,4,11,0.4492000574935084,1191,6,0.8884502877862838,0
740,6,4,11,1.0420694151368477,1299,6,0.8884502877862838,0
683,6,4,11,0.2741245424847371,1252,6,0.8884502877862838,0
866,6,4,11,0.266166564529793,1136,6,0.9431945538974952,0
761,6,4,11,0.0353852038364127,1154,6,0.9431945538974952,0
832,6,4,11,0.5685697268176706,1351,6,0.8884502877862838,0
745,6,4,11,0.5088848921555895,1204,6,0.9431945538974952,0
573,6,4,11,0.0791540825886055,1110,6,0.8884502877862838,0
878,6,4,11,0.6839604071643608,1187,6,0.9431945538974952,0
803,6,4,11,0.214439707822656,1216,6,0.9431945538974952,0
819,6,4,11,0.5765277047726147,1289,6,0.9431945538974952,0
778,6,4,11,0.0123626638932521,1147,6,0.9431945538974952,0
791,6,4,11,0.1706708290704632,1164,6,0.8884502877862838,0
753,6,4,11,0.4332841015836201,1174,6,0.8884502877862838,0
1014,6,4,11,0.5526537709077823,1302,6,0.9431945538974952,0
403,6,4,11,0.3696202779440669,1114,6,0.8884502877862838,0
890,6,4,11,0.8789308670604924,1368,6,0.9431945538974952,0
966,6,4,11,1.0460484041143194,1303,6,0.8884502877862838,0
623,6,4,11,0.0751750936111334,1157,6,0.8884502877862838,0
779,6,4,11,0.3855362338539552,1201,6,0.9431945538974952,0
787,6,4,11,0.2073331237893838,1067,6,0.9431945538974952,0
676,6,4,11,0.5526537709077823,1184,6,0.9431945538974952,0
609,6,4,11,0.0433431817913568,1111,6,0.8884502877862838,0
686,6,4,11,0.6211479774464795,1130,6,0.9431945538974952,0
941,6,4,11,0.3298303881693462,1279,6,0.8884502877862838,0
794,6,4,11,0.8669939001280762,1361,6,0.9431945538974952,0
844,6,4,11,0.2542295975973768,1105,6,0.8884502877862838,0
704,6,4,11,0.2184186968001281,1137,6,0.9431945538974952,0
750,6,4,11,0.1269019503182704,1161,6,0.9431945538974952,0
874,6,4,11,1.1415441395736492,1306,6,0.9431945538974952,0
658,6,4,11,0.2152911017443279,1216,6,0.8884502877862838,0
933,6,4,11,0.1197953662849981,1183,6,0.8884502877862838,0
626,6,4,11,0.111837388330054,1008,6,0.9431945538974952,0
712,6,4,11,0.7285806798382255,1129,6,0.8884502877862838,0
744,6,4,11,0.1308809392957424,1137,6,0.8884502877862838,0
579,6,4,11,0.0481735646905008,1185,6,0.9431945538974952,0
901,6,4,11,0.6600864732995283,1306,6,0.9431945538974952,0
801,6,4,11,0.6919183851193049,1278,6,0.9431945538974952,0
777,6,4,11,0.5327588260204219,1233,6,0.9431945538974952,0
696,6,4,11,0.640191528412168,1255,6,0.8884502877862838,0
686,6,4,11,0.4332841015836201,1270,6,0.9431945538974952,0
789,6,4,11,1.0420694151368477,1301,6,0.9431945538974952,0
705,6,4,11,0.2025027408902398,1213,6,0.8884502877862838,0
682,6,4,11,0.4173681456737318,1305,6,0.9431945538974952,0
825,6,4,11,0.9425946907000456,1298,6,0.9431945538974952,0
719,6,4,11,0.7277292859165536,1347,6,0.8884502877862838,0
699,6,4,11,0.0950700384984938,1147,6,0.8884502877862838,0
929,6,4,11,0.9266787347901572,1315,6,0.8884502877862838,0
971,6,4,11,0.803330076488523,1243,6,0.9431945538974952,0
611,6,4,11,0.0592591377012451,1075,6,0.8884502877862838,0
613,6,4,11,0.056131542645445,1049,6,0.8884502877862838,0
771,6,4,11,0.5486747819303103,1289,6,0.8884502877862838,0
806,6,4,11,0.7635401867138022,1143,6,0.8884502877862838,0
833,6,4,11,0.8868888450154365,1236,6,0.9431945538974952,0
429,6,4,11,0.3616622999891227,1068,6,0.8884502877862838,0
586,6,4,11,0.1507758841831028,1204,6,0.9431945538974952,0
776,6,4,11,0.5654421317618704,1087,6,0.9431945538974952,0
920,6,4,11,0.958510646609934,1307,6,0.8884502877862838,0
869,6,4,11,0.1189439723633262,1221,6,0.9431945538974952,0
905,6,4,11,0.9187207568352131,1274,6,0.8884502877862838,0
432,6,4,11,1.0110888972387428,990,6,0.9431945538974952,0
837,6,4,11,0.2820825204396813,1109,6,0.8884502877862838,0
659,6,4,11,0.2900404983946254,1328,6,0.8884502877862838,0
648,6,4,11,0.6362125394346959,1183,6,0.8884502877862838,0
653,6,4,11,0.004404685938308,1044,6,0.8884502877862838,0
782,6,4,11,0.9784055914972942,1291,6,0.8884502877862838,0
587,6,4,11,0.0513011597463009,1163,6,0.8884502877862838,0
873,6,4,11,0.7714981646687463,1333,6,0.9431945538974952,0
857,6,4,11,0.4889899472682291,1153,6,0.8884502877862838,0
636,6,4,11,0.4054311787413155,1219,6,0.8884502877862838,0
869,6,4,11,0.9505526686549896,1316,6,0.9431945538974952,0
888,6,4,11,0.6680444512544724,1199,6,0.9431945538974952,0
843,6,4,11,0.3028288592487136,1163,6,0.9431945538974952,0
734,6,4,11,0.2422926306649605,1190,6,0.8884502877862838,0
566,6,4,11,0.0154902589490523,1024,6,0.9431945538974952,0
547,6,4,11,0.0362365977580846,1143,6,0.9431945538974952,0
657,6,4,11,0.0163416528707242,1109,6,0.9431945538974952,0
738,6,4,11,0.3616622999891227,1120,6,0.8884502877862838,0
821,6,4,11,0.7794561426236906,1195,6,0.9431945538974952,0
447,6,4,11,0.0592591377012451,1051,6,0.9431945538974952,0
692,6,4,11,0.4332841015836201,1158,6,0.8884502877862838,0
565,6,4,11,0.158733862138047,1184,6,0.9431945538974952,0
907,6,4,11,1.1534811065060655,1367,6,0.8884502877862838,0
981,6,4,11,0.910762778880269,1294,6,0.9431945538974952,0
769,6,4,11,0.0720474985553333,1212,6,0.9431945538974952,0
743,6,4,11,0.1945447629352956,1143,6,0.8884502877862838,0
612,6,4,11,0.1308809392957424,1203,6,0.9431945538974952,0
1019,6,4,11,0.5725487157951427,1148,6,0.9431945538974952,0
732,6,4,11,0.3178934212369299,1220,6,0.8884502877862838,0
767,6,4,11,0.055280148723773,1249,6,0.8884502877862838,0
699,6,4,11,0.1277533442399423,1098,6,0.9431945538974952,0
680,6,4,11,0.2630389694739928,1196,6,0.9431945538974952,0
692,6,4,11,0.0831330715660775,1221,6,0.9431945538974952,0
693,6,4,11,0.5208218590880057,1202,6,0.8884502877862838,0
730,6,4,11,0.6561074843220562,1177,6,0.9431945538974952,0
447,6,4,11,0.2343346527100163,1122,6,0.9431945538974952,0
786,6,4,11,0.699876363074249,1248,6,0.8884502877862838,0
728,6,4,11,0.7595611977363301,1269,6,0.8884502877862838,0
728,6,4,11,0.1348599282732145,1144,6,0.9431945538974952,0
890,6,4,11,0.4929689362457012,1277,6,0.8884502877862838,0
908,6,4,11,0.5327588260204219,1197,6,0.9431945538974952,0
690,6,4,11,0.3346607710684902,1173,6,0.9431945538974952,0
853,6,4,11,0.9187207568352131,1300,6,0.8884502877862838,0
853,6,4,11,0.4372630905610921,1172,6,0.8884502877862838,0
773,6,4,11,0.4531790464709804,1142,6,0.8884502877862838,0
595,6,4,11,0.0393641928138847,1183,6,0.8884502877862838,0
739,6,4,11,0.1666918400929911,1154,6,0.8884502877862838,0
910,6,4,11,0.6799814181868887,1221,6,0.8884502877862838,0
624,6,4,11,0.158733862138047,1221,6,0.9431945538974952,0
730,6,4,11,0.0242996308256684,1123,6,0.9431945538974952,0
681,6,4,11,0.0154902589490523,1180,6,0.9431945538974952,0
927,6,4,11,0.3417673551017623,1294,6,0.9431945538974952,0
824,6,4,11,0.1348599282732145,1165,6,0.8884502877862838,0
686,6,4,11,0.541568197897038,1035,6,0.9431945538974952,0
810,6,4,11,0.0083836749157801,1240,6,0.8884502877862838,0
819,6,4,11,0.055280148723773,1143,6,0.9431945538974952,0
949,6,4,11,0.4850109582907571,1241,6,0.9431945538974952,0
665,6,4,11,0.5486747819303103,1154,6,0.8884502877862838,0
816,6,4,11,0.2462716196424326,1237,6,0.8884502877862838,0
749,6,4,11,0.3258513991918741,1143,6,0.9431945538974952,0
452,6,4,11,0.0314062148589406,1151,6,0.8884502877862838,0
890,6,4,11,0.4253261236286759,1293,6,0.8884502877862838,0
854,6,4,11,0.3298303881693462,1229,6,0.8884502877862838,0
629,6,4,11,0.326702793113546,1099,6,0.9431945538974952,0
527,6,4,11,0.6163175945473355,1275,6,0.8884502877862838,0
606,6,4,11,0.0282786198031404,1155,6,0.8884502877862838,0
699,6,4,11,0.0203206418481963,1061,6,0.9431945538974952,0
754,6,4,11,0.373599266921539,1165,6,0.9431945538974952,0
689,6,4,11,0.266166564529793,1056,6,0.8884502877862838,0
651,6,4,11,0.5049059031781175,1197,6,0.8884502877862838,0
923,6,4,11,0.8272040103533554,1267,6,0.9431945538974952,0
646,6,4,11,0.5765277047726147,1164,6,0.9431945538974952,0
665,6,4,11,0.1914171678794955,1067,6,0.9431945538974952,0
784,6,4,11,0.7874141205786347,1332,6,0.8884502877862838,0
794,6,4,11,0.5208218590880057,1218,6,0.8884502877862838,0
753,6,4,11,0.4173681456737318,1187,6,0.8884502877862838,0
689,6,4,11,0.1507758841831028,1315,6,0.9431945538974952,0
481,6,4,11,0.3903666167530992,1147,6,0.8884502877862838,0
734,6,4,11,0.1945447629352956,1225,6,0.9431945538974952,0
752,6,4,11,0.9306577237676292,1334,6,0.9431945538974952,0
765,6,4,11,0.2064817298677118,1219,6,0.8884502877862838,0
776,6,4,11,0.7794561426236906,1239,6,0.8884502877862838,0
882,6,4,11,0.8232250213758834,1276,6,0.8884502877862838,0
541,6,4,11,0.6012530325591191,1140,6,0.9431945538974952,0
936,6,4,11,0.1985237519127677,1256,6,0.8884502877862838,0
614,6,4,11,0.0481735646905008,1196,6,0.8884502877862838,0
829,6,4,11,0.9147417678577412,1319,6,0.9431945538974952,0
977,6,4,11,0.4332841015836201,1254,6,0.8884502877862838,0
805,6,4,11,0.9067837899027968,1223,6,0.8884502877862838,0
745,6,4,11,0.1865867849803515,1229,6,0.8884502877862838,0
654,6,4,11,0.429305112606148,1309,6,0.9431945538974952,0
609,6,4,11,0.2900404983946254,1249,6,0.8884502877862838,0
489,6,4,11,0.382408638798155,1078,6,0.8884502877862838,0
841,6,4,11,0.1308809392957424,1187,6,0.8884502877862838,0
750,6,4,11,0.4850109582907571,1249,6,0.9431945538974952,0
561,6,4,11,0.2940194873720975,1122,6,0.8884502877862838,0
861,6,4,11,0.1189439723633262,1193,6,0.8884502877862838,0
756,6,4,11,0.1308809392957424,1236,6,0.8884502877862838,0
721,6,4,11,0.807309065465995,1197,6,0.9431945538974952,0
814,6,4,11,0.0194692479265244,1066,6,0.8884502877862838,0
756,6,4,11,0.863014911150604,1162,6,0.8884502877862838,0
913,6,4,11,0.7157923189841373,1271,6,0.9431945538974952,0
539,6,4,11,0.1834591899245513,1082,6,0.9431945538974952,0
682,6,4,11,1.06594334900168,1290,6,0.8884502877862838,0
831,6,4,11,0.3338093771468182,1125,6,0.9431945538974952,0
384,6,4,11,0.5176942640322055,1034,6,0.9431945538974952,0
947,6,4,11,0.7118133300066652,1260,6,0.8884502877862838,0
715,6,4,11,0.7356872638714977,1252,6,0.9431945538974952,0
553,6,4,11,0.3457463440792345,1142,6,0.9431945538974952,0
801,6,4,11,0.1269019503182704,1205,6,0.8884502877862838,0
678,6,4,11,0.3457463440792345,1398,6,0.9431945538974952,0
794,6,4,11,0.5844856827275589,1334,6,0.8884502877862838,0
865,6,4,11,0.4770529803358129,1185,6,0.8884502877862838,0
785,6,4,11,0.055280148723773,1200,6,0.8884502877862838,0
890,6,4,11,0.1158163773075261,1239,6,0.8884502877862838,0
736,6,4,11,0.1755012119696072,1104,6,0.8884502877862838,0
732,6,4,11,0.3338093771468182,1205,6,0.8884502877862838,0
1013,6,4,11,0.863014911150604,1339,6,0.9431945538974952,0
759,6,4,11,0.8431199662632437,1271,6,0.9431945538974952,0
718,6,4,11,0.1269019503182704,1095,6,0.8884502877862838,0
823,6,4,11,0.6282545614797517,1276,6,0.9431945538974952,0
656,6,4,11,0.060110531622917,1098,6,0.9431945538974952,0
713,6,4,11,0.2550809915190487,1101,6,0.8884502877862838,0
728,6,4,11,0.6282545614797517,1319,6,0.9431945538974952,0
591,6,4,11,0.2033541348119117,1064,6,0.9431945538974952,0
722,6,4,11,0.6043806276149193,1265,6,0.9431945538974952,0
758,6,4,11,0.162712851115519,1199,6,0.9431945538974952,0
642,6,4,11,0.2391650356091604,1124,6,0.8884502877862838,0
874,6,4,11,0.4014521897638435,1231,6,0.8884502877862838,0
742,6,4,11,0.3457463440792345,1231,6,0.9431945538974952,0
584,6,4,11,0.2383136416874884,1136,6,0.9431945538974952,0
802,6,4,11,0.5128638811330616,1208,6,0.9431945538974952,0
684,6,4,11,0.1794802009470793,1141,6,0.9431945538974952,0
879,6,4,11,0.1905657739578236,1216,6,0.8884502877862838,0
649,6,4,11,0.1317323332174144,1194,6,0.9431945538974952,0
887,6,4,11,1.5633169711856891,1362,6,0.8884502877862838,0
941,6,4,11,1.2131659411681466,1389,6,0.9431945538974952,0
732,6,4,11,0.3656412889665948,1172,6,0.8884502877862838,0
595,6,4,11,0.4133891566962597,1258,6,0.8884502877862838,0
607,6,4,11,0.6362125394346959,1204,6,0.9431945538974952,0
766,6,4,11,0.4611370244259246,1197,6,0.8884502877862838,0
677,6,4,11,0.0322576087806125,1204,6,0.9431945538974952,0
654,6,4,11,0.2073331237893838,1182,6,0.8884502877862838,0
987,6,4,11,1.081859304911568,1308,6,0.9431945538974952,0
599,6,4,11,0.4977993191448452,1023,6,0.8884502877862838,0
601,6,4,11,0.4611370244259246,1119,6,0.8884502877862838,0
1073,6,4,11,0.7794561426236906,1356,6,0.8884502877862838,0
759,6,4,11,0.274975936406409,996,6,0.9431945538974952,0
621,6,4,11,0.5765277047726147,1267,6,0.8884502877862838,0
467,6,4,11,0.0959214324201657,1099,6,0.8884502877862838,0
919,6,4,11,0.6640654622770004,1240,6,0.8884502877862838,0
787,6,4,11,0.7953720985335788,1228,6,0.8884502877862838,0
495,6,4,11,0.0322576087806125,1175,6,0.8884502877862838,0
684,6,4,11,0.1467968952056307,1224,6,0.9431945538974952,0
680,6,4,11,0.0481735646905008,1128,6,0.9431945538974952,0
662,6,4,11,0.0950700384984938,1100,6,0.8884502877862838,0
857,6,4,11,0.1030280164534379,1109,6,0.9431945538974952,0
875,6,4,11,0.3338093771468182,1025,6,0.8884502877862838,0
769,6,4,11,0.4889899472682291,1247,6,0.9431945538974952,0
492,6,4,11,0.0362365977580846,1167,6,0.9431945538974952,0
965,6,4,11,0.7993510875110509,1159,6,0.8884502877862838,0
896,6,4,11,0.3338093771468182,1240,6,0.8884502877862838,0
597,6,4,11,0.0123626638932521,1276,6,0.8884502877862838,0
810,6,4,11,0.4173681456737318,1163,6,0.9431945538974952,0
881,6,4,11,0.270145553507265,1225,6,0.8884502877862838,0
774,6,4,11,0.7277292859165536,1248,6,0.9431945538974952,0
973,6,4,11,0.8192460323984113,1308,6,0.9431945538974952,0
644,6,4,11,0.1826077960028794,1195,6,0.8884502877862838,0
719,6,4,11,0.3815572448764831,1264,6,0.8884502877862838,0
653,6,4,11,0.0362365977580846,1139,6,0.8884502877862838,0
834,6,4,11,0.270145553507265,1206,6,0.9431945538974952,0
822,6,4,11,0.3059564543045137,1163,6,0.9431945538974952,0
798,6,4,11,0.5685697268176706,1218,6,0.9431945538974952,0
645,6,4,11,0.1556062670822468,1198,6,0.8884502877862838,0
761,6,4,11,0.1666918400929911,1222,6,0.8884502877862838,0
543,6,4,11,0.0632381266787172,1147,6,0.8884502877862838,0
816,6,4,11,0.1467968952056307,1159,6,0.9431945538974952,0
773,6,4,11,0.2860615094171533,1287,6,0.8884502877862838,0
771,6,4,11,0.3465977380009064,1204,6,0.8884502877862838,0
840,6,4,11,0.429305112606148,1343,6,0.8884502877862838,0
667,6,4,11,0.1229229613407983,1158,6,0.8884502877862838,0
815,6,4,11,0.3537043220341786,1122,6,0.8884502877862838,0
593,6,4,11,0.5168428701105336,1263,6,0.8884502877862838,0
650,6,4,11,0.2113121127668558,1136,6,0.9431945538974952,0
712,6,4,11,0.10700700543091,1099,6,0.8884502877862838,0
827,6,4,11,0.5964226496599752,1261,6,0.8884502877862838,0
629,6,4,11,0.1746498180479352,1209,6,0.9431945538974952,0
777,6,4,11,0.4452210685160363,1162,6,0.8884502877862838,0
301,6,4,11,0.4580094293701244,1064,6,0.9431945538974952,0
829,6,4,11,0.4929689362457012,1190,6,0.9431945538974952,0
706,6,4,11,0.7635401867138022,1207,6,0.9431945538974952,0
924,6,4,11,0.5964226496599752,1246,6,0.9431945538974952,0
792,6,4,11,0.8112880544434671,1222,6,0.8884502877862838,0
741,6,4,11,0.1834591899245513,1202,6,0.8884502877862838,0
944,6,4,11,0.1348599282732145,1235,6,0.8884502877862838,0
792,6,4,11,0.2860615094171533,1312,6,0.9431945538974952,0
734,6,4,11,0.162712851115519,1158,6,0.8884502877862838,0
833,6,4,11,0.7675191756912743,1268,6,0.8884502877862838,0
850,6,4,11,0.9067837899027968,1279,6,0.9431945538974952,0
570,6,4,11,0.0115112699715802,1294,6,0.9431945538974952,0
989,6,4,11,0.4770529803358129,1320,6,0.8884502877862838,0
708,6,4,11,0.5009269142006454,1225,6,0.9431945538974952,0
799,6,4,11,0.3974732007863714,1152,6,0.8884502877862838,0
918,6,4,11,0.2223976857776001,1194,6,0.8884502877862838,0
1223,2,1,5,0.0950700384984938,1839,6,0.8884502877862838,1
1073,6,1,5,0.3147658261811298,1300,6,0.8884502877862838,1
899,2,1,5,0.4460724624377082,1246,6,0.9431945538974952,1
982,6,1,5,0.4301565065278199,1195,6,0.9431945538974952,1
672,2,1,5,0.4142405506179316,1376,6,0.8884502877862838,1
1244,6,1,5,0.0004256969608359,1666,6,0.9431945538974952,1
971,6,1,5,0.1826077960028794,1359,6,0.9431945538974952,1
1030,2,1,5,0.0481735646905008,1365,6,0.9431945538974952,1
1253,5,1,5,0.0592591377012451,1595,6,0.8884502877862838,1
1154,2,1,5,0.1945447629352956,1595,6,0.9431945538974952,1
1366,6,1,5,0.004404685938308,1636,6,0.9431945538974952,1
1021,2,1,5,0.0672171156561892,1608,6,0.8884502877862838,1
1082,2,1,5,0.2471230135641045,1256,6,0.9431945538974952,1
998,5,1,5,0.1357113221948865,1399,6,0.8884502877862838,1
1118,5,1,5,0.2232490796992721,1530,6,0.8884502877862838,1
1102,2,1,5,0.2192700907218,1339,6,0.8884502877862838,1
1232,5,1,5,0.2184186968001281,1457,6,0.8884502877862838,1
1213,2,1,5,0.1715222229921351,1479,6,0.8884502877862838,1
1080,5,1,5,0.0640895206003891,1556,6,0.8884502877862838,1
1142,5,1,5,0.060110531622917,1378,6,0.8884502877862838,1
1027,6,1,5,0.0353852038364127,1549,6,0.8884502877862838,1
978,6,1,5,0.2184186968001281,1355,6,0.8884502877862838,1
966,2,1,5,0.1834591899245513,1592,6,0.8884502877862838,1
969,6,1,5,0.1715222229921351,1394,6,0.8884502877862838,1
861,2,1,5,0.3744506608432109,1140,6,0.8884502877862838,1
976,5,1,5,0.0800054765102774,1566,6,0.8884502877862838,1
1070,5,1,5,0.0075322809941081,1263,6,0.8884502877862838,1
1156,6,1,5,0.0035532920166361,1573,6,0.9431945538974952,1
959,6,1,5,0.1666918400929911,1448,6,0.9431945538974952,1
1022,6,1,5,0.060110531622917,1455,6,0.9431945538974952,1
1008,2,1,5,0.1834591899245513,1334,6,0.9431945538974952,1
1169,2,1,5,0.1189439723633262,1575,6,0.8884502877862838,1
1238,6,1,5,0.2064817298677118,1547,6,0.8884502877862838,1
830,5,1,5,0.2829339143613532,1355,6,0.8884502877862838,1
1179,5,1,5,0.3576833110116507,1598,6,0.8884502877862838,1
1091,2,1,5,0.1556062670822468,1351,6,0.8884502877862838,1
885,5,1,5,0.3107868372036577,1386,6,0.9431945538974952,1
738,6,1,5,0.3704716718657388,1332,6,0.9431945538974952,1
1066,6,1,5,0.1269019503182704,1560,6,0.9431945538974952,1
837,6,1,5,0.9514040625766615,1303,6,0.8884502877862838,1
1222,5,1,5,0.3656412889665948,1677,6,0.8884502877862838,1
1185,2,1,5,0.2511020025415766,1298,6,0.8884502877862838,1
928,6,1,5,0.0720474985553333,1374,6,0.9431945538974952,1
1285,2,1,5,0.2511020025415766,1320,6,0.9431945538974952,1
858,2,1,5,0.1556062670822468,1317,6,0.8884502877862838,1
926,5,1,5,0.0322576087806125,1454,6,0.8884502877862838,1
913,5,1,5,0.0831330715660775,1484,6,0.9431945538974952,1
1353,5,1,5,0.2025027408902398,1775,6,0.8884502877862838,1
1276,5,1,5,0.1158163773075261,1579,6,0.8884502877862838,1
1069,2,1,5,0.1038794103751098,1496,6,0.8884502877862838,1
1152,2,1,5,0.0513011597463009,1650,6,0.8884502877862838,1
952,5,1,5,0.1786288070254073,1482,6,0.8884502877862838,1
1092,5,1,5,0.2511020025415766,1388,6,0.8884502877862838,1
1034,2,1,5,0.163564245037191,1436,6,0.9431945538974952,1
1216,5,1,5,0.4929689362457012,1644,6,0.8884502877862838,1
1016,6,1,5,0.0711961046336613,1455,6,0.8884502877862838,1
1449,5,1,5,0.536737814997894,1550,6,0.8884502877862838,1
1103,6,1,5,0.3298303881693462,1788,6,0.9431945538974952,1
962,5,1,5,0.2223976857776001,1596,6,0.8884502877862838,1
1185,6,1,5,0.373599266921539,1590,6,0.9431945538974952,1
894,5,1,5,0.434135495505292,1442,6,0.8884502877862838,1
998,5,1,5,0.1715222229921351,1230,6,0.8884502877862838,1
839,5,1,5,0.1348599282732145,1576,6,0.9431945538974952,1
1162,5,1,5,0.2869129033388253,1474,6,0.8884502877862838,1
1024,2,1,5,0.4221985285728758,1370,6,0.9431945538974952,1
1073,6,1,5,0.1945447629352956,1391,6,0.8884502877862838,1
1200,2,1,5,0.162712851115519,1700,6,0.8884502877862838,1
1180,2,1,5,0.540716803975366,1552,6,0.8884502877862838,1
1021,5,1,5,0.3068078482261857,1412,6,0.9431945538974952,1
984,5,1,5,0.0035532920166361,1454,6,0.9431945538974952,1
1062,6,1,5,0.434135495505292,1253,6,0.8884502877862838,1
1113,6,1,5,0.0839844654877495,1438,6,0.8884502877862838,1
1300,5,1,5,0.4412420795385642,1658,6,0.9431945538974952,1
1079,6,1,5,0.0680685095778612,1473,6,0.8884502877862838,1
1152,6,1,5,0.0473221707688289,1376,6,0.8884502877862838,1
1167,6,1,5,0.1436693001498306,1356,6,0.9431945538974952,1
947,2,1,5,0.111837388330054,1156,6,0.8884502877862838,1
1071,5,1,5,0.1755012119696072,1400,6,0.8884502877862838,1
1035,6,1,5,0.1746498180479352,1417,6,0.9431945538974952,1
1246,2,1,5,0.640191528412168,1924,6,0.9431945538974952,1
1124,6,1,5,0.4054311787413155,1650,6,0.8884502877862838,1
1019,5,1,5,0.1794802009470793,1380,6,0.9431945538974952,1
912,5,1,5,0.3545557159558505,1216,6,0.9431945538974952,1
1131,2,1,5,0.0473221707688289,1415,6,0.9431945538974952,1
1079,5,1,5,0.0433431817913568,1643,6,0.9431945538974952,1
1175,6,1,5,0.5654421317618704,1268,6,0.9431945538974952,1
1173,6,1,5,0.0402155867355567,1526,6,0.8884502877862838,1
1059,2,1,5,0.163564245037191,1415,6,0.9431945538974952,1
1108,5,1,5,0.1030280164534379,1511,6,0.8884502877862838,1
1292,2,1,5,0.2582085865748488,1667,6,0.8884502877862838,1
939,6,1,5,0.1755012119696072,1487,6,0.9431945538974952,1
1233,5,1,5,0.0441945757130287,1404,6,0.8884502877862838,1
1047,5,1,5,0.0242996308256684,1509,6,0.8884502877862838,1
1134,6,1,5,0.2064817298677118,1507,6,0.8884502877862838,1
1384,2,1,5,0.270145553507265,1287,6,0.8884502877862838,1
1281,5,1,5,0.0362365977580846,1495,6,0.9431945538974952,1
1016,2,1,5,0.4412420795385642,1620,6,0.8884502877862838,1
994,2,1,5,0.3227238041360739,1373,6,0.9431945538974952,1
1078,2,1,5,0.64417051738964,1818,6,0.8884502877862838,1
949,5,1,5,0.1396903111723585,1257,6,0.9431945538974952,1
917,5,1,5,0.0393641928138847,1408,6,0.8884502877862838,1
1060,5,1,5,0.1547548731605749,1694,6,0.8884502877862838,1
1171,2,1,5,0.4372630905610921,1699,6,0.8884502877862838,1
1068,6,1,5,0.382408638798155,1369,6,0.9431945538974952,1
1052,5,1,5,0.2391650356091604,1280,6,0.8884502877862838,1
1332,2,1,5,0.0910910495210217,1757,6,0.8884502877862838,1
1121,6,1,5,0.0194692479265244,1608,6,0.9431945538974952,1
1190,6,1,5,0.0513011597463009,1389,6,0.8884502877862838,1
1134,2,1,5,0.2184186968001281,1436,6,0.8884502877862838,1
982,6,1,5,0.0680685095778612,1534,6,0.9431945538974952,1
1115,6,1,5,0.0831330715660775,1615,6,0.8884502877862838,1
880,5,1,5,0.1277533442399423,1615,6,0.8884502877862838,1
1301,2,1,5,0.1826077960028794,1576,6,0.9431945538974952,1
1041,6,1,5,0.0919424434426936,1224,6,0.8884502877862838,1
1216,5,1,5,0.266166564529793,1763,6,0.9431945538974952,1
1113,5,1,5,0.3346607710684902,1494,6,0.8884502877862838,1
1037,6,1,5,0.2064817298677118,1419,6,0.9431945538974952,1
1150,6,1,5,0.1746498180479352,1398,6,0.9431945538974952,1
967,2,1,5,0.0521525536679729,1507,6,0.8884502877862838,1
1106,2,1,5,0.2781035314622092,1466,6,0.9431945538974952,1
1014,5,1,5,0.4420934734602362,1316,6,0.9431945538974952,1
885,2,1,5,0.3943456057305713,1283,6,0.9431945538974952,1
795,6,1,5,0.6171689884690075,1305,6,0.8884502877862838,1
1052,2,1,5,0.1794802009470793,1280,6,0.8884502877862838,1
950,5,1,5,0.3505767269783785,1097,6,0.8884502877862838,1
1000,2,1,5,0.0959214324201657,1509,6,0.9431945538974952,1
859,2,1,5,0.0393641928138847,1250,6,0.9431945538974952,1
1053,5,1,5,0.2511020025415766,1387,6,0.9431945538974952,1
918,2,1,5,0.0123626638932521,1512,6,0.9431945538974952,1
957,6,1,5,0.2829339143613532,1456,6,0.8884502877862838,1
1202,6,1,5,0.4929689362457012,1496,6,0.9431945538974952,1
829,6,1,5,0.4221985285728758,1330,6,0.9431945538974952,1
1135,2,1,5,0.0433431817913568,1472,6,0.9431945538974952,1
997,2,1,5,0.3664926828882667,1310,6,0.9431945538974952,1
1029,6,1,5,0.1595852560597189,1472,6,0.8884502877862838,1
999,2,1,5,0.1197953662849981,1217,6,0.9431945538974952,1
1160,2,1,5,0.2502506086199046,1608,6,0.8884502877862838,1
1127,2,1,5,0.0194692479265244,1664,6,0.9431945538974952,1
958,2,1,5,0.158733862138047,1486,6,0.9431945538974952,1
1191,5,1,5,0.3346607710684902,1460,6,0.8884502877862838,1
1252,2,1,5,0.1507758841831028,1517,6,0.9431945538974952,1
1133,2,1,5,0.1993751458344396,1284,6,0.8884502877862838,1
971,5,1,5,0.5495261758519822,1347,6,0.8884502877862838,1
1092,5,1,5,0.167543234014663,1310,6,0.8884502877862838,1
1278,2,1,5,0.3019774653270416,1761,6,0.8884502877862838,1
972,2,1,5,0.0163416528707242,1668,6,0.8884502877862838,1
1295,6,1,5,0.1189439723633262,1733,6,0.9431945538974952,1
1071,5,1,5,0.0871120605435496,1507,6,0.8884502877862838,1
1044,5,1,5,0.3028288592487136,1603,6,0.9431945538974952,1
924,6,1,5,0.0521525536679729,1162,6,0.9431945538974952,1
1162,6,1,5,0.2630389694739928,1412,6,0.9431945538974952,1
989,2,1,5,0.2232490796992721,1364,6,0.9431945538974952,1
1037,5,1,5,0.9593620405316058,1070,6,0.9431945538974952,1
1225,6,1,5,0.0004256969608359,1334,6,0.8884502877862838,1
1092,6,1,5,0.1030280164534379,1409,6,0.9431945538974952,1
1256,6,1,5,0.1109859944083821,1556,6,0.8884502877862838,1
989,5,1,5,0.1945447629352956,1533,6,0.8884502877862838,1
1070,2,1,5,0.0473221707688289,1294,6,0.8884502877862838,1
910,2,1,5,0.0800054765102774,1402,6,0.9431945538974952,1
983,6,1,5,0.5336102199420939,1412,6,0.9431945538974952,1
793,2,1,5,0.3585347049333226,1125,6,0.8884502877862838,1
1026,6,1,5,0.060110531622917,1323,6,0.8884502877862838,1
994,2,1,5,0.3863876277756271,1235,6,0.9431945538974952,1
1163,5,1,5,0.5924436606825031,1876,6,0.8884502877862838,1
892,6,1,5,0.3107868372036577,1198,6,0.9431945538974952,1
1273,2,1,5,0.1715222229921351,1330,6,0.9431945538974952,1
1250,2,1,5,0.1666918400929911,1647,6,0.8884502877862838,1
1035,6,1,5,0.2025027408902398,1461,6,0.9431945538974952,1
831,2,1,5,0.1874381789020234,1316,6,0.8884502877862838,1
954,2,1,5,0.1993751458344396,1361,6,0.8884502877862838,1
1125,5,1,5,0.1794802009470793,1518,6,0.8884502877862838,1
1025,6,1,5,0.5734001097168147,1196,6,0.8884502877862838,1
1166,6,1,5,0.0632381266787172,1645,6,0.9431945538974952,1
1214,2,1,5,0.163564245037191,1290,6,0.8884502877862838,1
1264,5,1,5,0.3576833110116507,1620,6,0.9431945538974952,1
997,5,1,5,0.2303556637325443,1458,6,0.9431945538974952,1
1045,6,1,5,0.0234482369039964,1520,6,0.9431945538974952,1
1254,2,1,5,0.1507758841831028,1552,6,0.8884502877862838,1
984,2,1,5,0.0154902589490523,1531,6,0.8884502877862838,1
982,2,1,5,0.2113121127668558,1529,6,0.8884502877862838,1
1044,5,1,5,0.1038794103751098,1467,6,0.9431945538974952,1
1238,5,1,5,0.10700700543091,1591,6,0.9431945538974952,1
966,5,1,5,0.4062825726629875,1440,6,0.9431945538974952,1
855,5,1,5,0.0720474985553333,1548,6,0.9431945538974952,1
1184,6,1,5,0.0672171156561892,1579,6,0.8884502877862838,1
931,2,1,5,0.1317323332174144,1344,6,0.9431945538974952,1
1088,6,1,5,0.1556062670822468,1358,6,0.9431945538974952,1
813,2,1,5,0.111837388330054,1618,6,0.8884502877862838,1
1319,5,1,5,0.1308809392957424,1500,6,0.8884502877862838,1
1199,2,1,5,0.0203206418481963,1550,6,0.9431945538974952,1
930,2,1,5,0.2113121127668558,1395,6,0.8884502877862838,1
921,2,1,5,0.0879634544652216,1347,6,0.8884502877862838,1
978,5,1,5,0.1953961568569676,1082,6,0.8884502877862838,1
1286,6,1,5,0.0680685095778612,1485,6,0.8884502877862838,1
989,6,1,5,0.1874381789020234,1534,6,0.9431945538974952,1
1116,5,1,5,0.2073331237893838,1227,6,0.8884502877862838,1
959,6,1,5,0.2312070576542162,1607,6,0.9431945538974952,1
1270,6,1,5,0.1826077960028794,1464,6,0.8884502877862838,1
1301,5,1,5,0.0513011597463009,1475,6,0.9431945538974952,1
1055,2,1,5,0.2462716196424326,1553,6,0.9431945538974952,1
858,5,1,5,0.111837388330054,1459,6,0.8884502877862838,1
1073,2,1,5,0.0959214324201657,1302,6,0.9431945538974952,1
913,2,1,5,0.270996947428937,1421,6,0.8884502877862838,1
1147,2,1,5,0.0353852038364127,1658,6,0.9431945538974952,1
947,2,1,5,0.0800054765102774,1448,6,0.8884502877862838,1
1019,5,1,5,0.4699463963025407,1304,6,0.8884502877862838,1
1080,2,1,5,0.163564245037191,1590,6,0.8884502877862838,1
1243,2,1,5,0.0115112699715802,1579,6,0.9431945538974952,1
815,2,1,5,0.3107868372036577,1314,6,0.8884502877862838,1
1291,5,1,5,0.0004256969608359,1518,6,0.9431945538974952,1
1133,6,1,5,0.2621875755523209,1755,6,0.8884502877862838,1
1011,5,1,5,0.2908918923162973,1145,6,0.9431945538974952,1
1115,6,1,5,0.7086857349508652,1037,6,0.8884502877862838,1
1048,2,1,5,0.1237743552624702,1337,6,0.8884502877862838,1
1063,2,1,5,0.0950700384984938,1510,6,0.9431945538974952,1
1119,6,1,5,0.2542295975973768,1660,6,0.8884502877862838,1
1005,2,1,5,0.1516272781047747,1342,6,0.8884502877862838,1
1069,6,1,5,0.0115112699715802,1536,6,0.9431945538974952,1
888,5,1,5,0.3147658261811298,1316,6,0.8884502877862838,1
1176,2,1,5,0.3457463440792345,1659,6,0.9431945538974952,1
1234,2,1,5,0.0711961046336613,1408,6,0.8884502877862838,1
960,2,1,5,0.1953961568569676,1340,6,0.9431945538974952,1
920,2,1,5,0.2192700907218,1240,6,0.8884502877862838,1
1134,6,1,5,0.3019774653270416,1670,6,0.8884502877862838,1
1100,2,1,5,0.0919424434426936,1559,6,0.9431945538974952,1
870,6,1,5,0.0800054765102774,1497,6,0.8884502877862838,1
999,5,1,5,0.0004256969608359,1428,6,0.8884502877862838,1
879,5,1,5,0.3545557159558505,1208,6,0.8884502877862838,1
1067,2,1,5,0.1237743552624702,1345,6,0.9431945538974952,1
1099,2,1,5,0.4977993191448452,1363,6,0.8884502877862838,1
753,6,1,5,0.060110531622917,1472,6,0.9431945538974952,1
1192,2,1,5,0.4619884183475966,1571,6,0.8884502877862838,1
1093,5,1,5,0.3306817820910181,1555,6,0.9431945538974952,1
798,2,1,5,0.4659674073250686,1260,6,0.8884502877862838,1
1242,5,1,5,0.2263766747550722,1305,6,0.8884502877862838,1
1083,6,1,5,0.2422926306649605,1406,6,0.9431945538974952,1
1075,2,1,5,0.3187448151586018,1585,6,0.8884502877862838,1
1371,2,1,5,0.4452210685160363,1660,6,0.9431945538974952,1
813,2,1,5,0.1476482891273027,1447,6,0.8884502877862838,1
1089,2,1,5,0.2073331237893838,1627,6,0.8884502877862838,1
1076,5,1,5,0.0839844654877495,1301,6,0.8884502877862838,1
1096,2,1,5,0.1428179062281586,1283,6,0.8884502877862838,1
949,2,1,5,0.1396903111723585,1430,6,0.8884502877862838,1
836,6,1,5,0.1556062670822468,1322,6,0.8884502877862838,1
1145,5,1,5,0.4929689362457012,1691,6,0.8884502877862838,1
1012,5,1,5,0.1905657739578236,1837,6,0.8884502877862838,1
879,5,1,5,0.4142405506179316,1345,6,0.8884502877862838,1
1103,5,1,5,0.0314062148589406,1399,6,0.9431945538974952,1
1241,6,1,5,0.1865867849803515,1528,6,0.8884502877862838,1
1002,2,1,5,0.5216732530096777,1436,6,0.9431945538974952,1
1181,2,1,5,0.0075322809941081,1483,6,0.9431945538974952,1
1201,6,1,5,0.3178934212369299,1768,6,0.8884502877862838,1
923,5,1,5,0.2869129033388253,1215,6,0.8884502877862838,1
1250,2,1,5,0.4810319693132849,1514,6,0.8884502877862838,1
1308,2,1,5,0.0115112699715802,1587,6,0.9431945538974952,1
1043,2,1,5,0.5734001097168147,1130,6,0.8884502877862838,1
1002,2,1,5,0.158733862138047,1609,6,0.8884502877862838,1
1293,2,1,5,0.2979984763495695,1517,6,0.8884502877862838,1
1049,2,1,5,0.0123626638932521,1506,6,0.9431945538974952,1
1188,5,1,5,0.1905657739578236,1581,6,0.8884502877862838,1
1212,2,1,5,0.3664926828882667,1318,6,0.8884502877862838,1
1027,6,1,5,0.4420934734602362,1268,6,0.9431945538974952,1
1115,6,1,5,0.0871120605435496,1760,6,0.9431945538974952,1
994,6,1,5,0.2630389694739928,1446,6,0.8884502877862838,1
814,6,1,5,0.752454613703058,999,6,0.9431945538974952,1
895,6,1,5,0.1993751458344396,1625,6,0.8884502877862838,1
872,5,1,5,0.0959214324201657,1275,6,0.8884502877862838,1
1055,5,1,5,0.2582085865748488,1441,6,0.9431945538974952,1
1316,2,1,5,0.1953961568569676,1368,6,0.8884502877862838,1
1097,6,1,5,0.0083836749157801,1482,6,0.8884502877862838,1
1095,5,1,5,0.3426187490234343,1369,6,0.9431945538974952,1
1155,6,1,5,0.4253261236286759,1816,6,0.9431945538974952,1
962,2,1,5,0.1666918400929911,1556,6,0.9431945538974952,1
1076,2,1,5,0.0473221707688289,1403,6,0.9431945538974952,1
1001,6,1,5,0.0362365977580846,1640,6,0.9431945538974952,1
999,2,1,5,0.0353852038364127,1417,6,0.8884502877862838,1
890,5,1,5,0.2113121127668558,1404,6,0.9431945538974952,1
909,5,1,5,0.3426187490234343,1235,6,0.9431945538974952,1
974,6,1,5,0.0115112699715802,1387,6,0.8884502877862838,1
1067,6,1,5,0.2869129033388253,1542,6,0.8884502877862838,1
879,5,1,5,0.3227238041360739,1079,6,0.9431945538974952,1
625,2,1,5,0.7882655145003066,1011,6,0.9431945538974952,1
598,5,1,5,1.027004853148631,839,6,0.9431945538974952,1
1123,6,1,5,0.3346607710684902,1405,6,0.9431945538974952,1
1104,2,1,5,0.4142405506179316,1218,6,0.9431945538974952,1
1024,6,1,5,0.0919424434426936,1500,6,0.9431945538974952,1
867,6,1,5,0.004404685938308,1410,6,0.8884502877862838,1
1181,6,1,5,0.3934942118088994,1578,6,0.9431945538974952,1
1046,2,1,5,0.1507758841831028,1470,6,0.8884502877862838,1
1139,6,1,5,0.3983245947080434,1258,6,0.8884502877862838,1
1157,2,1,5,0.162712851115519,1445,6,0.9431945538974952,1
1220,5,1,5,0.1834591899245513,1297,6,0.8884502877862838,1
1116,5,1,5,0.1308809392957424,1471,6,0.8884502877862838,1
1232,5,1,5,0.111837388330054,1467,6,0.9431945538974952,1
894,6,1,5,0.4182195395954037,1283,6,0.8884502877862838,1
1058,6,1,5,0.5287798370429498,1657,6,0.9431945538974952,1
829,5,1,5,0.5455471868745101,1084,6,0.8884502877862838,1
996,2,1,5,0.1516272781047747,1398,6,0.9431945538974952,1
1022,5,1,5,0.2073331237893838,1208,6,0.8884502877862838,1
1071,6,1,5,0.1914171678794955,1280,6,0.9431945538974952,1
974,2,1,5,0.2471230135641045,1344,6,0.9431945538974952,1
808,2,1,5,0.5734001097168147,1183,6,0.9431945538974952,1
1025,2,1,5,0.0234482369039964,1338,6,0.8884502877862838,1
955,6,1,5,0.2908918923162973,1484,6,0.8884502877862838,1
1267,6,1,5,0.10700700543091,1757,6,0.9431945538974952,1
1236,2,1,5,0.0083836749157801,1496,6,0.9431945538974952,1
1218,2,1,5,0.0473221707688289,1713,6,0.8884502877862838,1
1066,6,1,5,0.2431440245866324,1177,6,0.9431945538974952,1
1183,6,1,5,0.3147658261811298,1313,6,0.8884502877862838,1
803,2,1,5,0.6092110105140632,1113,6,0.9431945538974952,1
994,5,1,5,0.4420934734602362,1320,6,0.8884502877862838,1
935,2,1,5,0.3457463440792345,1656,6,0.9431945538974952,1
1200,5,1,5,0.0123626638932521,1695,6,0.8884502877862838,1
1212,5,1,5,0.0154902589490523,1619,6,0.8884502877862838,1
1049,5,1,5,0.2502506086199046,1532,6,0.8884502877862838,1
1274,5,1,5,0.2073331237893838,1494,6,0.8884502877862838,1
1038,2,1,5,0.274975936406409,1441,6,0.8884502877862838,1
1221,2,1,5,0.0711961046336613,1370,6,0.9431945538974952,1
1022,6,1,5,0.1078583993525819,1468,6,0.9431945538974952,1
976,2,1,5,0.4938203301673731,1320,6,0.9431945538974952,1
1198,6,1,5,0.0362365977580846,1430,6,0.9431945538974952,1
943,6,1,5,0.1158163773075261,1422,6,0.9431945538974952,1
1202,5,1,5,0.429305112606148,1710,6,0.8884502877862838,1
1167,5,1,5,0.2542295975973768,1504,6,0.9431945538974952,1
750,6,1,5,0.2272280686767442,1440,6,0.9431945538974952,1
1069,5,1,5,0.1865867849803515,1452,6,0.9431945538974952,1
784,2,1,5,0.3744506608432109,1414,6,0.9431945538974952,1
1141,6,1,5,0.2502506086199046,1592,6,0.9431945538974952,1
947,5,1,5,0.3983245947080434,1275,6,0.8884502877862838,1
1080,2,1,5,0.1237743552624702,1702,6,0.8884502877862838,1
936,2,1,5,0.2630389694739928,1393,6,0.9431945538974952,1
1291,2,1,5,0.3505767269783785,1449,6,0.8884502877862838,1
1131,6,1,5,0.0282786198031404,1450,6,0.9431945538974952,1
1022,6,1,5,0.3545557159558505,1252,6,0.9431945538974952,1
838,5,1,5,0.0760264875328053,1186,6,0.9431945538974952,1
1162,2,1,5,0.0441945757130287,1428,6,0.9431945538974952,1
930,6,1,5,0.0194692479265244,1381,6,0.8884502877862838,1
1022,5,1,5,0.0879634544652216,1376,6,0.9431945538974952,1
954,5,1,5,0.4977993191448452,1395,6,0.8884502877862838,1
1359,6,1,5,0.1269019503182704,1368,6,0.8884502877862838,1
1031,5,1,5,0.2391650356091604,1409,6,0.8884502877862838,1
1055,6,1,5,0.0751750936111334,1465,6,0.8884502877862838,1
1180,2,1,5,0.1794802009470793,1534,6,0.8884502877862838,1
1187,5,1,5,0.1874381789020234,1501,6,0.9431945538974952,1
1249,5,1,5,0.7874141205786347,1858,6,0.8884502877862838,1
1205,2,1,5,0.1865867849803515,1578,6,0.8884502877862838,1
1154,6,1,5,0.4779043742574848,1249,6,0.8884502877862838,1
1022,2,1,5,0.2471230135641045,1307,6,0.8884502877862838,1
823,5,1,5,0.1317323332174144,1280,6,0.9431945538974952,1
1123,2,1,5,0.1666918400929911,1553,6,0.9431945538974952,1
782,2,1,5,0.3585347049333226,1102,6,0.9431945538974952,1
1106,5,1,5,0.0322576087806125,1572,6,0.8884502877862838,1
832,5,1,5,0.1197953662849981,1434,6,0.8884502877862838,1
1648,5,1,11,0.10700700543091,3420,6,0.8884502877862838,1
1476,2,1,11,0.0521525536679729,3441,4,0.8884502877862838,1
1392,2,1,11,0.2351860466316883,3044,6,0.9431945538974952,1
1570,2,1,11,0.0521525536679729,3451,6,0.8884502877862838,1
1540,5,1,11,0.1715222229921351,3398,4,0.8884502877862838,1
1232,5,1,11,0.1834591899245513,2908,6,0.9431945538974952,1
1353,2,1,11,0.3147658261811298,2798,6,0.9431945538974952,1
1695,2,1,11,0.2431440245866324,2822,6,0.9431945538974952,1
1413,2,1,11,0.0521525536679729,2879,4,0.9431945538974952,1
1799,2,1,11,0.2829339143613532,3528,6,0.9431945538974952,1
1620,2,1,11,0.3426187490234343,3120,4,0.8884502877862838,1
1226,5,1,11,0.2670179584514649,3019,4,0.9431945538974952,1
1562,2,1,11,0.0481735646905008,3019,4,0.8884502877862838,1
1736,5,1,11,0.1428179062281586,3470,4,0.9431945538974952,1
1047,2,1,11,0.0234482369039964,3008,4,0.8884502877862838,1
1112,5,1,11,0.4142405506179316,2787,6,0.9431945538974952,1
1341,2,1,11,0.0592591377012451,3464,4,0.9431945538974952,1
1390,5,1,11,0.5216732530096777,3396,6,0.9431945538974952,1
1399,5,1,11,0.2462716196424326,3355,6,0.8884502877862838,1
1487,2,1,11,0.1556062670822468,3017,4,0.8884502877862838,1
1741,2,1,11,0.0163416528707242,3498,6,0.8884502877862838,1
1688,2,1,11,0.1985237519127677,3521,4,0.9431945538974952,1
1653,5,1,11,0.1794802009470793,2935,4,0.8884502877862838,1
1496,2,1,11,0.004404685938308,3215,6,0.8884502877862838,1
1762,5,1,11,0.004404685938308,3554,4,0.8884502877862838,1
1711,5,1,11,0.1556062670822468,3402,4,0.8884502877862838,1
1695,2,1,11,0.0959214324201657,3133,4,0.9431945538974952,1
1228,5,1,11,0.2869129033388253,3175,4,0.8884502877862838,1
1512,5,1,11,0.0194692479265244,3480,6,0.9431945538974952,1
1471,5,1,11,0.0004256969608359,3326,4,0.9431945538974952,1
1354,5,1,11,0.0314062148589406,2986,4,0.9431945538974952,1
1282,2,1,11,0.111837388330054,3449,4,0.8884502877862838,1
1451,5,1,11,0.2192700907218,3368,6,0.8884502877862838,1
1581,2,1,11,0.0919424434426936,3539,6,0.8884502877862838,1
1271,5,1,11,0.060110531622917,3285,6,0.8884502877862838,1
1476,5,1,11,0.3505767269783785,2927,6,0.9431945538974952,1
1288,2,1,11,0.6052320215365912,2587,4,0.9431945538974952,1
1506,5,1,11,0.2511020025415766,3484,4,0.8884502877862838,1
1210,2,1,11,0.060110531622917,2313,6,0.9431945538974952,1
1150,5,1,11,0.3505767269783785,2950,6,0.8884502877862838,1
1214,5,1,11,0.270996947428937,3164,6,0.8884502877862838,1
1580,5,1,11,0.2741245424847371,3520,4,0.9431945538974952,1
1866,5,1,11,0.0672171156561892,3061,4,0.8884502877862838,1
1623,5,1,11,0.1078583993525819,3156,6,0.9431945538974952,1
1653,2,1,11,0.4261775175503479,2951,6,0.8884502877862838,1
1244,2,1,11,0.9036561948469968,2177,6,0.8884502877862838,1
1525,2,1,11,0.0839844654877495,3321,4,0.9431945538974952,1
1424,5,1,11,0.1357113221948865,2695,4,0.8884502877862838,1
1645,2,1,11,0.1109859944083821,3365,4,0.9431945538974952,1
898,2,1,11,0.1428179062281586,3076,6,0.8884502877862838,1
945,2,1,11,0.2550809915190487,2699,4,0.9431945538974952,1
1684,2,1,11,0.158733862138047,3322,6,0.8884502877862838,1
1607,5,1,11,0.1317323332174144,3362,4,0.8884502877862838,1
1553,5,1,11,0.0871120605435496,3449,6,0.9431945538974952,1
986,5,1,11,0.3346607710684902,2458,6,0.8884502877862838,1
1528,5,1,11,0.2351860466316883,3171,6,0.9431945538974952,1
1370,5,1,11,0.0322576087806125,3287,4,0.9431945538974952,1
1791,2,1,11,0.0800054765102774,3430,4,0.8884502877862838,1
1755,5,1,11,0.2351860466316883,3067,6,0.8884502877862838,1
1274,2,1,11,0.5614631427843984,2498,6,0.9431945538974952,1
1517,5,1,11,0.0322576087806125,2994,4,0.9431945538974952,1
1311,2,1,11,0.2033541348119117,3408,4,0.8884502877862838,1
1578,5,1,11,0.8200974263200832,2471,4,0.8884502877862838,1
1474,5,1,11,0.4062825726629875,2964,6,0.8884502877862838,1
1646,5,1,11,0.3465977380009064,2562,4,0.9431945538974952,1
1795,2,1,11,0.2550809915190487,3090,6,0.8884502877862838,1
1740,5,1,11,0.4054311787413155,3535,6,0.8884502877862838,1
1518,2,1,11,0.1874381789020234,2819,4,0.8884502877862838,1
1360,2,1,11,0.0632381266787172,3183,4,0.9431945538974952,1
1769,5,1,11,0.0075322809941081,3523,6,0.8884502877862838,1
1432,5,1,11,0.2781035314622092,3209,6,0.8884502877862838,1
1219,5,1,11,0.3744506608432109,3383,6,0.8884502877862838,1
1446,2,1,11,0.2113121127668558,3131,6,0.8884502877862838,1
1375,2,1,11,0.2272280686767442,2730,4,0.8884502877862838,1
1645,5,1,11,0.3943456057305713,3249,6,0.9431945538974952,1
1669,5,1,11,0.1396903111723585,3254,4,0.9431945538974952,1
856,5,1,11,0.3505767269783785,2631,6,0.9431945538974952,1
1617,5,1,11,0.4182195395954037,3222,4,0.8884502877862838,1
1758,2,1,11,0.0760264875328053,3204,6,0.8884502877862838,1
1594,5,1,11,0.4381144844827641,2646,6,0.8884502877862838,1
1686,2,1,11,0.2621875755523209,3421,4,0.8884502877862838,1
1323,5,1,11,0.5176942640322055,2622,4,0.9431945538974952,1
1348,5,1,11,0.0919424434426936,3490,4,0.9431945538974952,1
1332,2,1,11,0.7007277569959209,2423,6,0.9431945538974952,1
1527,2,1,11,0.3068078482261857,3165,4,0.9431945538974952,1
1737,5,1,11,0.0720474985553333,3506,6,0.9431945538974952,1
1186,5,1,11,0.5017783081223173,2820,6,0.8884502877862838,1
1385,5,1,11,0.0234482369039964,3092,6,0.8884502877862838,1
1410,2,1,11,0.270996947428937,3153,4,0.8884502877862838,1
1463,2,1,11,0.1556062670822468,3037,6,0.8884502877862838,1
1823,5,1,11,0.1556062670822468,2872,4,0.9431945538974952,1
1389,2,1,11,0.3068078482261857,2886,4,0.8884502877862838,1
1145,5,1,11,0.0711961046336613,3277,6,0.9431945538974952,1
1788,2,1,11,0.270145553507265,3565,4,0.9431945538974952,1
1627,5,1,11,0.1348599282732145,3362,6,0.9431945538974952,1
1833,5,1,11,0.3576833110116507,3536,6,0.9431945538974952,1
1730,5,1,11,0.0910910495210217,3540,6,0.8884502877862838,1
1621,5,1,11,0.0680685095778612,3136,4,0.8884502877862838,1
1573,5,1,11,0.270145553507265,3427,6,0.9431945538974952,1
1210,2,1,11,0.5097362860772614,2387,4,0.9431945538974952,1
1318,2,1,11,0.163564245037191,3325,4,0.8884502877862838,1
1439,2,1,11,0.0402155867355567,3529,6,0.8884502877862838,1
1254,5,1,11,0.0672171156561892,3242,4,0.8884502877862838,1
1451,5,1,11,0.1556062670822468,3299,6,0.9431945538974952,1
1521,5,1,11,0.0950700384984938,3186,4,0.9431945538974952,1
1890,5,1,11,0.1317323332174144,3559,4,0.9431945538974952,1
1670,2,1,11,0.1158163773075261,3456,4,0.9431945538974952,1
1112,5,1,11,0.0075322809941081,3334,4,0.8884502877862838,1
1642,2,1,11,0.3625136939107947,3518,6,0.8884502877862838,1
1202,2,1,11,0.6291059554014237,3111,4,0.8884502877862838,1
1426,2,1,11,0.1953961568569676,3229,6,0.8884502877862838,1
1651,2,1,11,0.0521525536679729,3031,6,0.9431945538974952,1
691,2,1,11,0.597274043581647,1935,6,0.8884502877862838,1
1395,5,1,11,0.0362365977580846,3460,4,0.8884502877862838,1
1610,5,1,11,0.111837388330054,3459,6,0.9431945538974952,1
1422,2,1,11,0.060110531622917,3501,6,0.9431945538974952,1
1309,5,1,11,0.1317323332174144,3215,6,0.9431945538974952,1
1110,2,1,11,0.167543234014663,2553,4,0.9431945538974952,1
1302,2,1,11,0.5216732530096777,3021,6,0.8884502877862838,1
1624,2,1,11,0.1396903111723585,2965,6,0.9431945538974952,1
1528,2,1,11,0.4540304403926524,2818,6,0.9431945538974952,1
1504,5,1,11,0.0154902589490523,3267,4,0.9431945538974952,1
1217,2,1,11,0.597274043581647,2263,6,0.8884502877862838,1
1539,5,1,11,0.004404685938308,3560,6,0.8884502877862838,1
1449,5,1,11,0.2113121127668558,3018,6,0.8884502877862838,1
1356,5,1,11,0.1914171678794955,3535,4,0.9431945538974952,1
1607,5,1,11,0.270145553507265,3413,4,0.8884502877862838,1
1385,5,1,11,0.4221985285728758,2984,4,0.8884502877862838,1
1387,2,1,11,0.3664926828882667,2413,6,0.9431945538974952,1
1552,5,1,11,0.3983245947080434,2353,4,0.8884502877862838,1
1174,5,1,11,0.3943456057305713,2383,4,0.9431945538974952,1
1629,5,1,11,0.2263766747550722,3533,4,0.8884502877862838,1
1369,2,1,11,0.2988498702712415,3025,6,0.8884502877862838,1
1624,5,1,11,0.0999004213976378,3396,4,0.8884502877862838,1
1144,2,1,11,0.4301565065278199,2451,6,0.8884502877862838,1
1529,2,1,11,0.1197953662849981,3074,4,0.8884502877862838,1
1545,5,1,11,0.0433431817913568,3345,6,0.8884502877862838,1
1115,5,1,11,0.0720474985553333,3440,6,0.9431945538974952,1
1633,5,1,11,0.4023035836855154,3472,6,0.9431945538974952,1
1299,2,1,11,0.5017783081223173,2676,4,0.9431945538974952,1
1838,2,1,11,0.1874381789020234,3237,4,0.9431945538974952,1
1004,5,1,11,0.3664926828882667,2722,4,0.9431945538974952,1
1692,5,1,11,0.1038794103751098,3335,4,0.9431945538974952,1
1524,5,1,11,0.2869129033388253,3332,6,0.9431945538974952,1
1145,2,1,11,0.2113121127668558,3150,4,0.9431945538974952,1
1725,2,1,11,0.0672171156561892,3353,6,0.8884502877862838,1
1441,5,1,11,0.2988498702712415,3204,6,0.8884502877862838,1
1426,2,1,11,0.4182195395954037,2611,4,0.8884502877862838,1
1759,5,1,11,0.3537043220341786,3552,4,0.9431945538974952,1
1138,2,1,11,0.2073331237893838,2813,6,0.8884502877862838,1
1233,2,1,11,0.3505767269783785,2984,6,0.8884502877862838,1
1517,2,1,11,0.3187448151586018,2841,6,0.8884502877862838,1
1501,5,1,11,0.2908918923162973,3093,4,0.9431945538974952,1
1662,5,1,11,0.0035532920166361,3508,4,0.8884502877862838,1
1735,5,1,11,0.0274272258814685,3538,6,0.8884502877862838,1
1402,5,1,11,0.5734001097168147,2642,6,0.9431945538974952,1
1225,5,1,11,0.5017783081223173,3313,4,0.8884502877862838,1
1374,5,1,11,0.537589208919566,2349,6,0.9431945538974952,1
1661,2,1,11,0.1436693001498306,3189,4,0.8884502877862838,1
1196,5,1,11,0.5256522419871498,2599,4,0.9431945538974952,1
1511,5,1,11,0.0322576087806125,3366,6,0.8884502877862838,1
1341,2,1,11,0.3704716718657388,2851,4,0.9431945538974952,1
1849,2,1,11,0.3107868372036577,3365,6,0.9431945538974952,1
1416,5,1,11,0.3664926828882667,2875,4,0.8884502877862838,1
1420,2,1,11,0.1269019503182704,3173,6,0.9431945538974952,1
1241,5,1,11,0.382408638798155,3249,6,0.9431945538974952,1
1282,5,1,11,0.2113121127668558,3428,6,0.8884502877862838,1
1494,2,1,11,0.274975936406409,3154,4,0.9431945538974952,1
1576,5,1,11,0.2550809915190487,2997,4,0.9431945538974952,1
1149,2,1,11,0.5853370766492308,2213,4,0.8884502877862838,1
1502,2,1,11,0.2431440245866324,3354,6,0.9431945538974952,1
1552,2,1,11,0.2789549253838811,3052,4,0.9431945538974952,1
1394,2,1,11,0.2829339143613532,3291,6,0.9431945538974952,1
1555,5,1,11,0.3068078482261857,2916,4,0.9431945538974952,1
1546,5,1,11,0.2391650356091604,3481,6,0.9431945538974952,1
1420,2,1,11,0.3028288592487136,3361,6,0.9431945538974952,1
1700,2,1,11,0.2232490796992721,3252,4,0.8884502877862838,1
1490,2,1,11,0.0672171156561892,3468,4,0.9431945538974952,1
1154,2,1,11,0.5773790986942867,2461,6,0.9431945538974952,1
1695,5,1,11,0.2184186968001281,3541,4,0.9431945538974952,1
1843,5,1,11,0.2869129033388253,3355,6,0.9431945538974952,1
1317,2,1,11,0.5495261758519822,2941,6,0.8884502877862838,1
1387,2,1,11,0.0999004213976378,3116,4,0.9431945538974952,1
1684,2,1,11,0.0362365977580846,3286,4,0.8884502877862838,1
1314,5,1,11,0.652979889266256,3089,6,0.8884502877862838,1
1527,2,1,11,0.1197953662849981,3284,4,0.8884502877862838,1
1533,5,1,11,0.1953961568569676,2665,6,0.8884502877862838,1
1351,5,1,11,0.4301565065278199,2900,6,0.8884502877862838,1
1495,2,1,11,0.3545557159558505,3363,4,0.9431945538974952,1
1463,5,1,11,0.1237743552624702,3362,6,0.8884502877862838,1
1504,5,1,11,0.2391650356091604,3144,4,0.9431945538974952,1
1334,5,1,11,0.5734001097168147,2228,6,0.9431945538974952,1
1181,2,1,11,0.3983245947080434,2862,4,0.8884502877862838,1
1421,5,1,11,0.0322576087806125,3077,4,0.8884502877862838,1
1209,2,1,11,0.2988498702712415,2931,4,0.8884502877862838,1
1429,2,1,11,0.1476482891273027,3160,6,0.8884502877862838,1
1516,2,1,11,0.1874381789020234,3155,6,0.9431945538974952,1
1772,2,1,11,0.2192700907218,2562,4,0.9431945538974952,1
1775,5,1,11,0.1357113221948865,3280,6,0.8884502877862838,1
1551,5,1,11,0.1038794103751098,3296,6,0.9431945538974952,1
1522,2,1,11,0.0004256969608359,3310,4,0.9431945538974952,1
1561,5,1,11,0.0481735646905008,3373,4,0.9431945538974952,1
1526,5,1,11,0.163564245037191,3000,6,0.8884502877862838,1
1490,5,1,11,0.3028288592487136,3199,6,0.9431945538974952,1
1206,2,1,11,0.1396903111723585,3464,4,0.8884502877862838,1
1798,5,1,11,0.055280148723773,3243,6,0.9431945538974952,1
1353,5,1,11,0.1556062670822468,2922,4,0.8884502877862838,1
701,5,1,6,0.7723495585904183,710,7,0.9431945538974952,1
520,5,1,6,0.9514040625766615,602,12,0.8884502877862838,1
488,5,1,6,0.7047067459733931,680,12,0.8884502877862838,1
522,5,1,11,0.8758032720046922,615,12,0.9431945538974952,1
580,5,1,11,0.7763285475678904,560,7,0.9431945538974952,1
495,5,1,6,1.1065846326980726,565,12,0.8884502877862838,1
404,5,1,11,1.4368407178282547,455,12,0.9431945538974952,1
483,5,1,11,1.0986266547431285,589,12,0.8884502877862838,1
520,5,1,6,1.08271069883324,627,7,0.9431945538974952,1
516,5,1,6,1.030983842126103,565,12,0.8884502877862838,1
490,5,1,11,1.0508787870134637,560,7,0.9431945538974952,1
495,5,1,11,1.0429208090585194,641,7,0.8884502877862838,1
484,5,1,6,1.2657441917969554,541,12,0.8884502877862838,1
612,5,1,6,0.9394670956442456,593,12,0.8884502877862838,1
687,5,1,11,0.7564336026805301,653,7,0.9431945538974952,1
531,5,1,11,1.023025864171159,553,7,0.8884502877862838,1
459,5,1,11,1.4328617288507826,510,12,0.8884502877862838,1
424,5,1,6,1.1583114894052096,620,7,0.8884502877862838,1
244,5,1,11,1.6835380344315232,503,7,0.9431945538974952,1
597,5,1,6,0.8240764152975553,589,12,0.8884502877862838,1
447,5,1,11,1.2219753130447626,556,7,0.8884502877862838,1
428,5,1,11,1.08271069883324,594,12,0.9431945538974952,1
454,5,1,11,0.975277996441494,579,12,0.9431945538974952,1
366,5,1,6,0.8280554042750273,580,12,0.9431945538974952,1
538,5,1,11,1.1463745224727933,595,7,0.8884502877862838,1
466,5,1,11,1.405008806008478,550,7,0.9431945538974952,1
603,5,1,6,1.023025864171159,678,7,0.9431945538974952,1
527,5,1,11,1.046899798035991,593,7,0.9431945538974952,1
426,5,1,11,1.3174710485040924,588,12,0.9431945538974952,1
291,5,1,6,1.1583114894052096,531,7,0.8884502877862838,1
509,5,1,11,1.0031309192837985,648,7,0.9431945538974952,1
432,5,1,6,0.975277996441494,614,7,0.9431945538974952,1
475,5,1,11,1.0349628311035752,612,12,0.9431945538974952,1
471,5,1,11,0.6251269664239516,702,7,0.8884502877862838,1
503,5,1,11,0.915593161779413,673,7,0.9431945538974952,1
557,5,1,6,0.8758032720046922,623,12,0.9431945538974952,1
355,5,1,11,1.349302960323869,552,7,0.8884502877862838,1
447,5,1,6,1.5005045414678078,525,7,0.9431945538974952,1
575,5,1,11,0.8678452940497481,637,7,0.8884502877862838,1
562,5,1,11,1.393071839076062,581,12,0.9431945538974952,1
665,5,1,11,0.8797822609821643,660,7,0.9431945538974952,1
547,5,1,11,0.9315091176893012,617,12,0.8884502877862838,1
489,5,1,11,1.3174710485040924,553,7,0.9431945538974952,1
524,5,1,11,0.9354881066667734,626,7,0.9431945538974952,1
492,5,1,6,0.8917192279145806,599,12,0.9431945538974952,1
621,5,1,6,1.1145426106530167,612,12,0.8884502877862838,1
470,5,1,11,1.301555092594204,609,12,0.9431945538974952,1
484,5,1,11,1.1026056437206004,550,12,0.9431945538974952,1
503,5,1,11,1.281660147706844,558,12,0.8884502877862838,1
583,5,1,11,0.8519293381398598,649,7,0.9431945538974952,1
520,5,1,6,1.0349628311035752,617,7,0.8884502877862838,1
561,5,1,6,1.1423955334953213,595,7,0.9431945538974952,1
536,5,1,11,1.1065846326980726,599,12,0.8884502877862838,1
598,5,1,11,1.0508787870134637,596,12,0.9431945538974952,1
636,5,1,11,0.8041814704101949,640,7,0.8884502877862838,1
575,5,1,6,0.9036561948469968,614,12,0.9431945538974952,1
468,5,1,11,0.8797822609821643,620,7,0.9431945538974952,1
317,5,1,6,1.0429208090585194,522,7,0.9431945538974952,1
371,5,1,11,1.3294080154365089,482,12,0.8884502877862838,1
414,5,1,6,0.9474250735991896,645,12,0.9431945538974952,1
609,5,1,6,1.182185423270042,564,12,0.8884502877862838,1
657,5,1,11,0.96732001848655,675,12,0.8884502877862838,1
557,5,1,6,0.8996772058695247,629,12,0.9431945538974952,1
496,5,1,6,1.253807224864539,548,7,0.9431945538974952,1
584,5,1,6,1.0389418200810472,574,12,0.9431945538974952,1
549,5,1,11,0.8837612499596363,592,7,0.8884502877862838,1
472,5,1,6,1.2657441917969554,577,7,0.9431945538974952,1
527,5,1,6,1.0150678862162148,601,7,0.9431945538974952,1
533,5,1,6,0.9553830515541336,639,7,0.8884502877862838,1
444,5,1,11,1.349302960323869,588,7,0.9431945538974952,1
543,5,1,11,1.237891268954651,598,7,0.8884502877862838,1
421,5,1,11,1.2259543020222348,559,12,0.9431945538974952,1
463,5,1,6,1.241870257932123,577,7,0.9431945538974952,1
683,5,1,11,0.9315091176893012,680,7,0.8884502877862838,1
492,5,1,11,1.281660147706844,584,12,0.8884502877862838,1
441,5,1,6,0.7564336026805301,641,7,0.8884502877862838,1
415,5,1,6,1.341344982368925,556,12,0.9431945538974952,1
318,5,1,11,1.0110888972387428,493,7,0.9431945538974952,1
546,5,1,11,0.9394670956442456,584,7,0.8884502877862838,1
567,5,1,6,1.090668676788184,602,12,0.8884502877862838,1
609,5,1,11,0.6768538231310886,668,7,0.9431945538974952,1
464,5,1,6,0.96732001848655,658,7,0.8884502877862838,1
511,5,1,11,1.2657441917969554,639,7,0.8884502877862838,1
466,5,1,11,1.412966783963422,521,12,0.9431945538974952,1
517,5,1,11,1.1662694673601537,618,12,0.8884502877862838,1
398,5,1,6,1.1065846326980726,528,12,0.9431945538974952,1
682,5,1,6,0.8280554042750273,640,12,0.8884502877862838,1
582,5,1,6,1.074752720878296,660,12,0.9431945538974952,1
458,5,1,6,1.2140173350898185,506,12,0.8884502877862838,1
585,5,1,6,0.6370639333563678,631,7,0.8884502877862838,1
595,5,1,11,0.6012530325591191,669,7,0.9431945538974952,1
375,5,1,11,1.3373659933914528,492,12,0.9431945538974952,1
333,5,1,6,1.2219753130447626,524,12,0.9431945538974952,1
655,5,1,6,0.9593620405316058,660,12,0.9431945538974952,1
492,5,1,11,0.9514040625766615,607,7,0.8884502877862838,1
485,5,1,11,1.007109908261271,549,12,0.9431945538974952,1
560,5,1,11,0.8917192279145806,581,7,0.9431945538974952,1
393,5,1,11,1.3055340815716765,519,12,0.8884502877862838,1
407,5,1,6,0.7206227018832814,649,12,0.9431945538974952,1
487,5,1,11,1.2657441917969554,553,7,0.8884502877862838,1
605,5,1,11,0.9076351838244688,687,12,0.9431945538974952,1
611,5,1,6,0.7842865255228345,673,12,0.9431945538974952,1
628,5,1,11,0.8797822609821643,640,12,0.9431945538974952,1
443,5,1,6,1.019046875193687,557,12,0.9431945538974952,1
462,5,1,11,1.182185423270042,597,12,0.9431945538974952,1
531,5,1,6,0.975277996441494,590,12,0.8884502877862838,1
620,5,1,11,0.8837612499596363,670,12,0.9431945538974952,1
423,5,1,11,1.1662694673601537,605,12,0.8884502877862838,1
462,5,1,6,1.3572609382788132,623,12,0.8884502877862838,1
473,5,1,6,1.301555092594204,576,12,0.9431945538974952,1
504,5,1,6,1.1225005886079609,523,7,0.9431945538974952,1
476,5,1,6,1.2856391366843158,587,7,0.8884502877862838,1
458,5,1,11,1.2458492469095952,603,7,0.8884502877862838,1
472,5,1,6,1.4288827398733106,568,12,0.8884502877862838,1
493,5,1,6,0.9474250735991896,547,12,0.8884502877862838,1
397,5,1,11,1.2140173350898185,517,7,0.9431945538974952,1
579,5,1,6,1.1225005886079609,570,12,0.9431945538974952,1
595,5,1,6,1.301555092594204,585,7,0.8884502877862838,1
540,5,1,6,1.3771558831661737,567,12,0.8884502877862838,1
593,5,1,6,0.9553830515541336,620,12,0.9431945538974952,1
631,5,1,6,1.2657441917969554,623,7,0.9431945538974952,1
569,5,1,11,1.0429208090585194,607,7,0.8884502877862838,1
584,5,1,6,0.8797822609821643,719,12,0.8884502877862838,1
601,5,1,11,0.975277996441494,606,7,0.8884502877862838,1
455,5,1,11,1.182185423270042,591,12,0.8884502877862838,1
541,5,1,11,1.2179963240672906,590,12,0.9431945538974952,1
377,5,1,6,1.1185215996304887,535,7,0.9431945538974952,1
492,5,1,11,1.0986266547431285,594,12,0.8884502877862838,1
447,5,1,11,1.2259543020222348,576,7,0.8884502877862838,1
328,5,1,6,1.3055340815716765,556,12,0.9431945538974952,1
660,5,1,6,0.7763285475678904,647,7,0.8884502877862838,1
459,5,1,6,1.1981013791799302,537,12,0.9431945538974952,1
603,5,1,6,1.1026056437206004,635,7,0.8884502877862838,1
422,5,1,6,0.9116141728019408,629,7,0.9431945538974952,1
643,5,1,11,0.7842865255228345,642,7,0.8884502877862838,1
464,5,1,11,0.9036561948469968,559,7,0.9431945538974952,1
564,5,1,6,0.9474250735991896,629,12,0.8884502877862838,1
567,5,1,6,0.6887907900635047,636,7,0.8884502877862838,1
515,5,1,11,0.7285806798382255,729,7,0.8884502877862838,1
464,5,1,6,1.1981013791799302,591,7,0.8884502877862838,1
363,5,1,6,1.3174710485040924,554,12,0.8884502877862838,1
567,5,1,11,0.8041814704101949,638,12,0.8884502877862838,1
406,5,1,11,1.1463745224727933,534,7,0.8884502877862838,1
441,5,1,6,1.2140173350898185,607,12,0.9431945538974952,1
438,5,1,11,0.9593620405316058,608,7,0.8884502877862838,1
549,5,1,11,0.915593161779413,654,7,0.9431945538974952,1
617,5,1,6,0.7285806798382255,672,7,0.8884502877862838,1
487,5,1,6,1.2179963240672906,566,12,0.9431945538974952,1
437,5,1,6,0.9434460846217176,521,12,0.8884502877862838,1
528,5,1,11,1.182185423270042,612,12,0.8884502877862838,1
609,5,1,11,0.808160459387667,658,7,0.8884502877862838,1
453,5,1,6,1.0548577759909357,553,7,0.8884502877862838,1
488,5,1,11,1.134437555540377,591,7,0.8884502877862838,1
671,5,1,11,1.0548577759909357,604,12,0.8884502877862838,1
485,5,1,11,1.0031309192837985,608,12,0.9431945538974952,1
592,5,1,6,0.8280554042750273,674,12,0.8884502877862838,1
663,5,1,6,0.9116141728019408,652,7,0.8884502877862838,1
429,5,1,11,1.1941223902024585,571,7,0.8884502877862838,1
432,5,1,6,1.030983842126103,530,12,0.8884502877862838,1
557,5,1,11,1.0667947429233515,612,12,0.9431945538974952,1
443,5,1,11,1.241870257932123,527,7,0.8884502877862838,1
538,5,1,6,1.1583114894052096,601,12,0.8884502877862838,1
538,5,1,6,0.863866305072276,650,12,0.9431945538974952,1
607,5,1,11,1.0866896878107122,643,12,0.8884502877862838,1
605,5,1,11,1.019046875193687,656,7,0.9431945538974952,1
558,5,1,11,1.0866896878107122,534,12,0.8884502877862838,1
487,5,1,6,1.0349628311035752,569,12,0.9431945538974952,1
612,5,1,11,0.8280554042750273,640,12,0.8884502877862838,1
451,5,1,11,1.1662694673601537,577,12,0.8884502877862838,1
687,5,1,11,0.919572150756885,627,7,0.8884502877862838,1
559,5,1,11,0.808160459387667,645,7,0.9431945538974952,1
386,5,1,6,1.0667947429233515,487,7,0.8884502877862838,1
544,5,1,6,1.237891268954651,611,7,0.8884502877862838,1
547,5,1,6,0.9951729413288544,621,12,0.8884502877862838,1
531,5,1,6,0.9951729413288544,676,7,0.8884502877862838,1
508,5,1,6,1.3055340815716765,598,12,0.9431945538974952,1
458,5,1,11,0.9951729413288544,597,12,0.8884502877862838,1
392,5,1,6,1.233912279977179,578,7,0.9431945538974952,1
501,5,1,11,1.078731709855768,565,12,0.9431945538974952,1
650,5,1,11,0.9076351838244688,722,12,0.8884502877862838,1
602,5,1,11,0.9911939523513824,596,7,0.8884502877862838,1
451,5,1,11,1.2179963240672906,619,7,0.8884502877862838,1
465,5,1,11,1.2140173350898185,595,7,0.9431945538974952,1
510,5,1,6,1.1622904783826815,572,7,0.8884502877862838,1
557,5,1,11,1.1622904783826815,594,7,0.8884502877862838,1
454,5,1,6,1.1543325004277374,523,7,0.9431945538974952,1
711,5,1,11,0.8240764152975553,646,12,0.9431945538974952,1
550,5,1,6,1.070773731900824,617,7,0.8884502877862838,1
368,5,1,11,1.1423955334953213,554,7,0.9431945538974952,1
474,5,1,6,0.7803075365453624,688,7,0.8884502877862838,1
492,5,1,6,1.1503535114502654,558,12,0.9431945538974952,1
458,5,1,11,1.341344982368925,547,7,0.8884502877862838,1
433,5,1,6,1.0866896878107122,574,7,0.9431945538974952,1
411,5,1,6,0.96732001848655,630,7,0.9431945538974952,1
571,5,1,11,1.186164412247514,618,7,0.9431945538974952,1
500,5,1,6,1.2100383461123465,574,12,0.8884502877862838,1
387,5,1,6,1.5681473540848332,496,12,0.8884502877862838,1
459,5,1,11,0.975277996441494,568,7,0.8884502877862838,1
560,5,1,11,1.2498282358870672,570,12,0.8884502877862838,1
570,5,1,6,1.0150678862162148,603,7,0.9431945538974952,1
526,5,1,11,1.1145426106530167,645,7,0.9431945538974952,1
497,5,1,11,1.190143401224986,569,7,0.9431945538974952,1
619,5,1,6,0.9474250735991896,586,7,0.9431945538974952,1
513,5,1,6,0.9951729413288544,620,12,0.8884502877862838,1
628,5,1,6,0.7246016908607534,652,12,0.8884502877862838,1
432,5,1,6,1.074752720878296,591,12,0.9431945538974952,1
393,5,1,6,1.1583114894052096,636,12,0.8884502877862838,1
489,5,1,6,1.0389418200810472,591,7,0.8884502877862838,1
520,5,1,11,0.6092110105140632,680,7,0.8884502877862838,1
529,5,1,6,0.9991519303063264,569,7,0.9431945538974952,1
391,5,1,6,1.070773731900824,568,7,0.9431945538974952,1
543,5,1,11,1.1026056437206004,578,12,0.9431945538974952,1
528,5,1,6,1.1702484563376256,587,12,0.8884502877862838,1
599,5,1,6,0.8797822609821643,673,12,0.9431945538974952,1
618,5,1,11,0.6967487680184489,737,12,0.9431945538974952,1
596,5,1,6,0.9514040625766615,635,7,0.8884502877862838,1
571,5,1,6,0.9514040625766615,559,7,0.8884502877862838,1
610,5,1,6,1.0110888972387428,614,7,0.9431945538974952,1
470,5,1,6,0.979256985418966,546,7,0.8884502877862838,1
507,5,1,11,1.3811348721436456,484,7,0.9431945538974952,1
367,5,1,11,1.4487776847606708,503,7,0.9431945538974952,1
504,5,1,11,1.2498282358870672,559,12,0.8884502877862838,1
520,5,1,6,1.0110888972387428,585,7,0.8884502877862838,1
501,5,1,11,1.1264795775854328,594,7,0.8884502877862838,1
421,5,1,6,0.9911939523513824,513,12,0.8884502877862838,1
634,5,1,6,0.8002024814327229,669,12,0.8884502877862838,1
518,5,1,6,1.353281949301341,585,7,0.9431945538974952,1
586,5,1,6,0.6688958451761444,596,12,0.9431945538974952,1
443,5,1,6,1.074752720878296,560,7,0.8884502877862838,1
574,5,1,6,0.863866305072276,647,12,0.8884502877862838,1
478,5,1,11,1.2219753130447626,543,12,0.9431945538974952,1
471,5,1,11,0.8320343932524994,623,12,0.8884502877862838,1
504,5,1,11,1.1503535114502654,555,12,0.9431945538974952,1
529,5,1,11,1.007109908261271,635,7,0.9431945538974952,1
476,5,1,11,1.186164412247514,620,7,0.8884502877862838,1
489,5,1,6,1.0508787870134637,561,12,0.8884502877862838,1
678,5,1,11,0.9036561948469968,586,7,0.9431945538974952,1
494,5,1,11,0.8439713601849157,643,12,0.9431945538974952,1
332,5,1,6,1.3294080154365089,466,7,0.8884502877862838,1
454,5,1,6,0.8837612499596363,652,12,0.9431945538974952,1
508,5,1,11,0.8161184373426111,647,12,0.8884502877862838,1
508,5,1,6,1.0548577759909357,586,12,0.9431945538974952,1
453,5,1,6,0.8519293381398598,631,7,0.8884502877862838,1
464,5,1,11,1.0508787870134637,642,12,0.8884502877862838,1
435,5,1,6,1.1981013791799302,575,7,0.9431945538974952,1
567,5,1,6,1.1702484563376256,504,12,0.9431945538974952,1
571,5,1,6,0.8121394483651391,667,12,0.8884502877862838,1
487,5,1,11,1.1622904783826815,579,7,0.8884502877862838,1
451,5,1,11,1.611916232837026,599,7,0.8884502877862838,1
534,5,1,11,1.353281949301341,653,12,0.9431945538974952,1
591,5,1,11,0.9394670956442456,641,7,0.9431945538974952,1
418,5,1,11,1.1065846326980726,589,12,0.9431945538974952,1
537,5,1,6,0.8797822609821643,644,7,0.8884502877862838,1
520,5,1,11,1.233912279977179,532,7,0.9431945538974952,1
659,5,1,6,0.6211479774464795,662,12,0.9431945538974952,1
551,5,1,11,0.6649168561986724,660,7,0.8884502877862838,1
431,5,1,6,1.4845885855579195,511,7,0.8884502877862838,1
380,5,1,6,0.963341029509078,550,7,0.8884502877862838,1
444,5,1,6,1.0986266547431285,555,7,0.8884502877862838,1
548,5,1,11,0.9911939523513824,588,7,0.8884502877862838,1
566,5,1,11,1.2617652028194837,522,12,0.9431945538974952,1
406,5,1,11,1.1503535114502654,554,12,0.8884502877862838,1
455,5,1,6,1.030983842126103,496,7,0.8884502877862838,1
429,5,1,6,1.3333870044139808,548,7,0.9431945538974952,1
540,5,1,6,1.0588367649684076,599,7,0.9431945538974952,1
619,5,1,11,0.8320343932524994,637,12,0.9431945538974952,1
543,5,1,11,0.808160459387667,641,7,0.8884502877862838,1
561,5,1,11,1.3174710485040924,564,12,0.9431945538974952,1
483,5,1,6,0.8200974263200832,530,12,0.8884502877862838,1
518,5,1,6,1.0548577759909357,596,7,0.8884502877862838,1
483,5,1,6,1.070773731900824,627,12,0.9431945538974952,1
523,5,1,6,1.134437555540377,588,7,0.9431945538974952,1
434,5,1,11,1.027004853148631,582,7,0.8884502877862838,1
468,5,1,6,0.8320343932524994,628,7,0.9431945538974952,1
529,5,1,11,1.030983842126103,635,7,0.9431945538974952,1
438,5,1,11,0.8837612499596363,605,12,0.9431945538974952,1
437,5,1,6,1.233912279977179,502,12,0.8884502877862838,1
693,5,1,6,1.1583114894052096,626,7,0.8884502877862838,1
502,5,1,11,1.074752720878296,591,12,0.8884502877862838,1
444,5,1,11,1.2060593571348743,586,7,0.8884502877862838,1
463,5,1,6,1.2577862138420113,584,7,0.8884502877862838,1
559,5,1,6,0.9116141728019408,625,7,0.9431945538974952,1
347,5,1,6,1.6079372438595538,495,12,0.8884502877862838,1
497,5,1,11,1.4249037508958384,541,12,0.8884502877862838,1
456,5,1,6,1.0031309192837985,594,7,0.8884502877862838,1
574,5,1,11,0.96732001848655,617,7,0.9431945538974952,1
534,5,1,6,0.8956982168920526,637,7,0.8884502877862838,1
369,5,1,11,1.1782064342925698,552,7,0.9431945538974952,1
431,5,1,6,1.2577862138420113,552,12,0.9431945538974952,1
609,5,1,11,0.8320343932524994,617,7,0.9431945538974952,1
445,5,1,6,1.3652189162337574,518,12,0.8884502877862838,1
511,5,1,11,1.3294080154365089,636,12,0.9431945538974952,1
346,5,1,6,1.3771558831661737,567,7,0.8884502877862838,1
384,5,1,6,1.2219753130447626,543,12,0.8884502877862838,1
488,5,1,6,0.9275301287118292,665,7,0.8884502877862838,1
547,5,1,6,1.1225005886079609,582,12,0.8884502877862838,1
586,5,1,11,0.6450219113113119,679,7,0.8884502877862838,1
697,5,1,6,0.9235511397343572,656,7,0.8884502877862838,1
625,5,1,11,0.5654421317618704,682,12,0.8884502877862838,1
592,5,1,6,1.2259543020222348,569,12,0.9431945538974952,1
489,5,1,11,1.023025864171159,629,7,0.8884502877862838,1
349,5,1,11,1.3254290264590365,486,12,0.9431945538974952,1
431,5,1,6,1.090668676788184,532,7,0.9431945538974952,1
538,5,1,11,1.027004853148631,635,7,0.9431945538974952,1
472,5,1,6,0.9116141728019408,633,12,0.9431945538974952,1
617,5,1,6,0.5256522419871498,683,12,0.9431945538974952,1
460,5,1,11,0.8240764152975553,623,12,0.9431945538974952,1
501,5,1,6,1.0429208090585194,661,12,0.8884502877862838,1
534,5,1,11,1.0150678862162148,612,12,0.9431945538974952,1
448,5,1,11,1.0429208090585194,638,12,0.8884502877862838,1
582,5,1,11,1.0667947429233515,601,12,0.8884502877862838,1
440,5,1,11,1.2100383461123465,543,7,0.8884502877862838,1
335,5,1,6,1.186164412247514,539,7,0.8884502877862838,1
534,5,1,6,0.9514040625766615,568,7,0.9431945538974952,1
574,5,1,11,0.7962234924552508,670,12,0.8884502877862838,1
505,5,1,11,1.1185215996304887,616,12,0.9431945538974952,1
660,5,1,11,0.7564336026805301,713,7,0.8884502877862838,1
515,5,1,6,0.9474250735991896,560,7,0.9431945538974952,1
487,5,1,6,0.8797822609821643,618,7,0.9431945538974952,1
491,5,1,11,0.9076351838244688,643,7,0.9431945538974952,1
464,5,1,6,1.0667947429233515,573,12,0.8884502877862838,1
485,5,1,11,1.0946476657656563,607,12,0.9431945538974952,1
523,5,1,6,0.9991519303063264,575,12,0.8884502877862838,1
457,5,1,6,0.9394670956442456,597,7,0.9431945538974952,1
547,5,1,11,0.9275301287118292,590,12,0.9431945538974952,1
456,5,1,11,0.9275301287118292,637,7,0.9431945538974952,1
644,5,1,6,1.0866896878107122,670,12,0.9431945538974952,1
527,5,1,6,1.2140173350898185,539,12,0.9431945538974952,1
542,5,1,6,1.1145426106530167,538,12,0.9431945538974952,1
460,5,1,11,1.2259543020222348,515,7,0.8884502877862838,1
578,5,1,6,1.0031309192837985,578,12,0.9431945538974952,1
477,5,1,6,1.1264795775854328,569,7,0.8884502877862838,1
563,5,1,6,1.0349628311035752,562,7,0.9431945538974952,1
550,5,1,11,0.8956982168920526,573,12,0.8884502877862838,1
507,5,1,11,1.4686726296480312,539,7,0.8884502877862838,1
531,5,1,11,1.0349628311035752,594,12,0.9431945538974952,1
300,5,1,11,1.6437481446568023,509,12,0.9431945538974952,1
574,5,1,11,0.7922445034777786,704,7,0.9431945538974952,1
374,5,1,6,0.919572150756885,589,12,0.8884502877862838,1
494,5,1,11,1.0986266547431285,545,7,0.8884502877862838,1
459,5,1,11,1.405008806008478,530,7,0.9431945538974952,1
453,5,1,11,1.0667947429233515,571,7,0.9431945538974952,1
536,5,1,6,0.919572150756885,646,7,0.8884502877862838,1
510,5,1,6,1.0628157539458798,633,7,0.9431945538974952,1
312,5,1,11,1.289618125661788,505,7,0.9431945538974952,1
560,5,1,11,0.9275301287118292,612,12,0.8884502877862838,1
498,5,1,6,1.08271069883324,598,7,0.9431945538974952,1
543,5,1,6,0.9354881066667734,544,12,0.8884502877862838,1
468,5,1,11,1.3055340815716765,507,12,0.8884502877862838,1
439,5,1,6,1.078731709855768,576,7,0.9431945538974952,1
450,5,1,6,1.130458566562905,612,12,0.8884502877862838,1
508,5,1,11,1.019046875193687,630,12,0.9431945538974952,1
425,5,1,6,1.1742274453150978,603,7,0.8884502877862838,1
653,5,3,2,0.1348599282732145,1346,12,0.9431945538974952,0
463,2,3,2,0.4182195395954037,1370,12,0.9431945538974952,0
391,5,3,2,0.0760264875328053,1780,12,0.9431945538974952,0
472,5,3,2,0.2471230135641045,1435,12,0.8884502877862838,0
529,2,3,2,0.7365386577931696,1207,12,0.8884502877862838,0
500,5,3,2,0.8678452940497481,1192,12,0.8884502877862838,0
699,5,3,2,0.3545557159558505,1498,12,0.8884502877862838,0
348,5,3,2,0.7882655145003066,1167,12,0.9431945538974952,0
749,5,3,2,0.485862352212429,1626,12,0.9431945538974952,0
729,5,3,2,0.321872410214402,1448,12,0.9431945538974952,0
453,2,3,2,0.6688958451761444,1299,12,0.8884502877862838,0
611,6,3,2,0.3545557159558505,1474,12,0.8884502877862838,0
679,6,3,2,0.0402155867355567,1580,12,0.8884502877862838,0
490,5,3,2,0.9354881066667734,969,12,0.8884502877862838,0
402,6,3,2,0.3187448151586018,1464,12,0.9431945538974952,0
654,5,3,2,0.2979984763495695,1515,12,0.9431945538974952,0
441,2,3,2,0.7564336026805301,1062,12,0.9431945538974952,0
299,5,3,2,0.9991519303063264,1062,12,0.8884502877862838,0
772,2,3,2,0.4301565065278199,1336,12,0.8884502877862838,0
347,2,3,2,0.3664926828882667,1250,12,0.9431945538974952,0
663,2,3,2,0.1348599282732145,1598,12,0.8884502877862838,0
627,6,3,2,0.4779043742574848,1259,12,0.8884502877862838,0
563,2,3,2,0.2033541348119117,1379,12,0.9431945538974952,0
380,6,3,2,1.1583114894052096,934,12,0.8884502877862838,0
741,2,3,2,0.3298303881693462,1733,12,0.8884502877862838,0
606,5,3,2,0.3696202779440669,1020,12,0.9431945538974952,0
559,2,3,2,0.8399923712074435,1134,12,0.9431945538974952,0
680,6,3,2,0.3346607710684902,1119,12,0.8884502877862838,0
528,5,3,2,0.1277533442399423,1396,12,0.9431945538974952,0
589,6,3,2,0.1556062670822468,1758,12,0.8884502877862838,0
683,2,3,2,0.863866305072276,1099,12,0.9431945538974952,0
482,6,3,2,0.7922445034777786,1283,12,0.9431945538974952,0
480,2,3,2,0.6092110105140632,1393,12,0.8884502877862838,0
267,6,3,2,1.3572609382788132,883,12,0.8884502877862838,0
787,6,3,2,0.382408638798155,1786,12,0.9431945538974952,0
565,6,3,2,0.752454613703058,885,12,0.9431945538974952,0
651,2,3,2,0.158733862138047,1519,12,0.8884502877862838,0
735,6,3,2,0.6251269664239516,1352,12,0.9431945538974952,0
381,6,3,2,0.2511020025415766,1342,12,0.8884502877862838,0
397,2,3,2,0.6410429223338399,1484,12,0.9431945538974952,0
469,6,3,2,0.3664926828882667,1315,12,0.9431945538974952,0
324,2,3,2,0.7643915806354742,1143,12,0.8884502877862838,0
321,2,3,2,0.8718242830272201,1167,12,0.8884502877862838,0
578,5,3,2,0.3744506608432109,1487,12,0.8884502877862838,0
704,5,3,2,0.1317323332174144,1416,12,0.9431945538974952,0
708,2,3,2,0.0004256969608359,1748,12,0.9431945538974952,0
699,2,3,2,0.8439713601849157,1175,12,0.8884502877862838,0
325,5,3,2,0.649000900288784,1519,12,0.9431945538974952,0
428,6,3,2,0.5773790986942867,1037,12,0.8884502877862838,0
580,2,3,2,0.158733862138047,1396,12,0.9431945538974952,0
783,2,3,2,0.055280148723773,1338,12,0.8884502877862838,0
373,6,3,2,0.9076351838244688,1283,12,0.8884502877862838,0
476,2,3,2,0.3346607710684902,1362,12,0.9431945538974952,0
533,2,3,2,0.5176942640322055,956,12,0.9431945538974952,0
654,5,3,2,0.4261775175503479,1301,12,0.8884502877862838,0
520,6,3,2,0.0839844654877495,1329,12,0.9431945538974952,0
481,2,3,2,0.4102615616404595,1383,12,0.9431945538974952,0
695,6,3,2,1.3095130705491482,1107,12,0.9431945538974952,0
722,5,3,2,0.1706708290704632,1545,12,0.9431945538974952,0
479,2,3,2,0.4659674073250686,1395,12,0.9431945538974952,0
526,6,3,2,1.1742274453150978,1252,12,0.8884502877862838,0
348,2,3,2,0.4977993191448452,1189,12,0.9431945538974952,0
649,2,3,2,0.1516272781047747,1327,12,0.9431945538974952,0
608,5,3,2,0.8200974263200832,1201,12,0.9431945538974952,0
487,5,3,2,1.2697231807744276,981,12,0.8884502877862838,0
540,2,3,2,0.8758032720046922,908,12,0.8884502877862838,0
837,5,3,2,0.0242996308256684,1656,12,0.9431945538974952,0
401,5,3,2,0.5773790986942867,1225,12,0.8884502877862838,0
621,5,3,2,0.5853370766492308,1325,12,0.8884502877862838,0
442,6,3,2,0.7842865255228345,1258,12,0.9431945538974952,0
628,2,3,2,0.1436693001498306,1625,12,0.8884502877862838,0
453,2,3,2,0.6887907900635047,1402,12,0.9431945538974952,0
521,6,3,2,0.4182195395954037,1304,12,0.8884502877862838,0
491,5,3,2,0.5097362860772614,1108,12,0.9431945538974952,0
651,2,3,2,0.5654421317618704,1520,12,0.8884502877862838,0
449,5,3,2,0.7803075365453624,1000,12,0.9431945538974952,0
586,6,3,2,0.5614631427843984,1144,12,0.8884502877862838,0
573,2,3,2,0.8399923712074435,1141,12,0.9431945538974952,0
436,6,3,2,0.8200974263200832,1180,12,0.8884502877862838,0
546,2,3,2,0.3664926828882667,1458,12,0.8884502877862838,0
293,6,3,2,0.3585347049333226,1292,12,0.9431945538974952,0
680,6,3,2,0.3178934212369299,1445,12,0.8884502877862838,0
705,5,3,2,0.004404685938308,1130,12,0.9431945538974952,0
627,2,3,2,0.2025027408902398,1759,12,0.8884502877862838,0
754,6,3,2,0.9275301287118292,1276,12,0.9431945538974952,0
669,2,3,2,0.0640895206003891,1437,12,0.9431945538974952,0
503,5,3,2,0.6171689884690075,1469,12,0.9431945538974952,0
677,6,3,2,0.3505767269783785,1618,12,0.9431945538974952,0
496,5,3,2,0.5057572970997893,1287,12,0.8884502877862838,0
517,5,3,2,0.2550809915190487,1359,12,0.8884502877862838,0
545,6,3,2,0.5574841538069263,1510,12,0.9431945538974952,0
483,2,3,2,0.5256522419871498,1131,12,0.9431945538974952,0
649,6,3,2,0.0800054765102774,1402,12,0.9431945538974952,0
690,6,3,2,0.5336102199420939,1472,12,0.8884502877862838,0
403,5,3,2,0.4023035836855154,1418,12,0.8884502877862838,0
411,2,3,2,0.3068078482261857,1212,12,0.9431945538974952,0
761,5,3,2,0.3704716718657388,1308,12,0.9431945538974952,0
464,2,3,2,1.3851138611211178,998,12,0.8884502877862838,0
738,6,3,2,0.0831330715660775,1655,12,0.9431945538974952,0
783,2,3,2,0.2940194873720975,1677,12,0.8884502877862838,0
243,6,3,2,1.007109908261271,1057,12,0.9431945538974952,0
558,6,3,2,0.056131542645445,1275,12,0.8884502877862838,0
541,2,3,2,0.4301565065278199,1435,12,0.8884502877862838,0
507,6,3,2,0.4381144844827641,1220,12,0.8884502877862838,0
248,2,3,2,1.603958254882082,885,12,0.8884502877862838,0
388,2,3,2,0.9991519303063264,1061,12,0.9431945538974952,0
595,5,3,2,0.3625136939107947,1095,12,0.8884502877862838,0
518,6,3,2,0.6052320215365912,1321,12,0.9431945538974952,0
526,6,3,2,0.4540304403926524,1320,12,0.8884502877862838,0
424,2,3,2,0.7803075365453624,1062,12,0.9431945538974952,0
576,2,3,2,0.0680685095778612,1659,12,0.9431945538974952,0
655,2,3,2,0.0711961046336613,1580,12,0.9431945538974952,0
510,5,3,2,0.2670179584514649,1387,12,0.8884502877862838,0
647,5,3,2,0.3028288592487136,1306,12,0.8884502877862838,0
437,2,3,2,0.8161184373426111,1179,12,0.9431945538974952,0
506,5,3,2,0.2670179584514649,1307,12,0.9431945538974952,0
614,6,3,2,0.1078583993525819,1225,12,0.8884502877862838,0
666,6,3,2,0.2033541348119117,1207,12,0.9431945538974952,0
432,5,3,2,0.6569588782437281,1250,12,0.9431945538974952,0
532,2,3,2,0.5535051648294542,1330,12,0.8884502877862838,0
485,5,3,2,0.1158163773075261,1529,12,0.9431945538974952,0
419,6,3,2,0.2988498702712415,1434,12,0.9431945538974952,0
484,2,3,2,0.060110531622917,1262,12,0.8884502877862838,0
430,6,3,2,0.7604125916580021,1167,12,0.8884502877862838,0
477,5,3,2,0.6330849443788957,1400,12,0.9431945538974952,0
565,6,3,2,0.2192700907218,1221,12,0.9431945538974952,0
403,6,3,2,1.233912279977179,953,12,0.8884502877862838,0
513,5,3,2,0.3107868372036577,1602,12,0.9431945538974952,0
360,2,3,2,0.5137152750547335,1178,12,0.8884502877862838,0
448,2,3,2,0.270996947428937,1416,12,0.9431945538974952,0
695,6,3,2,0.0163416528707242,1451,12,0.8884502877862838,0
623,2,3,2,0.6649168561986724,1335,12,0.9431945538974952,0
478,6,3,2,0.8360133822299715,1225,12,0.9431945538974952,0
603,6,3,2,0.649000900288784,1351,12,0.9431945538974952,0
808,5,3,2,0.4779043742574848,1346,12,0.9431945538974952,0
655,6,3,2,0.2741245424847371,1719,12,0.8884502877862838,0
591,5,3,2,0.060110531622917,1497,12,0.9431945538974952,0
649,2,3,2,0.2263766747550722,1476,12,0.9431945538974952,0
613,2,3,2,0.1865867849803515,1561,12,0.8884502877862838,0
666,5,3,2,0.1914171678794955,1158,12,0.9431945538974952,0
418,6,3,2,1.353281949301341,795,12,0.9431945538974952,0
532,5,3,2,0.3306817820910181,1509,12,0.8884502877862838,0
533,6,3,2,0.8758032720046922,1481,12,0.8884502877862838,0
551,2,3,2,0.2312070576542162,1281,12,0.8884502877862838,0
501,2,3,2,0.537589208919566,1451,12,0.9431945538974952,0
462,6,3,2,0.5853370766492308,1168,12,0.8884502877862838,0
473,2,3,2,1.4328617288507826,1220,12,0.9431945538974952,0
470,6,3,2,0.111837388330054,1474,12,0.9431945538974952,0
602,2,3,2,0.6649168561986724,1355,12,0.8884502877862838,0
773,6,3,2,0.0879634544652216,1556,12,0.9431945538974952,0
533,5,3,2,0.8479503491623878,1001,12,0.8884502877862838,0
568,5,3,2,0.3187448151586018,1354,12,0.9431945538974952,0
620,6,3,2,0.1237743552624702,1312,12,0.9431945538974952,0
478,2,3,2,0.6171689884690075,1182,12,0.8884502877862838,0
669,2,3,2,0.4102615616404595,1473,12,0.8884502877862838,0
462,5,3,2,0.0680685095778612,1464,12,0.9431945538974952,0
565,2,3,2,1.046899798035991,1296,12,0.8884502877862838,0
445,2,3,2,0.6291059554014237,1179,12,0.8884502877862838,0
542,2,3,2,0.7882655145003066,1212,12,0.9431945538974952,0
412,6,3,2,0.3028288592487136,1467,12,0.9431945538974952,0
716,5,3,2,0.3744506608432109,1757,12,0.9431945538974952,0
538,2,3,2,0.5336102199420939,1087,12,0.8884502877862838,0
469,6,3,2,0.8956982168920526,1045,12,0.8884502877862838,0
721,2,3,2,0.4062825726629875,1602,12,0.8884502877862838,0
556,6,3,2,0.5216732530096777,1326,12,0.8884502877862838,0
440,2,3,2,1.030983842126103,1372,12,0.8884502877862838,0
520,2,3,2,0.8200974263200832,1084,12,0.8884502877862838,0
634,6,3,2,0.6768538231310886,1427,12,0.9431945538974952,0
566,2,3,2,0.5455471868745101,1263,12,0.8884502877862838,0
532,2,3,2,0.8200974263200832,1164,12,0.8884502877862838,0
472,5,3,2,0.8479503491623878,1169,12,0.9431945538974952,0
424,2,3,2,0.3545557159558505,1120,12,0.9431945538974952,0
521,6,3,2,0.9911939523513824,1050,12,0.9431945538974952,0
707,5,3,2,0.004404685938308,1619,12,0.8884502877862838,0
472,5,3,2,0.8439713601849157,1225,12,0.8884502877862838,0
699,2,3,2,0.1993751458344396,1635,12,0.8884502877862838,0
638,6,3,2,0.1595852560597189,1432,12,0.8884502877862838,0
596,5,3,2,0.1308809392957424,1569,12,0.9431945538974952,0
395,6,3,2,0.9514040625766615,903,12,0.9431945538974952,0
676,2,3,2,0.7842865255228345,1488,12,0.8884502877862838,0
609,6,3,2,0.3863876277756271,1421,12,0.8884502877862838,0
505,2,3,2,0.3227238041360739,1301,12,0.8884502877862838,0
896,5,3,2,0.0242996308256684,1464,12,0.9431945538974952,0
597,2,3,2,0.1826077960028794,1496,12,0.9431945538974952,0
454,6,3,2,0.8280554042750273,1151,12,0.9431945538974952,0
809,2,3,2,0.2988498702712415,1605,12,0.9431945538974952,0
423,5,3,2,0.3983245947080434,1459,12,0.8884502877862838,0
760,2,3,2,0.1237743552624702,1620,12,0.8884502877862838,0
622,5,3,2,0.0004256969608359,1430,12,0.9431945538974952,0
569,5,3,2,0.111837388330054,1241,12,0.8884502877862838,0
458,6,3,2,1.1742274453150978,1126,12,0.8884502877862838,0
296,2,3,2,0.8121394483651391,1279,12,0.9431945538974952,0
453,5,3,2,0.5296312309646218,1447,12,0.8884502877862838,0
306,6,3,2,1.1264795775854328,780,12,0.8884502877862838,0
760,5,3,2,0.5734001097168147,1318,12,0.8884502877862838,0
590,2,3,2,0.3107868372036577,1531,12,0.9431945538974952,0
674,6,3,2,0.6251269664239516,1346,12,0.9431945538974952,0
580,5,3,2,0.3744506608432109,1202,12,0.9431945538974952,0
435,5,3,2,0.7246016908607534,1534,12,0.8884502877862838,0
532,2,3,2,0.4540304403926524,1326,12,0.9431945538974952,0
630,2,3,2,0.1985237519127677,1571,12,0.9431945538974952,0
655,2,3,2,0.3227238041360739,1165,12,0.8884502877862838,0
465,6,3,2,1.0031309192837985,1236,12,0.8884502877862838,0
415,2,3,2,0.9235511397343572,1074,12,0.9431945538974952,0
555,2,3,2,0.1516272781047747,1542,12,0.8884502877862838,0
533,6,3,2,0.6330849443788957,1206,12,0.8884502877862838,0
701,5,3,2,0.2829339143613532,1090,12,0.8884502877862838,0
574,5,3,2,0.3664926828882667,1307,12,0.8884502877862838,0
581,6,3,2,0.5097362860772614,1491,12,0.9431945538974952,0
352,2,3,2,0.2670179584514649,1349,12,0.9431945538974952,0
630,6,3,2,0.2431440245866324,1350,12,0.8884502877862838,0
539,6,3,2,0.1516272781047747,1502,12,0.8884502877862838,0
406,5,3,2,1.1583114894052096,1282,12,0.8884502877862838,0
458,2,3,2,0.2511020025415766,1375,12,0.9431945538974952,0
549,2,3,2,0.0194692479265244,1488,12,0.8884502877862838,0
510,6,3,2,0.4540304403926524,1204,12,0.8884502877862838,0
466,5,3,2,0.1436693001498306,1639,12,0.8884502877862838,0
546,2,3,2,0.2511020025415766,1417,12,0.8884502877862838,0
751,2,3,2,0.0075322809941081,1356,12,0.9431945538974952,0
726,5,3,2,0.2502506086199046,1286,12,0.9431945538974952,0
687,6,3,2,0.0521525536679729,1369,12,0.9431945538974952,0
731,5,3,2,0.3068078482261857,1347,12,0.8884502877862838,0
605,2,3,2,0.0910910495210217,1605,12,0.9431945538974952,0
511,5,3,2,0.4460724624377082,1403,12,0.8884502877862838,0
825,2,3,2,0.3616622999891227,1632,12,0.8884502877862838,0
593,2,3,2,0.1595852560597189,1460,12,0.8884502877862838,0
545,5,3,2,0.6410429223338399,1374,12,0.9431945538974952,0
472,6,3,2,0.8956982168920526,1253,12,0.9431945538974952,0
600,2,3,2,0.5137152750547335,1306,12,0.8884502877862838,0
464,6,3,2,0.8519293381398598,1181,12,0.9431945538974952,0
532,2,3,2,0.1428179062281586,1622,12,0.9431945538974952,0
549,2,3,2,0.2033541348119117,1268,12,0.9431945538974952,0
496,2,3,2,0.1874381789020234,1152,12,0.8884502877862838,0
612,5,3,2,0.5495261758519822,1466,12,0.8884502877862838,0
528,2,3,2,1.2697231807744276,898,12,0.9431945538974952,0
620,2,3,2,0.4580094293701244,1491,12,0.8884502877862838,0
658,6,3,2,0.5535051648294542,1284,12,0.8884502877862838,0
472,2,3,2,0.3983245947080434,1348,12,0.8884502877862838,0
450,2,3,2,0.3704716718657388,1177,12,0.8884502877862838,0
726,6,3,2,0.5296312309646218,1429,12,0.9431945538974952,0
350,2,3,2,0.8280554042750273,1359,12,0.9431945538974952,0
388,6,3,2,0.7604125916580021,1135,12,0.8884502877862838,0
590,2,3,2,0.6092110105140632,1077,12,0.8884502877862838,0
657,2,3,2,0.5216732530096777,1172,12,0.9431945538974952,0
509,5,3,2,0.0879634544652216,1276,12,0.9431945538974952,0
460,2,3,2,0.8758032720046922,838,12,0.8884502877862838,0
686,2,3,2,0.2462716196424326,1473,12,0.8884502877862838,0
375,6,3,2,0.5893160656267029,1507,12,0.9431945538974952,0
678,6,3,2,0.6330849443788957,1124,12,0.8884502877862838,0
588,5,3,2,0.0402155867355567,1279,12,0.8884502877862838,0
929,2,3,2,0.4372630905610921,1875,12,0.8884502877862838,0
367,5,3,2,0.6211479774464795,1139,12,0.9431945538974952,0
555,6,3,2,0.4062825726629875,1146,12,0.8884502877862838,0
381,5,3,2,0.4540304403926524,1137,12,0.9431945538974952,0
488,6,3,2,1.2617652028194837,1121,12,0.9431945538974952,0
730,6,3,2,0.9235511397343572,1310,12,0.8884502877862838,0
549,5,3,2,0.9076351838244688,1401,12,0.8884502877862838,0
714,5,3,2,0.4977993191448452,1414,12,0.9431945538974952,0
525,5,3,2,0.060110531622917,1407,12,0.8884502877862838,0
631,2,3,2,0.9275301287118292,1311,12,0.8884502877862838,0
342,6,3,2,1.3095130705491482,1015,12,0.9431945538974952,0
508,6,3,2,1.1782064342925698,1104,12,0.9431945538974952,0
570,2,3,2,0.5535051648294542,1402,12,0.8884502877862838,0
741,2,3,2,0.6083596165923914,2023,12,0.9431945538974952,0
263,5,3,2,1.1185215996304887,1025,12,0.9431945538974952,0
447,2,3,2,1.0667947429233515,947,12,0.9431945538974952,0
589,6,3,2,0.652979889266256,1463,12,0.9431945538974952,0
728,6,3,2,0.6649168561986724,1284,12,0.8884502877862838,0
634,5,3,2,0.2621875755523209,1663,12,0.9431945538974952,0
744,2,3,2,0.10700700543091,1686,12,0.9431945538974952,0
676,2,3,2,0.2351860466316883,1321,12,0.8884502877862838,0
504,2,3,2,0.3068078482261857,1249,12,0.9431945538974952,0
652,5,3,2,0.5097362860772614,1401,12,0.8884502877862838,0
568,6,3,2,0.0640895206003891,1376,12,0.9431945538974952,0
622,5,3,2,0.0314062148589406,1456,12,0.8884502877862838,0
553,5,3,2,0.5216732530096777,1188,12,0.8884502877862838,0
476,2,3,2,0.4381144844827641,1361,12,0.8884502877862838,0
471,2,3,2,0.9911939523513824,1018,12,0.8884502877862838,0
768,6,3,2,0.7922445034777786,1386,12,0.8884502877862838,0
609,6,3,2,0.2033541348119117,1455,12,0.8884502877862838,0
412,5,3,2,0.7126647239283372,1381,12,0.9431945538974952,0
663,6,3,2,0.1945447629352956,1524,12,0.9431945538974952,0
374,6,3,2,1.2140173350898185,921,12,0.9431945538974952,0
712,6,3,2,0.0672171156561892,1627,12,0.8884502877862838,0
705,2,3,2,0.485862352212429,1150,12,0.8884502877862838,0
456,6,3,2,0.6450219113113119,1367,12,0.8884502877862838,0
332,5,3,2,0.485862352212429,1404,12,0.9431945538974952,0
550,6,3,2,0.111837388330054,1459,12,0.9431945538974952,0
355,2,3,2,1.090668676788184,1191,12,0.9431945538974952,0
859,2,3,2,0.979256985418966,1204,12,0.8884502877862838,0
772,6,3,2,0.1189439723633262,1569,12,0.9431945538974952,0
484,2,3,2,0.2908918923162973,1529,12,0.8884502877862838,0
452,6,3,2,0.8797822609821643,1107,12,0.9431945538974952,0
867,5,3,2,0.0234482369039964,1397,12,0.8884502877862838,0
650,5,3,2,0.8280554042750273,1086,12,0.8884502877862838,0
719,2,3,2,0.1516272781047747,1327,12,0.9431945538974952,0
754,5,3,2,0.9514040625766615,1140,12,0.8884502877862838,0
388,6,3,2,0.6251269664239516,1393,12,0.9431945538974952,0
635,5,3,2,0.1507758841831028,1658,12,0.9431945538974952,0
531,2,3,2,0.8996772058695247,1174,12,0.9431945538974952,0
666,5,3,2,0.1595852560597189,1464,12,0.9431945538974952,0
423,5,3,2,0.3386397600459622,1655,12,0.8884502877862838,0
492,6,3,2,0.5535051648294542,1381,12,0.8884502877862838,0
569,5,3,2,0.7325596688156976,1005,12,0.9431945538974952,0
737,2,3,2,0.1149649833858541,1625,12,0.8884502877862838,0
407,6,3,2,0.167543234014663,1415,12,0.9431945538974952,0
503,2,3,2,1.019046875193687,1008,12,0.8884502877862838,0
495,5,3,2,0.4023035836855154,1292,12,0.9431945538974952,0
560,2,3,2,0.4420934734602362,1497,12,0.8884502877862838,0
518,5,3,2,0.0393641928138847,1536,12,0.8884502877862838,0
465,5,3,2,0.6370639333563678,1286,12,0.8884502877862838,0
508,5,3,2,0.274975936406409,1431,12,0.8884502877862838,0
643,2,3,2,0.1038794103751098,1487,12,0.9431945538974952,0
698,6,3,2,0.0999004213976378,1305,12,0.9431945538974952,0
625,6,3,2,0.7086857349508652,1238,12,0.9431945538974952,0
573,2,3,2,0.5893160656267029,1082,12,0.8884502877862838,0
873,5,3,2,0.1030280164534379,1738,12,0.8884502877862838,0
628,6,3,2,0.2351860466316883,1379,12,0.8884502877862838,0
497,2,3,2,0.4221985285728758,1341,12,0.8884502877862838,0
418,6,3,2,0.7047067459733931,1394,12,0.9431945538974952,0
623,2,3,2,0.8718242830272201,1335,12,0.8884502877862838,0
461,5,3,2,0.2670179584514649,1482,12,0.8884502877862838,0
620,5,3,2,0.3704716718657388,1677,12,0.8884502877862838,0
737,5,3,2,0.2152911017443279,1304,12,0.8884502877862838,0
475,2,3,2,0.0282786198031404,1641,12,0.8884502877862838,0
624,5,3,2,0.7484756247255858,1456,12,0.9431945538974952,0
427,2,3,2,0.963341029509078,1123,12,0.9431945538974952,0
569,6,3,2,0.4779043742574848,1192,12,0.9431945538974952,0
525,2,3,2,0.1826077960028794,1340,12,0.8884502877862838,0
567,5,3,2,0.5495261758519822,1266,12,0.8884502877862838,0
555,5,3,2,0.0999004213976378,1479,12,0.8884502877862838,0
503,6,3,2,0.9514040625766615,1139,12,0.8884502877862838,0
669,6,3,2,0.6569588782437281,1319,12,0.8884502877862838,0
297,6,3,2,0.2152911017443279,1368,12,0.8884502877862838,0
682,6,3,2,0.1357113221948865,1540,12,0.8884502877862838,0
587,5,3,2,0.2511020025415766,1380,12,0.8884502877862838,0
498,2,3,2,0.6410429223338399,1411,12,0.8884502877862838,0
497,6,3,2,0.8956982168920526,1379,12,0.9431945538974952,0
579,5,3,2,0.1914171678794955,1353,12,0.8884502877862838,0
519,5,3,2,0.1666918400929911,1584,12,0.9431945538974952,0
504,6,3,2,1.08271069883324,936,12,0.8884502877862838,0
572,6,3,2,0.8877402389371084,1305,12,0.8884502877862838,0
492,5,3,2,0.4500514514151803,1577,12,0.8884502877862838,0
569,2,3,2,0.5654421317618704,1365,12,0.9431945538974952,0
570,6,3,2,0.2940194873720975,1645,12,0.9431945538974952,0
222,6,3,2,1.50448353044528,1020,12,0.8884502877862838,0
500,2,3,2,0.8917192279145806,971,12,0.8884502877862838,0
409,2,3,2,1.3731768941887017,916,12,0.9431945538974952,0
607,2,3,2,0.4779043742574848,1271,12,0.9431945538974952,0
443,2,3,2,0.5057572970997893,1492,12,0.8884502877862838,0
464,5,3,2,1.2299332909997067,1038,12,0.9431945538974952,0
683,6,3,2,0.6092110105140632,1373,12,0.8884502877862838,0
372,5,3,2,0.7763285475678904,1035,12,0.8884502877862838,0
319,5,3,2,0.0083836749157801,671,12,0.9431945538974952,0
328,5,3,2,0.1865867849803515,652,7,0.9431945538974952,0
343,5,3,2,0.4770529803358129,770,7,0.9431945538974952,0
231,5,3,2,0.270145553507265,724,12,0.9431945538974952,0
317,5,3,2,0.2781035314622092,791,12,0.9431945538974952,0
402,5,3,2,0.6561074843220562,737,7,0.9431945538974952,0
343,5,3,2,0.0871120605435496,677,7,0.9431945538974952,0
280,5,3,2,0.2431440245866324,582,12,0.9431945538974952,0
287,5,3,2,0.0871120605435496,674,12,0.9431945538974952,0
365,5,3,2,0.321872410214402,648,12,0.9431945538974952,0
373,5,3,2,0.1467968952056307,602,12,0.9431945538974952,0
296,5,3,2,0.2343346527100163,837,7,0.9431945538974952,0
281,5,3,2,0.0314062148589406,567,12,0.9431945538974952,0
366,5,3,2,0.111837388330054,570,7,0.9431945538974952,0
265,5,3,2,0.0791540825886055,650,7,0.9431945538974952,0
250,5,3,2,0.5685697268176706,824,12,0.9431945538974952,0
278,5,3,2,0.0314062148589406,659,12,0.9431945538974952,0
383,5,3,2,0.1467968952056307,717,12,0.9431945538974952,0
261,5,3,2,0.0473221707688289,618,7,0.9431945538974952,0
243,5,3,2,0.1865867849803515,754,7,0.9431945538974952,0
278,5,3,2,0.0800054765102774,639,7,0.9431945538974952,0
244,5,3,2,0.0075322809941081,573,12,0.9431945538974952,0
408,5,3,2,0.2621875755523209,791,12,0.9431945538974952,0
251,5,3,2,0.0083836749157801,623,7,0.9431945538974952,0
268,5,3,2,0.2940194873720975,683,7,0.9431945538974952,0
287,5,3,2,0.1985237519127677,609,7,0.9431945538974952,0
272,5,3,2,0.2351860466316883,690,12,0.9431945538974952,0
401,5,3,2,0.5168428701105336,807,7,0.9431945538974952,0
298,5,3,2,0.0720474985553333,568,12,0.9431945538974952,0
365,5,3,2,0.1945447629352956,693,12,0.9431945538974952,0
283,5,3,2,0.2064817298677118,679,12,0.9431945538974952,0
275,5,3,2,0.2343346527100163,568,7,0.9431945538974952,0
312,5,3,2,0.3099354432819858,815,12,0.9431945538974952,0
375,5,3,2,0.270145553507265,743,12,0.9431945538974952,0
291,5,3,2,0.1269019503182704,601,12,0.9431945538974952,0
252,5,3,2,0.3576833110116507,754,12,0.9431945538974952,0
381,5,3,2,0.214439707822656,712,7,0.9431945538974952,0
300,5,3,2,0.3258513991918741,787,7,0.9431945538974952,0
279,5,3,2,0.0402155867355567,598,7,0.9431945538974952,0
268,5,3,2,0.0163416528707242,658,12,0.9431945538974952,0
394,5,3,2,0.2741245424847371,679,12,0.9431945538974952,0
301,5,3,2,0.321872410214402,725,7,0.9431945538974952,0
279,5,3,2,0.0831330715660775,579,12,0.9431945538974952,0
278,5,3,2,0.1308809392957424,614,7,0.9431945538974952,0
299,5,3,2,0.1914171678794955,521,12,0.9431945538974952,0
338,5,3,2,0.4094101677187876,774,7,0.9431945538974952,0
231,5,3,2,0.0720474985553333,653,7,0.9431945538974952,0
334,5,3,2,0.056131542645445,794,12,0.9431945538974952,0
188,5,3,2,0.3147658261811298,484,12,0.9431945538974952,0
325,5,3,2,0.0592591377012451,744,7,0.9431945538974952,0
281,5,3,2,0.0919424434426936,653,7,0.9431945538974952,0
313,5,3,2,0.2820825204396813,719,12,0.9431945538974952,0
352,5,3,2,0.2860615094171533,625,12,0.9431945538974952,0
340,5,3,2,0.214439707822656,751,12,0.9431945538974952,0
340,5,3,2,0.0154902589490523,707,7,0.9431945538974952,0
360,5,3,2,0.3696202779440669,734,12,0.9431945538974952,0
271,5,3,2,0.1953961568569676,599,7,0.9431945538974952,0
230,5,3,2,0.3457463440792345,725,12,0.9431945538974952,0
259,5,3,2,0.1348599282732145,614,12,0.9431945538974952,0
375,5,3,2,0.4253261236286759,793,7,0.9431945538974952,0
293,5,3,2,0.2184186968001281,674,12,0.9431945538974952,0
260,5,3,2,0.1229229613407983,608,7,0.9431945538974952,0
183,5,3,2,0.1794802009470793,533,12,0.9431945538974952,0
316,5,3,2,0.0393641928138847,623,12,0.9431945538974952,0
296,5,3,2,0.0760264875328053,663,12,0.9431945538974952,0
307,5,3,2,0.1308809392957424,632,12,0.9431945538974952,0
293,5,3,2,0.0711961046336613,659,12,0.9431945538974952,0
354,5,3,2,0.6043806276149193,806,12,0.9431945538974952,0
329,5,3,2,0.2502506086199046,721,7,0.9431945538974952,0
310,5,3,2,0.167543234014663,658,7,0.9431945538974952,0
394,5,3,2,0.266166564529793,731,12,0.9431945538974952,0
292,5,3,2,0.0035532920166361,565,7,0.9431945538974952,0
313,5,3,2,0.055280148723773,695,12,0.9431945538974952,0
172,5,3,2,0.0632381266787172,441,7,0.9431945538974952,0
274,5,3,2,0.0433431817913568,739,7,0.9431945538974952,0
359,5,3,2,0.4412420795385642,758,12,0.9431945538974952,0
274,5,3,2,0.0950700384984938,622,12,0.9431945538974952,0
304,5,3,2,0.2104607188451839,701,12,0.9431945538974952,0
256,5,3,2,0.0322576087806125,619,7,0.9431945538974952,0
188,5,3,2,0.1794802009470793,562,7,0.9431945538974952,0
300,5,3,2,0.1388389172506866,695,12,0.9431945538974952,0
376,5,3,2,0.1109859944083821,738,12,0.9431945538974952,0
268,5,3,2,0.0831330715660775,842,12,0.9431945538974952,0
389,5,3,2,0.5168428701105336,879,12,0.9431945538974952,0
207,5,3,2,0.1914171678794955,548,7,0.9431945538974952,0
296,5,3,2,0.2900404983946254,710,12,0.9431945538974952,0
317,5,3,2,0.0441945757130287,718,7,0.9431945538974952,0
377,5,3,2,0.2542295975973768,730,7,0.9431945538974952,0
289,5,3,2,0.0592591377012451,673,12,0.9431945538974952,0
282,5,3,2,0.1794802009470793,574,12,0.9431945538974952,0
370,5,3,2,0.2582085865748488,766,12,0.9431945538974952,0
253,5,3,2,0.0402155867355567,617,12,0.9431945538974952,0
332,5,3,2,0.1786288070254073,582,7,0.9431945538974952,0
344,5,3,2,0.1746498180479352,681,12,0.9431945538974952,0
263,5,3,2,0.0362365977580846,640,12,0.9431945538974952,0
273,5,3,2,0.2820825204396813,714,12,0.9431945538974952,0
315,5,3,2,0.0203206418481963,699,12,0.9431945538974952,0
313,5,3,2,0.2343346527100163,604,7,0.9431945538974952,0
283,5,3,2,0.3338093771468182,681,7,0.9431945538974952,0
302,5,3,2,0.1428179062281586,617,7,0.9431945538974952,0
290,5,3,2,0.0720474985553333,625,7,0.9431945538974952,0
252,5,3,2,0.1755012119696072,578,12,0.9431945538974952,0
305,5,3,2,0.3059564543045137,739,12,0.9431945538974952,0
259,5,3,2,0.0433431817913568,684,12,0.9431945538974952,0
369,5,3,2,0.6202965835248075,792,12,0.9431945538974952,0
349,5,3,2,0.2263766747550722,809,12,0.9431945538974952,0
245,5,3,2,0.2073331237893838,596,7,0.9431945538974952,0
370,5,3,2,0.3974732007863714,751,12,0.9431945538974952,0
296,5,3,2,0.4492000574935084,812,12,0.9431945538974952,0
208,5,3,2,0.1277533442399423,634,7,0.9431945538974952,0
342,5,3,2,0.1905657739578236,774,12,0.9431945538974952,0
267,5,3,2,0.0879634544652216,605,7,0.9431945538974952,0
230,5,3,2,0.2064817298677118,674,12,0.9431945538974952,0
362,5,3,2,0.0871120605435496,658,12,0.9431945538974952,0
287,5,3,2,0.0910910495210217,589,12,0.9431945538974952,0
298,5,3,2,0.1826077960028794,717,12,0.9431945538974952,0
277,5,3,2,0.0791540825886055,766,7,0.9431945538974952,0
284,5,3,2,0.1189439723633262,699,7,0.9431945538974952,0
294,5,3,2,0.4014521897638435,770,7,0.9431945538974952,0
339,5,3,2,0.1308809392957424,736,7,0.9431945538974952,0
290,5,3,2,0.0163416528707242,658,12,0.9431945538974952,0
239,5,3,2,0.2979984763495695,651,12,0.9431945538974952,0
288,5,3,2,0.2223976857776001,719,12,0.9431945538974952,0
337,5,3,2,0.1746498180479352,762,12,0.9431945538974952,0
375,5,3,2,0.060110531622917,633,12,0.9431945538974952,0
320,5,3,2,0.2582085865748488,691,12,0.9431945538974952,0
334,5,3,2,0.4611370244259246,684,7,0.9431945538974952,0
269,5,3,2,0.0393641928138847,712,7,0.9431945538974952,0
326,5,3,2,0.2064817298677118,692,7,0.9431945538974952,0
221,5,3,2,0.0353852038364127,605,12,0.9431945538974952,0
290,5,3,2,0.3457463440792345,696,7,0.9431945538974952,0
282,5,3,2,0.056131542645445,664,12,0.9431945538974952,0
328,5,3,2,0.0711961046336613,709,7,0.9431945538974952,0
312,5,3,2,0.2104607188451839,807,7,0.9431945538974952,0
313,5,3,2,0.0791540825886055,658,12,0.9431945538974952,0
305,5,3,2,0.1874381789020234,626,7,0.9431945538974952,0
176,5,3,2,0.0362365977580846,657,12,0.9431945538974952,0
315,5,3,2,0.1030280164534379,639,12,0.9431945538974952,0
303,5,3,2,0.2192700907218,609,12,0.9431945538974952,0
307,5,3,2,0.0592591377012451,629,12,0.9431945538974952,0
358,5,3,2,0.3099354432819858,795,7,0.9431945538974952,0
223,5,3,2,0.0242996308256684,563,7,0.9431945538974952,0
320,5,3,2,0.0910910495210217,799,7,0.9431945538974952,0
220,5,3,2,0.1149649833858541,611,7,0.9431945538974952,0
236,5,3,2,0.0242996308256684,652,7,0.9431945538974952,0
243,5,3,2,0.056131542645445,639,12,0.9431945538974952,0
216,5,3,2,0.4054311787413155,786,12,0.9431945538974952,0
318,5,3,2,0.2462716196424326,725,7,0.9431945538974952,0
290,5,3,2,0.055280148723773,657,12,0.9431945538974952,0
301,5,3,2,0.0004256969608359,747,12,0.9431945538974952,0
356,5,3,2,0.0035532920166361,782,12,0.9431945538974952,0
289,5,3,2,0.0990490274759658,814,12,0.9431945538974952,0
299,5,3,2,0.0075322809941081,702,7,0.9431945538974952,0
270,5,3,2,0.1953961568569676,554,7,0.9431945538974952,0
312,5,3,2,0.0950700384984938,648,12,0.9431945538974952,0
266,5,3,2,0.5017783081223173,531,12,0.9431945538974952,0
341,5,3,2,0.2542295975973768,816,7,0.9431945538974952,0
285,5,3,2,0.1865867849803515,673,12,0.9431945538974952,0
348,5,3,2,0.0831330715660775,704,12,0.9431945538974952,0
273,5,3,2,0.158733862138047,615,7,0.9431945538974952,0
223,5,3,2,0.1109859944083821,563,7,0.9431945538974952,0
308,5,3,2,0.1826077960028794,683,7,0.9431945538974952,0
309,5,3,2,0.3059564543045137,678,7,0.9431945538974952,0
344,5,3,2,0.056131542645445,536,7,0.9431945538974952,0
367,5,3,2,0.1467968952056307,732,12,0.9431945538974952,0
382,5,3,2,0.4651160134033967,694,12,0.9431945538974952,0
350,5,3,2,0.3934942118088994,768,7,0.9431945538974952,0
257,5,3,2,0.2471230135641045,568,7,0.9431945538974952,0
339,5,3,2,0.0362365977580846,632,7,0.9431945538974952,0
326,5,3,2,0.0513011597463009,647,7,0.9431945538974952,0
235,5,3,2,0.0760264875328053,696,7,0.9431945538974952,0
328,5,3,2,0.2073331237893838,688,7,0.9431945538974952,0
331,5,3,2,0.3059564543045137,774,7,0.9431945538974952,0
356,5,3,2,0.2900404983946254,756,12,0.9431945538974952,0
279,5,3,2,0.0950700384984938,644,7,0.9431945538974952,0
298,5,3,2,0.0194692479265244,640,7,0.9431945538974952,0
308,5,3,2,0.0592591377012451,676,7,0.9431945538974952,0
306,5,3,2,0.1109859944083821,621,7,0.9431945538974952,0
300,5,3,2,0.214439707822656,801,7,0.9431945538974952,0
366,5,3,2,0.3934942118088994,819,7,0.9431945538974952,0
236,5,3,2,0.1755012119696072,595,7,0.9431945538974952,0
341,5,3,2,0.1308809392957424,658,7,0.9431945538974952,0
328,5,3,2,0.2391650356091604,603,12,0.9431945538974952,0
315,5,3,2,0.0672171156561892,759,12,0.9431945538974952,0
267,5,3,2,0.0751750936111334,602,7,0.9431945538974952,0
286,5,3,2,0.2104607188451839,757,12,0.9431945538974952,0
282,5,3,2,0.0203206418481963,663,12,0.9431945538974952,0
367,5,3,2,0.4889899472682291,738,7,0.9431945538974952,0
259,5,3,2,0.0791540825886055,683,7,0.9431945538974952,0
366,5,3,2,0.0322576087806125,680,7,0.9431945538974952,0
330,5,3,2,0.2582085865748488,733,12,0.9431945538974952,0
306,5,3,2,0.0433431817913568,648,12,0.9431945538974952,0
266,5,3,2,0.2988498702712415,544,7,0.9431945538974952,0
261,5,3,2,0.2462716196424326,630,12,0.9431945538974952,0
398,5,3,2,0.5168428701105336,852,12,0.9431945538974952,0
177,5,3,2,0.0760264875328053,552,7,0.9431945538974952,0
397,5,3,2,0.5128638811330616,816,7,0.9431945538974952,0
313,5,3,2,0.0839844654877495,680,12,0.9431945538974952,0
237,5,3,2,0.1953961568569676,604,7,0.9431945538974952,0
242,5,3,2,0.0035532920166361,623,12,0.9431945538974952,0
317,5,3,2,0.4054311787413155,744,12,0.9431945538974952,0
403,5,3,2,0.2502506086199046,770,12,0.9431945538974952,0
256,5,3,2,0.1229229613407983,632,7,0.9431945538974952,0
309,5,3,2,0.2104607188451839,810,7,0.9431945538974952,0
241,5,3,2,0.3895152228314272,718,12,0.9431945538974952,0
297,5,3,2,0.1945447629352956,625,12,0.9431945538974952,0
374,5,3,2,0.1905657739578236,858,12,0.9431945538974952,0
314,5,3,2,0.0154902589490523,800,7,0.9431945538974952,0
299,5,3,2,0.3099354432819858,646,12,0.9431945538974952,0
295,5,3,2,0.004404685938308,659,12,0.9431945538974952,0
360,5,3,2,0.1149649833858541,695,7,0.9431945538974952,0
271,5,3,2,0.0274272258814685,731,7,0.9431945538974952,0
407,5,3,2,0.3934942118088994,871,7,0.9431945538974952,0
311,5,3,2,0.1746498180479352,693,12,0.9431945538974952,0
320,5,3,2,0.0871120605435496,601,7,0.9431945538974952,0
289,5,3,2,0.0035532920166361,671,7,0.9431945538974952,0
339,5,3,2,0.0632381266787172,704,7,0.9431945538974952,0
298,5,3,2,0.1348599282732145,601,12,0.9431945538974952,0
216,5,3,2,0.0751750936111334,607,12,0.9431945538974952,0
332,5,3,2,0.4730739913583408,913,12,0.9431945538974952,0
297,5,3,2,0.2303556637325443,749,7,0.9431945538974952,0
266,5,3,2,0.2869129033388253,529,7,0.9431945538974952,0
347,5,3,2,0.3019774653270416,613,7,0.9431945538974952,0
178,5,3,2,0.1189439723633262,629,12,0.9431945538974952,0
402,5,3,2,0.1476482891273027,677,7,0.9431945538974952,0
295,5,3,2,0.0879634544652216,669,7,0.9431945538974952,0
354,5,3,2,0.214439707822656,732,7,0.9431945538974952,0
311,5,3,2,0.0680685095778612,692,12,0.9431945538974952,0
291,5,3,2,0.2860615094171533,745,12,0.9431945538974952,0
257,5,3,2,0.1945447629352956,737,7,0.9431945538974952,0
182,5,3,2,0.0521525536679729,571,12,0.9431945538974952,0
357,5,3,2,0.3099354432819858,745,7,0.9431945538974952,0
328,5,3,2,0.0839844654877495,616,7,0.9431945538974952,0
309,5,3,2,0.1865867849803515,709,12,0.9431945538974952,0
338,5,3,2,0.2860615094171533,822,7,0.9431945538974952,0
278,5,3,2,0.4253261236286759,747,7,0.9431945538974952,0
321,5,3,2,0.0433431817913568,717,7,0.9431945538974952,0
333,5,3,2,0.1985237519127677,718,7,0.9431945538974952,0
356,5,3,2,0.2502506086199046,692,12,0.9431945538974952,0
310,5,3,2,0.1706708290704632,742,12,0.9431945538974952,0
237,5,3,2,0.0513011597463009,742,12,0.9431945538974952,0
273,5,3,2,0.1467968952056307,800,7,0.9431945538974952,0
364,5,3,2,0.5685697268176706,887,12,0.9431945538974952,0
324,5,3,2,0.0720474985553333,656,12,0.9431945538974952,0
297,5,3,2,0.2422926306649605,661,12,0.9431945538974952,0
296,5,3,2,0.0203206418481963,718,7,0.9431945538974952,0
280,5,3,2,0.0839844654877495,622,12,0.9431945538974952,0
329,5,3,2,0.056131542645445,638,7,0.9431945538974952,0
257,5,3,2,0.3178934212369299,725,7,0.9431945538974952,0
353,5,3,2,0.1993751458344396,686,12,0.9431945538974952,0
356,5,3,2,0.6799814181868887,790,12,0.9431945538974952,0
315,5,3,2,0.536737814997894,839,7,0.9431945538974952,0
269,5,3,2,0.0959214324201657,529,12,0.9431945538974952,0
264,5,3,2,0.1317323332174144,644,7,0.9431945538974952,0
232,5,3,2,0.3187448151586018,509,7,0.9431945538974952,0
348,5,3,2,0.1945447629352956,603,12,0.9431945538974952,0
233,5,3,2,0.0234482369039964,639,12,0.9431945538974952,0
304,5,3,2,0.3656412889665948,821,7,0.9431945538974952,0
379,5,3,2,0.6680444512544724,884,12,0.9431945538974952,0
398,5,3,2,0.3855362338539552,745,7,0.9431945538974952,0
277,5,3,2,0.2940194873720975,763,12,0.9431945538974952,0
311,5,3,2,0.0672171156561892,659,7,0.9431945538974952,0
259,5,3,2,0.0680685095778612,662,12,0.9431945538974952,0
220,5,3,2,0.1556062670822468,641,7,0.9431945538974952,0
221,5,3,2,0.2152911017443279,669,7,0.9431945538974952,0
253,5,3,2,0.0879634544652216,598,12,0.9431945538974952,0
253,5,3,2,0.2471230135641045,603,7,0.9431945538974952,0
358,5,3,2,0.3815572448764831,776,12,0.9431945538974952,0
280,5,3,2,0.0402155867355567,721,12,0.9431945538974952,0
292,5,3,2,0.3019774653270416,733,7,0.9431945538974952,0
272,5,3,2,0.10700700543091,647,7,0.9431945538974952,0
370,5,3,2,0.2064817298677118,746,12,0.9431945538974952,0
374,5,3,2,0.4372630905610921,830,12,0.9431945538974952,0
356,5,3,2,0.5009269142006454,771,7,0.9431945538974952,0
297,5,3,2,0.0751750936111334,677,12,0.9431945538974952,0
249,5,3,2,0.382408638798155,459,7,0.9431945538974952,0
311,5,3,2,0.0839844654877495,763,7,0.9431945538974952,0
336,5,3,2,0.2670179584514649,545,7,0.9431945538974952,0
320,5,3,2,0.2033541348119117,685,7,0.9431945538974952,0
346,5,3,2,0.3616622999891227,770,12,0.9431945538974952,0
343,5,3,2,0.158733862138047,694,12,0.9431945538974952,0
290,5,3,2,0.2383136416874884,647,7,0.9431945538974952,0
331,5,3,2,0.0203206418481963,566,7,0.9431945538974952,0
351,5,3,2,0.3019774653270416,814,7,0.9431945538974952,0
265,5,3,2,0.2940194873720975,658,7,0.9431945538974952,0
341,5,3,2,0.0800054765102774,695,7,0.9431945538974952,0
332,5,3,2,0.3537043220341786,699,7,0.9431945538974952,0
290,5,3,2,0.0194692479265244,735,12,0.9431945538974952,0
302,5,3,2,0.1269019503182704,681,12,0.9431945538974952,0
379,5,3,2,0.2502506086199046,759,7,0.9431945538974952,0
295,5,3,2,0.111837388330054,637,12,0.9431945538974952,0
367,5,3,2,0.5606117488627265,838,12,0.9431945538974952,0
294,5,3,2,0.3497253330567065,804,12,0.9431945538974952,0
294,5,3,2,0.2343346527100163,688,12,0.9431945538974952,0
380,5,3,2,0.2223976857776001,783,12,0.9431945538974952,0
309,5,3,2,0.2471230135641045,577,7,0.9431945538974952,0
280,5,3,2,0.1826077960028794,611,7,0.9431945538974952,0
341,5,3,2,0.3895152228314272,687,12,0.9431945538974952,0
371,5,3,2,0.3656412889665948,758,12,0.9431945538974952,0
357,5,3,2,0.3139144322594578,691,12,0.9431945538974952,0
262,5,3,2,0.0711961046336613,650,7,0.9431945538974952,0
311,5,3,2,0.2741245424847371,683,7,0.9431945538974952,0
306,5,3,2,0.274975936406409,603,7,0.9431945538974952,0
279,5,3,2,0.0402155867355567,659,7,0.9431945538974952,0
288,5,3,2,0.1507758841831028,597,12,0.9431945538974952,0
337,5,3,2,0.1547548731605749,787,7,0.9431945538974952,0
329,5,3,2,0.4929689362457012,839,12,0.9431945538974952,0
279,5,3,2,0.0353852038364127,644,12,0.9431945538974952,0
274,5,3,2,0.0473221707688289,619,7,0.9431945538974952,0
254,5,3,2,0.0990490274759658,655,7,0.9431945538974952,0
255,5,3,2,0.0751750936111334,645,12,0.9431945538974952,0
280,5,3,2,0.1030280164534379,767,7,0.9431945538974952,0
395,5,3,2,0.1706708290704632,554,12,0.9431945538974952,0
274,5,3,2,0.0831330715660775,624,12,0.9431945538974952,0
318,5,3,2,0.1308809392957424,711,7,0.9431945538974952,0
280,5,3,2,0.055280148723773,721,7,0.9431945538974952,0
258,5,3,2,0.0513011597463009,526,7,0.9431945538974952,0
266,5,3,2,0.0521525536679729,641,12,0.9431945538974952,0
395,5,3,2,0.0322576087806125,721,12,0.9431945538974952,0
252,5,3,2,0.1348599282732145,733,7,0.9431945538974952,0
282,5,3,2,0.1348599282732145,708,12,0.9431945538974952,0
337,5,3,2,0.3377883661242903,783,12,0.9431945538974952,0
284,5,3,2,0.1547548731605749,578,7,0.9431945538974952,0
332,5,3,2,0.2542295975973768,765,12,0.9431945538974952,0
291,5,3,2,0.3338093771468182,776,7,0.9431945538974952,0
397,5,3,2,0.2900404983946254,796,12,0.9431945538974952,0
321,5,3,2,0.4929689362457012,784,7,0.9431945538974952,0
261,5,3,2,0.0481735646905008,603,7,0.9431945538974952,0
329,5,3,2,0.1547548731605749,726,12,0.9431945538974952,0
267,5,3,2,0.0035532920166361,674,12,0.9431945538974952,0
295,5,3,2,0.0760264875328053,587,12,0.9431945538974952,0
351,5,3,2,0.3656412889665948,674,12,0.9431945538974952,0
236,5,3,2,0.0035532920166361,615,12,0.9431945538974952,0
256,5,3,2,0.1706708290704632,735,12,0.9431945538974952,0
280,5,3,2,0.2741245424847371,792,12,0.9431945538974952,0
376,5,3,2,0.0672171156561892,681,12,0.9431945538974952,0
362,5,3,2,0.3457463440792345,716,12,0.9431945538974952,0
294,5,3,2,0.1229229613407983,717,12,0.9431945538974952,0
417,5,3,2,0.2462716196424326,819,7,0.9431945538974952,0
397,5,3,2,0.3178934212369299,824,7,0.9431945538974952,0
228,5,3,2,0.3258513991918741,724,7,0.9431945538974952,0
288,5,3,2,0.266166564529793,654,7,0.9431945538974952,0
357,5,3,2,0.2781035314622092,793,7,0.9431945538974952,0
247,5,3,2,0.0234482369039964,707,12,0.9431945538974952,0
293,5,3,2,0.004404685938308,697,12,0.9431945538974952,0
373,5,3,2,0.3338093771468182,783,7,0.9431945538974952,0
263,5,3,2,0.0959214324201657,654,12,0.9431945538974952,0
396,5,3,2,0.3934942118088994,774,7,0.9431945538974952,0
273,5,3,2,0.0950700384984938,650,7,0.9431945538974952,0
299,5,3,2,0.1666918400929911,735,12,0.9431945538974952,0
304,5,3,2,0.1794802009470793,575,7,0.9431945538974952,0
312,5,3,2,0.1109859944083821,670,7,0.9431945538974952,0
308,5,3,2,0.1158163773075261,535,7,0.9431945538974952,0
378,5,3,2,0.2312070576542162,2330,6,1.804272708628173,0
250,3,3,2,0.0640895206003891,3386,6,0.8884502877862838,0
315,5,3,2,0.3744506608432109,3319,6,1.804272708628173,0
481,3,3,2,0.4381144844827641,3317,6,0.8884502877862838,0
216,5,3,2,0.1834591899245513,3059,6,0.8884502877862838,0
503,5,3,2,0.060110531622917,3202,6,0.8884502877862838,0
453,3,3,2,0.0282786198031404,3479,6,0.8884502877862838,0
413,3,3,2,0.2908918923162973,3477,6,0.9431945538974952,0
271,5,3,2,0.1277533442399423,2885,6,0.9431945538974952,0
468,3,3,2,0.1834591899245513,2423,6,0.8884502877862838,0
336,3,3,2,0.382408638798155,2065,6,0.8884502877862838,0
378,3,3,2,0.2988498702712415,2780,6,1.804272708628173,0
286,5,3,2,0.9076351838244688,2321,6,1.804272708628173,0
353,3,3,2,0.4261775175503479,2851,6,0.9431945538974952,0
330,5,3,2,0.377578255899011,2890,6,0.8884502877862838,0
451,3,3,2,0.3744506608432109,3346,6,0.8884502877862838,0
409,3,3,2,0.0234482369039964,3513,6,0.9431945538974952,0
510,5,3,2,0.158733862138047,3408,6,0.9431945538974952,0
308,5,3,2,0.0760264875328053,3145,6,1.804272708628173,0
220,5,3,2,0.1834591899245513,3565,6,1.804272708628173,0
265,5,3,2,0.652979889266256,3286,6,1.804272708628173,0
330,3,3,2,0.2542295975973768,3373,6,0.8884502877862838,0
287,3,3,2,0.4221985285728758,3263,6,1.804272708628173,0
388,5,3,2,0.3625136939107947,3254,6,0.8884502877862838,0
354,3,3,2,0.0592591377012451,3423,6,1.804272708628173,0
268,5,3,2,0.4460724624377082,3262,6,1.804272708628173,0
493,3,3,2,0.167543234014663,2413,6,1.804272708628173,0
455,3,3,2,0.1953961568569676,3397,6,1.804272708628173,0
269,3,3,2,0.4779043742574848,2625,6,1.804272708628173,0
379,3,3,2,0.6282545614797517,3426,6,0.9431945538974952,0
607,3,3,2,0.326702793113546,3374,6,0.8884502877862838,0
283,5,3,2,0.2900404983946254,3520,6,0.9431945538974952,0
339,5,3,2,0.3744506608432109,3203,6,1.804272708628173,0
293,5,3,2,0.96732001848655,2765,6,0.9431945538974952,0
473,5,3,2,0.3178934212369299,3390,6,0.8884502877862838,0
256,5,3,2,0.0711961046336613,3377,6,0.8884502877862838,0
383,5,3,2,0.4938203301673731,2657,6,0.8884502877862838,0
478,3,3,2,0.1269019503182704,3492,6,0.8884502877862838,0
520,5,3,2,0.4779043742574848,3511,6,0.8884502877862838,0
446,5,3,2,0.1078583993525819,3531,6,0.9431945538974952,0
241,5,3,2,0.485862352212429,3461,6,1.804272708628173,0
401,3,3,2,0.2869129033388253,1877,6,0.9431945538974952,0
381,5,3,2,0.167543234014663,3226,6,0.8884502877862838,0
293,5,3,2,0.2860615094171533,2891,6,1.804272708628173,0
917,2,1,11,1.5999792659046097,1376,11,1.804272708628173,0
955,2,1,11,1.397050828053534,1543,11,0.9431945538974952,0
717,2,1,11,1.512441508400224,1253,11,0.9431945538974952,0
889,2,1,11,1.4169457729408943,1305,11,0.9431945538974952,0
1182,2,1,11,1.4169457729408943,1558,11,0.9431945538974952,0
815,2,1,10,1.5005045414678078,1225,11,0.9431945538974952,0
925,2,1,10,1.5323364532875845,1501,11,1.804272708628173,0
1086,2,1,10,1.4487776847606708,1581,11,0.9431945538974952,0
1096,2,1,11,1.4487776847606708,1508,11,1.804272708628173,0
1221,2,1,11,1.5243784753326404,1429,11,1.804272708628173,0
1219,2,1,10,1.4686726296480312,1255,11,1.804272708628173,0
933,2,1,11,1.5363154422650565,1295,11,1.804272708628173,0
949,2,1,11,1.5402944312425286,1281,11,0.9431945538974952,0
1208,2,1,10,1.4288827398733106,1393,11,0.9431945538974952,0
1243,2,1,11,1.233912279977179,1870,11,1.804272708628173,0
1298,2,1,11,1.4766306076029754,1398,11,0.9431945538974952,0
1138,2,1,11,1.3572609382788132,1523,11,0.9431945538974952,0
1017,2,1,11,1.3851138611211178,1516,11,0.9431945538974952,0
1208,2,1,11,1.4288827398733106,1595,11,0.9431945538974952,0
1329,2,1,10,1.4249037508958384,1368,11,0.9431945538974952,0
717,2,1,11,1.611916232837026,1023,11,0.9431945538974952,0
1027,2,1,10,1.564168365107361,1158,11,1.804272708628173,0
1003,2,1,10,1.4368407178282547,1518,11,0.9431945538974952,0
1028,2,1,11,1.4607146516930871,1206,11,0.9431945538974952,0
950,2,1,10,1.4209247619183665,1488,11,1.804272708628173,0
1343,2,1,11,1.405008806008478,1727,11,0.9431945538974952,0
1484,2,1,11,1.4368407178282547,1710,11,1.804272708628173,0
1039,2,1,10,1.5920212879496656,1107,11,1.804272708628173,0
1404,2,1,11,1.4806095965804476,1335,11,0.9431945538974952,0
1109,2,1,11,1.4288827398733106,1168,11,1.804272708628173,0
1233,2,1,11,1.440819706805727,1527,11,0.9431945538974952,0
1408,2,1,10,1.3652189162337574,1572,11,1.804272708628173,0
976,2,1,11,1.3373659933914528,1449,11,0.9431945538974952,0
872,2,1,11,1.5562103871524169,1072,11,0.9431945538974952,0
1052,2,1,10,1.412966783963422,1483,11,0.9431945538974952,0
1261,2,1,11,1.4925465635128636,1334,11,1.804272708628173,0
1199,2,1,11,1.401029817031006,1489,11,1.804272708628173,0
834,2,1,10,1.512441508400224,1355,11,1.804272708628173,0
1010,2,1,10,1.5562103871524169,1263,11,0.9431945538974952,0
1216,2,1,10,1.440819706805727,1408,11,0.9431945538974952,0
1380,2,1,11,1.4487776847606708,1623,11,1.804272708628173,0
1091,2,1,10,1.405008806008478,1579,11,1.804272708628173,0
881,2,1,10,1.5721263430623051,1113,11,0.9431945538974952,0
1282,2,1,11,1.4169457729408943,1582,11,0.9431945538974952,0
1017,2,1,10,1.4965255524903358,1328,11,1.804272708628173,0
1042,2,1,11,1.440819706805727,1456,11,1.804272708628173,0
1265,2,1,10,1.4089877949859502,1468,11,1.804272708628173,0
1161,2,1,11,1.4368407178282547,1453,11,0.9431945538974952,0
1413,2,1,10,1.2856391366843158,1801,11,0.9431945538974952,0
1241,2,1,11,1.397050828053534,1497,11,1.804272708628173,0
1339,2,1,10,1.3095130705491482,1778,11,1.804272708628173,0
1075,2,1,11,1.401029817031006,1715,11,0.9431945538974952,0
1153,2,1,11,1.3731768941887017,1530,11,1.804272708628173,0
1243,2,1,10,1.4089877949859502,1641,11,0.9431945538974952,0
1215,2,1,10,1.50448353044528,1348,11,1.804272708628173,0
1264,2,1,10,1.5323364532875845,1361,11,0.9431945538974952,0
1214,2,1,11,1.4487776847606708,1404,11,0.9431945538974952,0
851,2,1,11,1.5482524091974728,1631,11,0.9431945538974952,0
1020,2,1,10,1.4209247619183665,1387,11,1.804272708628173,0
810,2,1,11,1.5880422989721934,1122,11,1.804272708628173,0
1051,2,1,11,1.5363154422650565,1327,11,0.9431945538974952,0
825,2,1,10,1.5243784753326404,1426,11,1.804272708628173,0
974,2,1,11,1.464693640670559,1360,11,0.9431945538974952,0
708,2,1,10,1.4925465635128636,1243,11,0.9431945538974952,0
1207,2,1,11,1.4089877949859502,1530,11,1.804272708628173,0
935,2,1,10,1.4845885855579195,1370,11,0.9431945538974952,0
1550,2,1,10,1.3771558831661737,1659,11,1.804272708628173,0
1179,2,1,10,1.456735662715615,1429,11,1.804272708628173,0
951,2,1,11,1.50448353044528,1288,11,0.9431945538974952,0
1069,2,1,11,1.393071839076062,1463,11,1.804272708628173,0
1066,2,1,11,1.4885675745353917,1380,11,1.804272708628173,0
1170,2,1,10,1.3851138611211178,1601,11,1.804272708628173,0
1679,2,1,10,1.3851138611211178,1669,11,0.9431945538974952,0
922,2,1,11,1.5800843210172493,1095,11,0.9431945538974952,0
1340,2,1,11,1.3214500374815643,1693,11,1.804272708628173,0
1191,2,1,11,1.4766306076029754,1331,11,1.804272708628173,0
1042,2,1,10,1.4288827398733106,1655,11,1.804272708628173,0
1319,2,1,11,1.3731768941887017,1605,11,1.804272708628173,0
1341,2,1,11,1.397050828053534,1674,11,1.804272708628173,0
947,2,1,11,1.5005045414678078,1311,11,1.804272708628173,0
1470,2,1,11,1.3055340815716765,1633,11,0.9431945538974952,0
984,2,1,11,1.353281949301341,1418,11,0.9431945538974952,0
1077,2,1,10,1.4806095965804476,1349,11,1.804272708628173,0
1241,2,1,10,1.5203994863551682,1402,11,0.9431945538974952,0
1000,2,1,11,1.4288827398733106,1725,11,0.9431945538974952,0
895,2,1,10,1.4925465635128636,1283,11,0.9431945538974952,0
1423,2,1,10,1.281660147706844,1648,11,1.804272708628173,0
1526,2,1,11,1.4169457729408943,1743,11,0.9431945538974952,0
1046,2,1,11,1.4249037508958384,1542,11,0.9431945538974952,0
841,2,1,10,1.4726516186255034,1405,11,0.9431945538974952,0
1249,2,1,10,1.4766306076029754,1621,11,1.804272708628173,0
1136,2,1,11,1.4209247619183665,1452,11,1.804272708628173,0
845,2,1,10,1.440819706805727,1575,11,1.804272708628173,0
1216,2,1,10,1.464693640670559,1613,11,0.9431945538974952,0
939,2,1,10,1.5203994863551682,1446,11,0.9431945538974952,0
894,2,1,10,1.508462519422752,1499,11,0.9431945538974952,0
1206,2,1,11,1.397050828053534,1669,11,0.9431945538974952,0
1278,2,1,10,1.4965255524903358,1233,11,1.804272708628173,0
1094,2,1,10,1.4885675745353917,1463,11,0.9431945538974952,0
732,2,1,11,1.5482524091974728,1094,11,1.804272708628173,0
1432,2,1,11,1.5323364532875845,1442,11,0.9431945538974952,0
1400,2,1,10,1.412966783963422,1614,11,0.9431945538974952,0
1084,2,1,10,1.4368407178282547,1459,11,1.804272708628173,0
1095,2,1,10,1.452756673738143,1496,11,1.804272708628173,0
1268,2,1,11,1.4806095965804476,1259,11,1.804272708628173,0
832,2,1,11,1.456735662715615,1341,11,1.804272708628173,0
1316,2,1,11,1.4328617288507826,1430,11,1.804272708628173,0
1213,2,1,11,1.4607146516930871,1392,11,0.9431945538974952,0
1465,2,1,10,1.3612399272562852,1550,11,0.9431945538974952,0
1308,2,1,11,1.3294080154365089,1752,11,0.9431945538974952,0
1007,2,1,10,1.4806095965804476,1541,11,0.9431945538974952,0
1090,2,1,10,1.341344982368925,1604,11,1.804272708628173,0
1222,2,1,10,1.5522313981749447,1615,11,1.804272708628173,0
1489,2,1,11,1.3731768941887017,1653,11,1.804272708628173,0
780,2,1,11,1.512441508400224,1449,11,1.804272708628173,0
1118,2,1,11,1.4925465635128636,1522,11,0.9431945538974952,0
1282,2,1,11,1.4209247619183665,1421,11,1.804272708628173,0
1103,2,1,11,1.4209247619183665,1740,11,1.804272708628173,0
1228,2,1,10,1.4726516186255034,1436,11,0.9431945538974952,0
999,2,1,11,1.5164204973776962,1380,11,1.804272708628173,0
1354,2,1,10,1.464693640670559,1279,11,0.9431945538974952,0
743,2,1,10,1.5522313981749447,1285,11,0.9431945538974952,0
929,2,1,10,1.5482524091974728,1395,11,0.9431945538974952,0
1428,2,1,11,1.4447986957831989,1416,11,0.9431945538974952,0
711,2,1,10,1.4885675745353917,1304,11,1.804272708628173,0
1502,2,1,11,1.4766306076029754,1441,11,0.9431945538974952,0
721,2,1,10,1.5522313981749447,1258,11,1.804272708628173,0
750,2,1,11,1.5522313981749447,1199,11,0.9431945538974952,0
699,2,1,10,1.5960002769271375,994,11,0.9431945538974952,0
996,2,1,10,1.4766306076029754,1364,11,0.9431945538974952,0
1262,2,1,11,1.3811348721436456,1730,11,1.804272708628173,0
954,2,1,11,1.4925465635128636,1268,11,1.804272708628173,0
988,2,1,11,1.50448353044528,1262,11,0.9431945538974952,0
927,2,1,11,1.5402944312425286,1481,11,1.804272708628173,0
1276,2,1,10,1.5442734202200006,1368,11,0.9431945538974952,0
1058,2,1,10,1.3214500374815643,1695,11,1.804272708628173,0
1119,2,1,11,1.50448353044528,1286,11,1.804272708628173,0
983,2,1,11,1.4368407178282547,1226,11,0.9431945538974952,0
1065,2,1,11,1.5522313981749447,1341,11,0.9431945538974952,0
859,2,1,11,1.5721263430623051,1232,11,1.804272708628173,0
855,2,1,10,1.4209247619183665,1216,11,1.804272708628173,0
1276,2,1,10,1.4288827398733106,1631,11,0.9431945538974952,0
927,2,1,11,1.5243784753326404,1482,11,1.804272708628173,0
922,2,1,10,1.412966783963422,1648,11,0.9431945538974952,0
1009,2,1,10,1.464693640670559,1236,11,0.9431945538974952,0
1206,2,1,10,1.397050828053534,1656,11,1.804272708628173,0
997,2,1,11,1.3811348721436456,1776,11,1.804272708628173,0
794,2,1,10,1.464693640670559,1158,11,0.9431945538974952,0
1297,2,1,11,1.4209247619183665,1315,11,1.804272708628173,0
1492,2,1,11,1.405008806008478,1656,11,0.9431945538974952,0
1092,2,1,10,1.4447986957831989,1672,11,1.804272708628173,0
1312,2,1,11,1.412966783963422,1640,11,1.804272708628173,0
1087,2,1,11,1.4328617288507826,1489,11,1.804272708628173,0
1259,2,1,11,1.3134920595266204,1659,11,1.804272708628173,0
1007,2,1,10,1.4328617288507826,1382,11,1.804272708628173,0
1142,2,1,10,1.412966783963422,1569,11,0.9431945538974952,0
1150,2,1,11,1.4806095965804476,1304,11,0.9431945538974952,0
1166,2,1,10,1.4368407178282547,1444,11,0.9431945538974952,0
816,2,1,10,1.4288827398733106,1553,11,0.9431945538974952,0
1116,2,1,10,1.4766306076029754,1389,11,1.804272708628173,0
1041,2,1,11,1.5283574643101123,1430,11,1.804272708628173,0
1066,2,1,10,1.50448353044528,1355,11,1.804272708628173,0
735,2,1,10,1.576105332039777,1262,11,0.9431945538974952,0
1201,2,1,11,1.4209247619183665,1402,11,0.9431945538974952,0
956,2,1,11,1.5562103871524169,1351,11,1.804272708628173,0
1435,2,1,11,1.4089877949859502,1658,11,1.804272708628173,0
1271,2,1,11,1.397050828053534,1585,11,1.804272708628173,0
939,2,1,10,1.5243784753326404,1335,11,0.9431945538974952,0
767,2,1,10,1.5164204973776962,1248,11,0.9431945538974952,0
1138,2,1,10,1.405008806008478,1525,11,0.9431945538974952,0
1106,2,1,11,1.4925465635128636,1474,11,1.804272708628173,0
1281,2,1,10,1.3771558831661737,1488,11,0.9431945538974952,0
1455,2,1,11,1.4726516186255034,1555,11,1.804272708628173,0
808,2,1,10,1.4288827398733106,1487,11,1.804272708628173,0
1250,2,1,11,1.4368407178282547,1547,11,1.804272708628173,0
844,2,1,10,1.5323364532875845,1499,11,0.9431945538974952,0
1328,2,1,10,1.345323971346397,1692,11,0.9431945538974952,0
1114,2,1,10,1.3174710485040924,1475,11,0.9431945538974952,0
1369,2,1,11,1.3771558831661737,1537,11,0.9431945538974952,0
905,2,1,10,1.4169457729408943,1310,11,0.9431945538974952,0
942,2,1,11,1.4726516186255034,1573,11,1.804272708628173,0
1106,2,1,11,1.4766306076029754,1423,11,1.804272708628173,0
1011,2,1,11,1.4845885855579195,1323,11,1.804272708628173,0
733,2,1,10,1.5005045414678078,1309,11,0.9431945538974952,0
1223,2,1,10,1.393071839076062,1667,11,1.804272708628173,0
1063,2,1,11,1.50448353044528,1189,11,1.804272708628173,0
1129,2,1,10,1.4845885855579195,1411,11,1.804272708628173,0
1275,2,1,11,1.3851138611211178,1603,11,1.804272708628173,0
1001,2,1,10,1.4607146516930871,1449,11,1.804272708628173,0
1496,2,1,11,1.3851138611211178,1490,11,0.9431945538974952,0
1157,2,1,11,1.3771558831661737,1484,11,0.9431945538974952,0
857,2,1,10,1.564168365107361,1374,11,1.804272708628173,0
1237,2,1,10,1.4169457729408943,1368,11,1.804272708628173,0
1038,2,1,10,1.4845885855579195,1396,11,1.804272708628173,0
1474,2,1,10,1.4209247619183665,1598,11,1.804272708628173,0
1352,2,1,11,1.4487776847606708,1612,11,0.9431945538974952,0
1121,2,1,11,1.4249037508958384,1351,11,0.9431945538974952,0
1727,2,1,10,1.3333870044139808,1578,11,0.9431945538974952,0
880,2,1,11,1.4328617288507826,1587,11,0.9431945538974952,0
1059,2,1,10,1.560189376129889,1331,11,0.9431945538974952,0
1139,2,1,11,1.4447986957831989,1626,11,1.804272708628173,0
1259,2,1,11,1.4487776847606708,1279,11,1.804272708628173,0
1002,2,1,10,1.456735662715615,1428,11,1.804272708628173,0
1376,2,1,11,1.4328617288507826,1537,11,1.804272708628173,0
1252,2,1,10,1.405008806008478,1430,11,0.9431945538974952,0
1427,2,1,11,1.5442734202200006,1510,11,0.9431945538974952,0
1012,2,1,11,1.397050828053534,1629,11,1.804272708628173,0
1287,2,1,11,1.4249037508958384,1502,11,1.804272708628173,0
974,2,1,10,1.4686726296480312,1503,11,0.9431945538974952,0
859,2,1,10,1.564168365107361,1331,11,1.804272708628173,0
1271,2,1,11,1.3214500374815643,1596,11,0.9431945538974952,0
770,2,1,10,1.560189376129889,1328,11,0.9431945538974952,0
1363,2,1,11,1.512441508400224,1432,11,1.804272708628173,0
993,2,1,11,1.3612399272562852,1692,11,1.804272708628173,0
951,2,1,10,1.456735662715615,1322,11,1.804272708628173,0
1481,2,1,11,1.3851138611211178,1807,11,1.804272708628173,0
609,2,1,11,1.5681473540848332,1394,11,0.9431945538974952,0
1413,2,1,10,1.4328617288507826,1482,11,1.804272708628173,0
1106,2,1,11,1.4328617288507826,1487,11,0.9431945538974952,0
795,2,1,10,1.5522313981749447,1464,11,1.804272708628173,0
1032,2,1,11,1.5283574643101123,1494,11,1.804272708628173,0
1025,2,1,10,1.4209247619183665,1591,11,1.804272708628173,0
1190,2,1,11,1.4328617288507826,1593,11,0.9431945538974952,0
879,2,1,10,1.4686726296480312,1449,11,1.804272708628173,0
1199,2,1,10,1.4925465635128636,1468,11,0.9431945538974952,0
1185,2,1,11,1.4885675745353917,1631,11,0.9431945538974952,0
627,2,1,10,1.4925465635128636,1415,11,1.804272708628173,0
891,2,1,11,1.5005045414678078,1309,11,0.9431945538974952,0
1206,2,1,10,1.4607146516930871,1411,11,0.9431945538974952,0
1124,2,1,10,1.3612399272562852,1653,11,0.9431945538974952,0
1039,2,1,10,1.4368407178282547,1510,11,0.9431945538974952,0
1348,2,1,10,1.4089877949859502,1552,11,0.9431945538974952,0
1267,2,1,11,1.4686726296480312,1209,11,1.804272708628173,0
1295,2,1,11,1.4766306076029754,1221,11,1.804272708628173,0
1059,2,1,10,1.50448353044528,1450,11,1.804272708628173,0
1241,2,1,11,1.452756673738143,1200,11,0.9431945538974952,0
998,2,1,11,1.4487776847606708,1421,11,0.9431945538974952,0
1059,2,1,11,1.4806095965804476,1359,11,1.804272708628173,0
1149,2,1,10,1.412966783963422,1475,11,1.804272708628173,0
1000,2,1,11,1.5402944312425286,1199,11,1.804272708628173,0
995,2,1,10,1.4209247619183665,1490,11,0.9431945538974952,0
950,2,1,11,1.4209247619183665,1636,11,1.804272708628173,0
1075,2,1,10,1.50448353044528,1398,11,0.9431945538974952,0
1073,2,1,10,1.4607146516930871,1386,11,1.804272708628173,0
973,2,1,11,1.452756673738143,1301,11,1.804272708628173,0
1080,2,1,10,1.4169457729408943,1583,11,0.9431945538974952,0
1507,2,1,11,1.3333870044139808,1669,11,0.9431945538974952,0
1692,2,1,11,1.4089877949859502,1628,11,1.804272708628173,0
1149,2,1,11,1.452756673738143,1412,11,1.804272708628173,0
844,2,1,11,1.452756673738143,1391,11,0.9431945538974952,0
1061,2,1,10,1.4209247619183665,1583,11,0.9431945538974952,0
1176,2,1,10,1.5323364532875845,1369,11,0.9431945538974952,0
1102,2,1,10,1.4209247619183665,1389,11,0.9431945538974952,0
768,2,1,10,1.4686726296480312,1320,11,1.804272708628173,0
1067,2,1,11,1.341344982368925,1544,11,1.804272708628173,0
996,2,1,10,1.5363154422650565,1204,11,0.9431945538974952,0
844,2,1,11,1.412966783963422,1388,11,0.9431945538974952,0
1388,2,1,11,1.4169457729408943,1834,11,0.9431945538974952,0
1040,2,1,11,1.508462519422752,1404,11,1.804272708628173,0
1224,2,1,10,1.4487776847606708,1337,11,0.9431945538974952,0
650,2,1,11,1.5800843210172493,1131,11,0.9431945538974952,0
922,2,1,10,1.401029817031006,1357,11,0.9431945538974952,0
867,2,1,10,1.345323971346397,1633,11,1.804272708628173,0
1001,2,1,11,1.4607146516930871,1393,11,1.804272708628173,0
749,2,1,10,1.5840633099947214,1262,11,1.804272708628173,0
1237,2,1,10,1.440819706805727,1517,11,1.804272708628173,0
1388,2,1,11,1.3572609382788132,1527,11,0.9431945538974952,0
1022,2,1,11,1.4965255524903358,1267,11,0.9431945538974952,0
1388,2,1,11,1.3811348721436456,1733,11,1.804272708628173,0
1200,2,1,11,1.4249037508958384,1562,11,1.804272708628173,0
960,2,1,11,1.456735662715615,1421,11,1.804272708628173,0
1157,2,1,10,1.440819706805727,1503,11,0.9431945538974952,0
593,2,1,10,1.440819706805727,1451,11,1.804272708628173,0
1031,2,1,11,1.4447986957831989,1463,11,1.804272708628173,0
781,2,1,10,1.5880422989721934,1261,11,0.9431945538974952,0
1204,2,1,11,1.4487776847606708,1615,11,1.804272708628173,0
1331,2,1,11,1.3612399272562852,1717,11,1.804272708628173,0
942,2,1,10,1.5681473540848332,1404,11,0.9431945538974952,0
728,2,1,10,1.4686726296480312,1534,11,0.9431945538974952,0
1217,2,1,11,1.3572609382788132,1562,11,0.9431945538974952,0
964,2,1,10,1.4925465635128636,1341,11,0.9431945538974952,0
998,2,1,11,1.5283574643101123,1407,11,1.804272708628173,0
716,2,1,10,1.4925465635128636,1208,11,1.804272708628173,0
633,2,1,10,1.5800843210172493,1206,11,1.804272708628173,0
1098,2,1,11,1.4368407178282547,1553,11,0.9431945538974952,0
528,2,1,10,1.6357901667018584,1224,11,0.9431945538974952,0
1366,2,1,10,1.440819706805727,1467,11,0.9431945538974952,0
1034,2,1,10,1.512441508400224,1206,11,0.9431945538974952,0
1092,2,1,10,1.3890928500985895,1485,11,0.9431945538974952,0
645,2,1,10,1.5960002769271375,1033,11,0.9431945538974952,0
1154,2,1,11,1.412966783963422,1513,11,1.804272708628173,0
922,2,1,11,1.564168365107361,1380,11,1.804272708628173,0
820,2,1,10,1.4925465635128636,1477,11,0.9431945538974952,0
1322,2,1,11,1.4169457729408943,1456,11,1.804272708628173,0
1123,2,1,10,1.456735662715615,1460,11,0.9431945538974952,0
985,2,1,10,1.5721263430623051,1309,11,1.804272708628173,0
1095,2,1,10,1.464693640670559,1407,11,0.9431945538974952,0
1207,2,1,10,1.412966783963422,1639,11,1.804272708628173,0
1145,2,1,11,1.5402944312425286,1185,11,1.804272708628173,0
957,2,1,10,1.452756673738143,1590,11,0.9431945538974952,0
701,2,1,11,1.5920212879496656,1170,11,1.804272708628173,0
929,2,1,10,1.6079372438595538,1241,11,0.9431945538974952,0
940,2,1,11,1.3174710485040924,1620,11,1.804272708628173,0
1337,2,1,11,1.3612399272562852,1561,11,1.804272708628173,0
1573,2,1,11,1.297576103616732,1828,11,0.9431945538974952,0
931,2,1,10,1.5522313981749447,1144,11,1.804272708628173,0
781,2,1,11,1.4487776847606708,1409,11,0.9431945538974952,0
1388,2,1,11,1.4328617288507826,1567,11,1.804272708628173,0
994,2,1,11,1.4288827398733106,1317,11,1.804272708628173,0
957,2,1,10,1.5402944312425286,1236,11,0.9431945538974952,0
819,2,1,11,1.4328617288507826,1656,11,1.804272708628173,0
1167,2,1,11,1.4885675745353917,1489,11,0.9431945538974952,0
1386,2,1,11,1.397050828053534,1662,11,1.804272708628173,0
1079,2,1,11,1.345323971346397,1505,11,1.804272708628173,0
1556,2,1,10,1.2657441917969554,1949,11,0.9431945538974952,0
1024,2,1,11,1.4447986957831989,1580,11,1.804272708628173,0
1067,2,1,11,1.50448353044528,1393,11,1.804272708628173,0
1117,2,1,10,1.4169457729408943,1619,11,1.804272708628173,0
982,2,1,11,1.401029817031006,1355,11,0.9431945538974952,0
991,2,1,10,1.508462519422752,1411,11,0.9431945538974952,0
754,2,1,11,1.4368407178282547,1487,11,0.9431945538974952,0
1133,2,1,11,1.440819706805727,1415,11,1.804272708628173,0
952,2,1,11,1.4686726296480312,1430,11,1.804272708628173,0
1173,2,1,11,1.4607146516930871,1551,11,0.9431945538974952,0
996,2,1,11,1.5681473540848332,906,11,1.804272708628173,0
903,2,1,11,1.4328617288507826,1442,11,0.9431945538974952,0
767,2,1,10,1.5243784753326404,1241,11,1.804272708628173,0
1148,2,1,11,1.4885675745353917,1499,11,1.804272708628173,0
1360,2,1,10,1.345323971346397,1323,11,0.9431945538974952,0
889,2,1,11,1.5562103871524169,1313,11,1.804272708628173,0
1050,2,1,11,1.5442734202200006,1175,11,1.804272708628173,0
746,2,1,10,1.5164204973776962,1399,11,0.9431945538974952,0
1383,2,1,10,1.440819706805727,1355,11,0.9431945538974952,0
1301,2,1,10,1.4169457729408943,1703,11,0.9431945538974952,0
1279,2,1,10,1.4169457729408943,1653,11,1.804272708628173,0
772,2,1,10,1.4447986957831989,1576,11,0.9431945538974952,0
854,2,1,10,1.4169457729408943,1568,11,0.9431945538974952,0
1074,2,1,10,1.5203994863551682,1601,11,0.9431945538974952,0
1280,2,1,10,1.4766306076029754,1330,11,1.804272708628173,0
1501,2,1,10,1.4288827398733106,1483,11,1.804272708628173,0
829,2,1,10,1.560189376129889,1417,11,1.804272708628173,0
1283,2,1,11,1.440819706805727,1557,11,1.804272708628173,0
1375,2,1,11,1.4209247619183665,1640,11,0.9431945538974952,0
1062,2,1,10,1.5243784753326404,1408,11,1.804272708628173,0
1162,2,1,10,1.3691979052112293,1661,11,1.804272708628173,0
1141,2,1,11,1.5402944312425286,1295,11,0.9431945538974952,0
911,2,1,10,1.4806095965804476,1327,11,1.804272708628173,0
1410,2,1,10,1.4169457729408943,1611,11,0.9431945538974952,0
1474,2,1,11,1.4607146516930871,1438,11,0.9431945538974952,0
1086,2,1,10,1.393071839076062,1549,11,1.804272708628173,0
1177,2,1,10,1.4288827398733106,1481,11,1.804272708628173,0
1257,2,1,11,1.4726516186255034,1470,11,1.804272708628173,0
955,2,1,11,1.440819706805727,1500,11,0.9431945538974952,0
815,3,0,10,0.8320343932524994,2336,6,0.9431945538974952,0
853,5,0,10,0.4261775175503479,2080,6,0.9431945538974952,0
656,3,0,10,0.8917192279145806,2080,6,0.8884502877862838,0
666,5,0,10,1.397050828053534,1580,6,0.9431945538974952,0
766,5,0,10,0.5176942640322055,2141,6,0.9431945538974952,0
787,3,0,10,0.9593620405316058,1994,6,0.9431945538974952,0
897,5,0,10,0.8797822609821643,1858,6,0.9431945538974952,0
878,3,0,10,0.6609378672212003,2025,6,0.9431945538974952,0
891,3,0,10,0.5853370766492308,2354,6,0.8884502877862838,0
884,3,0,10,1.074752720878296,1991,6,0.9431945538974952,0
599,5,0,10,1.0110888972387428,1743,6,0.9431945538974952,0
638,5,0,10,0.6410429223338399,1896,6,0.8884502877862838,0
1068,5,0,10,0.485862352212429,2200,6,0.9431945538974952,0
792,3,0,10,0.6092110105140632,2390,6,0.8884502877862838,0
964,3,0,10,0.1595852560597189,2610,6,0.9431945538974952,0
735,5,0,10,0.9434460846217176,1734,6,0.8884502877862838,0
883,3,0,10,0.4699463963025407,2317,6,0.8884502877862838,0
620,3,0,10,0.9434460846217176,1643,6,0.8884502877862838,0
899,5,0,10,0.4381144844827641,2122,6,0.9431945538974952,0
766,3,0,10,0.3386397600459622,2601,6,0.8884502877862838,0
560,5,0,10,1.281660147706844,1577,6,0.8884502877862838,0
881,3,0,10,0.2829339143613532,2628,6,0.9431945538974952,0
648,3,0,10,0.9036561948469968,2105,6,0.8884502877862838,0
897,5,0,10,0.5694211207393426,2500,6,0.9431945538974952,0
977,5,0,10,0.0760264875328053,2316,6,0.9431945538974952,0
644,3,0,10,0.6370639333563678,2097,6,0.8884502877862838,0
720,3,0,10,0.6052320215365912,1986,6,0.8884502877862838,0
639,3,0,10,0.3465977380009064,2386,6,0.9431945538974952,0
681,3,0,10,1.1662694673601537,1882,6,0.8884502877862838,0
582,5,0,10,1.4487776847606708,1751,6,0.9431945538974952,0
742,5,0,10,0.7086857349508652,2127,6,0.8884502877862838,0
764,5,0,10,0.6251269664239516,2425,6,0.9431945538974952,0
682,5,0,10,0.4580094293701244,2369,6,0.8884502877862838,0
924,5,0,10,0.4779043742574848,2491,6,0.9431945538974952,0
1011,5,0,10,0.5694211207393426,2218,6,0.8884502877862838,0
718,5,0,10,1.08271069883324,1979,6,0.8884502877862838,0
742,3,0,10,0.5853370766492308,2061,6,0.9431945538974952,0
851,5,0,10,0.3704716718657388,1987,6,0.9431945538974952,0
690,5,0,10,0.915593161779413,2129,6,0.9431945538974952,0
1106,5,0,10,0.2113121127668558,2465,6,0.8884502877862838,0
917,5,0,10,0.3346607710684902,2584,6,0.8884502877862838,0
865,5,0,10,1.0429208090585194,2354,6,0.8884502877862838,0
972,5,0,10,0.3744506608432109,2383,6,0.9431945538974952,0
893,3,0,10,0.3187448151586018,2419,6,0.9431945538974952,0
953,3,0,10,0.3306817820910181,2546,6,0.9431945538974952,0
700,3,0,10,0.7444966357481138,2534,6,0.9431945538974952,0
634,5,0,10,0.8519293381398598,2134,6,0.9431945538974952,0
491,3,0,10,0.7882655145003066,2168,6,0.8884502877862838,0
716,5,0,10,0.5296312309646218,2231,6,0.9431945538974952,0
712,3,0,10,1.289618125661788,1674,6,0.9431945538974952,0
855,3,0,10,0.652979889266256,2683,6,0.8884502877862838,0
874,5,0,10,0.6211479774464795,2219,6,0.9431945538974952,0
948,5,0,10,0.0123626638932521,2571,6,0.9431945538974952,0
764,3,0,10,0.7206227018832814,2177,6,0.8884502877862838,0
811,3,0,10,0.0433431817913568,2765,6,0.9431945538974952,0
906,5,0,10,0.971299007464022,1928,6,0.8884502877862838,0
801,5,0,10,0.8041814704101949,1982,6,0.9431945538974952,0
749,3,0,10,0.9474250735991896,2218,6,0.9431945538974952,0
645,5,0,10,1.3294080154365089,1783,6,0.8884502877862838,0
667,5,0,10,0.7922445034777786,2424,6,0.8884502877862838,0
839,3,0,10,1.289618125661788,1962,6,0.8884502877862838,0
807,3,0,10,0.7007277569959209,2017,6,0.9431945538974952,0
628,5,0,10,0.9076351838244688,2194,6,0.8884502877862838,0
837,5,0,10,0.7325596688156976,2340,6,0.9431945538974952,0
948,5,0,10,0.5614631427843984,2279,6,0.8884502877862838,0
704,5,0,10,0.8240764152975553,2233,6,0.8884502877862838,0
916,5,0,10,0.6609378672212003,2399,6,0.9431945538974952,0
609,3,0,10,0.9354881066667734,2035,6,0.8884502877862838,0
710,3,0,10,0.8479503491623878,2076,6,0.9431945538974952,0
814,3,0,10,0.649000900288784,2446,6,0.8884502877862838,0
753,3,0,10,0.7086857349508652,2404,6,0.9431945538974952,0
814,3,0,10,0.5336102199420939,2086,6,0.9431945538974952,0
806,3,0,10,0.6211479774464795,2142,6,0.9431945538974952,0
718,3,0,10,1.070773731900824,1863,6,0.9431945538974952,0
577,5,0,10,0.6131899994915354,2259,6,0.8884502877862838,0
885,3,0,10,0.6450219113113119,2181,6,0.9431945538974952,0
1048,5,0,10,0.4102615616404595,2514,6,0.8884502877862838,0
895,5,0,10,0.4381144844827641,2459,6,0.9431945538974952,0
474,3,0,10,0.9872149633739103,1717,6,0.8884502877862838,0
716,3,0,10,0.7444966357481138,1911,6,0.8884502877862838,0
767,5,0,10,0.7882655145003066,2178,6,0.9431945538974952,0
834,3,0,10,0.8320343932524994,2082,6,0.9431945538974952,0
653,3,0,10,0.859887316094804,1963,6,0.9431945538974952,0
562,3,0,10,0.9951729413288544,2120,6,0.9431945538974952,0
963,5,0,10,0.5176942640322055,2250,6,0.8884502877862838,0
811,3,0,10,0.752454613703058,1922,6,0.8884502877862838,0
870,5,0,10,0.6887907900635047,2075,6,0.8884502877862838,0
709,5,0,10,1.08271069883324,1888,6,0.8884502877862838,0
1021,3,0,10,0.0433431817913568,2426,6,0.9431945538974952,0
902,5,0,10,0.382408638798155,2204,6,0.9431945538974952,0
747,3,0,10,0.7086857349508652,2247,6,0.8884502877862838,0
844,3,0,10,1.1065846326980726,1927,6,0.8884502877862838,0
870,3,0,10,0.919572150756885,2094,6,0.9431945538974952,0
864,3,0,10,0.8996772058695247,2259,6,0.9431945538974952,0
793,3,0,10,0.8718242830272201,2138,6,0.9431945538974952,0
875,5,0,10,0.2184186968001281,2674,6,0.9431945538974952,0
795,5,0,10,0.9514040625766615,1830,6,0.9431945538974952,0
537,3,0,10,1.182185423270042,1418,6,0.9431945538974952,0
937,3,0,10,0.6330849443788957,2091,6,0.8884502877862838,0
813,5,0,10,0.5813580876717588,2352,6,0.8884502877862838,0
846,3,0,10,0.7882655145003066,1824,6,0.8884502877862838,0
898,5,0,10,0.7763285475678904,2067,6,0.8884502877862838,0
1100,5,0,10,0.4938203301673731,2754,6,0.8884502877862838,0
746,5,0,10,0.8718242830272201,1925,6,0.8884502877862838,0
652,3,0,10,1.134437555540377,2068,6,0.9431945538974952,0
744,5,0,10,0.4818833632349569,2285,6,0.9431945538974952,0
817,3,0,10,0.7325596688156976,2406,6,0.8884502877862838,0
788,5,0,10,0.6450219113113119,2220,6,0.8884502877862838,0
825,3,0,10,0.8320343932524994,1963,6,0.9431945538974952,0
820,3,0,10,0.8240764152975553,2592,6,0.8884502877862838,0
1001,5,0,10,0.7484756247255858,2324,6,0.8884502877862838,0
833,3,0,10,0.0154902589490523,2571,6,0.9431945538974952,0
851,5,0,10,0.8439713601849157,1850,6,0.9431945538974952,0
742,5,0,10,0.975277996441494,1921,6,0.8884502877862838,0
912,5,0,10,0.2869129033388253,2532,6,0.8884502877862838,0
709,5,0,10,0.8439713601849157,1649,6,0.9431945538974952,0
868,3,0,10,0.8041814704101949,2256,6,0.8884502877862838,0
780,5,0,10,0.7365386577931696,2107,6,0.8884502877862838,0
932,3,0,10,0.6688958451761444,1956,6,0.8884502877862838,0
730,3,0,10,0.5097362860772614,2389,6,0.9431945538974952,0
771,3,0,10,0.3664926828882667,1809,6,0.8884502877862838,0
852,5,0,10,0.6848118010860327,2260,6,0.9431945538974952,0
834,3,0,10,0.6649168561986724,2193,6,0.9431945538974952,0
1052,5,0,10,0.5853370766492308,2177,6,0.8884502877862838,0
679,3,0,10,0.7047067459733931,1962,6,0.9431945538974952,0
746,5,0,10,0.8041814704101949,2027,6,0.8884502877862838,0
1008,5,0,10,0.162712851115519,2908,6,0.9431945538974952,0
857,5,0,10,0.3943456057305713,2584,6,0.8884502877862838,0
938,5,0,10,0.2511020025415766,2532,6,0.8884502877862838,0
737,5,0,10,0.919572150756885,2022,6,0.8884502877862838,0
844,3,0,10,0.8956982168920526,2291,6,0.9431945538974952,0
849,3,0,10,0.752454613703058,1999,6,0.9431945538974952,0
782,5,0,10,0.6927697790409768,2197,6,0.8884502877862838,0
707,3,0,10,0.8320343932524994,2130,6,0.8884502877862838,0
657,3,0,10,1.2020803681574024,1996,6,0.8884502877862838,0
892,3,0,10,0.6808328121085606,1931,6,0.9431945538974952,0
723,3,0,10,0.7922445034777786,2189,6,0.8884502877862838,0
985,5,0,10,0.6450219113113119,2213,6,0.8884502877862838,0
798,5,0,10,0.8280554042750273,1967,6,0.9431945538974952,0
672,5,0,10,0.2511020025415766,2286,6,0.8884502877862838,0
791,3,0,10,0.3306817820910181,2280,6,0.9431945538974952,0
728,5,0,10,0.7604125916580021,2280,6,0.8884502877862838,0
943,3,0,10,0.6012530325591191,2532,6,0.8884502877862838,0
956,3,0,10,0.7962234924552508,2075,6,0.8884502877862838,0
603,3,0,10,1.0588367649684076,2190,6,0.9431945538974952,0
1024,3,0,10,0.7126647239283372,2090,6,0.9431945538974952,0
736,3,0,10,0.8718242830272201,2122,6,0.8884502877862838,0
793,5,0,10,0.4221985285728758,2607,6,0.9431945538974952,0
812,3,0,10,0.3068078482261857,2409,6,0.8884502877862838,0
500,3,0,10,1.0946476657656563,1724,6,0.9431945538974952,0
628,3,0,10,1.0986266547431285,2113,6,0.9431945538974952,0
705,3,0,10,1.1026056437206004,1915,6,0.9431945538974952,0
938,5,0,10,0.4182195395954037,2490,6,0.8884502877862838,0
872,5,0,10,0.5535051648294542,2141,6,0.8884502877862838,0
848,3,0,10,0.7166437129058093,2109,6,0.9431945538974952,0
974,5,0,10,0.3704716718657388,2426,6,0.9431945538974952,0
980,5,0,10,0.9872149633739103,2000,6,0.9431945538974952,0
801,3,0,10,0.3983245947080434,2094,6,0.9431945538974952,0
895,5,0,10,0.7047067459733931,2473,6,0.8884502877862838,0
775,3,0,10,0.1516272781047747,2504,6,0.9431945538974952,0
877,5,0,10,0.6887907900635047,2230,6,0.9431945538974952,0
870,5,0,10,0.7365386577931696,2286,6,0.9431945538974952,0
652,5,0,10,0.919572150756885,2101,6,0.8884502877862838,0
825,3,0,10,0.6927697790409768,1894,6,0.9431945538974952,0
1082,5,0,10,0.1078583993525819,2762,6,0.8884502877862838,0
717,5,0,10,0.6092110105140632,2227,6,0.8884502877862838,0
771,3,0,10,0.8996772058695247,2067,6,0.9431945538974952,0
708,3,0,10,0.7365386577931696,2061,6,0.9431945538974952,0
751,5,0,10,0.3505767269783785,2241,6,0.8884502877862838,0
851,5,0,10,0.3744506608432109,2381,6,0.8884502877862838,0
819,3,0,10,0.7723495585904183,2143,6,0.8884502877862838,0
705,5,0,10,0.5296312309646218,2430,6,0.8884502877862838,0
916,5,0,10,0.0760264875328053,2281,6,0.9431945538974952,0
708,3,0,10,1.182185423270042,1879,6,0.8884502877862838,0
932,3,0,10,0.4977993191448452,2293,6,0.8884502877862838,0
692,3,0,10,0.3346607710684902,2592,6,0.8884502877862838,0
956,5,0,10,0.4699463963025407,2526,6,0.8884502877862838,0
902,3,0,10,0.963341029509078,2285,6,0.9431945538974952,0
808,3,0,10,1.1463745224727933,2129,6,0.8884502877862838,0
756,3,0,10,1.023025864171159,1875,6,0.9431945538974952,0
822,3,0,10,0.3426187490234343,2189,6,0.8884502877862838,0
759,3,0,10,0.6450219113113119,1987,6,0.8884502877862838,0
769,3,0,10,0.4221985285728758,2380,6,0.8884502877862838,0
993,5,0,10,0.6967487680184489,2059,6,0.9431945538974952,0
829,3,0,10,0.652979889266256,2126,6,0.9431945538974952,0
660,5,0,10,0.5495261758519822,2274,6,0.9431945538974952,0
779,3,0,10,0.7365386577931696,2098,6,0.9431945538974952,0
749,5,0,10,0.1038794103751098,2363,6,0.9431945538974952,0
741,3,0,10,0.2590599804965208,2653,6,0.9431945538974952,0
754,3,0,10,1.4447986957831989,1818,6,0.8884502877862838,0
841,3,0,10,1.078731709855768,1626,6,0.9431945538974952,0
846,3,0,10,1.0866896878107122,1744,6,0.8884502877862838,0
812,3,0,10,0.1277533442399423,2358,6,0.9431945538974952,0
825,5,0,10,0.9235511397343572,1881,6,0.8884502877862838,0
924,3,0,10,0.0950700384984938,2672,6,0.9431945538974952,0
855,3,0,10,0.9911939523513824,2323,6,0.9431945538974952,0
826,3,0,10,0.2391650356091604,2648,6,0.9431945538974952,0
782,3,0,10,0.4898413411899011,1727,6,0.9431945538974952,0
899,3,0,10,1.130458566562905,2059,6,0.9431945538974952,0
834,5,0,10,0.9235511397343572,2181,6,0.8884502877862838,0
1032,3,0,10,0.4142405506179316,2612,6,0.9431945538974952,0
893,3,0,10,0.4221985285728758,2374,6,0.9431945538974952,0
781,5,0,10,0.3903666167530992,2459,6,0.8884502877862838,0
822,3,0,10,0.8837612499596363,1990,6,0.9431945538974952,0
790,5,0,10,1.08271069883324,1734,6,0.9431945538974952,0
774,5,0,10,0.9593620405316058,2094,6,0.8884502877862838,0
653,5,0,10,0.7007277569959209,1923,6,0.9431945538974952,0
639,3,0,10,0.979256985418966,1738,6,0.8884502877862838,0
847,3,0,10,0.485862352212429,2472,6,0.8884502877862838,0
802,5,0,10,0.6649168561986724,2241,6,0.9431945538974952,0
611,3,0,10,0.5216732530096777,2091,6,0.8884502877862838,0
814,3,0,10,0.8161184373426111,1901,6,0.8884502877862838,0
1036,3,0,10,0.167543234014663,2601,6,0.9431945538974952,0
862,5,0,10,0.5296312309646218,2297,6,0.9431945538974952,0
1091,5,0,10,0.5256522419871498,2326,6,0.9431945538974952,0
714,3,0,10,1.08271069883324,2122,6,0.9431945538974952,0
687,5,0,10,0.7922445034777786,2111,6,0.9431945538974952,0
618,5,0,10,1.3055340815716765,1948,6,0.8884502877862838,0
826,5,0,10,0.9235511397343572,2237,6,0.9431945538974952,0
704,5,0,10,1.0110888972387428,1873,6,0.8884502877862838,0
658,5,0,10,0.8956982168920526,1821,6,0.8884502877862838,0
854,3,0,10,0.4062825726629875,2406,6,0.9431945538974952,0
986,3,0,10,0.6370639333563678,2356,6,0.9431945538974952,0
716,5,0,10,1.0866896878107122,1725,6,0.8884502877862838,0
895,3,0,10,0.2431440245866324,2299,6,0.9431945538974952,0
836,5,0,10,0.7564336026805301,2084,6,0.9431945538974952,0
548,3,0,10,0.7564336026805301,2284,6,0.8884502877862838,0
861,3,0,10,0.4699463963025407,2361,6,0.9431945538974952,0
971,5,0,10,0.4699463963025407,2389,6,0.9431945538974952,0
843,5,0,10,0.7007277569959209,2212,6,0.9431945538974952,0
825,3,0,10,0.7484756247255858,2196,6,0.8884502877862838,0
722,5,0,10,0.7564336026805301,2233,6,0.9431945538974952,0
840,3,0,10,0.537589208919566,2496,6,0.9431945538974952,0
836,5,0,10,0.2511020025415766,2143,6,0.8884502877862838,0
931,3,0,10,0.9275301287118292,2278,6,0.8884502877862838,0
571,5,0,10,1.0866896878107122,1557,6,0.9431945538974952,0
611,3,0,10,1.070773731900824,2016,6,0.9431945538974952,0
977,5,0,10,0.4779043742574848,2545,6,0.9431945538974952,0
799,3,0,10,0.0959214324201657,2392,6,0.8884502877862838,0
869,3,0,10,0.4102615616404595,2408,6,0.8884502877862838,0
760,5,0,10,0.7604125916580021,2233,6,0.9431945538974952,0
562,5,0,10,1.301555092594204,2164,6,0.9431945538974952,0
991,3,0,10,0.4301565065278199,2668,6,0.8884502877862838,0
693,3,0,10,0.7842865255228345,1911,6,0.9431945538974952,0
761,5,0,10,0.5097362860772614,2191,6,0.8884502877862838,0
1097,5,0,10,0.5734001097168147,2335,6,0.8884502877862838,0
565,5,0,10,1.0508787870134637,2006,6,0.9431945538974952,0
784,3,0,10,0.7803075365453624,2262,6,0.8884502877862838,0
820,3,0,10,0.5773790986942867,2479,6,0.8884502877862838,0
625,3,0,10,1.134437555540377,2043,6,0.8884502877862838,0
895,3,0,10,0.3227238041360739,2277,6,0.8884502877862838,0
955,5,0,10,0.2033541348119117,2806,6,0.9431945538974952,0
1042,3,0,10,0.4818833632349569,2315,6,0.8884502877862838,0
800,5,0,10,0.2630389694739928,2182,6,0.9431945538974952,0
631,5,0,10,0.8320343932524994,2086,6,0.9431945538974952,0
919,3,0,10,0.2590599804965208,2470,6,0.8884502877862838,0
764,5,0,10,0.597274043581647,2167,6,0.8884502877862838,0
827,5,0,10,0.3943456057305713,2492,6,0.9431945538974952,0
966,5,0,10,0.3863876277756271,2581,6,0.9431945538974952,0
1019,3,0,10,0.6410429223338399,2252,6,0.8884502877862838,0
631,5,0,10,1.0508787870134637,1864,6,0.8884502877862838,0
645,5,0,10,0.863866305072276,1961,6,0.8884502877862838,0
686,3,0,10,0.593295054604175,2226,6,0.8884502877862838,0
735,5,0,10,1.182185423270042,1847,6,0.9431945538974952,0
976,3,0,10,0.2988498702712415,2285,6,0.8884502877862838,0
983,3,0,10,1.0628157539458798,2093,6,0.9431945538974952,0
702,3,0,10,0.3306817820910181,2421,6,0.8884502877862838,0
764,3,0,10,0.7325596688156976,2100,6,0.9431945538974952,0
971,5,0,10,0.5614631427843984,2392,6,0.9431945538974952,0
643,3,0,10,1.130458566562905,2177,6,0.8884502877862838,0
535,5,0,10,0.8002024814327229,1807,6,0.8884502877862838,0
747,3,0,10,0.8161184373426111,2392,6,0.9431945538974952,0
673,5,0,10,0.6052320215365912,2260,6,0.8884502877862838,0
733,5,0,10,0.3625136939107947,2440,6,0.9431945538974952,0
666,3,0,10,0.7007277569959209,2154,6,0.8884502877862838,0
993,5,0,10,0.5893160656267029,2397,6,0.9431945538974952,0
922,3,0,10,0.4938203301673731,2468,6,0.9431945538974952,0
864,5,0,10,0.162712851115519,2437,6,0.8884502877862838,0
806,5,0,10,0.9394670956442456,1827,6,0.9431945538974952,0
999,5,0,10,0.6171689884690075,2153,6,0.8884502877862838,0
1009,3,0,10,0.3943456057305713,2569,6,0.8884502877862838,0
750,3,0,10,0.8917192279145806,2240,6,0.8884502877862838,0
532,3,0,10,1.341344982368925,1786,6,0.9431945538974952,0
743,3,0,10,0.6410429223338399,2305,6,0.9431945538974952,0
665,5,0,10,1.456735662715615,1485,6,0.9431945538974952,0
788,3,0,10,0.9951729413288544,2262,6,0.8884502877862838,0
785,5,0,10,1.134437555540377,1560,6,0.9431945538974952,0
555,3,0,10,0.8439713601849157,1969,6,0.8884502877862838,0
852,3,0,10,0.593295054604175,2598,6,0.8884502877862838,0
604,5,0,10,1.2577862138420113,1837,6,0.8884502877862838,0
685,5,0,10,0.3863876277756271,2125,6,0.9431945538974952,0
782,5,0,10,0.7126647239283372,2287,6,0.8884502877862838,0
725,5,0,10,1.070773731900824,2103,6,0.9431945538974952,0
1012,3,0,10,0.2104607188451839,2560,6,0.9431945538974952,0
614,5,0,10,1.182185423270042,1902,6,0.9431945538974952,0
832,3,0,10,0.5455471868745101,2490,6,0.8884502877862838,0
1015,5,0,10,0.3107868372036577,2383,6,0.8884502877862838,0
905,5,0,10,0.4977993191448452,2469,6,0.8884502877862838,0
706,3,0,10,0.4540304403926524,2454,6,0.8884502877862838,0
841,3,0,10,0.4460724624377082,2336,6,0.9431945538974952,0
864,5,0,10,0.6450219113113119,2272,6,0.8884502877862838,0
820,3,0,10,0.3585347049333226,2352,6,0.9431945538974952,0
762,5,0,10,0.6609378672212003,1910,6,0.9431945538974952,0
1074,3,0,10,0.2908918923162973,2456,6,0.9431945538974952,0
604,3,0,10,0.9394670956442456,1904,6,0.8884502877862838,0
825,3,0,10,0.5654421317618704,2308,6,0.8884502877862838,0
983,3,0,10,0.3983245947080434,2126,6,0.8884502877862838,0
818,5,0,10,0.2391650356091604,2166,6,0.8884502877862838,0
913,3,0,10,0.1874381789020234,2296,6,0.9431945538974952,0
787,3,0,10,0.4301565065278199,2275,6,0.8884502877862838,0
817,3,0,10,0.0123626638932521,2628,6,0.9431945538974952,0
893,3,0,10,0.8161184373426111,2188,6,0.8884502877862838,0
789,5,0,10,0.2869129033388253,1914,6,0.9431945538974952,0
696,5,0,10,1.0628157539458798,2123,6,0.9431945538974952,0
733,5,0,10,0.8956982168920526,2193,6,0.8884502877862838,0
505,5,0,10,0.8360133822299715,2279,6,0.8884502877862838,0
775,3,0,10,0.7126647239283372,2083,6,0.9431945538974952,0
824,3,0,10,0.6370639333563678,2080,6,0.9431945538974952,0
501,3,0,10,1.345323971346397,1528,6,0.8884502877862838,0
846,5,0,10,0.8479503491623878,1945,6,0.9431945538974952,0
844,3,0,10,0.4659674073250686,2361,6,0.8884502877862838,0
948,5,0,10,0.593295054604175,2305,6,0.9431945538974952,0
873,3,0,10,0.963341029509078,2301,6,0.9431945538974952,0
726,3,0,10,0.8559083271173319,2184,6,0.9431945538974952,0
788,5,0,10,0.5097362860772614,2365,6,0.8884502877862838,0
917,3,0,10,0.3068078482261857,2457,6,0.8884502877862838,0
813,3,0,10,0.4420934734602362,2503,6,0.8884502877862838,0
889,5,0,10,0.3227238041360739,2636,6,0.8884502877862838,0
804,3,0,10,0.9116141728019408,1884,6,0.9431945538974952,0
752,5,0,10,0.7325596688156976,2091,6,0.9431945538974952,0
686,3,0,10,0.6012530325591191,1915,6,0.8884502877862838,0
914,5,0,10,0.537589208919566,2206,6,0.9431945538974952,0
850,5,0,10,0.3147658261811298,2364,6,0.9431945538974952,0
934,3,0,10,0.593295054604175,2201,6,0.9431945538974952,0
845,3,0,10,0.537589208919566,2552,6,0.8884502877862838,0
800,3,0,10,0.9911939523513824,1809,6,0.8884502877862838,0
817,3,0,10,0.5097362860772614,2173,6,0.8884502877862838,0
714,5,0,10,0.8399923712074435,1889,6,0.9431945538974952,0
850,5,0,10,0.3943456057305713,2434,6,0.8884502877862838,0
792,5,0,10,0.2988498702712415,2272,6,0.9431945538974952,0
867,5,0,10,0.4221985285728758,2375,6,0.8884502877862838,0
737,3,0,10,0.5216732530096777,2123,6,0.9431945538974952,0
850,3,0,10,1.1583114894052096,2057,6,0.8884502877862838,0
822,5,0,10,0.9354881066667734,2133,6,0.8884502877862838,0
842,5,0,10,0.4580094293701244,2203,6,0.9431945538974952,0
1006,3,0,10,0.274975936406409,2364,6,0.8884502877862838,0
860,5,0,10,1.1662694673601537,1926,6,0.9431945538974952,0
945,3,0,10,0.6649168561986724,2389,6,0.8884502877862838,0
673,5,0,10,1.0429208090585194,1734,6,0.8884502877862838,0
725,5,0,10,0.752454613703058,2006,6,0.9431945538974952,0
707,3,0,10,1.046899798035991,1840,6,0.9431945538974952,0
681,3,0,10,0.7723495585904183,2270,6,0.8884502877862838,0
891,5,0,10,0.4301565065278199,2468,6,0.9431945538974952,0
557,3,0,6,1.8586135494402944,1230,12,0.9431945538974952,1
655,3,0,11,1.94615130694468,1281,12,1.804272708628173,1
863,3,0,6,1.8546345604628225,1423,12,1.804272708628173,1
977,3,0,6,1.6835380344315232,1578,12,1.804272708628173,1
613,3,0,11,1.8307606265979897,1560,12,1.804272708628173,1
554,3,0,11,1.8665715273952384,1350,12,1.804272708628173,1
798,3,0,11,1.7670968029584369,1693,12,0.9431945538974952,1
636,3,0,11,1.94615130694468,1344,6,0.9431945538974952,1
897,3,0,6,1.8665715273952384,1443,6,0.9431945538974952,1
893,3,0,11,1.8426975935304064,1566,12,0.9431945538974952,1
853,3,0,11,1.8068866927331573,1398,12,0.9431945538974952,1
750,3,0,11,1.882487483305127,1374,6,0.9431945538974952,1
800,3,0,11,1.886466472282599,1542,6,0.9431945538974952,1
369,3,0,11,1.8944244502375431,1409,12,0.9431945538974952,1
633,3,0,6,1.882487483305127,1492,12,1.804272708628173,1
871,3,0,6,1.7472018580710764,1716,12,1.804272708628173,1
567,3,0,11,1.92625636205732,1125,6,0.9431945538974952,1
503,3,0,11,1.910340406147432,1355,12,1.804272708628173,1
690,3,0,11,1.8068866927331573,1558,12,0.9431945538974952,1
619,3,0,6,1.910340406147432,1298,6,1.804272708628173,1
632,3,0,11,1.92625636205732,1439,6,1.804272708628173,1
507,3,0,11,1.922277373079848,1351,12,0.9431945538974952,1
654,3,0,11,1.7511808470485486,1586,12,0.9431945538974952,1
773,3,0,11,1.9501302959221525,1374,12,0.9431945538974952,1
778,3,0,11,1.8586135494402944,1318,6,1.804272708628173,1
606,3,0,6,1.8665715273952384,1407,12,1.804272708628173,1
701,3,0,11,1.8068866927331573,1632,6,1.804272708628173,1
614,3,0,11,1.8625925384177664,1435,12,1.804272708628173,1
785,3,0,6,1.8984034392150155,1412,6,1.804272708628173,1
718,3,0,11,1.993899174674345,1193,6,1.804272708628173,1
837,3,0,11,1.779033769890853,1566,6,0.9431945538974952,1
808,3,0,11,1.8387186045529345,1453,12,0.9431945538974952,1
915,3,0,6,1.826781637620518,1434,12,1.804272708628173,1
526,3,0,6,1.8586135494402944,1393,6,1.804272708628173,1
897,3,0,11,1.802907703755685,1490,6,1.804272708628173,1
430,3,0,6,1.934214340012264,1432,6,0.9431945538974952,1
940,3,0,11,1.763117813980965,1897,6,1.804272708628173,1
1005,3,0,11,1.763117813980965,1339,6,1.804272708628173,1
515,3,0,6,1.7710757919359088,1480,6,1.804272708628173,1
627,3,0,6,1.930235351034792,1131,12,1.804272708628173,1
396,3,0,11,2.0058361416067614,1080,6,0.9431945538974952,1
901,3,0,6,1.8426975935304064,1601,6,1.804272708628173,1
888,3,0,11,1.826781637620518,1446,6,0.9431945538974952,1
792,3,0,6,1.8586135494402944,1392,12,0.9431945538974952,1
813,3,0,11,1.8466765825078784,1331,6,0.9431945538974952,1
785,3,0,6,1.783012758868325,1580,6,1.804272708628173,1
938,3,0,11,1.90636141716996,1333,12,0.9431945538974952,1
702,3,0,11,1.8625925384177664,1456,12,0.9431945538974952,1
947,3,0,6,1.826781637620518,1601,6,0.9431945538974952,1
650,3,0,11,1.8426975935304064,1495,6,0.9431945538974952,1
714,3,0,11,1.783012758868325,1490,6,0.9431945538974952,1
710,3,0,11,1.8307606265979897,1620,6,1.804272708628173,1
478,3,0,6,1.954109284899624,1229,12,0.9431945538974952,1
692,3,0,6,1.8665715273952384,1387,12,1.804272708628173,1
778,3,0,11,1.8546345604628225,1546,12,0.9431945538974952,1
677,3,0,6,1.9501302959221525,1290,6,1.804272708628173,1
881,3,0,11,1.723327924206244,1586,6,0.9431945538974952,1
600,3,0,6,1.8904454612600712,1382,12,1.804272708628173,1
665,3,0,11,1.6994539903414116,1791,6,1.804272708628173,1
395,3,0,6,1.954109284899624,1352,12,1.804272708628173,1
950,3,0,11,1.7432228690936045,1639,6,0.9431945538974952,1
891,3,0,6,1.786991747845797,1668,12,0.9431945538974952,1
719,3,0,6,1.8068866927331573,1707,12,1.804272708628173,1
641,3,0,11,1.8904454612600712,1302,12,0.9431945538974952,1
1005,3,0,11,1.6835380344315232,1656,6,0.9431945538974952,1
733,3,0,11,1.882487483305127,1335,12,1.804272708628173,1
794,3,0,6,1.8586135494402944,1528,12,1.804272708628173,1
548,3,0,11,1.954109284899624,1114,6,1.804272708628173,1
834,3,0,6,1.802907703755685,1473,6,0.9431945538974952,1
641,3,0,11,1.8068866927331573,1571,12,0.9431945538974952,1
522,3,0,6,1.930235351034792,1359,6,1.804272708628173,1
488,3,0,11,1.9740042297869849,1273,6,1.804272708628173,1
884,3,0,6,1.7670968029584369,1578,12,1.804272708628173,1
795,3,0,6,1.802907703755685,1443,6,0.9431945538974952,1
412,3,0,11,1.997878163651817,1232,12,1.804272708628173,1
716,3,0,11,1.8705505163727107,1307,6,1.804272708628173,1
641,3,0,6,1.8108656817106297,1613,6,0.9431945538974952,1
968,3,0,11,1.802907703755685,1676,12,1.804272708628173,1
619,3,0,11,1.882487483305127,1202,12,0.9431945538974952,1
617,3,0,11,1.938193328989736,1387,12,1.804272708628173,1
467,3,0,11,1.786991747845797,1487,6,0.9431945538974952,1
533,3,0,11,1.910340406147432,1372,6,1.804272708628173,1
560,3,0,11,1.8387186045529345,1644,12,0.9431945538974952,1
715,3,0,6,1.8665715273952384,1433,12,1.804272708628173,1
880,3,0,11,1.989920185696873,1310,6,1.804272708628173,1
746,3,0,6,1.7949497258007414,1552,12,0.9431945538974952,1
816,3,0,11,1.8307606265979897,1409,12,0.9431945538974952,1
820,3,0,11,1.786991747845797,1596,12,1.804272708628173,1
447,3,0,11,1.914319395124904,1427,12,0.9431945538974952,1
872,3,0,6,1.8108656817106297,1354,6,0.9431945538974952,1
758,3,0,11,1.8586135494402944,1473,12,1.804272708628173,1
615,3,0,6,1.882487483305127,1409,6,1.804272708628173,1
846,3,0,6,1.8108656817106297,1287,6,1.804272708628173,1
825,3,0,6,1.7392438801161323,1501,12,0.9431945538974952,1
739,3,0,6,1.882487483305127,1499,12,0.9431945538974952,1
517,3,0,6,1.8466765825078784,1515,6,0.9431945538974952,1
527,3,0,6,1.8546345604628225,1407,12,1.804272708628173,1
546,3,0,11,1.9740042297869849,930,12,0.9431945538974952,1
1003,3,0,6,1.73526489113866,1915,6,0.9431945538974952,1
680,3,0,11,1.938193328989736,1285,6,0.9431945538974952,1
827,3,0,11,1.7670968029584369,1565,12,0.9431945538974952,1
559,3,0,6,1.8665715273952384,1439,12,1.804272708628173,1
949,3,0,6,1.7949497258007414,1594,12,0.9431945538974952,1
713,3,0,6,1.8625925384177664,1289,12,0.9431945538974952,1
668,3,0,11,1.92625636205732,1238,12,0.9431945538974952,1
497,3,0,6,1.882487483305127,1455,6,1.804272708628173,1
557,3,0,6,1.902382428192488,1207,12,1.804272708628173,1
811,3,0,6,1.882487483305127,1471,12,1.804272708628173,1
510,3,0,11,1.910340406147432,1349,6,1.804272708628173,1
846,3,0,6,1.834739615575462,1421,12,0.9431945538974952,1
893,3,0,11,1.94615130694468,1115,6,0.9431945538974952,1
488,3,0,6,1.886466472282599,1500,6,0.9431945538974952,1
722,3,0,11,1.8785084943276549,1279,12,1.804272708628173,1
476,3,0,11,1.8625925384177664,1374,6,1.804272708628173,1
726,3,0,11,1.826781637620518,1569,12,1.804272708628173,1
869,3,0,6,1.7511808470485486,1664,12,1.804272708628173,1
886,3,0,6,1.7432228690936045,1571,6,1.804272708628173,1
649,3,0,6,1.8625925384177664,1473,12,1.804272708628173,1
640,3,0,11,1.8904454612600712,1396,6,0.9431945538974952,1
896,3,0,6,1.8785084943276549,1550,6,0.9431945538974952,1
462,3,0,6,1.9501302959221525,1229,12,0.9431945538974952,1
412,3,0,11,1.886466472282599,1296,6,1.804272708628173,1
692,3,0,11,1.8586135494402944,1394,12,1.804272708628173,1
608,3,0,11,1.8904454612600712,1580,12,1.804272708628173,1
766,3,0,11,1.9501302959221525,1175,12,1.804272708628173,1
674,3,0,11,1.8625925384177664,1304,12,1.804272708628173,1
682,3,0,6,1.8705505163727107,1248,6,1.804272708628173,1
733,3,0,6,1.90636141716996,1363,12,1.804272708628173,1
385,3,0,6,1.922277373079848,1388,12,1.804272708628173,1
698,3,0,11,1.8188236596655736,1509,12,1.804272708628173,1
890,3,0,11,1.8665715273952384,1455,6,0.9431945538974952,1
771,3,0,6,1.763117813980965,1430,6,1.804272708628173,1
647,3,0,11,2.001857152629289,1321,12,1.804272708628173,1
664,3,0,11,1.779033769890853,1697,12,0.9431945538974952,1
700,3,0,6,1.94615130694468,1190,6,0.9431945538974952,1
688,3,0,11,1.775054780913381,1537,12,0.9431945538974952,1
511,3,0,11,1.938193328989736,1020,6,0.9431945538974952,1
711,3,0,6,1.775054780913381,1648,12,0.9431945538974952,1
925,3,0,11,1.826781637620518,1301,6,0.9431945538974952,1
549,3,0,11,1.938193328989736,1036,6,0.9431945538974952,1
787,3,0,6,1.910340406147432,1412,12,0.9431945538974952,1
416,3,0,6,1.985941196719401,1213,12,1.804272708628173,1
805,3,0,11,1.8307606265979897,1578,6,1.804272708628173,1
690,3,0,11,1.9182983841023755,1431,12,0.9431945538974952,1
868,3,0,11,1.7989287147782134,1452,6,1.804272708628173,1
605,3,0,6,1.8745295053501827,1518,12,1.804272708628173,1
590,3,0,11,1.8944244502375431,1409,12,0.9431945538974952,1
606,3,0,6,1.8426975935304064,1426,12,1.804272708628173,1
530,3,0,6,1.9740042297869849,1285,6,1.804272708628173,1
741,3,0,11,1.8944244502375431,1497,12,1.804272708628173,1
635,3,0,6,1.92625636205732,1353,12,0.9431945538974952,1
711,3,0,11,1.8068866927331573,1343,12,0.9431945538974952,1
720,3,0,6,1.8068866927331573,1564,12,1.804272708628173,1
726,3,0,6,1.8944244502375431,1260,6,1.804272708628173,1
635,3,0,11,1.9182983841023755,1135,6,0.9431945538974952,1
589,3,0,11,1.8984034392150155,1252,12,1.804272708628173,1
600,3,0,6,1.90636141716996,1425,6,0.9431945538974952,1
743,3,0,11,1.8745295053501827,1334,12,1.804272708628173,1
632,3,0,11,1.8188236596655736,1634,12,1.804272708628173,1
600,3,0,11,1.9740042297869849,1397,6,1.804272708628173,1
733,3,0,6,1.7949497258007414,1609,6,0.9431945538974952,1
561,3,0,6,1.8506555714853503,1290,12,0.9431945538974952,1
484,3,0,11,2.0098151305842333,973,12,1.804272708628173,1
695,3,0,11,1.783012758868325,1370,12,1.804272708628173,1
788,3,0,11,1.7710757919359088,1979,12,0.9431945538974952,1
744,3,0,11,1.8228026486430453,1311,6,0.9431945538974952,1
802,3,0,6,1.8586135494402944,1463,12,1.804272708628173,1
555,3,0,11,1.942172317967208,1045,12,1.804272708628173,1
712,3,0,6,1.783012758868325,1593,6,0.9431945538974952,1
712,3,0,6,1.7989287147782134,1487,6,0.9431945538974952,1
756,3,0,11,1.8188236596655736,1328,6,0.9431945538974952,1
716,3,0,6,1.8148446706881016,1450,6,0.9431945538974952,1
537,3,0,11,1.8904454612600712,1240,12,1.804272708628173,1
428,3,0,11,1.8307606265979897,1403,12,0.9431945538974952,1
611,3,0,6,1.826781637620518,1322,12,1.804272708628173,1
793,3,0,6,1.834739615575462,1508,6,0.9431945538974952,1
921,3,0,6,1.775054780913381,1655,6,0.9431945538974952,1
760,3,0,11,1.7909707368232692,1594,12,0.9431945538974952,1
610,3,0,6,1.8148446706881016,1668,12,1.804272708628173,1
717,3,0,6,1.7989287147782134,1435,12,1.804272708628173,1
645,3,0,11,1.7989287147782134,1505,12,0.9431945538974952,1
615,3,0,6,1.9779832187644568,1372,6,0.9431945538974952,1
712,3,0,6,1.8904454612600712,1399,6,0.9431945538974952,1
686,3,0,11,1.802907703755685,1590,6,1.804272708628173,1
774,3,0,6,1.8426975935304064,1351,12,0.9431945538974952,1
911,3,0,11,1.8228026486430453,1476,6,1.804272708628173,1
724,3,0,11,1.6954750013639397,1745,12,1.804272708628173,1
819,3,0,6,1.8068866927331573,1436,12,1.804272708628173,1
639,3,0,6,1.786991747845797,1537,6,1.804272708628173,1
743,3,0,6,1.886466472282599,1428,12,0.9431945538974952,1
533,3,0,11,1.763117813980965,1506,12,0.9431945538974952,1
280,3,0,11,1.8705505163727107,1507,6,0.9431945538974952,1
447,3,0,6,1.989920185696873,1097,6,1.804272708628173,1
664,3,0,11,1.9182983841023755,1261,6,1.804272708628173,1
980,3,0,6,1.7312859021611882,1835,12,0.9431945538974952,1
551,3,0,6,1.90636141716996,1293,12,1.804272708628173,1
770,3,0,11,1.914319395124904,1526,6,1.804272708628173,1
579,3,0,11,1.8148446706881016,1307,12,1.804272708628173,1
827,3,0,6,1.7989287147782134,1358,6,0.9431945538974952,1
809,3,0,6,1.8426975935304064,1607,6,1.804272708628173,1
786,3,0,11,1.8068866927331573,1395,6,1.804272708628173,1
656,3,0,11,1.8665715273952384,1424,12,0.9431945538974952,1
619,3,0,11,1.8625925384177664,1278,12,0.9431945538974952,1
657,3,0,6,1.8625925384177664,1447,6,0.9431945538974952,1
815,3,0,11,1.802907703755685,1662,12,1.804272708628173,1
724,3,0,6,1.882487483305127,1375,6,0.9431945538974952,1
624,3,0,11,1.826781637620518,1469,12,1.804272708628173,1
657,3,0,6,1.8625925384177664,1485,12,0.9431945538974952,1
546,3,0,11,1.8228026486430453,1497,6,0.9431945538974952,1
465,3,0,6,1.9580882738770964,1492,12,0.9431945538974952,1
928,3,0,6,1.8506555714853503,1655,12,1.804272708628173,1
707,3,0,6,1.8387186045529345,1460,12,0.9431945538974952,1
688,3,0,11,1.9660462518320403,1332,12,0.9431945538974952,1
588,3,0,6,1.8785084943276549,1642,12,0.9431945538974952,1
586,3,0,11,1.8586135494402944,1544,12,0.9431945538974952,1
607,3,0,6,1.8068866927331573,1474,12,0.9431945538974952,1
668,3,0,11,1.8665715273952384,1478,12,1.804272708628173,1
741,3,0,6,1.834739615575462,1467,12,0.9431945538974952,1
692,3,0,6,1.826781637620518,1312,6,0.9431945538974952,1
693,3,0,11,1.7312859021611882,1481,6,1.804272708628173,1
585,3,0,11,1.910340406147432,1354,6,0.9431945538974952,1
697,3,0,6,1.8068866927331573,1453,6,1.804272708628173,1
811,3,0,11,1.8387186045529345,1646,12,0.9431945538974952,1
975,3,0,11,1.8426975935304064,1606,12,0.9431945538974952,1
395,3,0,6,1.8466765825078784,1356,6,1.804272708628173,1
487,3,0,6,1.942172317967208,1431,6,1.804272708628173,1
627,3,0,11,1.8586135494402944,1277,12,1.804272708628173,1
676,3,0,6,1.8586135494402944,1550,12,1.804272708628173,1
739,3,0,6,1.8944244502375431,1160,6,1.804272708628173,1
667,3,0,6,1.8586135494402944,1454,12,1.804272708628173,1
669,3,0,11,1.763117813980965,1470,12,0.9431945538974952,1
635,3,0,6,1.8904454612600712,1504,6,0.9431945538974952,1
961,3,0,11,1.7312859021611882,1590,6,0.9431945538974952,1
801,3,0,11,1.8665715273952384,1358,12,1.804272708628173,1
616,3,0,11,1.783012758868325,1570,6,1.804272708628173,1
578,3,0,6,1.886466472282599,1222,12,1.804272708628173,1
594,3,0,11,1.7949497258007414,1627,6,1.804272708628173,1
780,3,0,11,1.8625925384177664,1327,6,0.9431945538974952,1
540,3,0,6,1.9819622077419288,1152,6,0.9431945538974952,1
994,3,0,11,1.7074119682963558,1793,12,1.804272708628173,1
848,3,0,6,1.763117813980965,1531,12,1.804272708628173,1
658,3,0,6,1.8506555714853503,1462,6,1.804272708628173,1
858,3,0,11,1.802907703755685,1657,6,1.804272708628173,1
827,3,0,6,1.7989287147782134,1617,6,0.9431945538974952,1
673,3,0,6,1.886466472282599,1300,12,0.9431945538974952,1
931,3,0,6,1.6875170234089951,1636,6,1.804272708628173,1
767,3,0,11,1.7551598360260203,1538,6,1.804272708628173,1
758,3,0,6,1.8148446706881016,1508,6,1.804272708628173,1
546,3,0,11,1.8705505163727107,1407,12,0.9431945538974952,1
624,3,0,11,1.9580882738770964,1288,6,1.804272708628173,1
609,3,0,6,1.8904454612600712,1166,6,1.804272708628173,1
743,3,0,6,1.922277373079848,1130,12,0.9431945538974952,1
641,3,0,11,1.914319395124904,1345,6,1.804272708628173,1
755,3,0,6,1.886466472282599,1257,6,1.804272708628173,1
451,3,0,6,1.930235351034792,1214,6,1.804272708628173,1
825,3,0,6,1.8466765825078784,1261,6,1.804272708628173,1
613,3,0,11,1.8904454612600712,1291,6,0.9431945538974952,1
658,3,0,11,1.7949497258007414,1341,6,0.9431945538974952,1
922,3,0,6,1.786991747845797,1639,6,1.804272708628173,1
714,3,0,6,1.922277373079848,1273,12,0.9431945538974952,1
597,3,0,11,1.8506555714853503,1488,12,0.9431945538974952,1
1047,3,0,6,1.6795590454540512,1881,6,0.9431945538974952,1
714,3,0,11,1.8785084943276549,1398,12,0.9431945538974952,1
368,3,0,11,1.954109284899624,1041,6,1.804272708628173,1
828,3,0,11,1.8904454612600712,1177,12,0.9431945538974952,1
667,3,0,6,1.882487483305127,1504,6,0.9431945538974952,1
711,3,0,11,1.834739615575462,1557,12,1.804272708628173,1
618,3,0,6,1.8506555714853503,1500,12,0.9431945538974952,1
509,3,0,6,1.882487483305127,1414,12,0.9431945538974952,1
884,3,0,11,1.8228026486430453,1407,6,1.804272708628173,1
656,3,0,6,1.7949497258007414,1389,6,0.9431945538974952,1
745,3,0,11,1.8426975935304064,1351,6,1.804272708628173,1
651,3,0,6,1.8625925384177664,1453,12,1.804272708628173,1
851,3,0,11,1.7113909572738275,1581,6,0.9431945538974952,1
510,3,0,6,1.9501302959221525,1401,12,0.9431945538974952,1
661,3,0,11,1.882487483305127,1642,12,1.804272708628173,1
585,3,0,6,1.8506555714853503,1295,6,0.9431945538974952,1
579,3,0,6,1.8705505163727107,1445,6,1.804272708628173,1
841,3,0,6,1.8228026486430453,1684,6,0.9431945538974952,1
730,3,0,6,1.8426975935304064,1364,12,0.9431945538974952,1
471,3,0,11,1.8904454612600712,1247,12,1.804272708628173,1
703,3,0,11,1.8148446706881016,1409,6,0.9431945538974952,1
715,3,0,11,1.73526489113866,1773,12,1.804272708628173,1
909,3,0,6,1.9182983841023755,1414,6,1.804272708628173,1
715,3,0,6,1.8665715273952384,1518,6,1.804272708628173,1
502,3,0,11,1.8625925384177664,1374,12,1.804272708628173,1
783,3,0,11,1.8228026486430453,1597,6,1.804272708628173,1
789,3,0,11,1.783012758868325,1554,12,1.804272708628173,1
606,3,0,6,1.783012758868325,1543,6,1.804272708628173,1
801,3,0,6,1.7392438801161323,1480,6,1.804272708628173,1
802,3,0,6,1.8466765825078784,1483,6,0.9431945538974952,1
742,3,0,6,1.8307606265979897,1503,12,1.804272708628173,1
862,3,0,6,1.779033769890853,1541,12,1.804272708628173,1
752,3,0,11,1.8586135494402944,1284,6,0.9431945538974952,1
413,3,0,6,1.934214340012264,1097,6,1.804272708628173,1
667,3,0,11,1.8068866927331573,1440,6,0.9431945538974952,1
723,3,0,11,1.8108656817106297,1485,12,0.9431945538974952,1
845,3,0,11,1.886466472282599,1402,6,1.804272708628173,1
476,3,0,11,1.910340406147432,1379,6,1.804272708628173,1
772,3,0,6,1.902382428192488,1513,6,0.9431945538974952,1
757,3,0,6,1.92625636205732,1281,6,0.9431945538974952,1
718,3,0,6,1.914319395124904,1421,12,0.9431945538974952,1
754,3,0,11,1.8904454612600712,1421,12,0.9431945538974952,1
770,3,0,6,1.8586135494402944,1594,12,1.804272708628173,1
860,3,0,11,1.8625925384177664,1546,12,1.804272708628173,1
524,3,0,11,1.90636141716996,1333,6,1.804272708628173,1
894,3,0,6,1.8307606265979897,1670,12,1.804272708628173,1
659,3,0,6,1.9660462518320403,1141,6,0.9431945538974952,1
649,3,0,6,1.775054780913381,1413,12,1.804272708628173,1
800,3,0,6,1.8426975935304064,1464,12,0.9431945538974952,1
815,3,0,11,1.8108656817106297,1603,6,1.804272708628173,1
819,3,0,11,1.834739615575462,1611,12,1.804272708628173,1
812,3,0,11,1.8108656817106297,1498,12,0.9431945538974952,1
675,3,0,11,1.8188236596655736,1424,12,1.804272708628173,1
755,3,0,11,1.7472018580710764,1486,12,0.9431945538974952,1
383,3,0,6,1.92625636205732,1226,12,1.804272708628173,1
784,3,0,11,1.7591388250034927,1429,12,0.9431945538974952,1
713,3,0,6,1.834739615575462,1527,6,0.9431945538974952,1
660,3,0,6,1.7909707368232692,1507,12,0.9431945538974952,1
642,3,0,11,1.7432228690936045,1597,6,1.804272708628173,1
848,3,0,11,1.783012758868325,1672,12,0.9431945538974952,1
727,3,0,6,1.834739615575462,1199,12,1.804272708628173,1
576,3,0,6,1.910340406147432,1200,6,1.804272708628173,1
571,3,0,6,1.9740042297869849,1309,6,1.804272708628173,1
857,3,0,11,1.8705505163727107,1381,12,0.9431945538974952,1
1001,3,0,6,1.7511808470485486,1725,12,1.804272708628173,1
403,3,0,11,1.9660462518320403,1298,12,1.804272708628173,1
762,3,0,6,1.8745295053501827,1200,12,1.804272708628173,1
941,3,0,11,1.7511808470485486,1616,12,1.804272708628173,1
664,3,0,6,1.8546345604628225,1318,12,1.804272708628173,1
477,3,0,6,1.934214340012264,1221,6,1.804272708628173,1
782,3,0,11,1.7472018580710764,1438,12,1.804272708628173,1
722,3,0,6,1.8068866927331573,1532,6,0.9431945538974952,1
946,3,0,6,1.6556851115892188,1832,12,0.9431945538974952,1
781,3,0,6,1.7591388250034927,1662,6,0.9431945538974952,1
625,3,0,6,1.9700252408095125,1213,6,0.9431945538974952,1
701,3,0,6,1.7909707368232692,1333,6,0.9431945538974952,1
681,3,0,6,1.7034329793188836,1838,12,1.804272708628173,1
748,3,0,11,1.775054780913381,1448,6,0.9431945538974952,1
635,3,0,6,1.834739615575462,1719,12,1.804272708628173,1
895,3,0,6,1.8148446706881016,1518,12,0.9431945538974952,1
736,3,0,11,1.8904454612600712,1115,12,1.804272708628173,1
814,3,0,11,1.7511808470485486,1594,6,0.9431945538974952,1
581,3,0,6,1.8466765825078784,1434,12,1.804272708628173,1
670,3,0,6,1.9182983841023755,1167,6,1.804272708628173,1
986,3,0,11,1.727306913183716,1709,6,0.9431945538974952,1
866,3,0,11,1.834739615575462,1382,6,0.9431945538974952,1
644,3,0,11,1.934214340012264,1284,6,0.9431945538974952,1
661,3,0,11,1.997878163651817,1234,6,1.804272708628173,1
849,3,0,11,1.802907703755685,1652,6,0.9431945538974952,1
318,3,0,11,1.8625925384177664,1294,12,1.804272708628173,1
823,3,0,11,1.9182983841023755,1482,12,0.9431945538974952,1
736,3,0,6,1.7909707368232692,1325,6,0.9431945538974952,1
203,3,0,10,2.0137941195617053,0,2,0.8884502877862838,1
384,3,0,10,2.0137941195617053,0,2,0.8884502877862838,1
384,3,0,10,2.0137941195617053,0,2,0.8884502877862838,1
427,3,0,10,2.0137941195617053,0,2,0.8884502877862838,1
421,3,0,10,2.0137941195617053,0,2,0.9431945538974952,1
605,3,0,10,2.0137941195617053,0,2,0.8884502877862838,1
283,3,0,10,2.0137941195617053,0,2,0.9431945538974952,1
382,3,0,10,2.0137941195617053,0,2,0.8884502877862838,1
417,3,0,10,2.0137941195617053,0,2,0.8884502877862838,1
346,3,0,10,2.0137941195617053,0,2,0.9431945538974952,1
391,3,0,10,2.0137941195617053,0,2,0.8884502877862838,1
338,3,0,10,2.0137941195617053,0,2,0.8884502877862838,1
469,3,0,10,2.0137941195617053,0,2,0.8884502877862838,1
495,3,0,10,2.0137941195617053,0,2,0.8884502877862838,1
420,3,0,10,2.0137941195617053,0,2,0.8884502877862838,1
382,3,0,10,2.0137941195617053,0,2,0.9431945538974952,1
320,3,0,10,2.0137941195617053,0,2,0.9431945538974952,1
383,3,0,10,2.0137941195617053,0,2,0.8884502877862838,1
387,3,0,10,2.0137941195617053,0,2,0.9431945538974952,1
444,3,0,10,2.0137941195617053,0,2,0.8884502877862838,1
301,3,0,10,2.0137941195617053,0,2,0.8884502877862838,1
415,3,0,10,2.0137941195617053,0,2,0.8884502877862838,1
355,3,0,10,2.0137941195617053,0,2,0.9431945538974952,1
265,3,0,10,2.0137941195617053,0,2,0.8884502877862838,1
411,3,0,10,2.0137941195617053,0,2,0.8884502877862838,1
458,3,0,10,2.0137941195617053,0,2,0.8884502877862838,1
514,3,0,10,2.0137941195617053,0,2,0.9431945538974952,1
280,3,0,10,2.0137941195617053,0,2,0.8884502877862838,1
293,3,0,10,2.0137941195617053,0,2,0.8884502877862838,1
465,3,0,10,2.0137941195617053,0,2,0.9431945538974952,1
396,3,0,10,2.0137941195617053,0,2,0.9431945538974952,1
311,3,0,10,2.0137941195617053,0,2,0.9431945538974952,1
330,3,0,10,2.0137941195617053,0,2,0.8884502877862838,1
368,3,0,10,2.0137941195617053,0,2,0.9431945538974952,1
347,3,0,10,2.0137941195617053,0,2,0.9431945538974952,1
174,3,0,10,2.0137941195617053,0,2,0.8884502877862838,1
537,3,0,10,2.0137941195617053,0,2,0.8884502877862838,1
320,3,0,10,2.0137941195617053,0,2,0.8884502877862838,1
395,3,0,10,2.0137941195617053,0,2,0.9431945538974952,1
415,3,0,10,2.0137941195617053,0,2,0.9431945538974952,1
477,3,0,10,2.0137941195617053,0,2,0.8884502877862838,1
305,3,0,10,2.0137941195617053,0,2,0.9431945538974952,1
297,3,0,10,2.0137941195617053,0,2,0.9431945538974952,1
437,3,0,10,2.0137941195617053,0,2,0.9431945538974952,1
192,3,0,10,2.0137941195617053,0,2,0.8884502877862838,1
371,3,0,10,2.0137941195617053,0,2,0.9431945538974952,1
382,3,0,10,2.0137941195617053,0,2,0.8884502877862838,1
528,3,0,10,2.0137941195617053,0,2,0.9431945538974952,1
414,3,0,10,2.0137941195617053,0,2,0.8884502877862838,1
386,3,0,10,2.0137941195617053,0,2,0.9431945538974952,1
421,3,0,10,2.0137941195617053,0,2,0.8884502877862838,1
350,3,0,10,2.0137941195617053,0,2,0.8884502877862838,1
519,3,0,10,2.0137941195617053,0,2,0.8884502877862838,1
384,3,0,10,2.0137941195617053,0,2,0.8884502877862838,1
438,3,0,10,2.0137941195617053,0,2,0.8884502877862838,1
357,3,0,10,2.0137941195617053,0,2,0.8884502877862838,1
389,3,0,10,2.0137941195617053,0,2,0.9431945538974952,1
353,3,0,10,2.0137941195617053,0,2,0.8884502877862838,1
539,3,0,10,2.0137941195617053,0,2,0.9431945538974952,1
363,3,0,10,2.0137941195617053,0,2,0.9431945538974952,1
400,3,0,10,2.0137941195617053,0,2,0.9431945538974952,1
385,3,0,10,2.0137941195617053,0,2,0.8884502877862838,1
340,3,0,10,2.0137941195617053,0,2,0.8884502877862838,1
427,3,0,10,2.0137941195617053,0,2,0.8884502877862838,1
385,3,0,10,2.0137941195617053,0,2,0.8884502877862838,1
462,3,0,10,2.0137941195617053,0,2,0.9431945538974952,1
491,3,0,10,2.0137941195617053,0,2,0.8884502877862838,1
308,3,0,10,2.0137941195617053,0,2,0.8884502877862838,1
535,3,0,10,2.0137941195617053,0,2,0.9431945538974952,1
480,3,0,10,2.0137941195617053,0,2,0.8884502877862838,1
403,3,0,10,2.0137941195617053,0,2,0.9431945538974952,1
357,3,0,10,2.0137941195617053,0,2,0.8884502877862838,1
355,3,0,10,2.0137941195617053,0,2,0.8884502877862838,1
388,3,0,10,2.0137941195617053,0,2,0.9431945538974952,1
381,3,0,10,2.0137941195617053,0,2,0.8884502877862838,1
339,3,0,10,2.0137941195617053,0,2,0.9431945538974952,1
404,3,0,10,2.0137941195617053,0,2,0.9431945538974952,1
416,3,0,10,2.0137941195617053,0,2,0.8884502877862838,1
557,3,0,10,2.0137941195617053,0,2,0.8884502877862838,1
429,3,0,10,2.0137941195617053,0,2,0.9431945538974952,1
444,3,0,10,2.0137941195617053,0,2,0.9431945538974952,1
489,3,0,10,2.0137941195617053,0,2,0.9431945538974952,1
437,3,0,10,2.0137941195617053,0,2,0.9431945538974952,1
340,3,0,10,2.0137941195617053,0,2,0.8884502877862838,1
376,3,0,10,2.0137941195617053,0,2,0.9431945538974952,1
398,3,0,10,2.0137941195617053,0,2,0.8884502877862838,1
421,3,0,10,2.0137941195617053,0,2,0.8884502877862838,1
416,3,0,10,2.0137941195617053,0,2,0.9431945538974952,1
466,3,0,10,2.0137941195617053,0,2,0.9431945538974952,1
439,3,0,10,2.0137941195617053,0,2,0.8884502877862838,1
494,3,0,10,2.0137941195617053,0,2,0.9431945538974952,1
531,3,0,10,2.0137941195617053,0,2,0.9431945538974952,1
462,3,0,10,2.0137941195617053,0,2,0.9431945538974952,1
521,3,0,10,2.0137941195617053,0,2,0.9431945538974952,1
305,3,0,10,2.0137941195617053,0,2,0.9431945538974952,1
396,3,0,10,2.0137941195617053,0,2,0.8884502877862838,1
414,3,0,10,2.0137941195617053,0,2,0.8884502877862838,1
480,3,0,10,2.0137941195617053,0,2,0.9431945538974952,1
517,3,0,10,2.0137941195617053,0,2,0.9431945538974952,1
404,3,0,10,2.0137941195617053,0,2,0.8884502877862838,1
189,3,0,10,2.0137941195617053,0,2,0.9431945538974952,1
446,3,0,10,2.0137941195617053,0,2,0.9431945538974952,1
347,3,0,10,2.0137941195617053,0,2,0.9431945538974952,1
469,3,0,10,2.0137941195617053,0,2,0.8884502877862838,1
338,3,0,10,2.0137941195617053,0,2,0.8884502877862838,1
279,3,0,10,2.0137941195617053,0,2,0.8884502877862838,1
502,3,0,10,2.0137941195617053,0,2,0.9431945538974952,1
464,3,0,10,2.0137941195617053,0,2,0.8884502877862838,1
364,3,0,10,2.0137941195617053,0,2,0.9431945538974952,1
436,3,0,10,2.0137941195617053,0,2,0.8884502877862838,1
372,3,0,10,2.0137941195617053,0,2,0.8884502877862838,1
334,3,0,10,2.0137941195617053,0,2,0.8884502877862838,1
418,3,0,10,2.0137941195617053,0,2,0.9431945538974952,1
362,3,0,10,2.0137941195617053,0,2,0.8884502877862838,1
421,3,0,10,2.0137941195617053,0,2,0.8884502877862838,1
365,3,0,10,2.0137941195617053,0,2,0.9431945538974952,1
349,3,0,10,2.0137941195617053,0,2,0.9431945538974952,1
393,3,0,10,2.0137941195617053,0,2,0.8884502877862838,1
484,3,0,10,2.0137941195617053,0,2,0.9431945538974952,1
298,3,0,10,2.0137941195617053,0,2,0.9431945538974952,1
346,3,0,10,2.0137941195617053,0,2,0.8884502877862838,1
376,3,0,10,2.0137941195617053,0,2,0.8884502877862838,1
417,3,0,10,2.0137941195617053,0,2,0.8884502877862838,1
429,3,0,10,2.0137941195617053,0,2,0.8884502877862838,1
472,3,0,10,2.0137941195617053,0,2,0.9431945538974952,1
396,3,0,10,2.0137941195617053,0,2,0.8884502877862838,1
370,3,0,10,2.0137941195617053,0,2,0.8884502877862838,1
310,3,0,10,2.0137941195617053,0,2,0.9431945538974952,1
435,3,0,10,2.0137941195617053,0,2,0.9431945538974952,1
450,3,0,10,2.0137941195617053,0,2,0.8884502877862838,1
352,3,0,10,2.0137941195617053,0,2,0.8884502877862838,1
258,3,0,10,2.0137941195617053,0,2,0.9431945538974952,1
445,3,0,10,2.0137941195617053,0,2,0.9431945538974952,1
390,3,0,10,2.0137941195617053,0,2,0.8884502877862838,1
481,3,0,10,2.0137941195617053,0,2,0.9431945538974952,1
416,3,0,10,2.0137941195617053,0,2,0.8884502877862838,1
422,3,0,10,2.0137941195617053,0,2,0.9431945538974952,1
398,3,0,10,2.0137941195617053,0,2,0.8884502877862838,1
394,3,0,10,2.0137941195617053,0,2,0.8884502877862838,1
474,3,0,10,2.0137941195617053,0,2,0.9431945538974952,1
292,3,0,10,2.0137941195617053,0,2,0.8884502877862838,1
363,3,0,10,2.0137941195617053,0,2,0.8884502877862838,1
575,3,0,10,2.0137941195617053,0,2,0.8884502877862838,1
288,3,0,10,2.0137941195617053,0,2,0.8884502877862838,1
336,3,0,10,2.0137941195617053,0,2,0.9431945538974952,1
346,3,0,10,2.0137941195617053,0,2,0.9431945538974952,1
425,3,0,10,2.0137941195617053,0,2,0.8884502877862838,1
344,3,0,10,2.0137941195617053,0,2,0.9431945538974952,1
377,3,0,10,2.0137941195617053,0,2,0.9431945538974952,1
368,3,0,10,2.0137941195617053,0,2,0.9431945538974952,1
504,3,0,10,2.0137941195617053,0,2,0.8884502877862838,1
422,3,0,10,2.0137941195617053,0,2,0.9431945538974952,1
325,3,0,10,2.0137941195617053,0,2,0.9431945538974952,1
299,3,0,10,2.0137941195617053,0,2,0.9431945538974952,1
415,3,0,10,2.0137941195617053,0,2,0.8884502877862838,1
348,3,0,10,2.0137941195617053,0,2,0.9431945538974952,1
433,3,0,10,2.0137941195617053,0,2,0.9431945538974952,1
429,3,0,10,2.0137941195617053,0,2,0.8884502877862838,1
513,3,0,10,2.0137941195617053,0,2,0.9431945538974952,1
428,3,0,10,2.0137941195617053,0,2,0.9431945538974952,1
593,3,0,10,2.0137941195617053,0,2,0.9431945538974952,1
474,3,0,10,2.0137941195617053,0,2,0.8884502877862838,1
451,3,0,10,2.0137941195617053,0,2,0.9431945538974952,1
414,3,0,10,2.0137941195617053,0,2,0.8884502877862838,1
417,3,0,10,2.0137941195617053,0,2,0.8884502877862838,1
305,3,0,10,2.0137941195617053,0,2,0.9431945538974952,1
304,3,0,10,2.0137941195617053,0,2,0.9431945538974952,1
542,3,0,10,2.0137941195617053,0,2,0.9431945538974952,1
331,3,0,10,2.0137941195617053,0,2,0.8884502877862838,1
281,3,0,10,2.0137941195617053,0,2,0.9431945538974952,1
388,3,0,10,2.0137941195617053,0,2,0.8884502877862838,1
389,3,0,10,2.0137941195617053,0,2,0.9431945538974952,1
378,3,0,10,2.0137941195617053,0,2,0.8884502877862838,1
456,3,0,10,2.0137941195617053,0,2,0.9431945538974952,1
307,3,0,10,2.0137941195617053,0,2,0.8884502877862838,1
456,3,0,10,2.0137941195617053,0,2,0.8884502877862838,1
507,3,0,10,2.0137941195617053,0,2,0.8884502877862838,1
427,3,0,10,2.0137941195617053,0,2,0.9431945538974952,1
390,3,0,10,2.0137941195617053,0,2,0.9431945538974952,1
396,3,0,10,2.0137941195617053,0,2,0.9431945538974952,1
318,3,0,10,2.0137941195617053,0,2,0.9431945538974952,1
443,3,0,10,2.0137941195617053,0,2,0.8884502877862838,1
284,3,0,10,2.0137941195617053,0,2,0.8884502877862838,1
404,3,0,10,2.0137941195617053,0,2,0.8884502877862838,1
461,3,0,10,2.0137941195617053,0,2,0.9431945538974952,1
428,3,0,10,2.0137941195617053,0,2,0.9431945538974952,1
417,3,0,10,2.0137941195617053,0,2,0.9431945538974952,1
362,3,0,10,2.0137941195617053,0,2,0.9431945538974952,1
301,3,0,10,2.0137941195617053,0,2,0.8884502877862838,1
542,3,0,10,2.0137941195617053,0,2,0.9431945538974952,1
305,3,0,10,2.0137941195617053,0,2,0.9431945538974952,1
295,3,0,10,2.0137941195617053,0,2,0.9431945538974952,1
470,3,0,10,2.0137941195617053,0,2,0.9431945538974952,1
446,3,0,10,2.0137941195617053,0,2,0.9431945538974952,1
312,3,0,10,2.0137941195617053,0,2,0.8884502877862838,1
285,3,0,10,2.0137941195617053,0,2,0.9431945538974952,1
500,3,0,10,2.0137941195617053,0,2,0.9431945538974952,1
333,3,0,10,2.0137941195617053,0,2,0.8884502877862838,1
429,3,0,10,2.0137941195617053,0,2,0.8884502877862838,1
392,3,0,10,2.0137941195617053,0,2,0.9431945538974952,1
338,3,0,10,2.0137941195617053,0,2,0.8884502877862838,1
384,3,0,10,2.0137941195617053,0,2,0.8884502877862838,1
279,3,0,10,2.0137941195617053,0,2,0.9431945538974952,1
344,3,0,10,2.0137941195617053,0,2,0.8884502877862838,1
292,3,0,10,2.0137941195617053,0,2,0.8884502877862838,1
421,3,0,10,2.0137941195617053,0,2,0.9431945538974952,1
373,3,0,10,2.0137941195617053,0,2,0.9431945538974952,1
341,3,0,10,2.0137941195617053,0,2,0.9431945538974952,1
241,3,0,10,2.0137941195617053,0,2,0.8884502877862838,1
360,3,0,10,2.0137941195617053,0,2,0.8884502877862838,1
396,3,0,10,2.0137941195617053,0,2,0.9431945538974952,1
321,3,0,10,2.0137941195617053,0,2,0.9431945538974952,1
280,3,0,10,2.0137941195617053,0,2,0.8884502877862838,1
382,3,0,10,2.0137941195617053,0,2,0.9431945538974952,1
418,3,0,10,2.0137941195617053,0,2,0.8884502877862838,1
450,3,0,10,2.0137941195617053,0,2,0.9431945538974952,1
521,3,0,10,2.0137941195617053,0,2,0.8884502877862838,1
422,3,0,10,2.0137941195617053,0,2,0.9431945538974952,1
432,3,0,10,2.0137941195617053,0,2,0.8884502877862838,1
437,3,0,10,2.0137941195617053,0,2,0.9431945538974952,1
379,3,0,10,2.0137941195617053,0,2,0.8884502877862838,1
259,3,0,10,2.0137941195617053,0,2,0.9431945538974952,1
470,3,0,10,2.0137941195617053,0,2,0.8884502877862838,1
539,3,0,10,2.0137941195617053,0,2,0.8884502877862838,1
418,3,0,10,2.0137941195617053,0,2,0.8884502877862838,1
294,3,0,10,2.0137941195617053,0,2,0.9431945538974952,1
304,3,0,10,2.0137941195617053,0,2,0.8884502877862838,1
325,3,0,10,2.0137941195617053,0,2,0.9431945538974952,1
314,3,0,10,2.0137941195617053,0,2,0.8884502877862838,1
532,3,0,10,2.0137941195617053,0,2,0.8884502877862838,1
628,3,0,10,2.0137941195617053,0,2,0.8884502877862838,1
356,3,0,10,2.0137941195617053,0,2,0.9431945538974952,1
346,3,0,10,2.0137941195617053,0,2,0.9431945538974952,1
430,3,0,10,2.0137941195617053,0,2,0.8884502877862838,1
411,3,0,10,2.0137941195617053,0,2,0.9431945538974952,1
489,3,0,10,2.0137941195617053,0,2,0.9431945538974952,1
385,3,0,10,2.0137941195617053,0,2,0.9431945538974952,1
364,3,0,10,2.0137941195617053,0,2,0.8884502877862838,1
555,3,0,10,2.0137941195617053,0,2,0.8884502877862838,1
534,3,0,10,2.0137941195617053,0,2,0.9431945538974952,1
468,3,0,10,2.0137941195617053,0,2,0.8884502877862838,1
362,3,0,10,2.0137941195617053,0,2,0.8884502877862838,1
508,3,0,10,2.0137941195617053,0,2,0.8884502877862838,1
340,3,0,10,2.0137941195617053,0,2,0.8884502877862838,1
613,3,0,10,2.0137941195617053,0,2,0.8884502877862838,1
394,3,0,10,2.0137941195617053,0,2,0.8884502877862838,1
259,3,0,10,2.0137941195617053,0,2,0.8884502877862838,1
288,3,0,10,2.0137941195617053,0,2,0.8884502877862838,1
516,3,0,10,2.0137941195617053,0,2,0.8884502877862838,1
436,3,0,10,2.0137941195617053,0,2,0.8884502877862838,1
429,3,0,10,2.0137941195617053,0,2,0.9431945538974952,1
254,3,0,10,2.0137941195617053,0,2,0.8884502877862838,1
320,3,0,10,2.0137941195617053,0,2,0.8884502877862838,1
456,3,0,10,2.0137941195617053,0,2,0.9431945538974952,1
408,3,0,10,2.0137941195617053,0,2,0.9431945538974952,1
397,3,0,10,2.0137941195617053,0,2,0.9431945538974952,1
377,3,0,10,2.0137941195617053,0,2,0.8884502877862838,1
339,3,0,10,2.0137941195617053,0,2,0.9431945538974952,1
425,3,0,10,2.0137941195617053,0,2,0.8884502877862838,1
414,3,0,10,2.0137941195617053,0,2,0.8884502877862838,1
491,3,0,10,2.0137941195617053,0,2,0.9431945538974952,1
377,3,0,10,2.0137941195617053,0,2,0.9431945538974952,1
421,3,0,10,2.0137941195617053,0,2,0.8884502877862838,1
371,3,0,10,2.0137941195617053,0,2,0.8884502877862838,1
506,3,0,10,2.0137941195617053,0,2,0.9431945538974952,1
567,3,0,10,2.0137941195617053,0,2,0.8884502877862838,1
361,3,0,10,2.0137941195617053,0,2,0.9431945538974952,1
465,3,0,10,2.0137941195617053,0,2,0.8884502877862838,1
520,3,0,10,2.0137941195617053,0,2,0.9431945538974952,1
340,3,0,10,2.0137941195617053,0,2,0.8884502877862838,1
336,3,0,10,2.0137941195617053,0,2,0.9431945538974952,1
545,3,0,10,2.0137941195617053,0,2,0.8884502877862838,1
359,3,0,10,2.0137941195617053,0,2,0.8884502877862838,1
521,3,0,10,2.0137941195617053,0,2,0.9431945538974952,1
446,3,0,10,2.0137941195617053,0,2,0.9431945538974952,1
565,3,0,10,2.0137941195617053,0,2,0.9431945538974952,1
410,3,0,10,2.0137941195617053,0,2,0.9431945538974952,1
302,3,0,10,2.0137941195617053,0,2,0.9431945538974952,1
439,3,0,10,2.0137941195617053,0,2,0.9431945538974952,1
384,3,0,10,2.0137941195617053,0,2,0.9431945538974952,1
539,3,0,10,2.0137941195617053,0,2,0.8884502877862838,1
453,3,0,10,2.0137941195617053,0,2,0.9431945538974952,1
323,3,0,10,2.0137941195617053,0,2,0.8884502877862838,1
259,3,0,10,2.0137941195617053,0,2,0.8884502877862838,1
337,3,0,10,2.0137941195617053,0,2,0.9431945538974952,1
402,3,0,10,2.0137941195617053,0,2,0.9431945538974952,1
533,3,0,10,2.0137941195617053,0,2,0.8884502877862838,1
421,3,0,10,2.0137941195617053,0,2,0.8884502877862838,1
387,3,0,10,2.0137941195617053,0,2,0.9431945538974952,1
364,3,0,10,2.0137941195617053,0,2,0.9431945538974952,1
375,3,0,10,2.0137941195617053,0,2,0.8884502877862838,1
454,3,0,10,2.0137941195617053,0,2,0.8884502877862838,1
442,3,0,10,2.0137941195617053,0,2,0.9431945538974952,1
330,3,0,10,2.0137941195617053,0,2,0.8884502877862838,1
477,3,0,10,2.0137941195617053,0,2,0.8884502877862838,1
572,3,0,10,2.0137941195617053,0,2,0.9431945538974952,1
476,3,0,10,2.0137941195617053,0,2,0.9431945538974952,1
487,3,0,10,2.0137941195617053,0,2,0.8884502877862838,1
518,3,0,10,2.0137941195617053,0,2,0.9431945538974952,1
476,3,0,10,2.0137941195617053,0,2,0.8884502877862838,1
380,3,0,10,2.0137941195617053,0,2,0.8884502877862838,1
339,3,0,10,2.0137941195617053,0,2,0.8884502877862838,1
537,3,0,10,2.0137941195617053,0,2,0.8884502877862838,1
335,3,0,10,2.0137941195617053,0,2,0.8884502877862838,1
361,3,0,10,2.0137941195617053,0,2,0.9431945538974952,1
520,3,0,10,2.0137941195617053,0,2,0.9431945538974952,1
393,3,0,10,2.0137941195617053,0,2,0.9431945538974952,1
314,3,0,10,2.0137941195617053,0,2,0.8884502877862838,1
367,3,0,10,2.0137941195617053,0,2,0.8884502877862838,1
546,3,0,10,2.0137941195617053,0,2,0.8884502877862838,1
488,3,0,10,2.0137941195617053,0,2,0.8884502877862838,1
542,3,0,10,2.0137941195617053,0,2,0.8884502877862838,1
487,3,0,10,2.0137941195617053,0,2,0.9431945538974952,1
494,3,0,10,2.0137941195617053,0,2,0.9431945538974952,1
504,3,0,10,2.0137941195617053,0,2,0.9431945538974952,1
387,3,0,10,2.0137941195617053,0,2,0.9431945538974952,1
376,3,0,10,2.0137941195617053,0,2,0.8884502877862838,1
317,3,0,10,2.0137941195617053,0,2,0.9431945538974952,1
410,3,0,10,2.0137941195617053,0,2,0.9431945538974952,1
441,3,0,10,2.0137941195617053,0,2,0.9431945538974952,1
382,3,0,10,2.0137941195617053,0,2,0.9431945538974952,1
325,3,0,10,2.0137941195617053,0,2,0.9431945538974952,1
346,3,0,10,2.0137941195617053,0,2,0.9431945538974952,1
444,3,0,10,2.0137941195617053,0,2,0.8884502877862838,1
465,3,0,10,2.0137941195617053,0,2,0.9431945538974952,1
349,3,0,10,2.0137941195617053,0,2,0.9431945538974952,1
420,3,0,10,2.0137941195617053,0,2,0.8884502877862838,1
476,3,0,10,2.0137941195617053,0,2,0.8884502877862838,1
586,3,0,10,2.0137941195617053,0,2,0.9431945538974952,1
438,3,0,10,2.0137941195617053,0,2,0.9431945538974952,1
393,3,0,10,2.0137941195617053,0,2,0.8884502877862838,1
447,3,0,10,2.0137941195617053,0,2,0.9431945538974952,1
391,3,0,10,2.0137941195617053,0,2,0.8884502877862838,1
444,3,0,10,2.0137941195617053,0,2,0.8884502877862838,1
521,3,0,10,2.0137941195617053,0,2,0.8884502877862838,1
301,3,0,10,2.0137941195617053,0,2,0.9431945538974952,1
338,3,0,10,2.0137941195617053,0,2,0.8884502877862838,1
506,3,0,10,2.0137941195617053,0,2,0.8884502877862838,1
200,3,0,10,2.0137941195617053,0,2,0.8884502877862838,1
375,3,0,10,2.0137941195617053,0,2,0.8884502877862838,1
338,3,0,10,2.0137941195617053,0,2,0.8884502877862838,1
296,3,0,10,2.0137941195617053,0,2,0.8884502877862838,1
380,3,0,10,2.0137941195617053,0,2,0.9431945538974952,1
270,3,0,10,2.0137941195617053,0,2,0.8884502877862838,1
290,3,0,10,2.0137941195617053,0,2,0.8884502877862838,1
442,3,0,10,2.0137941195617053,0,2,0.8884502877862838,1
568,3,0,10,2.0137941195617053,0,2,0.8884502877862838,1
423,3,0,10,2.0137941195617053,0,2,0.8884502877862838,1
319,3,0,10,2.0137941195617053,0,2,0.9431945538974952,1
374,3,0,10,2.0137941195617053,0,2,0.9431945538974952,1
440,3,0,10,2.0137941195617053,0,2,0.8884502877862838,1
378,3,0,10,2.0137941195617053,0,2,0.9431945538974952,1
442,3,0,10,2.0137941195617053,0,2,0.8884502877862838,1
931,2,0,0,0.4062825726629875,2106,11,0.9431945538974952,0
986,2,0,0,0.4818833632349569,1941,11,0.9431945538974952,0
1030,2,0,0,0.434135495505292,2012,11,0.9431945538974952,0
896,2,0,0,0.5535051648294542,1843,11,0.9431945538974952,0
1144,2,0,0,0.1277533442399423,2319,11,0.9431945538974952,0
951,2,0,0,0.6052320215365912,2018,11,0.9431945538974952,0
677,2,0,0,0.5176942640322055,1982,11,0.9431945538974952,0
950,2,0,0,0.2351860466316883,2071,11,0.9431945538974952,0
1096,2,0,0,0.5654421317618704,1998,11,0.9431945538974952,0
989,2,0,0,0.4420934734602362,1902,11,0.9431945538974952,0
1139,2,0,0,0.5495261758519822,1941,11,0.9431945538974952,0
800,2,0,0,0.4938203301673731,2030,11,0.9431945538974952,0
1065,2,0,0,0.3704716718657388,2046,11,0.9431945538974952,0
859,2,0,0,0.4540304403926524,1941,11,0.9431945538974952,0
828,2,0,0,0.6609378672212003,1834,11,0.9431945538974952,0
1021,2,0,0,0.4221985285728758,1899,11,0.9431945538974952,0
854,2,0,0,0.4500514514151803,1849,11,0.9431945538974952,0
1030,2,0,0,0.5017783081223173,2187,11,0.9431945538974952,0
1031,2,0,0,0.3744506608432109,1825,11,0.9431945538974952,0
787,2,0,0,0.4261775175503479,2048,11,0.9431945538974952,0
823,2,0,0,0.7723495585904183,1608,11,0.9431945538974952,0
960,2,0,0,0.5256522419871498,2039,11,0.9431945538974952,0
936,2,0,0,0.3625136939107947,1971,11,0.9431945538974952,0
760,2,0,0,0.4977993191448452,1778,11,0.9431945538974952,0
908,2,0,0,0.4142405506179316,2099,11,0.9431945538974952,0
811,2,0,0,0.5893160656267029,1744,11,0.9431945538974952,0
1122,2,0,0,0.4500514514151803,1942,11,0.9431945538974952,0
1130,2,0,0,0.3943456057305713,2039,11,0.9431945538974952,0
1072,2,0,0,0.5017783081223173,1987,11,0.9431945538974952,0
1161,2,0,0,0.5296312309646218,1934,11,0.9431945538974952,0
869,2,0,0,0.3346607710684902,2072,11,0.9431945538974952,0
903,2,0,0,0.485862352212429,1983,11,0.9431945538974952,0
990,2,0,0,0.3983245947080434,1578,11,0.9431945538974952,0
1128,2,0,0,0.3903666167530992,1992,11,0.9431945538974952,0
915,2,0,0,0.2908918923162973,1812,11,0.9431945538974952,0
887,2,0,0,0.3107868372036577,1849,11,0.9431945538974952,0
1065,2,0,0,0.1914171678794955,2355,11,0.9431945538974952,0
1139,2,0,0,0.5216732530096777,1834,11,0.9431945538974952,0
803,2,0,0,0.752454613703058,1595,11,0.9431945538974952,0
742,2,0,0,0.5813580876717588,1910,11,0.9431945538974952,0
842,2,0,0,0.5176942640322055,1990,11,0.9431945538974952,0
777,2,0,0,0.2590599804965208,2120,11,0.9431945538974952,0
995,2,0,0,0.434135495505292,2008,11,0.9431945538974952,0
996,2,0,0,0.4977993191448452,1945,11,0.9431945538974952,0
991,2,0,0,0.6768538231310886,1743,11,0.9431945538974952,0
931,2,0,0,0.537589208919566,1931,11,0.9431945538974952,0
872,2,0,0,0.2630389694739928,2079,11,0.9431945538974952,0
901,2,0,0,0.4699463963025407,1878,11,0.9431945538974952,0
876,2,0,0,0.5654421317618704,1748,11,0.9431945538974952,0
1134,2,0,0,0.3545557159558505,2042,11,0.9431945538974952,0
1138,2,0,0,0.3426187490234343,1980,11,0.9431945538974952,0
1042,2,0,0,0.3903666167530992,2119,11,0.9431945538974952,0
763,2,0,0,0.434135495505292,2044,11,0.9431945538974952,0
1074,2,0,0,0.4938203301673731,1864,11,0.9431945538974952,0
1110,2,0,0,0.4182195395954037,1902,11,0.9431945538974952,0
962,2,0,0,0.5176942640322055,2052,11,0.9431945538974952,0
786,2,0,0,0.5296312309646218,1891,11,0.9431945538974952,0
914,2,0,0,0.6131899994915354,1849,11,0.9431945538974952,0
878,2,0,0,0.4739253852800127,1632,11,0.9431945538974952,0
964,2,0,0,0.4699463963025407,1717,11,0.9431945538974952,0
1035,2,0,0,0.5137152750547335,1894,11,0.9431945538974952,0
742,2,0,0,0.5734001097168147,1812,11,0.9431945538974952,0
1011,2,0,0,0.4699463963025407,1966,11,0.9431945538974952,0
872,2,0,0,0.6291059554014237,1910,11,0.9431945538974952,0
1012,2,0,0,0.4619884183475966,1976,11,0.9431945538974952,0
1000,2,0,0,0.3028288592487136,2103,11,0.9431945538974952,0
791,2,0,0,0.5893160656267029,1756,11,0.9431945538974952,0
965,2,0,0,0.5734001097168147,1784,11,0.9431945538974952,0
988,2,0,0,0.2351860466316883,2068,11,0.9431945538974952,0
1155,2,0,0,0.3505767269783785,2029,11,0.9431945538974952,0
1066,2,0,0,0.3147658261811298,1933,11,0.9431945538974952,0
872,2,0,0,0.4301565065278199,1835,11,0.9431945538974952,0
1099,2,0,0,0.3107868372036577,2029,11,0.9431945538974952,0
793,2,0,0,0.3505767269783785,1965,11,0.9431945538974952,0
877,2,0,0,0.6251269664239516,1800,11,0.9431945538974952,0
755,2,0,0,0.5734001097168147,1833,11,0.9431945538974952,0
866,2,0,0,0.4977993191448452,1773,11,0.9431945538974952,0
984,2,0,0,0.6131899994915354,1624,11,0.9431945538974952,0
1102,2,0,0,0.4739253852800127,2087,11,0.9431945538974952,0
849,2,0,0,0.7086857349508652,1721,11,0.9431945538974952,0
921,2,0,0,0.3983245947080434,2164,11,0.9431945538974952,0
1062,2,0,0,0.3068078482261857,1972,11,0.9431945538974952,0
1093,2,0,0,0.6052320215365912,1696,11,0.9431945538974952,0
706,2,0,0,0.5734001097168147,1691,11,0.9431945538974952,0
1179,2,0,0,0.3465977380009064,2039,11,0.9431945538974952,0
1062,2,0,0,0.3744506608432109,2063,11,0.9431945538974952,0
889,2,0,0,0.4938203301673731,1891,11,0.9431945538974952,0
710,2,0,0,0.6092110105140632,1794,11,0.9431945538974952,0
912,2,0,0,0.537589208919566,1928,11,0.9431945538974952,0
854,2,0,0,0.4381144844827641,1976,11,0.9431945538974952,0
950,2,0,0,0.5256522419871498,1710,11,0.9431945538974952,0
1029,2,0,0,0.5535051648294542,2048,11,0.9431945538974952,0
799,2,0,0,0.4779043742574848,2085,11,0.9431945538974952,0
1046,2,0,0,0.4938203301673731,2031,11,0.9431945538974952,0
933,2,0,0,0.4699463963025407,1893,11,0.9431945538974952,0
944,2,0,0,0.4779043742574848,1948,11,0.9431945538974952,0
717,2,0,0,0.3386397600459622,2060,11,0.9431945538974952,0
1132,2,0,0,0.2431440245866324,2066,11,0.9431945538974952,0
913,2,0,0,0.4818833632349569,1924,11,0.9431945538974952,0
857,2,0,0,0.6251269664239516,1888,11,0.9431945538974952,0
726,2,0,0,0.6052320215365912,1779,11,0.9431945538974952,0
1053,2,0,0,0.5614631427843984,2055,11,0.9431945538974952,0
821,2,0,0,0.5574841538069263,1827,11,0.9431945538974952,0
874,2,0,0,0.597274043581647,1680,11,0.9431945538974952,0
1124,2,0,0,0.2471230135641045,1947,11,0.9431945538974952,0
1247,2,0,0,0.4023035836855154,1904,11,0.9431945538974952,0
1085,2,0,0,0.4142405506179316,2073,11,0.9431945538974952,0
787,2,0,0,0.7683705696129463,1495,11,0.9431945538974952,0
1137,2,0,0,0.4500514514151803,2075,11,0.9431945538974952,0
840,2,0,0,0.6131899994915354,1723,11,0.9431945538974952,0
984,2,0,0,0.7683705696129463,1888,11,0.9431945538974952,0
965,2,0,0,0.4898413411899011,1881,11,0.9431945538974952,0
1132,2,0,0,0.4898413411899011,1877,11,0.9431945538974952,0
862,2,0,0,0.4779043742574848,1828,11,0.9431945538974952,0
825,2,0,0,0.4062825726629875,2207,11,0.9431945538974952,0
945,2,0,0,0.4500514514151803,2024,11,0.9431945538974952,0
993,2,0,0,0.326702793113546,1988,11,0.9431945538974952,0
985,2,0,0,0.378429649820683,2219,11,0.9431945538974952,0
1272,2,0,0,0.4381144844827641,2021,11,0.9431945538974952,0
1165,2,0,0,0.4580094293701244,1959,11,0.9431945538974952,0
1052,2,0,0,0.382408638798155,1904,11,0.9431945538974952,0
1109,2,0,0,0.3465977380009064,2038,11,0.9431945538974952,0
953,2,0,0,0.4221985285728758,1945,11,0.9431945538974952,0
1018,2,0,0,0.6211479774464795,1770,11,0.9431945538974952,0
943,2,0,0,0.4977993191448452,1884,11,0.9431945538974952,0
1027,2,0,0,0.3505767269783785,2095,11,0.9431945538974952,0
978,2,0,0,0.3346607710684902,1849,11,0.9431945538974952,0
1154,2,0,0,0.4500514514151803,1931,11,0.9431945538974952,0
978,2,0,0,0.3465977380009064,2189,11,0.9431945538974952,0
750,2,0,0,0.6728748341536165,1847,11,0.9431945538974952,0
1006,2,0,0,0.2908918923162973,1924,11,0.9431945538974952,0
709,2,0,0,0.4182195395954037,1977,11,0.9431945538974952,0
962,2,0,0,0.2829339143613532,2244,11,0.9431945538974952,0
1048,2,0,0,0.4182195395954037,2117,11,0.9431945538974952,0
836,2,0,0,0.4739253852800127,1998,11,0.9431945538974952,0
736,2,0,0,0.5296312309646218,1934,11,0.9431945538974952,0
1039,2,0,0,0.3426187490234343,2057,11,0.9431945538974952,0
1179,2,0,0,0.1755012119696072,2128,11,0.9431945538974952,0
976,2,0,0,0.5455471868745101,1868,11,0.9431945538974952,0
1055,2,0,0,0.5535051648294542,1896,11,0.9431945538974952,0
1168,2,0,0,0.5057572970997893,2095,11,0.9431945538974952,0
1230,2,0,0,0.4619884183475966,2064,11,0.9431945538974952,0
650,2,0,0,0.6291059554014237,1949,11,0.9431945538974952,0
921,2,0,0,0.7564336026805301,1592,11,0.9431945538974952,0
871,2,0,0,0.4779043742574848,1934,11,0.9431945538974952,0
1043,2,0,0,0.3704716718657388,2050,11,0.9431945538974952,0
914,2,0,0,0.5296312309646218,1852,11,0.9431945538974952,0
956,2,0,0,0.2988498702712415,2098,11,0.9431945538974952,0
1165,2,0,0,0.3465977380009064,2128,11,0.9431945538974952,0
1076,2,0,0,0.3187448151586018,1971,11,0.9431945538974952,0
1014,2,0,0,0.5535051648294542,2052,11,0.9431945538974952,0
812,2,0,0,0.1993751458344396,2277,11,0.9431945538974952,0
991,2,0,0,0.4779043742574848,1987,11,0.9431945538974952,0
853,2,0,0,0.752454613703058,1769,11,0.9431945538974952,0
868,2,0,0,0.4500514514151803,1821,11,0.9431945538974952,0
1028,2,0,0,0.3625136939107947,2115,11,0.9431945538974952,0
985,2,0,0,0.3625136939107947,2126,11,0.9431945538974952,0
931,2,0,0,0.5694211207393426,2032,11,0.9431945538974952,0
859,2,0,0,0.593295054604175,1767,11,0.9431945538974952,0
997,2,0,0,0.326702793113546,1940,11,0.9431945538974952,0
909,2,0,0,0.434135495505292,1896,11,0.9431945538974952,0
1035,2,0,0,0.3227238041360739,1917,11,0.9431945538974952,0
1070,2,0,0,0.3306817820910181,1892,11,0.9431945538974952,0
899,2,0,0,0.8479503491623878,1769,11,0.9431945538974952,0
863,2,0,0,0.4301565065278199,1922,11,0.9431945538974952,0
732,2,0,0,0.434135495505292,1943,11,0.9431945538974952,0
970,2,0,0,0.7086857349508652,1766,11,0.9431945538974952,0
969,2,0,0,0.4182195395954037,1918,11,0.9431945538974952,0
971,2,0,0,0.5574841538069263,2094,11,0.9431945538974952,0
1154,2,0,0,0.4460724624377082,2309,11,0.9431945538974952,0
1063,2,0,0,0.6012530325591191,1785,11,0.9431945538974952,0
1065,2,0,0,0.3863876277756271,2036,11,0.9431945538974952,0
877,2,0,0,0.5057572970997893,1995,11,0.9431945538974952,0
931,2,0,0,0.4102615616404595,1860,11,0.9431945538974952,0
908,2,0,0,0.5813580876717588,1698,11,0.9431945538974952,0
1092,2,0,0,0.2391650356091604,2237,11,0.9431945538974952,0
988,2,0,0,0.3744506608432109,1932,11,0.9431945538974952,0
1075,2,0,0,0.5574841538069263,1948,11,0.9431945538974952,0
826,2,0,0,0.5694211207393426,2072,11,0.9431945538974952,0
1020,2,0,0,0.3227238041360739,1969,11,0.9431945538974952,0
1055,2,0,0,0.4659674073250686,1904,11,0.9431945538974952,0
857,2,0,0,0.4580094293701244,1888,11,0.9431945538974952,0
867,2,0,0,0.5017783081223173,1881,11,0.9431945538974952,0
1153,2,0,0,0.485862352212429,2037,11,0.9431945538974952,0
1027,2,0,0,0.5455471868745101,2001,11,0.9431945538974952,0
797,2,0,0,0.4221985285728758,1944,11,0.9431945538974952,0
765,2,0,0,0.6251269664239516,1804,11,0.9431945538974952,0
938,2,0,0,0.5734001097168147,1821,11,0.9431945538974952,0
856,2,0,0,0.4102615616404595,1872,11,0.9431945538974952,0
930,2,0,0,0.4938203301673731,1778,11,0.9431945538974952,0
1007,2,0,0,0.4818833632349569,1850,11,0.9431945538974952,0
1208,2,0,0,0.2511020025415766,2272,11,0.9431945538974952,0
1031,2,0,0,0.4699463963025407,2000,11,0.9431945538974952,0
868,2,0,0,0.5176942640322055,1825,11,0.9431945538974952,0
789,2,0,0,0.6569588782437281,1876,11,0.9431945538974952,0
1023,2,0,0,0.382408638798155,2220,11,0.9431945538974952,0
1143,2,0,0,0.4500514514151803,2231,11,0.9431945538974952,0
1104,2,0,0,0.3664926828882667,2225,11,0.9431945538974952,0
1014,2,0,0,0.4142405506179316,1877,11,0.9431945538974952,0
845,2,0,0,0.3625136939107947,1964,11,0.9431945538974952,0
852,2,0,0,0.1993751458344396,2092,11,0.9431945538974952,0
800,2,0,0,0.5176942640322055,1997,11,0.9431945538974952,0
1164,2,0,0,0.4182195395954037,2031,11,0.9431945538974952,0
901,2,0,0,0.3187448151586018,1760,11,0.9431945538974952,0
1035,2,0,0,0.2471230135641045,2159,11,0.9431945538974952,0
1003,2,0,0,0.4301565065278199,1916,11,0.9431945538974952,0
1087,2,0,0,0.541568197897038,1984,11,0.9431945538974952,0
1002,2,0,0,0.270996947428937,2275,11,0.9431945538974952,0
806,2,0,0,0.5853370766492308,1663,11,0.9431945538974952,0
1021,2,0,0,0.3068078482261857,2096,11,0.9431945538974952,0
784,2,0,0,0.4898413411899011,1770,11,0.9431945538974952,0
1056,2,0,0,0.6012530325591191,1651,11,0.9431945538974952,0
924,2,0,0,0.3983245947080434,2044,11,0.9431945538974952,0
1239,2,0,0,0.0919424434426936,2113,11,0.9431945538974952,0
848,2,0,0,0.6370639333563678,1824,11,0.9431945538974952,0
1228,2,0,0,0.2550809915190487,2186,11,0.9431945538974952,0
905,2,0,0,0.4500514514151803,1941,11,0.9431945538974952,0
1147,2,0,0,0.0919424434426936,2286,11,0.9431945538974952,0
952,2,0,0,0.3744506608432109,1965,11,0.9431945538974952,0
1061,2,0,0,0.2869129033388253,2277,11,0.9431945538974952,0
971,2,0,0,0.593295054604175,1845,11,0.9431945538974952,0
1030,2,0,0,0.4102615616404595,1840,11,0.9431945538974952,0
975,2,0,0,0.537589208919566,2024,11,0.9431945538974952,0
1099,2,0,0,0.4301565065278199,2172,11,0.9431945538974952,0
973,2,0,0,0.4580094293701244,2030,11,0.9431945538974952,0
843,2,0,0,0.6410429223338399,1966,11,0.9431945538974952,0
1182,2,0,0,0.5654421317618704,1839,11,0.9431945538974952,0
694,2,0,0,0.8280554042750273,1488,11,0.9431945538974952,0
1048,2,0,0,0.274975936406409,2191,11,0.9431945538974952,0
810,2,0,0,0.378429649820683,1859,11,0.9431945538974952,0
745,2,0,0,0.6171689884690075,1473,11,0.9431945538974952,0
1064,2,0,0,0.4460724624377082,2155,11,0.9431945538974952,0
884,2,0,0,0.5773790986942867,1886,11,0.9431945538974952,0
1057,2,0,0,0.5256522419871498,1879,11,0.9431945538974952,0
958,2,0,0,0.434135495505292,1939,11,0.9431945538974952,0
842,2,0,0,0.4938203301673731,2011,11,0.9431945538974952,0
695,2,0,0,0.5694211207393426,1799,11,0.9431945538974952,0
783,2,0,0,0.7126647239283372,1715,11,0.9431945538974952,0
864,2,0,0,0.6688958451761444,1624,11,0.9431945538974952,0
1097,2,0,0,0.434135495505292,2016,11,0.9431945538974952,0
990,2,0,0,0.4898413411899011,1951,11,0.9431945538974952,0
1017,2,0,0,0.3863876277756271,2098,11,0.9431945538974952,0
1076,2,0,0,0.5535051648294542,1922,11,0.9431945538974952,0
793,2,0,0,0.597274043581647,1952,11,0.9431945538974952,0
1112,2,0,0,0.3943456057305713,2053,11,0.9431945538974952,0
958,2,0,0,0.6450219113113119,1792,11,0.9431945538974952,0
798,2,0,0,0.4898413411899011,1892,11,0.9431945538974952,0
919,2,0,0,0.4023035836855154,2110,11,0.9431945538974952,0
751,2,0,0,0.6450219113113119,1705,11,0.9431945538974952,0
1079,2,0,0,0.597274043581647,1806,11,0.9431945538974952,0
1022,2,0,0,0.4938203301673731,2133,11,0.9431945538974952,0
783,2,0,0,0.541568197897038,1877,11,0.9431945538974952,0
887,2,0,0,0.3863876277756271,1914,11,0.9431945538974952,0
821,2,0,0,0.5176942640322055,1767,11,0.9431945538974952,0
738,2,0,0,0.5256522419871498,1888,11,0.9431945538974952,0
827,2,0,0,0.4580094293701244,1874,11,0.9431945538974952,0
766,2,0,0,0.5773790986942867,1920,11,0.9431945538974952,0
1089,2,0,0,0.593295054604175,2122,11,0.9431945538974952,0
903,2,0,0,0.4977993191448452,2028,11,0.9431945538974952,0
903,2,0,0,0.5893160656267029,1916,11,0.9431945538974952,0
843,2,0,0,0.4540304403926524,1815,11,0.9431945538974952,0
996,2,0,0,0.2511020025415766,1902,11,0.9431945538974952,0
1064,2,0,0,0.5853370766492308,1874,11,0.9431945538974952,0
783,2,0,0,0.4381144844827641,1910,11,0.9431945538974952,0
812,2,0,0,0.4023035836855154,1990,11,0.9431945538974952,0
1023,2,0,0,0.2351860466316883,2325,11,0.9431945538974952,0
925,2,0,0,0.3943456057305713,2056,11,0.9431945538974952,0
1046,2,0,0,0.7007277569959209,1826,11,0.9431945538974952,0
890,2,0,0,0.7564336026805301,1438,11,0.9431945538974952,0
989,2,0,0,0.274975936406409,2193,11,0.9431945538974952,0
1041,2,0,0,0.5097362860772614,1896,11,0.9431945538974952,0
1165,2,0,0,0.434135495505292,1924,11,0.9431945538974952,0
1051,2,0,0,0.5256522419871498,2007,11,0.9431945538974952,0
999,2,0,0,0.3863876277756271,1879,11,0.9431945538974952,0
1036,2,0,0,0.4619884183475966,2116,11,0.9431945538974952,0
1126,2,0,0,0.3147658261811298,2119,11,0.9431945538974952,0
917,2,0,0,0.537589208919566,1940,11,0.9431945538974952,0
943,2,0,0,0.5057572970997893,1930,11,0.9431945538974952,0
1160,2,0,0,0.2789549253838811,2036,11,0.9431945538974952,0
1033,2,0,0,0.4938203301673731,2148,11,0.9431945538974952,0
894,2,0,0,0.6330849443788957,1944,11,0.9431945538974952,0
1000,2,0,0,0.5495261758519822,1878,11,0.9431945538974952,0
972,2,0,0,0.4818833632349569,1913,11,0.9431945538974952,0
966,2,0,0,0.485862352212429,2035,11,0.9431945538974952,0
722,2,0,0,0.4381144844827641,1967,11,0.9431945538974952,0
998,2,0,0,0.3465977380009064,1950,11,0.9431945538974952,0
1154,2,0,0,0.4540304403926524,2184,11,0.9431945538974952,0
1094,2,0,0,0.167543234014663,2309,11,0.9431945538974952,0
1156,2,0,0,0.3545557159558505,2211,11,0.9431945538974952,0
1137,2,0,0,0.3346607710684902,2251,11,0.9431945538974952,0
876,2,0,0,0.3465977380009064,2029,11,0.9431945538974952,0
888,2,0,0,0.6370639333563678,2011,11,0.9431945538974952,0
1066,2,0,0,0.4182195395954037,1940,11,0.9431945538974952,0
1023,2,0,0,0.4898413411899011,1787,11,0.9431945538974952,0
1155,2,0,0,0.2511020025415766,2080,11,0.9431945538974952,0
1044,2,0,0,0.5654421317618704,1885,11,0.9431945538974952,0
1169,2,0,0,0.378429649820683,2035,11,0.9431945538974952,0
705,2,0,0,0.5813580876717588,1806,11,0.9431945538974952,0
1148,2,0,0,0.3545557159558505,1972,11,0.9431945538974952,0
923,2,0,0,0.4460724624377082,1892,11,0.9431945538974952,0
875,2,0,0,0.7246016908607534,1768,11,0.9431945538974952,0
772,2,0,0,0.4619884183475966,2006,11,0.9431945538974952,0
809,2,0,0,0.5296312309646218,2012,11,0.9431945538974952,0
974,2,0,0,0.5017783081223173,2029,11,0.9431945538974952,0
1065,2,0,0,0.4460724624377082,2020,11,0.9431945538974952,0
965,2,0,0,0.4023035836855154,2233,11,0.9431945538974952,0
1158,2,0,0,0.378429649820683,2311,11,0.9431945538974952,0
786,2,0,0,0.3744506608432109,1976,11,0.9431945538974952,0
960,2,0,0,0.5694211207393426,1974,11,0.9431945538974952,0
989,2,0,0,0.4699463963025407,1938,11,0.9431945538974952,0
1045,2,0,0,0.4381144844827641,1867,11,0.9431945538974952,0
785,2,0,0,0.652979889266256,1637,11,0.9431945538974952,0
1137,2,0,0,0.2869129033388253,2299,11,0.9431945538974952,0
1113,2,0,0,0.3505767269783785,2184,11,0.9431945538974952,0
993,2,0,0,0.3943456057305713,1972,11,0.9431945538974952,0
1104,2,0,0,0.382408638798155,2095,11,0.9431945538974952,0
1124,2,0,0,0.3545557159558505,2167,11,0.9431945538974952,0
1013,2,0,0,0.378429649820683,2185,11,0.9431945538974952,0
899,2,0,0,0.6012530325591191,2069,11,0.9431945538974952,0
830,2,0,0,0.6927697790409768,1824,11,0.9431945538974952,0
912,2,0,0,0.6291059554014237,1788,11,0.9431945538974952,0
820,2,0,0,0.6330849443788957,1474,11,0.9431945538974952,0
1052,2,0,0,0.2869129033388253,2110,11,0.9431945538974952,0
954,2,0,0,0.6291059554014237,1956,11,0.9431945538974952,0
803,2,0,0,0.4659674073250686,1878,11,0.9431945538974952,0
1082,2,0,0,0.3983245947080434,1962,11,0.9431945538974952,0
831,2,0,0,0.5734001097168147,1662,11,0.9431945538974952,0
914,2,0,0,0.5694211207393426,1996,11,0.9431945538974952,0
875,2,0,0,0.6131899994915354,1701,11,0.9431945538974952,0
1077,2,0,0,0.5455471868745101,2005,11,0.9431945538974952,0
939,2,0,0,0.5057572970997893,1895,11,0.9431945538974952,0
975,2,0,0,0.6370639333563678,1701,11,0.9431945538974952,0
588,2,0,0,0.6609378672212003,1753,11,0.9431945538974952,0
1044,2,0,0,0.5654421317618704,1979,11,0.9431945538974952,0
783,2,0,0,0.5097362860772614,1948,11,0.9431945538974952,0
719,2,0,0,0.5256522419871498,1679,11,0.9431945538974952,0
986,2,0,0,0.3107868372036577,2226,11,0.9431945538974952,0
1084,2,0,0,0.4818833632349569,2014,11,0.9431945538974952,0
1129,2,0,0,0.2312070576542162,2152,11,0.9431945538974952,0
754,2,0,0,0.7962234924552508,1686,11,0.9431945538974952,0
822,2,0,0,0.8041814704101949,1632,11,0.9431945538974952,0
890,2,0,0,0.2948708812937694,2021,11,0.9431945538974952,0
953,2,0,0,0.4977993191448452,2031,11,0.9431945538974952,0
777,2,0,0,0.537589208919566,2008,11,0.9431945538974952,0
941,2,0,0,0.5057572970997893,1945,11,0.9431945538974952,0
1042,2,0,0,0.5176942640322055,1977,11,0.9431945538974952,0
903,2,0,0,0.5137152750547335,1975,11,0.9431945538974952,0
1144,2,0,0,0.3346607710684902,2266,11,0.9431945538974952,0
930,2,0,0,0.4540304403926524,1969,11,0.9431945538974952,0
1032,2,0,0,0.6330849443788957,1789,11,0.9431945538974952,0
966,2,0,0,0.649000900288784,1843,11,0.9431945538974952,0
1101,2,0,0,0.4182195395954037,1948,11,0.9431945538974952,0
1018,2,0,0,0.4460724624377082,2077,11,0.9431945538974952,0
89,6,0,5,0.6848118010860327,123,6,1.804272708628173,1
94,6,0,5,0.915593161779413,109,6,1.804272708628173,1
90,3,0,5,0.5097362860772614,97,6,0.0273721330556057,1
108,6,0,5,0.8240764152975553,103,6,0.8884502877862838,1
101,6,0,5,0.3028288592487136,122,6,0.0273721330556057,1
97,3,0,5,1.3771558831661737,74,6,1.804272708628173,1
130,6,0,5,0.752454613703058,124,6,0.9431945538974952,1
94,3,0,5,0.7285806798382255,105,6,1.804272708628173,1
111,3,0,5,1.2697231807744276,92,6,1.804272708628173,1
126,3,0,5,0.5813580876717588,112,6,0.0273721330556057,1
110,3,0,5,0.6848118010860327,98,6,1.804272708628173,1
127,6,0,5,0.9235511397343572,88,6,0.0273721330556057,1
88,3,0,5,0.979256985418966,100,6,0.9431945538974952,1
115,6,0,5,0.9036561948469968,108,6,0.9431945538974952,1
104,6,0,5,0.6967487680184489,110,6,1.804272708628173,1
128,3,0,5,1.030983842126103,114,6,0.8884502877862838,1
103,6,0,5,0.971299007464022,96,6,1.804272708628173,1
113,3,0,5,0.7007277569959209,114,6,0.9431945538974952,1
104,6,0,5,0.863866305072276,79,6,0.0273721330556057,1
119,3,0,5,0.485862352212429,115,6,0.0273721330556057,1
88,3,0,5,1.3691979052112293,75,6,1.804272708628173,1
91,3,0,5,0.9514040625766615,79,6,0.0273721330556057,1
99,3,0,5,1.1065846326980726,91,6,0.0273721330556057,1
93,3,0,5,0.9514040625766615,91,6,0.8884502877862838,1
95,6,0,5,0.7564336026805301,86,6,1.804272708628173,1
102,3,0,5,1.29359711463926,80,6,0.8884502877862838,1
172,3,0,5,0.2511020025415766,137,6,1.804272708628173,1
110,6,0,5,0.9394670956442456,93,6,0.9431945538974952,1
99,3,0,5,0.6927697790409768,113,6,0.0273721330556057,1
91,3,0,5,0.8360133822299715,93,6,0.9431945538974952,1
117,6,0,5,0.6688958451761444,117,6,1.804272708628173,1
92,3,0,5,1.090668676788184,91,6,0.9431945538974952,1
116,3,0,5,0.7126647239283372,111,6,1.804272708628173,1
116,6,0,5,0.8041814704101949,96,6,0.8884502877862838,1
89,3,0,5,0.9434460846217176,99,6,0.8884502877862838,1
87,3,0,5,1.134437555540377,73,6,1.804272708628173,1
96,3,0,5,0.9553830515541336,77,6,0.9431945538974952,1
119,6,0,5,0.9514040625766615,97,6,1.804272708628173,1
130,3,0,5,0.7604125916580021,93,6,1.804272708628173,1
119,3,0,5,1.1185215996304887,81,6,1.804272708628173,1
115,6,0,5,0.975277996441494,95,6,0.0273721330556057,1
110,6,0,5,0.8956982168920526,99,6,0.8884502877862838,1
116,6,0,5,0.5694211207393426,113,6,1.804272708628173,1
87,6,0,5,1.08271069883324,87,6,0.8884502877862838,1
108,3,0,5,0.8996772058695247,119,6,0.0273721330556057,1
139,3,0,5,0.4938203301673731,98,6,1.804272708628173,1
89,3,0,5,0.9553830515541336,74,6,1.804272708628173,1
117,6,0,5,0.4779043742574848,140,6,0.0273721330556057,1
133,6,0,5,0.9991519303063264,95,6,0.0273721330556057,1
102,6,0,5,0.8399923712074435,85,6,0.8884502877862838,1
104,6,0,5,1.1583114894052096,91,6,0.9431945538974952,1
105,3,0,5,0.7086857349508652,113,6,0.9431945538974952,1
131,6,0,5,0.1476482891273027,128,6,0.0273721330556057,1
115,3,0,5,0.7643915806354742,95,6,0.9431945538974952,1
105,3,0,5,1.1185215996304887,96,6,0.9431945538974952,1
103,3,0,5,0.9036561948469968,78,6,0.8884502877862838,1
109,3,0,5,0.7922445034777786,113,6,0.0273721330556057,1
97,6,0,5,1.046899798035991,107,6,0.9431945538974952,1
106,6,0,5,1.030983842126103,78,6,0.9431945538974952,1
124,3,0,5,0.7365386577931696,101,6,0.9431945538974952,1
90,6,0,5,0.7246016908607534,103,6,0.8884502877862838,1
96,3,0,5,0.6728748341536165,110,6,1.804272708628173,1
109,6,0,5,0.808160459387667,102,6,0.9431945538974952,1
112,3,0,5,0.808160459387667,97,6,0.0273721330556057,1
134,3,0,5,0.6211479774464795,122,6,1.804272708628173,1
99,6,0,5,0.649000900288784,86,6,0.0273721330556057,1
72,6,0,5,1.0110888972387428,76,6,0.8884502877862838,1
100,6,0,5,0.6012530325591191,106,6,1.804272708628173,1
93,6,0,5,0.8718242830272201,96,6,0.8884502877862838,1
124,3,0,5,0.7325596688156976,116,6,1.804272708628173,1
132,6,0,5,0.5694211207393426,104,6,0.0273721330556057,1
117,6,0,5,0.6171689884690075,92,6,0.0273721330556057,1
143,6,0,5,0.4381144844827641,133,6,0.0273721330556057,1
110,6,0,5,0.8121394483651391,86,6,0.9431945538974952,1
115,3,0,5,0.4739253852800127,118,6,0.9431945538974952,1
72,3,0,5,1.3294080154365089,70,6,0.9431945538974952,1
77,6,0,5,1.023025864171159,86,6,0.0273721330556057,1
98,3,0,5,1.0389418200810472,84,6,0.0273721330556057,1
87,6,0,5,0.8917192279145806,96,6,0.0273721330556057,1
103,6,0,5,0.9354881066667734,75,6,0.0273721330556057,1
127,3,0,5,0.7007277569959209,102,6,0.8884502877862838,1
104,3,0,5,0.9593620405316058,98,6,0.0273721330556057,1
105,6,0,5,0.3426187490234343,91,6,1.804272708628173,1
93,6,0,5,0.9553830515541336,98,6,1.804272708628173,1
92,3,0,5,0.9116141728019408,101,6,1.804272708628173,1
107,3,0,5,1.074752720878296,102,6,0.9431945538974952,1
85,6,0,5,1.0110888972387428,91,6,0.0273721330556057,1
106,6,0,5,1.0588367649684076,92,6,1.804272708628173,1
73,6,0,5,1.0548577759909357,86,6,0.8884502877862838,1
95,6,0,5,0.8797822609821643,110,6,0.0273721330556057,1
98,6,0,5,0.9832359743964384,69,6,1.804272708628173,1
121,6,0,5,0.9991519303063264,93,6,1.804272708628173,1
124,3,0,5,0.808160459387667,128,6,0.9431945538974952,1
105,6,0,5,0.9315091176893012,80,6,0.0273721330556057,1
117,3,0,5,0.6211479774464795,109,6,0.9431945538974952,1
126,6,0,5,0.3744506608432109,106,6,0.0273721330556057,1
99,3,0,5,0.8360133822299715,82,6,1.804272708628173,1
120,3,0,5,0.9235511397343572,92,6,0.0273721330556057,1
117,6,0,5,1.019046875193687,115,6,1.804272708628173,1
122,6,0,5,0.8161184373426111,100,6,1.804272708628173,1
93,6,0,5,0.7604125916580021,113,6,0.9431945538974952,1
110,6,0,5,0.9832359743964384,88,6,1.804272708628173,1
105,6,0,5,1.090668676788184,72,6,1.804272708628173,1
98,3,0,5,1.0588367649684076,101,6,0.8884502877862838,1
102,3,0,5,0.979256985418966,104,6,0.8884502877862838,1
93,3,0,5,0.9872149633739103,96,6,0.8884502877862838,1
110,3,0,5,0.5336102199420939,113,6,1.804272708628173,1
99,6,0,5,1.2219753130447626,92,6,0.9431945538974952,1
127,6,0,5,0.4659674073250686,113,6,0.9431945538974952,1
103,3,0,5,0.8200974263200832,104,6,1.804272708628173,1
136,3,0,5,0.4540304403926524,115,6,0.0273721330556057,1
108,3,0,5,1.3294080154365089,78,6,0.9431945538974952,1
113,3,0,5,0.7922445034777786,122,6,0.9431945538974952,1
113,3,0,5,0.96732001848655,102,6,0.0273721330556057,1
112,3,0,5,0.96732001848655,101,6,0.9431945538974952,1
138,3,0,5,0.7086857349508652,108,6,0.0273721330556057,1
111,3,0,5,0.4779043742574848,125,6,0.0273721330556057,1
63,3,0,5,1.0150678862162148,85,6,0.0273721330556057,1
100,3,0,5,1.2100383461123465,78,6,0.9431945538974952,1
46,6,0,5,1.5800843210172493,73,6,0.8884502877862838,1
110,6,0,5,0.4818833632349569,82,6,0.9431945538974952,1
105,6,0,5,1.241870257932123,99,6,1.804272708628173,1
83,6,0,5,0.8758032720046922,103,6,0.0273721330556057,1
125,3,0,5,0.7803075365453624,115,6,0.9431945538974952,1
111,6,0,5,1.1225005886079609,85,6,0.8884502877862838,1
89,6,0,5,1.412966783963422,55,6,0.0273721330556057,1
111,6,0,5,0.4619884183475966,92,6,1.804272708628173,1
117,6,0,5,0.5574841538069263,94,6,0.9431945538974952,1
124,3,0,5,0.4619884183475966,123,6,0.8884502877862838,1
114,6,0,5,1.190143401224986,86,6,0.8884502877862838,1
119,6,0,5,0.5495261758519822,95,6,0.8884502877862838,1
105,6,0,5,1.0548577759909357,72,6,0.9431945538974952,1
119,6,0,5,1.019046875193687,95,6,0.8884502877862838,1
109,6,0,5,0.9991519303063264,89,6,0.0273721330556057,1
94,6,0,5,1.1622904783826815,85,6,1.804272708628173,1
107,3,0,5,0.3744506608432109,106,6,1.804272708628173,1
125,3,0,5,0.6171689884690075,97,6,0.9431945538974952,1
102,3,0,5,1.186164412247514,92,6,0.9431945538974952,1
83,3,0,5,0.8240764152975553,103,6,1.804272708628173,1
101,3,0,5,1.1941223902024585,82,6,0.8884502877862838,1
122,6,0,5,0.2948708812937694,133,6,1.804272708628173,1
118,3,0,5,0.5017783081223173,137,6,0.0273721330556057,1
91,3,0,5,0.5495261758519822,92,6,0.8884502877862838,1
99,3,0,5,1.182185423270042,85,6,0.8884502877862838,1
95,3,0,5,1.0031309192837985,76,6,0.0273721330556057,1
117,6,0,5,0.3346607710684902,102,6,0.8884502877862838,1
72,3,0,5,1.1065846326980726,72,6,0.8884502877862838,1
94,6,0,5,1.2020803681574024,90,6,1.804272708628173,1
109,3,0,5,0.4062825726629875,97,6,0.8884502877862838,1
96,3,0,5,0.6927697790409768,109,6,0.8884502877862838,1
125,6,0,5,0.3505767269783785,106,6,0.8884502877862838,1
113,3,0,5,0.915593161779413,89,6,0.9431945538974952,1
87,6,0,5,0.9315091176893012,56,6,0.9431945538974952,1
99,3,0,5,1.0150678862162148,106,6,0.9431945538974952,1
88,6,0,5,0.4580094293701244,118,6,0.9431945538974952,1
114,6,0,5,0.7285806798382255,93,6,0.9431945538974952,1
87,6,0,5,0.652979889266256,107,6,0.8884502877862838,1
124,6,0,5,0.6927697790409768,91,6,0.0273721330556057,1
114,6,0,5,0.7882655145003066,113,6,0.0273721330556057,1
107,6,0,5,0.9036561948469968,80,6,0.9431945538974952,1
94,6,0,5,0.9951729413288544,109,6,0.8884502877862838,1
82,6,0,5,1.1583114894052096,104,6,0.8884502877862838,1
91,6,0,5,1.3254290264590365,67,6,1.804272708628173,1
112,6,0,5,0.6291059554014237,94,6,0.0273721330556057,1
81,3,0,5,0.8758032720046922,93,6,1.804272708628173,1
137,6,0,5,0.5336102199420939,116,6,0.9431945538974952,1
94,6,0,5,1.2179963240672906,94,6,0.0273721330556057,1
94,6,0,5,0.9315091176893012,87,6,0.0273721330556057,1
137,6,0,5,0.3306817820910181,132,6,0.9431945538974952,1
115,3,0,5,0.8559083271173319,115,6,0.0273721330556057,1
138,6,0,5,0.3306817820910181,131,6,0.8884502877862838,1
135,6,0,5,0.7604125916580021,109,6,1.804272708628173,1
111,3,0,5,0.5813580876717588,100,6,1.804272708628173,1
104,3,0,5,1.1145426106530167,92,6,0.0273721330556057,1
95,6,0,5,1.353281949301341,72,6,0.8884502877862838,1
97,3,0,5,1.023025864171159,64,6,0.9431945538974952,1
93,6,0,5,0.7564336026805301,110,6,0.9431945538974952,1
80,3,0,5,1.0389418200810472,83,6,0.0273721330556057,1
125,3,0,5,0.5097362860772614,105,6,0.9431945538974952,1
98,6,0,5,0.979256985418966,83,6,0.8884502877862838,1
91,6,0,5,1.1145426106530167,80,6,0.8884502877862838,1
110,3,0,5,0.9354881066667734,120,6,0.0273721330556057,1
91,6,0,5,0.8320343932524994,84,6,0.8884502877862838,1
134,3,0,5,0.7206227018832814,110,6,1.804272708628173,1
108,6,0,5,0.919572150756885,106,6,1.804272708628173,1
123,6,0,5,0.6370639333563678,113,6,0.9431945538974952,1
83,6,0,5,0.9991519303063264,83,6,1.804272708628173,1
95,3,0,5,0.6728748341536165,90,6,0.0273721330556057,1
114,6,0,5,0.7842865255228345,131,6,1.804272708628173,1
94,3,0,5,1.2299332909997067,95,6,0.0273721330556057,1
123,6,0,5,0.7763285475678904,93,6,1.804272708628173,1
105,6,0,5,0.8956982168920526,87,6,1.804272708628173,1
91,6,0,5,0.8519293381398598,113,6,1.804272708628173,1
106,3,0,5,1.5005045414678078,71,6,1.804272708628173,1
94,6,0,5,0.8121394483651391,119,6,0.0273721330556057,1
97,3,0,5,0.4460724624377082,128,6,0.9431945538974952,1
96,6,0,5,1.1662694673601537,90,6,0.9431945538974952,1
113,3,0,5,0.9911939523513824,83,6,0.8884502877862838,1
84,6,0,5,1.2259543020222348,105,6,0.8884502877862838,1
96,6,0,5,1.3095130705491482,89,6,0.0273721330556057,1
103,3,0,5,0.7206227018832814,80,6,0.0273721330556057,1
113,6,0,5,0.863866305072276,92,6,0.0273721330556057,1
124,3,0,5,0.3943456057305713,103,6,1.804272708628173,1
101,3,0,5,0.3426187490234343,115,6,0.8884502877862838,1
91,3,0,5,0.8917192279145806,136,6,0.0273721330556057,1
75,3,0,5,1.1463745224727933,63,6,0.9431945538974952,1
106,3,0,5,0.7763285475678904,91,6,1.804272708628173,1
90,6,0,5,0.7842865255228345,111,6,0.0273721330556057,1
117,6,0,5,1.1225005886079609,108,6,0.9431945538974952,1
103,3,0,5,1.2856391366843158,68,6,0.8884502877862838,1
98,6,0,5,0.7763285475678904,86,6,1.804272708628173,1
101,6,0,5,0.7643915806354742,82,6,0.8884502877862838,1
81,6,0,5,1.6556851115892188,73,6,0.0273721330556057,1
105,6,0,5,0.9434460846217176,84,6,0.9431945538974952,1
103,3,0,5,0.7444966357481138,92,6,0.0273721330556057,1
113,3,0,5,0.8797822609821643,86,6,1.804272708628173,1
118,6,0,5,0.5216732530096777,113,6,1.804272708628173,1
122,6,0,5,0.752454613703058,110,6,0.8884502877862838,1
107,6,0,5,0.975277996441494,93,6,1.804272708628173,1
118,6,0,5,1.023025864171159,90,6,0.8884502877862838,1
72,3,0,5,1.3134920595266204,79,6,1.804272708628173,1
93,6,0,5,0.9514040625766615,106,6,1.804272708628173,1
93,6,0,5,0.9553830515541336,89,6,0.0273721330556057,1
107,3,0,5,0.5216732530096777,87,6,1.804272708628173,1
122,6,0,5,0.9315091176893012,108,6,0.0273721330556057,1
125,6,0,5,0.649000900288784,141,6,1.804272708628173,1
100,6,0,5,0.8240764152975553,107,6,1.804272708628173,1
112,6,0,5,0.6410429223338399,115,6,0.9431945538974952,1
102,3,0,5,0.9036561948469968,97,6,0.9431945538974952,1
92,6,0,5,0.9076351838244688,103,6,1.804272708628173,1
102,3,0,5,1.241870257932123,78,6,0.9431945538974952,1
114,6,0,5,0.6569588782437281,117,6,0.8884502877862838,1
97,6,0,5,0.7962234924552508,73,6,0.8884502877862838,1
96,6,0,5,0.9514040625766615,87,6,1.804272708628173,1
96,3,0,5,1.1105636216755446,109,6,0.0273721330556057,1
99,3,0,5,1.0110888972387428,87,6,0.8884502877862838,1
115,6,0,5,0.7246016908607534,112,6,0.8884502877862838,1
107,6,0,5,0.5535051648294542,116,6,0.8884502877862838,1
109,3,0,5,0.4818833632349569,111,6,0.9431945538974952,1
92,6,0,5,0.9116141728019408,105,6,0.0273721330556057,1
126,6,0,5,0.9991519303063264,91,6,0.0273721330556057,1
113,3,0,5,0.863866305072276,99,6,0.8884502877862838,1
121,6,0,5,0.4580094293701244,125,6,0.0273721330556057,1
89,3,0,5,1.1423955334953213,72,6,0.0273721330556057,1
133,6,0,5,0.9434460846217176,97,6,1.804272708628173,1
100,6,0,5,1.019046875193687,108,6,0.9431945538974952,1
127,3,0,5,0.7285806798382255,103,6,0.8884502877862838,1
100,6,0,5,0.752454613703058,113,6,0.9431945538974952,1
87,6,0,5,0.8678452940497481,97,6,0.9431945538974952,1
113,6,0,5,0.8797822609821643,100,6,0.8884502877862838,1
104,3,0,5,0.6688958451761444,102,6,1.804272708628173,1
95,6,0,5,1.1981013791799302,70,6,0.8884502877862838,1
95,6,0,5,0.975277996441494,102,6,1.804272708628173,1
106,6,0,5,0.7126647239283372,98,6,0.0273721330556057,1
113,3,0,5,0.8399923712074435,116,6,0.9431945538974952,1
97,6,0,5,0.8996772058695247,81,6,0.0273721330556057,1
120,6,0,5,1.1423955334953213,94,6,0.9431945538974952,1
95,6,0,5,1.1185215996304887,69,6,0.0273721330556057,1
123,6,0,5,1.0588367649684076,63,6,0.0273721330556057,1
99,3,0,5,0.6052320215365912,106,6,0.0273721330556057,1
121,3,0,5,1.452756673738143,83,6,0.0273721330556057,1
106,3,0,5,1.190143401224986,90,6,0.8884502877862838,1
114,3,0,5,0.5535051648294542,89,6,1.804272708628173,1
79,3,0,5,1.353281949301341,72,6,0.9431945538974952,1
127,6,0,5,0.9235511397343572,124,6,0.9431945538974952,1
126,3,0,5,0.9076351838244688,94,6,1.804272708628173,1
99,3,0,5,0.8240764152975553,107,6,0.8884502877862838,1
80,3,0,5,1.007109908261271,70,6,0.9431945538974952,1
117,6,0,5,1.3095130705491482,81,6,0.0273721330556057,1
95,3,0,5,0.8996772058695247,117,6,0.8884502877862838,1
103,6,0,5,0.8200974263200832,99,6,1.804272708628173,1
123,6,0,5,0.6291059554014237,110,6,0.8884502877862838,1
94,3,0,5,1.030983842126103,98,6,1.804272708628173,1
83,6,0,5,1.0628157539458798,84,6,0.8884502877862838,1
88,6,0,5,1.046899798035991,81,6,0.0273721330556057,1
115,3,0,5,0.7405176467706417,111,6,0.8884502877862838,1
116,3,0,5,0.6052320215365912,113,6,0.8884502877862838,1
115,6,0,5,0.5057572970997893,102,6,0.8884502877862838,1
113,3,0,5,1.134437555540377,94,6,0.8884502877862838,1
115,6,0,5,0.5256522419871498,106,6,0.0273721330556057,1
134,3,0,5,0.3983245947080434,110,6,1.804272708628173,1
109,3,0,5,0.8240764152975553,99,6,0.0273721330556057,1
85,6,0,5,1.3373659933914528,71,6,0.0273721330556057,1
113,6,0,5,1.0349628311035752,82,6,0.8884502877862838,1
88,6,0,5,1.3731768941887017,63,6,0.8884502877862838,1
116,3,0,5,0.7246016908607534,84,6,0.0273721330556057,1
110,6,0,5,0.9434460846217176,112,6,0.0273721330556057,1
107,6,0,5,0.8161184373426111,86,6,1.804272708628173,1
108,6,0,5,0.6887907900635047,122,6,1.804272708628173,1
84,6,0,5,0.9315091176893012,99,6,0.9431945538974952,1
96,3,0,5,1.4447986957831989,70,6,0.8884502877862838,1
125,3,0,5,0.7405176467706417,124,6,0.0273721330556057,1
75,3,0,5,1.5283574643101123,52,6,0.8884502877862838,1
92,3,0,5,0.9474250735991896,88,6,0.9431945538974952,1
113,6,0,5,0.971299007464022,80,6,0.9431945538974952,1
128,3,0,5,0.7126647239283372,102,6,0.8884502877862838,1
114,3,0,5,0.8996772058695247,89,6,0.8884502877862838,1
126,6,0,5,0.5535051648294542,108,6,0.9431945538974952,1
110,6,0,5,0.9514040625766615,86,6,1.804272708628173,1
135,3,0,5,0.7325596688156976,105,6,0.0273721330556057,1
96,6,0,5,1.1185215996304887,74,6,0.9431945538974952,1
101,6,0,5,1.1981013791799302,74,6,0.8884502877862838,1
91,6,0,5,1.4965255524903358,83,6,0.8884502877862838,1
122,6,0,5,0.2988498702712415,101,6,0.9431945538974952,1
99,3,0,5,1.190143401224986,89,6,0.0273721330556057,1
112,6,0,5,0.8718242830272201,85,6,1.804272708628173,1
134,6,0,5,0.9553830515541336,105,6,0.9431945538974952,1
110,3,0,5,0.5017783081223173,111,6,0.8884502877862838,1
96,3,0,5,1.0389418200810472,78,6,0.8884502877862838,1
110,3,0,5,0.7126647239283372,98,6,0.8884502877862838,1
104,6,0,5,1.190143401224986,96,6,0.9431945538974952,1
100,6,0,5,0.7365386577931696,108,6,0.9431945538974952,1
100,6,0,5,0.8837612499596363,91,6,1.804272708628173,1
93,6,0,5,1.4607146516930871,61,6,1.804272708628173,1
90,3,0,5,0.5296312309646218,111,6,0.9431945538974952,1
127,6,0,5,0.8240764152975553,122,6,1.804272708628173,1
113,6,0,5,0.4460724624377082,112,6,1.804272708628173,1
78,6,0,5,1.134437555540377,64,6,1.804272708628173,1
150,3,0,5,0.485862352212429,131,6,0.0273721330556057,1
100,3,0,5,0.9076351838244688,91,6,0.0273721330556057,1
101,6,0,5,1.0110888972387428,83,6,0.0273721330556057,1
99,3,0,5,0.8280554042750273,92,6,0.0273721330556057,1
96,6,0,5,0.2869129033388253,124,6,0.8884502877862838,1
113,3,0,5,0.8041814704101949,91,6,0.0273721330556057,1
112,6,0,5,0.9036561948469968,94,6,0.0273721330556057,1
135,6,0,5,0.597274043581647,110,6,1.804272708628173,1
104,3,0,5,0.3346607710684902,110,6,0.8884502877862838,1
108,6,0,5,0.5336102199420939,110,6,0.0273721330556057,1
103,6,0,5,1.3134920595266204,69,6,0.8884502877862838,1
105,3,0,5,0.6450219113113119,88,6,0.9431945538974952,1
104,6,0,5,0.6410429223338399,98,6,1.804272708628173,1
116,6,0,5,0.7405176467706417,96,6,0.8884502877862838,1
118,3,0,5,0.7325596688156976,107,6,0.9431945538974952,1
93,3,0,5,1.074752720878296,63,6,0.9431945538974952,1
66,3,0,5,1.1026056437206004,70,6,1.804272708628173,1
120,6,0,5,0.3465977380009064,116,6,0.8884502877862838,1
106,3,0,5,0.3147658261811298,139,6,0.8884502877862838,1
71,3,0,5,0.915593161779413,63,6,0.9431945538974952,1
96,6,0,5,0.7803075365453624,103,6,1.804272708628173,1
89,3,0,5,0.8837612499596363,78,6,0.8884502877862838,1
78,6,0,5,1.0628157539458798,73,6,0.9431945538974952,1
116,3,0,5,0.4739253852800127,132,6,0.8884502877862838,1
138,3,0,5,0.7444966357481138,105,6,0.9431945538974952,1
113,3,0,5,0.7246016908607534,107,6,0.9431945538974952,1
81,6,0,5,1.1981013791799302,75,6,0.0273721330556057,1
123,3,0,5,0.5057572970997893,102,6,0.0273721330556057,1
131,3,0,5,0.2590599804965208,114,6,1.804272708628173,1
72,3,0,5,0.979256985418966,82,6,0.9431945538974952,1
88,3,0,5,1.007109908261271,61,6,0.9431945538974952,1
92,3,0,5,1.1503535114502654,56,6,0.9431945538974952,1
123,3,0,5,0.2590599804965208,109,6,0.0273721330556057,1
114,3,0,5,0.7604125916580021,100,6,0.9431945538974952,1
114,6,0,5,0.9434460846217176,86,6,0.8884502877862838,1
298,3,3,2,2.0137941195617053,0,2,0.0273721330556057,1
312,3,3,2,2.0137941195617053,0,2,1.804272708628173,1
352,3,3,2,2.0137941195617053,0,2,1.804272708628173,1
370,3,3,2,2.0137941195617053,0,2,0.0273721330556057,1
343,3,3,2,2.0137941195617053,0,2,0.9431945538974952,1
332,3,3,2,2.0137941195617053,0,2,0.9431945538974952,1
378,3,3,2,2.0137941195617053,0,2,0.0273721330556057,1
316,3,3,2,2.0137941195617053,0,2,0.0273721330556057,1
331,3,3,2,2.0137941195617053,0,2,0.0273721330556057,1
361,3,3,2,2.0137941195617053,0,2,0.8884502877862838,1
391,3,3,2,2.0137941195617053,0,2,1.804272708628173,1
504,3,3,2,2.0137941195617053,0,2,0.8884502877862838,1
470,3,3,2,2.0137941195617053,0,2,0.9431945538974952,1
396,3,3,2,2.0137941195617053,0,2,0.0273721330556057,1
421,3,3,2,2.0137941195617053,0,2,1.804272708628173,1
396,3,3,2,2.0137941195617053,0,2,0.8884502877862838,1
285,3,3,2,2.0137941195617053,0,2,0.9431945538974952,1
349,3,3,2,2.0137941195617053,0,2,0.8884502877862838,1
248,3,3,2,2.0137941195617053,0,2,0.8884502877862838,1
406,3,3,2,2.0137941195617053,0,2,0.9431945538974952,1
263,3,3,2,2.0137941195617053,0,2,0.8884502877862838,1
349,3,3,2,2.0137941195617053,0,2,0.9431945538974952,1
219,3,3,2,2.0137941195617053,0,2,0.8884502877862838,1
382,3,3,2,2.0137941195617053,0,2,0.9431945538974952,1
442,3,3,2,2.0137941195617053,0,2,0.9431945538974952,1
305,3,3,2,2.0137941195617053,0,2,0.8884502877862838,1
334,3,3,2,2.0137941195617053,0,2,1.804272708628173,1
395,3,3,2,2.0137941195617053,0,2,1.804272708628173,1
287,3,3,2,2.0137941195617053,0,2,0.0273721330556057,1
419,3,3,2,2.0137941195617053,0,2,0.0273721330556057,1
350,3,3,2,2.0137941195617053,0,2,0.8884502877862838,1
307,3,3,2,2.0137941195617053,0,2,0.8884502877862838,1
447,3,3,2,2.0137941195617053,0,2,0.8884502877862838,1
325,3,3,2,2.0137941195617053,0,2,0.0273721330556057,1
345,3,3,2,2.0137941195617053,0,2,0.8884502877862838,1
348,3,3,2,2.0137941195617053,0,2,0.0273721330556057,1
421,3,3,2,2.0137941195617053,0,2,0.8884502877862838,1
344,3,3,2,2.0137941195617053,0,2,0.0273721330556057,1
309,3,3,2,2.0137941195617053,0,2,1.804272708628173,1
293,3,3,2,2.0137941195617053,0,2,0.8884502877862838,1
250,3,3,2,2.0137941195617053,0,2,0.9431945538974952,1
211,3,3,2,2.0137941195617053,0,2,1.804272708628173,1
349,3,3,2,2.0137941195617053,0,2,0.8884502877862838,1
408,3,3,2,2.0137941195617053,0,2,1.804272708628173,1
292,3,3,2,2.0137941195617053,0,2,0.9431945538974952,1
352,3,3,2,2.0137941195617053,0,2,0.8884502877862838,1
400,3,3,2,2.0137941195617053,0,2,0.0273721330556057,1
296,3,3,2,2.0137941195617053,0,2,0.8884502877862838,1
386,3,3,2,2.0137941195617053,0,2,0.0273721330556057,1
300,3,3,2,2.0137941195617053,0,2,0.0273721330556057,1
327,3,3,2,2.0137941195617053,0,2,0.0273721330556057,1
310,3,3,2,2.0137941195617053,0,2,0.0273721330556057,1
214,3,3,2,2.0137941195617053,0,2,1.804272708628173,1
372,3,3,2,2.0137941195617053,0,2,1.804272708628173,1
233,3,3,2,2.0137941195617053,0,2,1.804272708628173,1
312,3,3,2,2.0137941195617053,0,2,0.9431945538974952,1
396,3,3,2,2.0137941195617053,0,2,0.0273721330556057,1
345,3,3,2,2.0137941195617053,0,2,0.0273721330556057,1
370,3,3,2,2.0137941195617053,0,2,0.8884502877862838,1
404,3,3,2,2.0137941195617053,0,2,0.9431945538974952,1
439,3,3,2,2.0137941195617053,0,2,0.9431945538974952,1
396,3,3,2,2.0137941195617053,0,2,0.8884502877862838,1
276,3,3,2,2.0137941195617053,0,2,0.8884502877862838,1
257,3,3,2,2.0137941195617053,0,2,0.8884502877862838,1
379,3,3,2,2.0137941195617053,0,2,0.9431945538974952,1
371,3,3,2,2.0137941195617053,0,2,0.0273721330556057,1
284,3,3,2,2.0137941195617053,0,2,0.0273721330556057,1
249,3,3,2,2.0137941195617053,0,2,1.804272708628173,1
362,3,3,2,2.0137941195617053,0,2,0.8884502877862838,1
341,3,3,2,2.0137941195617053,0,2,0.8884502877862838,1
341,3,3,2,2.0137941195617053,0,2,0.9431945538974952,1
373,3,3,2,2.0137941195617053,0,2,0.0273721330556057,1
357,3,3,2,2.0137941195617053,0,2,0.0273721330556057,1
317,3,3,2,2.0137941195617053,0,2,1.804272708628173,1
268,3,3,2,2.0137941195617053,0,2,1.804272708628173,1
351,3,3,2,2.0137941195617053,0,2,0.9431945538974952,1
446,3,3,2,2.0137941195617053,0,2,0.8884502877862838,1
300,3,3,2,2.0137941195617053,0,2,0.8884502877862838,1
241,3,3,2,2.0137941195617053,0,2,0.8884502877862838,1
412,3,3,2,2.0137941195617053,0,2,1.804272708628173,1
272,3,3,2,2.0137941195617053,0,2,0.8884502877862838,1
314,3,3,2,2.0137941195617053,0,2,0.0273721330556057,1
458,3,3,2,2.0137941195617053,0,2,1.804272708628173,1
403,3,3,2,2.0137941195617053,0,2,1.804272708628173,1
379,3,3,2,2.0137941195617053,0,2,0.0273721330556057,1
478,3,3,2,2.0137941195617053,0,2,0.9431945538974952,1
351,3,3,2,2.0137941195617053,0,2,1.804272708628173,1
433,3,3,2,2.0137941195617053,0,2,1.804272708628173,1
353,3,3,2,2.0137941195617053,0,2,1.804272708628173,1
346,3,3,2,2.0137941195617053,0,2,0.8884502877862838,1
347,3,3,2,2.0137941195617053,0,2,0.0273721330556057,1
429,3,3,2,2.0137941195617053,0,2,1.804272708628173,1
413,3,3,2,2.0137941195617053,0,2,0.0273721330556057,1
459,3,3,2,2.0137941195617053,0,2,1.804272708628173,1
378,3,3,2,2.0137941195617053,0,2,0.9431945538974952,1
261,3,3,2,2.0137941195617053,0,2,0.9431945538974952,1
390,3,3,2,2.0137941195617053,0,2,0.9431945538974952,1
477,3,3,2,2.0137941195617053,0,2,1.804272708628173,1
306,3,3,2,2.0137941195617053,0,2,0.8884502877862838,1
316,3,3,2,2.0137941195617053,0,2,0.0273721330556057,1
415,3,3,2,2.0137941195617053,0,2,0.0273721330556057,1
388,3,3,2,2.0137941195617053,0,2,0.0273721330556057,1
419,3,3,2,2.0137941195617053,0,2,1.804272708628173,1
258,3,3,2,2.0137941195617053,0,2,1.804272708628173,1
177,3,3,2,2.0137941195617053,0,2,0.0273721330556057,1
388,3,3,2,2.0137941195617053,0,2,0.0273721330556057,1
447,3,3,2,2.0137941195617053,0,2,0.9431945538974952,1
292,3,3,2,2.0137941195617053,0,2,0.0273721330556057,1
382,3,3,2,2.0137941195617053,0,2,0.9431945538974952,1
360,3,3,2,2.0137941195617053,0,2,1.804272708628173,1
426,3,3,2,2.0137941195617053,0,2,1.804272708628173,1
360,3,3,2,2.0137941195617053,0,2,0.9431945538974952,1
316,3,3,2,2.0137941195617053,0,2,0.9431945538974952,1
418,3,3,2,2.0137941195617053,0,2,0.9431945538974952,1
525,3,3,2,2.0137941195617053,0,2,1.804272708628173,1
324,3,3,2,2.0137941195617053,0,2,0.8884502877862838,1
330,3,3,2,2.0137941195617053,0,2,0.8884502877862838,1
376,3,3,2,2.0137941195617053,0,2,0.0273721330556057,1
400,3,3,2,2.0137941195617053,0,2,1.804272708628173,1
289,3,3,2,2.0137941195617053,0,2,0.8884502877862838,1
215,3,3,2,2.0137941195617053,0,2,0.8884502877862838,1
483,3,3,2,2.0137941195617053,0,2,0.0273721330556057,1
450,3,3,2,2.0137941195617053,0,2,0.8884502877862838,1
484,3,3,2,2.0137941195617053,0,2,0.0273721330556057,1
288,3,3,2,2.0137941195617053,0,2,0.0273721330556057,1
315,3,3,2,2.0137941195617053,0,2,0.0273721330556057,1
341,3,3,2,2.0137941195617053,0,2,0.8884502877862838,1
373,3,3,2,2.0137941195617053,0,2,0.0273721330556057,1
222,3,3,2,2.0137941195617053,0,2,1.804272708628173,1
271,3,3,2,2.0137941195617053,0,2,0.0273721330556057,1
319,3,3,2,2.0137941195617053,0,2,1.804272708628173,1
316,3,3,2,2.0137941195617053,0,2,0.8884502877862838,1
359,3,3,2,2.0137941195617053,0,2,0.0273721330556057,1
435,3,3,2,2.0137941195617053,0,2,1.804272708628173,1
354,3,3,2,2.0137941195617053,0,2,0.0273721330556057,1
484,3,3,2,2.0137941195617053,0,2,0.9431945538974952,1
306,3,3,2,2.0137941195617053,0,2,0.0273721330556057,1
459,3,3,2,2.0137941195617053,0,2,1.804272708628173,1
327,3,3,2,2.0137941195617053,0,2,0.8884502877862838,1
346,3,3,2,2.0137941195617053,0,2,0.8884502877862838,1
317,3,3,2,2.0137941195617053,0,2,0.8884502877862838,1
299,3,3,2,2.0137941195617053,0,2,0.0273721330556057,1
160,3,3,2,2.0137941195617053,0,2,0.0273721330556057,1
381,3,3,2,2.0137941195617053,0,2,1.804272708628173,1
289,3,3,2,2.0137941195617053,0,2,1.804272708628173,1
321,3,3,2,2.0137941195617053,0,2,0.0273721330556057,1
439,3,3,2,2.0137941195617053,0,2,0.8884502877862838,1
411,3,3,2,2.0137941195617053,0,2,0.0273721330556057,1
335,3,3,2,2.0137941195617053,0,2,0.0273721330556057,1
338,3,3,2,2.0137941195617053,0,2,1.804272708628173,1
248,3,3,2,2.0137941195617053,0,2,1.804272708628173,1
570,3,3,2,2.0137941195617053,0,2,0.9431945538974952,1
354,3,3,2,2.0137941195617053,0,2,0.9431945538974952,1
239,3,3,2,2.0137941195617053,0,2,1.804272708628173,1
376,3,3,2,2.0137941195617053,0,2,0.0273721330556057,1
479,3,3,2,2.0137941195617053,0,2,0.9431945538974952,1
507,3,3,2,2.0137941195617053,0,2,0.8884502877862838,1
371,3,3,2,2.0137941195617053,0,2,1.804272708628173,1
430,3,3,2,2.0137941195617053,0,2,0.8884502877862838,1
335,3,3,2,2.0137941195617053,0,2,0.8884502877862838,1
369,3,3,2,2.0137941195617053,0,2,0.8884502877862838,1
274,3,3,2,2.0137941195617053,0,2,1.804272708628173,1
408,3,3,2,2.0137941195617053,0,2,0.9431945538974952,1
466,3,3,2,2.0137941195617053,0,2,0.9431945538974952,1
406,3,3,2,2.0137941195617053,0,2,0.0273721330556057,1
377,3,3,2,2.0137941195617053,0,2,0.8884502877862838,1
530,3,3,2,2.0137941195617053,0,2,0.8884502877862838,1
311,3,3,2,2.0137941195617053,0,2,0.9431945538974952,1
274,3,3,2,2.0137941195617053,0,2,0.8884502877862838,1
345,3,3,2,2.0137941195617053,0,2,1.804272708628173,1
325,3,3,2,2.0137941195617053,0,2,0.9431945538974952,1
341,3,3,2,2.0137941195617053,0,2,0.0273721330556057,1
370,3,3,2,2.0137941195617053,0,2,0.8884502877862838,1
352,3,3,2,2.0137941195617053,0,2,0.9431945538974952,1
354,3,3,2,2.0137941195617053,0,2,0.8884502877862838,1
401,3,3,2,2.0137941195617053,0,2,1.804272708628173,1
435,3,3,2,2.0137941195617053,0,2,0.0273721330556057,1
298,3,3,2,2.0137941195617053,0,2,0.9431945538974952,1
469,3,3,2,2.0137941195617053,0,2,0.8884502877862838,1
333,3,3,2,2.0137941195617053,0,2,0.8884502877862838,1
307,3,3,2,2.0137941195617053,0,2,0.9431945538974952,1
317,3,3,2,2.0137941195617053,0,2,0.0273721330556057,1
387,3,3,2,2.0137941195617053,0,2,1.804272708628173,1
372,3,3,2,2.0137941195617053,0,2,0.0273721330556057,1
298,3,3,2,2.0137941195617053,0,2,0.9431945538974952,1
371,3,3,2,2.0137941195617053,0,2,1.804272708628173,1
350,3,3,2,2.0137941195617053,0,2,0.8884502877862838,1
424,3,3,2,2.0137941195617053,0,2,1.804272708628173,1
321,3,3,2,2.0137941195617053,0,2,0.9431945538974952,1
352,3,3,2,2.0137941195617053,0,2,1.804272708628173,1
427,3,3,2,2.0137941195617053,0,2,0.8884502877862838,1
250,3,3,2,2.0137941195617053,0,2,1.804272708628173,1
383,3,3,2,2.0137941195617053,0,2,0.9431945538974952,1
315,3,3,2,2.0137941195617053,0,2,0.9431945538974952,1
318,3,3,2,2.0137941195617053,0,2,0.8884502877862838,1
405,3,3,2,2.0137941195617053,0,2,0.8884502877862838,1
353,3,3,2,2.0137941195617053,0,2,0.0273721330556057,1
291,3,3,2,2.0137941195617053,0,2,0.8884502877862838,1
263,3,3,2,2.0137941195617053,0,2,0.8884502877862838,1
366,3,3,2,2.0137941195617053,0,2,0.8884502877862838,1
404,3,3,2,2.0137941195617053,0,2,1.804272708628173,1
345,3,3,2,2.0137941195617053,0,2,0.0273721330556057,1
331,3,3,2,2.0137941195617053,0,2,0.0273721330556057,1
302,3,3,2,2.0137941195617053,0,2,1.804272708628173,1
384,3,3,2,2.0137941195617053,0,2,1.804272708628173,1
325,3,3,2,2.0137941195617053,0,2,0.0273721330556057,1
322,3,3,2,2.0137941195617053,0,2,0.9431945538974952,1
317,3,3,2,2.0137941195617053,0,2,0.9431945538974952,1
306,3,3,2,2.0137941195617053,0,2,0.9431945538974952,1
436,3,3,2,2.0137941195617053,0,2,0.9431945538974952,1
307,3,3,2,2.0137941195617053,0,2,0.0273721330556057,1
364,3,3,2,2.0137941195617053,0,2,0.9431945538974952,1
240,3,3,2,2.0137941195617053,0,2,1.804272708628173,1
346,3,3,2,2.0137941195617053,0,2,0.8884502877862838,1
432,3,3,2,2.0137941195617053,0,2,1.804272708628173,1
383,3,3,2,2.0137941195617053,0,2,1.804272708628173,1
266,3,3,2,2.0137941195617053,0,2,0.0273721330556057,1
224,3,3,2,2.0137941195617053,0,2,1.804272708628173,1
356,3,3,2,2.0137941195617053,0,2,1.804272708628173,1
364,3,3,2,2.0137941195617053,0,2,0.0273721330556057,1
351,3,3,2,2.0137941195617053,0,2,0.9431945538974952,1
350,3,3,2,2.0137941195617053,0,2,0.8884502877862838,1
506,3,3,2,2.0137941195617053,0,2,0.0273721330556057,1
341,3,3,2,2.0137941195617053,0,2,0.8884502877862838,1
445,3,3,2,2.0137941195617053,0,2,0.0273721330556057,1
363,3,3,2,2.0137941195617053,0,2,0.8884502877862838,1
325,3,3,2,2.0137941195617053,0,2,0.0273721330556057,1
358,3,3,2,2.0137941195617053,0,2,0.0273721330556057,1
392,3,3,2,2.0137941195617053,0,2,1.804272708628173,1
401,3,3,2,2.0137941195617053,0,2,0.8884502877862838,1
346,3,3,2,2.0137941195617053,0,2,0.0273721330556057,1
346,3,3,2,2.0137941195617053,0,2,0.0273721330556057,1
334,3,3,2,2.0137941195617053,0,2,1.804272708628173,1
374,3,3,2,2.0137941195617053,0,2,0.8884502877862838,1
394,3,3,2,2.0137941195617053,0,2,0.0273721330556057,1
309,3,3,2,2.0137941195617053,0,2,0.9431945538974952,1
291,3,3,2,2.0137941195617053,0,2,0.9431945538974952,1
369,3,3,2,2.0137941195617053,0,2,0.8884502877862838,1
318,3,3,2,2.0137941195617053,0,2,0.0273721330556057,1
310,3,3,2,2.0137941195617053,0,2,0.9431945538974952,1
334,3,3,2,2.0137941195617053,0,2,0.9431945538974952,1
319,3,3,2,2.0137941195617053,0,2,1.804272708628173,1
302,3,3,2,2.0137941195617053,0,2,1.804272708628173,1
421,3,3,2,2.0137941195617053,0,2,0.9431945538974952,1
367,3,3,2,2.0137941195617053,0,2,1.804272708628173,1
414,3,3,2,2.0137941195617053,0,2,0.8884502877862838,1
438,3,3,2,2.0137941195617053,0,2,1.804272708628173,1
528,3,3,2,2.0137941195617053,0,2,0.9431945538974952,1
352,3,3,2,2.0137941195617053,0,2,0.8884502877862838,1
257,3,3,2,2.0137941195617053,0,2,1.804272708628173,1
230,3,3,2,2.0137941195617053,0,2,1.804272708628173,1
459,3,3,2,2.0137941195617053,0,2,0.0273721330556057,1
384,3,3,2,2.0137941195617053,0,2,0.0273721330556057,1
353,3,3,2,2.0137941195617053,0,2,0.9431945538974952,1
318,3,3,2,2.0137941195617053,0,2,0.8884502877862838,1
408,3,3,2,2.0137941195617053,0,2,0.8884502877862838,1
253,3,3,2,2.0137941195617053,0,2,0.9431945538974952,1
246,3,3,2,2.0137941195617053,0,2,0.8884502877862838,1
284,3,3,2,2.0137941195617053,0,2,1.804272708628173,1
403,3,3,2,2.0137941195617053,0,2,1.804272708628173,1
464,3,3,2,2.0137941195617053,0,2,0.0273721330556057,1
384,3,3,2,2.0137941195617053,0,2,1.804272708628173,1
350,3,3,2,2.0137941195617053,0,2,0.8884502877862838,1
382,3,3,2,2.0137941195617053,0,2,0.8884502877862838,1
227,3,3,2,2.0137941195617053,0,2,1.804272708628173,1
472,3,3,2,2.0137941195617053,0,2,0.8884502877862838,1
359,3,3,2,2.0137941195617053,0,2,0.8884502877862838,1
445,3,3,2,2.0137941195617053,0,2,0.9431945538974952,1
235,3,3,2,2.0137941195617053,0,2,0.0273721330556057,1
358,3,3,2,2.0137941195617053,0,2,0.9431945538974952,1
368,3,3,2,2.0137941195617053,0,2,0.8884502877862838,1
450,3,3,2,2.0137941195617053,0,2,0.8884502877862838,1
431,3,3,2,2.0137941195617053,0,2,1.804272708628173,1
435,3,3,2,2.0137941195617053,0,2,0.8884502877862838,1
338,3,3,2,2.0137941195617053,0,2,1.804272708628173,1
363,3,3,2,2.0137941195617053,0,2,0.0273721330556057,1
431,3,3,2,2.0137941195617053,0,2,0.8884502877862838,1
392,3,3,2,2.0137941195617053,0,2,0.9431945538974952,1
374,3,3,2,2.0137941195617053,0,2,0.9431945538974952,1
366,3,3,2,2.0137941195617053,0,2,0.8884502877862838,1
361,3,3,2,2.0137941195617053,0,2,1.804272708628173,1
423,3,3,2,2.0137941195617053,0,2,0.0273721330556057,1
444,3,3,2,2.0137941195617053,0,2,1.804272708628173,1
410,3,3,2,2.0137941195617053,0,2,1.804272708628173,1
378,3,3,2,2.0137941195617053,0,2,0.0273721330556057,1
391,3,3,2,2.0137941195617053,0,2,1.804272708628173,1
330,3,3,2,2.0137941195617053,0,2,0.0273721330556057,1
324,3,3,2,2.0137941195617053,0,2,0.9431945538974952,1
341,3,3,2,2.0137941195617053,0,2,0.8884502877862838,1
392,3,3,2,2.0137941195617053,0,2,0.9431945538974952,1
408,3,3,2,2.0137941195617053,0,2,0.0273721330556057,1
310,3,3,2,2.0137941195617053,0,2,1.804272708628173,1
333,3,3,2,2.0137941195617053,0,2,0.9431945538974952,1
293,3,3,2,2.0137941195617053,0,2,0.0273721330556057,1
348,3,3,2,2.0137941195617053,0,2,1.804272708628173,1
362,3,3,2,2.0137941195617053,0,2,0.0273721330556057,1
454,3,3,2,2.0137941195617053,0,2,1.804272708628173,1
342,3,3,2,2.0137941195617053,0,2,1.804272708628173,1
478,3,3,2,2.0137941195617053,0,2,0.0273721330556057,1
334,3,3,2,2.0137941195617053,0,2,0.9431945538974952,1
419,3,3,2,2.0137941195617053,0,2,1.804272708628173,1
405,3,3,2,2.0137941195617053,0,2,1.804272708628173,1
300,3,3,2,2.0137941195617053,0,2,1.804272708628173,1
327,3,3,2,2.0137941195617053,0,2,1.804272708628173,1
314,3,3,2,2.0137941195617053,0,2,1.804272708628173,1
388,3,3,2,2.0137941195617053,0,2,0.0273721330556057,1
414,3,3,2,2.0137941195617053,0,2,0.0273721330556057,1
419,3,3,2,2.0137941195617053,0,2,1.804272708628173,1
467,3,3,2,2.0137941195617053,0,2,0.9431945538974952,1
464,3,3,2,2.0137941195617053,0,2,1.804272708628173,1
410,3,3,2,2.0137941195617053,0,2,0.0273721330556057,1
298,3,3,2,2.0137941195617053,0,2,0.0273721330556057,1
418,3,3,2,2.0137941195617053,0,2,0.9431945538974952,1
492,3,3,2,2.0137941195617053,0,2,0.0273721330556057,1
418,3,3,2,2.0137941195617053,0,2,0.0273721330556057,1
404,3,3,2,2.0137941195617053,0,2,0.8884502877862838,1
218,3,3,2,2.0137941195617053,0,2,0.9431945538974952,1
430,3,3,2,2.0137941195617053,0,2,0.9431945538974952,1
352,3,3,2,2.0137941195617053,0,2,0.9431945538974952,1
336,3,3,2,2.0137941195617053,0,2,1.804272708628173,1
423,3,3,2,2.0137941195617053,0,2,0.9431945538974952,1
336,3,3,2,2.0137941195617053,0,2,0.8884502877862838,1
373,3,3,2,2.0137941195617053,0,2,0.8884502877862838,1
353,3,3,2,2.0137941195617053,0,2,0.0273721330556057,1
318,3,3,2,2.0137941195617053,0,2,1.804272708628173,1
432,3,3,2,2.0137941195617053,0,2,1.804272708628173,1
427,3,3,2,2.0137941195617053,0,2,0.8884502877862838,1
351,3,3,2,2.0137941195617053,0,2,0.8884502877862838,1
322,3,3,2,2.0137941195617053,0,2,1.804272708628173,1
318,3,3,2,2.0137941195617053,0,2,0.0273721330556057,1
384,3,3,2,2.0137941195617053,0,2,0.9431945538974952,1
367,3,3,2,2.0137941195617053,0,2,0.0273721330556057,1
223,3,3,2,2.0137941195617053,0,2,0.9431945538974952,1
305,3,3,2,2.0137941195617053,0,2,0.0273721330556057,1
279,3,3,2,2.0137941195617053,0,2,1.804272708628173,1
379,3,3,2,2.0137941195617053,0,2,0.0273721330556057,1
194,3,3,2,2.0137941195617053,0,2,0.0273721330556057,1
328,3,3,2,2.0137941195617053,0,2,0.9431945538974952,1
382,3,3,2,2.0137941195617053,0,2,0.0273721330556057,1
136,3,3,2,2.0137941195617053,0,2,1.804272708628173,1
348,3,3,2,2.0137941195617053,0,2,1.804272708628173,1
411,3,3,2,2.0137941195617053,0,2,0.0273721330556057,1
364,3,3,2,2.0137941195617053,0,2,0.0273721330556057,1
339,3,3,2,2.0137941195617053,0,2,0.0273721330556057,1
393,3,3,2,2.0137941195617053,0,2,0.8884502877862838,1
394,3,3,2,2.0137941195617053,0,2,1.804272708628173,1
366,3,3,2,2.0137941195617053,0,2,0.9431945538974952,1
372,3,3,2,2.0137941195617053,0,2,0.9431945538974952,1
233,3,3,2,2.0137941195617053,0,2,0.9431945538974952,1
364,3,3,2,2.0137941195617053,0,2,1.804272708628173,1
281,3,3,2,2.0137941195617053,0,2,0.8884502877862838,1
366,3,3,2,2.0137941195617053,0,2,0.0273721330556057,1
315,3,3,2,2.0137941195617053,0,2,0.8884502877862838,1
266,3,3,2,2.0137941195617053,0,2,0.9431945538974952,1
208,3,3,2,2.0137941195617053,0,2,1.804272708628173,1
286,3,3,2,2.0137941195617053,0,2,0.8884502877862838,1
213,3,3,2,2.0137941195617053,0,2,0.8884502877862838,1
219,3,3,2,2.0137941195617053,0,2,1.804272708628173,1
182,3,3,2,2.0137941195617053,0,2,0.0273721330556057,1
262,3,3,2,2.0137941195617053,0,2,0.9431945538974952,1
327,3,3,2,2.0137941195617053,0,2,0.8884502877862838,1
228,3,3,2,2.0137941195617053,0,2,0.9431945538974952,1
254,3,3,2,2.0137941195617053,0,2,1.804272708628173,1
280,3,3,2,2.0137941195617053,0,2,0.8884502877862838,1
260,3,3,2,2.0137941195617053,0,2,0.8884502877862838,1
284,3,3,2,2.0137941195617053,0,2,0.0273721330556057,1
242,3,3,2,2.0137941195617053,0,2,0.0273721330556057,1
273,3,3,2,2.0137941195617053,0,2,1.804272708628173,1
261,3,3,2,2.0137941195617053,0,2,0.8884502877862838,1
218,3,3,2,2.0137941195617053,0,2,0.9431945538974952,1
186,3,3,2,2.0137941195617053,0,2,0.8884502877862838,1
245,3,3,2,2.0137941195617053,0,2,1.804272708628173,1
307,3,3,2,2.0137941195617053,0,2,0.0273721330556057,1
282,3,3,2,2.0137941195617053,0,2,0.8884502877862838,1
293,3,3,2,2.0137941195617053,0,2,0.9431945538974952,1
261,3,3,2,2.0137941195617053,0,2,0.0273721330556057,1
302,3,3,2,2.0137941195617053,0,2,0.8884502877862838,1
300,3,3,2,2.0137941195617053,0,2,1.804272708628173,1
278,3,3,2,2.0137941195617053,0,2,1.804272708628173,1
250,3,3,2,2.0137941195617053,0,2,0.0273721330556057,1
267,3,3,2,2.0137941195617053,0,2,1.804272708628173,1
223,3,3,2,2.0137941195617053,0,2,1.804272708628173,1
209,3,3,2,2.0137941195617053,0,2,1.804272708628173,1
246,3,3,2,2.0137941195617053,0,2,0.8884502877862838,1
226,3,3,2,2.0137941195617053,0,2,0.0273721330556057,1
255,3,3,2,2.0137941195617053,0,2,0.9431945538974952,1
273,3,3,2,2.0137941195617053,0,2,0.9431945538974952,1
294,3,3,2,2.0137941195617053,0,2,1.804272708628173,1
288,3,3,2,2.0137941195617053,0,2,0.0273721330556057,1
245,3,3,2,2.0137941195617053,0,2,1.804272708628173,1
316,3,3,2,2.0137941195617053,0,2,0.0273721330556057,1
243,3,3,2,2.0137941195617053,0,2,0.8884502877862838,1
294,3,3,2,2.0137941195617053,0,2,1.804272708628173,1
254,3,3,2,2.0137941195617053,0,2,0.0273721330556057,1
260,3,3,2,2.0137941195617053,0,2,0.8884502877862838,1
249,3,3,2,2.0137941195617053,0,2,0.8884502877862838,1
297,3,3,2,2.0137941195617053,0,2,1.804272708628173,1
269,3,3,2,2.0137941195617053,0,2,0.9431945538974952,1
259,3,3,2,2.0137941195617053,0,2,1.804272708628173,1
268,3,3,2,2.0137941195617053,0,2,0.0273721330556057,1
254,3,3,2,2.0137941195617053,0,2,0.9431945538974952,1
258,3,3,2,2.0137941195617053,0,2,0.0273721330556057,1
262,3,3,2,2.0137941195617053,0,2,0.9431945538974952,1
251,3,3,2,2.0137941195617053,0,2,1.804272708628173,1
270,3,3,2,2.0137941195617053,0,2,1.804272708628173,1
242,3,3,2,2.0137941195617053,0,2,0.0273721330556057,1
268,3,3,2,2.0137941195617053,0,2,0.9431945538974952,1
276,3,3,2,2.0137941195617053,0,2,1.804272708628173,1
269,3,3,2,2.0137941195617053,0,2,0.0273721330556057,1
296,3,3,2,2.0137941195617053,0,2,1.804272708628173,1
204,3,3,2,2.0137941195617053,0,2,1.804272708628173,1
268,3,3,2,2.0137941195617053,0,2,1.804272708628173,1
210,3,3,2,2.0137941195617053,0,2,0.9431945538974952,1
272,3,3,2,2.0137941195617053,0,2,0.8884502877862838,1
241,3,3,2,2.0137941195617053,0,2,1.804272708628173,1
270,3,3,2,2.0137941195617053,0,2,1.804272708628173,1
260,3,3,2,2.0137941195617053,0,2,0.0273721330556057,1
315,3,3,2,2.0137941195617053,0,2,1.804272708628173,1
254,3,3,2,2.0137941195617053,0,2,0.8884502877862838,1
282,3,3,2,2.0137941195617053,0,2,0.8884502877862838,1
232,3,3,2,2.0137941195617053,0,2,0.9431945538974952,1
248,3,3,2,2.0137941195617053,0,2,1.804272708628173,1
273,3,3,2,2.0137941195617053,0,2,1.804272708628173,1
267,3,3,2,2.0137941195617053,0,2,0.0273721330556057,1
236,3,3,2,2.0137941195617053,0,2,0.0273721330556057,1
291,3,3,2,2.0137941195617053,0,2,0.9431945538974952,1
246,3,3,2,2.0137941195617053,0,2,0.8884502877862838,1
217,3,3,2,2.0137941195617053,0,2,0.8884502877862838,1
253,3,3,2,2.0137941195617053,0,2,0.0273721330556057,1
262,3,3,2,2.0137941195617053,0,2,0.8884502877862838,1
268,3,3,2,2.0137941195617053,0,2,0.0273721330556057,1
289,3,3,2,2.0137941195617053,0,2,0.9431945538974952,1
280,3,3,2,2.0137941195617053,0,2,0.8884502877862838,1
272,3,3,2,2.0137941195617053,0,2,1.804272708628173,1
242,3,3,2,2.0137941195617053,0,2,0.8884502877862838,1
241,3,3,2,2.0137941195617053,0,2,0.0273721330556057,1
277,3,3,2,2.0137941195617053,0,2,0.0273721330556057,1
232,3,3,2,2.0137941195617053,0,2,0.8884502877862838,1
214,3,3,2,2.0137941195617053,0,2,1.804272708628173,1
254,3,3,2,2.0137941195617053,0,2,1.804272708628173,1
227,3,3,2,2.0137941195617053,0,2,0.9431945538974952,1
266,3,3,2,2.0137941195617053,0,2,0.8884502877862838,1
198,3,3,2,2.0137941195617053,0,2,1.804272708628173,1
263,3,3,2,2.0137941195617053,0,2,0.0273721330556057,1
243,3,3,2,2.0137941195617053,0,2,0.0273721330556057,1
222,3,3,2,2.0137941195617053,0,2,0.0273721330556057,1
306,3,3,2,2.0137941195617053,0,2,0.8884502877862838,1
254,3,3,2,2.0137941195617053,0,2,0.0273721330556057,1
198,3,3,2,2.0137941195617053,0,2,1.804272708628173,1
265,3,3,2,2.0137941195617053,0,2,0.0273721330556057,1
225,3,3,2,2.0137941195617053,0,2,0.0273721330556057,1
204,3,3,2,2.0137941195617053,0,2,0.0273721330556057,1
307,3,3,2,2.0137941195617053,0,2,0.8884502877862838,1
284,3,3,2,2.0137941195617053,0,2,0.8884502877862838,1
273,3,3,2,2.0137941195617053,0,2,1.804272708628173,1
271,3,3,2,2.0137941195617053,0,2,0.8884502877862838,1
231,3,3,2,2.0137941195617053,0,2,1.804272708628173,1
273,3,3,2,2.0137941195617053,0,2,0.8884502877862838,1
243,3,3,2,2.0137941195617053,0,2,0.8884502877862838,1
256,3,3,2,2.0137941195617053,0,2,1.804272708628173,1
189,3,3,2,2.0137941195617053,0,2,0.0273721330556057,1
283,3,3,2,2.0137941195617053,0,2,1.804272708628173,1
250,3,3,2,2.0137941195617053,0,2,0.9431945538974952,1
274,3,3,2,2.0137941195617053,0,2,1.804272708628173,1
266,3,3,2,2.0137941195617053,0,2,0.0273721330556057,1
233,3,3,2,2.0137941195617053,0,2,0.9431945538974952,1
298,3,3,2,2.0137941195617053,0,2,0.9431945538974952,1
249,3,3,2,2.0137941195617053,0,2,0.0273721330556057,1
287,3,3,2,2.0137941195617053,0,2,0.8884502877862838,1
251,3,3,2,2.0137941195617053,0,2,0.8884502877862838,1
271,3,3,2,2.0137941195617053,0,2,0.0273721330556057,1
280,3,3,2,2.0137941195617053,0,2,0.9431945538974952,1
260,3,3,2,2.0137941195617053,0,2,0.0273721330556057,1
254,3,3,2,2.0137941195617053,0,2,0.9431945538974952,1
259,3,3,2,2.0137941195617053,0,2,0.8884502877862838,1
243,3,3,2,2.0137941195617053,0,2,0.0273721330556057,1
229,3,3,2,2.0137941195617053,0,2,0.0273721330556057,1
229,3,3,2,2.0137941195617053,0,2,0.9431945538974952,1
257,3,3,2,2.0137941195617053,0,2,0.8884502877862838,1
327,3,3,2,2.0137941195617053,0,2,0.8884502877862838,1
312,3,3,2,2.0137941195617053,0,2,0.8884502877862838,1
302,3,3,2,2.0137941195617053,0,2,1.804272708628173,1
202,3,3,2,2.0137941195617053,0,2,1.804272708628173,1
269,3,3,2,2.0137941195617053,0,2,1.804272708628173,1
225,3,3,2,2.0137941195617053,0,2,1.804272708628173,1
224,3,3,2,2.0137941195617053,0,2,1.804272708628173,1
225,3,3,2,2.0137941195617053,0,2,0.9431945538974952,1
278,3,3,2,2.0137941195617053,0,2,0.9431945538974952,1
293,3,3,2,2.0137941195617053,0,2,1.804272708628173,1
188,3,3,2,2.0137941195617053,0,2,1.804272708628173,1
236,3,3,2,2.0137941195617053,0,2,0.9431945538974952,1
271,3,3,2,2.0137941195617053,0,2,0.9431945538974952,1
336,3,3,2,2.0137941195617053,0,2,0.9431945538974952,1
244,3,3,2,2.0137941195617053,0,2,0.8884502877862838,1
259,3,3,2,2.0137941195617053,0,2,0.0273721330556057,1
206,3,3,2,2.0137941195617053,0,2,0.0273721330556057,1
221,3,3,2,2.0137941195617053,0,2,0.9431945538974952,1
213,3,3,2,2.0137941195617053,0,2,0.0273721330556057,1
243,3,3,2,2.0137941195617053,0,2,1.804272708628173,1
311,3,3,2,2.0137941195617053,0,2,0.0273721330556057,1
234,3,3,2,2.0137941195617053,0,2,0.8884502877862838,1
259,3,3,2,2.0137941195617053,0,2,0.9431945538974952,1
295,3,3,2,2.0137941195617053,0,2,0.9431945538974952,1
225,3,3,2,2.0137941195617053,0,2,0.0273721330556057,1
190,3,3,2,2.0137941195617053,0,2,0.8884502877862838,1
248,3,3,2,2.0137941195617053,0,2,0.8884502877862838,1
192,3,3,2,2.0137941195617053,0,2,1.804272708628173,1
257,3,3,2,2.0137941195617053,0,2,0.0273721330556057,1
261,3,3,2,2.0137941195617053,0,2,0.9431945538974952,1
199,3,3,2,2.0137941195617053,0,2,0.0273721330556057,1
266,3,3,2,2.0137941195617053,0,2,0.8884502877862838,1
279,3,3,2,2.0137941195617053,0,2,0.8884502877862838,1
302,3,3,2,2.0137941195617053,0,2,1.804272708628173,1
262,3,3,2,2.0137941195617053,0,2,0.0273721330556057,1
190,3,3,2,2.0137941195617053,0,2,0.9431945538974952,1
206,3,3,2,2.0137941195617053,0,2,0.9431945538974952,1
237,3,3,2,2.0137941195617053,0,2,0.8884502877862838,1
226,3,3,2,2.0137941195617053,0,2,0.0273721330556057,1
277,3,3,2,2.0137941195617053,0,2,0.8884502877862838,1
250,3,3,2,2.0137941195617053,0,2,0.9431945538974952,1
281,3,3,2,2.0137941195617053,0,2,1.804272708628173,1
311,3,3,2,2.0137941195617053,0,2,0.0273721330556057,1
300,3,3,2,2.0137941195617053,0,2,0.8884502877862838,1
247,3,3,2,2.0137941195617053,0,2,0.9431945538974952,1
346,3,3,2,2.0137941195617053,0,2,0.0273721330556057,1
288,3,3,2,2.0137941195617053,0,2,0.9431945538974952,1
284,3,3,2,2.0137941195617053,0,2,0.0273721330556057,1
260,3,3,2,2.0137941195617053,0,2,0.9431945538974952,1
270,3,3,2,2.0137941195617053,0,2,0.8884502877862838,1
168,3,3,2,2.0137941195617053,0,2,0.8884502877862838,1
276,3,3,2,2.0137941195617053,0,2,0.9431945538974952,1
253,3,3,2,2.0137941195617053,0,2,0.9431945538974952,1
326,3,3,2,2.0137941195617053,0,2,0.8884502877862838,1
301,3,3,2,2.0137941195617053,0,2,0.0273721330556057,1
266,3,3,2,2.0137941195617053,0,2,0.9431945538974952,1
235,3,3,2,2.0137941195617053,0,2,0.0273721330556057,1
270,3,3,2,2.0137941195617053,0,2,0.9431945538974952,1
235,3,3,2,2.0137941195617053,0,2,0.8884502877862838,1
259,3,3,2,2.0137941195617053,0,2,0.0273721330556057,1
272,3,3,2,2.0137941195617053,0,2,0.0273721330556057,1
254,3,3,2,2.0137941195617053,0,2,0.9431945538974952,1
231,3,3,2,2.0137941195617053,0,2,0.9431945538974952,1
272,3,3,2,2.0137941195617053,0,2,1.804272708628173,1
253,3,3,2,2.0137941195617053,0,2,0.9431945538974952,1
205,3,3,2,2.0137941195617053,0,2,0.9431945538974952,1
278,3,3,2,2.0137941195617053,0,2,0.8884502877862838,1
208,3,3,2,2.0137941195617053,0,2,0.0273721330556057,1
281,3,3,2,2.0137941195617053,0,2,0.0273721330556057,1
221,3,3,2,2.0137941195617053,0,2,0.9431945538974952,1
163,3,3,2,2.0137941195617053,0,2,0.9431945538974952,1
320,3,3,2,2.0137941195617053,0,2,0.9431945538974952,1
229,3,3,2,2.0137941195617053,0,2,0.8884502877862838,1
267,3,3,2,2.0137941195617053,0,2,1.804272708628173,1
263,3,3,2,2.0137941195617053,0,2,0.8884502877862838,1
256,3,3,2,2.0137941195617053,0,2,0.0273721330556057,1
315,3,3,2,2.0137941195617053,0,2,1.804272708628173,1
248,3,3,2,2.0137941195617053,0,2,1.804272708628173,1
247,3,3,2,2.0137941195617053,0,2,0.8884502877862838,1
224,3,3,2,2.0137941195617053,0,2,0.9431945538974952,1
268,3,3,2,2.0137941195617053,0,2,0.8884502877862838,1
253,3,3,2,2.0137941195617053,0,2,0.9431945538974952,1
230,3,3,2,2.0137941195617053,0,2,0.8884502877862838,1
253,3,3,2,2.0137941195617053,0,2,1.804272708628173,1
309,3,3,2,2.0137941195617053,0,2,0.0273721330556057,1
248,3,3,2,2.0137941195617053,0,2,0.9431945538974952,1
291,3,3,2,2.0137941195617053,0,2,0.8884502877862838,1
249,3,3,2,2.0137941195617053,0,2,1.804272708628173,1
279,3,3,2,2.0137941195617053,0,2,1.804272708628173,1
216,3,3,2,2.0137941195617053,0,2,0.8884502877862838,1
278,3,3,2,2.0137941195617053,0,2,0.8884502877862838,1
208,3,3,2,2.0137941195617053,0,2,0.0273721330556057,1
280,3,3,2,2.0137941195617053,0,2,1.804272708628173,1
282,3,3,2,2.0137941195617053,0,2,1.804272708628173,1
257,3,3,2,2.0137941195617053,0,2,0.9431945538974952,1
227,3,3,2,2.0137941195617053,0,2,1.804272708628173,1
317,3,3,2,2.0137941195617053,0,2,0.0273721330556057,1
349,3,3,2,2.0137941195617053,0,2,0.8884502877862838,1
281,3,3,2,2.0137941195617053,0,2,0.0273721330556057,1
210,3,3,2,2.0137941195617053,0,2,0.8884502877862838,1
291,3,3,2,2.0137941195617053,0,2,0.0273721330556057,1
232,3,3,2,2.0137941195617053,0,2,0.9431945538974952,1
229,3,3,2,2.0137941195617053,0,2,0.8884502877862838,1
253,3,3,2,2.0137941195617053,0,2,1.804272708628173,1
238,3,3,2,2.0137941195617053,0,2,0.8884502877862838,1
260,3,3,2,2.0137941195617053,0,2,0.8884502877862838,1
239,3,3,2,2.0137941195617053,0,2,0.9431945538974952,1
248,3,3,2,2.0137941195617053,0,2,0.9431945538974952,1
228,3,3,2,2.0137941195617053,0,2,0.9431945538974952,1
234,3,3,2,2.0137941195617053,0,2,1.804272708628173,1
185,3,3,2,2.0137941195617053,0,2,0.8884502877862838,1
186,3,3,2,2.0137941195617053,0,2,0.0273721330556057,1
261,3,3,2,2.0137941195617053,0,2,0.0273721330556057,1
267,3,3,2,2.0137941195617053,0,2,1.804272708628173,1
247,3,3,2,2.0137941195617053,0,2,1.804272708628173,1
192,3,3,2,2.0137941195617053,0,2,0.0273721330556057,1
270,3,3,2,2.0137941195617053,0,2,1.804272708628173,1
304,3,3,2,2.0137941195617053,0,2,0.8884502877862838,1
271,3,3,2,2.0137941195617053,0,2,0.8884502877862838,1
253,3,3,2,2.0137941195617053,0,2,0.0273721330556057,1
280,3,3,2,2.0137941195617053,0,2,1.804272708628173,1
188,3,3,2,2.0137941195617053,0,2,0.0273721330556057,1
273,3,3,2,2.0137941195617053,0,2,0.9431945538974952,1
221,3,3,2,2.0137941195617053,0,2,0.8884502877862838,1
283,3,3,2,2.0137941195617053,0,2,0.9431945538974952,1
250,3,3,2,2.0137941195617053,0,2,0.0273721330556057,1
291,3,3,2,2.0137941195617053,0,2,0.9431945538974952,1
240,3,3,2,2.0137941195617053,0,2,0.9431945538974952,1
253,3,3,2,2.0137941195617053,0,2,0.9431945538974952,1
230,3,3,2,2.0137941195617053,0,2,0.8884502877862838,1
258,3,3,2,2.0137941195617053,0,2,0.8884502877862838,1
241,3,3,2,2.0137941195617053,0,2,1.804272708628173,1
199,3,3,2,2.0137941195617053,0,2,0.9431945538974952,1
259,3,3,2,2.0137941195617053,0,2,0.9431945538974952,1
224,3,3,2,2.0137941195617053,0,2,1.804272708628173,1
180,3,3,2,2.0137941195617053,0,2,0.0273721330556057,1
254,3,3,2,2.0137941195617053,0,2,1.804272708628173,1
253,3,3,2,2.0137941195617053,0,2,0.0273721330556057,1
278,3,3,2,2.0137941195617053,0,2,0.8884502877862838,1
260,3,3,2,2.0137941195617053,0,2,1.804272708628173,1
235,3,3,2,2.0137941195617053,0,2,1.804272708628173,1
272,3,3,2,2.0137941195617053,0,2,0.8884502877862838,1
187,3,3,2,2.0137941195617053,0,2,1.804272708628173,1
259,3,3,2,2.0137941195617053,0,2,0.0273721330556057,1
276,3,3,2,2.0137941195617053,0,2,0.8884502877862838,1
302,3,3,2,2.0137941195617053,0,2,1.804272708628173,1
234,3,3,2,2.0137941195617053,0,2,0.0273721330556057,1
266,3,3,2,2.0137941195617053,0,2,0.0273721330556057,1
247,3,3,2,2.0137941195617053,0,2,1.804272708628173,1
269,3,3,2,2.0137941195617053,0,2,1.804272708628173,1
277,3,3,2,2.0137941195617053,0,2,0.9431945538974952,1
261,3,3,2,2.0137941195617053,0,2,0.9431945538974952,1
245,3,3,2,2.0137941195617053,0,2,1.804272708628173,1
235,3,3,2,2.0137941195617053,0,2,0.9431945538974952,1
267,3,3,2,2.0137941195617053,0,2,0.8884502877862838,1
193,3,3,2,2.0137941195617053,0,2,0.9431945538974952,1
297,3,3,2,2.0137941195617053,0,2,1.804272708628173,1
202,3,3,2,2.0137941195617053,0,2,1.804272708628173,1
270,3,3,2,2.0137941195617053,0,2,0.8884502877862838,1
299,3,3,2,2.0137941195617053,0,2,0.8884502877862838,1
231,3,3,2,2.0137941195617053,0,2,1.804272708628173,1
290,3,3,2,2.0137941195617053,0,2,0.0273721330556057,1
226,3,3,2,2.0137941195617053,0,2,1.804272708628173,1
254,3,3,2,2.0137941195617053,0,2,0.8884502877862838,1
238,3,3,2,2.0137941195617053,0,2,1.804272708628173,1
226,3,3,2,2.0137941195617053,0,2,0.9431945538974952,1
220,3,3,2,2.0137941195617053,0,2,0.0273721330556057,1
268,3,3,2,2.0137941195617053,0,2,0.9431945538974952,1
203,3,3,2,2.0137941195617053,0,2,0.8884502877862838,1
334,3,3,2,2.0137941195617053,0,2,0.0273721330556057,1
252,3,3,2,2.0137941195617053,0,2,1.804272708628173,1
276,3,3,2,2.0137941195617053,0,2,0.8884502877862838,1
258,3,3,2,2.0137941195617053,0,2,0.8884502877862838,1
264,3,3,2,2.0137941195617053,0,2,0.9431945538974952,1
292,3,3,2,2.0137941195617053,0,2,0.0273721330556057,1
248,3,3,2,2.0137941195617053,0,2,0.9431945538974952,1
297,3,3,2,2.0137941195617053,0,2,0.9431945538974952,1
286,3,3,2,2.0137941195617053,0,2,0.8884502877862838,1
275,3,3,2,2.0137941195617053,0,2,1.804272708628173,1
199,3,3,2,2.0137941195617053,0,2,0.0273721330556057,1
285,3,3,2,2.0137941195617053,0,2,0.8884502877862838,1
237,3,3,2,2.0137941195617053,0,2,0.8884502877862838,1
268,3,3,2,2.0137941195617053,0,2,0.9431945538974952,1
252,3,3,2,2.0137941195617053,0,2,0.0273721330556057,1
203,3,3,2,2.0137941195617053,0,2,0.9431945538974952,1
295,3,3,2,2.0137941195617053,0,2,0.0273721330556057,1
292,3,3,2,2.0137941195617053,0,2,1.804272708628173,1
278,3,3,2,2.0137941195617053,0,2,0.9431945538974952,1
304,3,3,2,2.0137941195617053,0,2,1.804272708628173,1
200,3,3,2,2.0137941195617053,0,2,0.8884502877862838,1
233,3,3,2,2.0137941195617053,0,2,0.8884502877862838,1
189,3,3,2,2.0137941195617053,0,2,1.804272708628173,1
280,3,3,2,2.0137941195617053,0,2,0.0273721330556057,1
287,3,3,2,2.0137941195617053,0,2,0.9431945538974952,1
275,3,3,2,2.0137941195617053,0,2,1.804272708628173,1
258,3,3,2,2.0137941195617053,0,2,0.0273721330556057,1
252,3,3,2,2.0137941195617053,0,2,1.804272708628173,1
293,3,3,2,2.0137941195617053,0,2,0.8884502877862838,1
171,3,3,2,2.0137941195617053,0,2,0.8884502877862838,1
274,3,3,2,2.0137941195617053,0,2,0.9431945538974952,1
200,3,3,2,2.0137941195617053,0,2,0.8884502877862838,1
329,3,3,2,2.0137941195617053,0,2,0.9431945538974952,1
296,3,3,2,2.0137941195617053,0,2,0.0273721330556057,1
260,3,3,2,2.0137941195617053,0,2,0.0273721330556057,1
277,3,3,2,2.0137941195617053,0,2,0.9431945538974952,1
291,3,3,2,2.0137941195617053,0,2,0.0273721330556057,1
271,3,3,2,2.0137941195617053,0,2,0.8884502877862838,1
271,3,3,2,2.0137941195617053,0,2,0.0273721330556057,1
268,3,3,2,2.0137941195617053,0,2,1.804272708628173,1
221,3,3,2,2.0137941195617053,0,2,1.804272708628173,1
250,3,3,2,2.0137941195617053,0,2,0.8884502877862838,1
286,3,3,2,2.0137941195617053,0,2,1.804272708628173,1
276,3,3,2,2.0137941195617053,0,2,0.8884502877862838,1
255,3,3,2,2.0137941195617053,0,2,0.0273721330556057,1
315,3,3,2,2.0137941195617053,0,2,1.804272708628173,1
231,3,3,2,2.0137941195617053,0,2,1.804272708628173,1
176,3,3,2,2.0137941195617053,0,2,1.804272708628173,1
289,3,3,2,2.0137941195617053,0,2,1.804272708628173,1
261,3,3,2,2.0137941195617053,0,2,0.0273721330556057,1
249,3,3,2,2.0137941195617053,0,2,0.8884502877862838,1
183,3,3,2,2.0137941195617053,0,2,0.9431945538974952,1
285,3,3,2,2.0137941195617053,0,2,0.8884502877862838,1
209,3,3,2,2.0137941195617053,0,2,0.8884502877862838,1
268,3,3,2,2.0137941195617053,0,2,1.804272708628173,1
238,3,3,2,2.0137941195617053,0,2,0.8884502877862838,1
338,3,3,2,2.0137941195617053,0,2,0.0273721330556057,1
273,3,3,2,2.0137941195617053,0,2,0.9431945538974952,1
1434,6,4,11,0.7842865255228345,2803,6,1.804272708628173,1
927,2,4,11,0.8877402389371084,2702,6,1.804272708628173,1
1538,6,4,11,0.4261775175503479,3357,6,0.9431945538974952,1
1568,6,4,11,0.4420934734602362,2313,6,0.9431945538974952,1
1698,2,4,11,0.1516272781047747,3558,6,1.804272708628173,1
1530,6,4,11,0.8956982168920526,2874,6,1.804272708628173,1
1396,6,4,11,0.4659674073250686,2698,6,1.804272708628173,1
1814,6,4,11,0.2192700907218,3508,6,1.804272708628173,1
1829,6,4,11,0.0274272258814685,3548,6,1.804272708628173,1
1600,2,4,11,0.7047067459733931,2996,6,1.804272708628173,1
1226,2,4,11,0.4580094293701244,3207,6,1.804272708628173,1
1314,2,4,11,0.541568197897038,3049,6,1.804272708628173,1
1501,2,4,11,0.5734001097168147,3462,6,1.804272708628173,1
1834,2,4,11,0.4221985285728758,3458,6,0.9431945538974952,1
1457,6,4,11,0.7285806798382255,2906,6,1.804272708628173,1
1328,6,4,11,0.2988498702712415,3218,6,0.9431945538974952,1
1833,2,4,11,0.4699463963025407,3532,6,1.804272708628173,1
1218,6,4,11,1.0389418200810472,3030,6,1.804272708628173,1
1160,2,4,11,0.6927697790409768,3156,6,0.9431945538974952,1
1436,2,4,11,0.2152911017443279,3050,6,0.9431945538974952,1
1512,2,4,11,0.808160459387667,3132,6,1.804272708628173,1
1601,6,4,11,1.023025864171159,3239,6,1.804272708628173,1
1573,2,4,11,0.4261775175503479,3247,6,1.804272708628173,1
1591,6,4,11,0.7405176467706417,3260,6,1.804272708628173,1
1371,6,4,11,0.4699463963025407,3046,6,0.9431945538974952,1
1721,6,4,11,0.3664926828882667,3357,6,0.9431945538974952,1
1755,2,4,11,0.2431440245866324,3301,6,1.804272708628173,1
1679,2,4,11,0.3227238041360739,3544,6,0.9431945538974952,1
1751,6,4,11,0.4659674073250686,3014,6,1.804272708628173,1
1804,6,4,11,0.5216732530096777,3440,6,0.9431945538974952,1
1598,2,4,11,0.434135495505292,3047,6,1.804272708628173,1
1619,2,4,11,0.5694211207393426,3489,6,0.9431945538974952,1
1381,6,4,11,0.597274043581647,3128,6,1.804272708628173,1
1874,2,4,11,0.7962234924552508,3172,6,1.804272708628173,1
1547,2,4,11,0.2789549253838811,3528,6,1.804272708628173,1
1078,6,4,11,0.808160459387667,2776,6,0.9431945538974952,1
1514,2,4,11,0.6092110105140632,3121,6,1.804272708628173,1
1320,2,4,11,0.7126647239283372,3095,6,1.804272708628173,1
1430,6,4,11,0.4420934734602362,3153,6,0.9431945538974952,1
1800,2,4,11,0.541568197897038,3491,6,0.9431945538974952,1
1778,6,4,11,0.3505767269783785,3460,6,1.804272708628173,1
1425,2,4,11,0.5097362860772614,3514,6,1.804272708628173,1
1098,2,4,11,1.130458566562905,2729,6,1.804272708628173,1
1516,6,4,11,0.8320343932524994,3418,6,1.804272708628173,1
1321,2,4,11,0.9553830515541336,2930,6,1.804272708628173,1
1832,6,4,11,0.378429649820683,3367,6,1.804272708628173,1
1808,2,4,11,0.6330849443788957,3150,6,1.804272708628173,1
1539,6,4,11,0.593295054604175,2852,6,0.9431945538974952,1
1743,6,4,11,0.8479503491623878,2709,6,1.804272708628173,1
1711,6,4,11,0.6131899994915354,3386,6,0.9431945538974952,1
1292,6,4,11,0.6410429223338399,2819,6,0.9431945538974952,1
1502,2,4,11,0.5614631427843984,3425,6,0.9431945538974952,1
1087,2,4,11,0.6370639333563678,2458,6,0.9431945538974952,1
1373,2,4,11,1.2776811587293715,3325,6,1.804272708628173,1
1828,6,4,11,0.3068078482261857,3141,6,0.9431945538974952,1
1742,6,4,11,0.7842865255228345,2695,6,1.804272708628173,1
1686,2,4,11,0.4062825726629875,3543,6,0.9431945538974952,1
1610,2,4,11,0.7842865255228345,2591,6,0.9431945538974952,1
1367,6,4,11,0.4977993191448452,2790,6,1.804272708628173,1
1564,2,4,11,0.5017783081223173,3435,6,1.804272708628173,1
1679,6,4,11,0.6848118010860327,3290,6,1.804272708628173,1
1534,2,4,11,0.0075322809941081,2947,6,0.9431945538974952,1
1791,6,4,11,0.5137152750547335,3105,6,1.804272708628173,1
1847,6,4,11,0.5614631427843984,2954,6,1.804272708628173,1
1261,2,4,11,0.5216732530096777,3266,6,1.804272708628173,1
1665,2,4,11,0.5574841538069263,3436,6,0.9431945538974952,1
1851,6,4,11,0.5694211207393426,3423,6,0.9431945538974952,1
1667,6,4,11,0.5296312309646218,3167,6,1.804272708628173,1
1659,6,4,11,0.1078583993525819,2962,6,1.804272708628173,1
1294,2,4,11,0.4619884183475966,3568,6,0.9431945538974952,1
1210,6,4,11,0.859887316094804,2392,6,0.9431945538974952,1
1564,2,4,11,0.6927697790409768,3479,6,1.804272708628173,1
1489,6,4,11,0.752454613703058,3254,6,0.9431945538974952,1
1377,6,4,11,0.6609378672212003,3490,6,1.804272708628173,1
1616,6,4,11,0.4659674073250686,3506,6,1.804272708628173,1
1702,2,4,11,0.7484756247255858,3351,6,1.804272708628173,1
1885,6,4,11,0.0362365977580846,2888,6,0.9431945538974952,1
1717,6,4,11,0.3585347049333226,3527,6,1.804272708628173,1
1162,6,4,11,0.5495261758519822,3426,6,0.9431945538974952,1
1758,6,4,11,0.2908918923162973,3339,6,1.804272708628173,1
1884,6,4,11,0.2152911017443279,3325,6,1.804272708628173,1
1849,2,4,11,0.1556062670822468,3346,6,1.804272708628173,1
1691,2,4,11,0.3744506608432109,3086,6,0.9431945538974952,1
1510,6,4,11,0.2988498702712415,3360,6,0.9431945538974952,1
1699,6,4,11,0.4182195395954037,3445,6,0.9431945538974952,1
1392,2,4,11,0.4938203301673731,3273,6,1.804272708628173,1
1743,6,4,11,0.5296312309646218,3343,6,1.804272708628173,1
445,2,4,5,1.0866896878107122,457,6,0.8884502877862838,1
460,5,4,5,1.2657441917969554,434,6,0.8884502877862838,1
400,5,4,5,1.1185215996304887,525,6,0.8884502877862838,1
531,2,4,5,1.0429208090585194,550,6,0.8884502877862838,1
496,5,4,5,1.2498282358870672,418,6,0.8884502877862838,1
479,5,4,5,0.9553830515541336,618,6,0.8884502877862838,1
468,2,4,5,0.9474250735991896,552,6,0.8884502877862838,1
372,2,4,5,1.090668676788184,557,6,0.8884502877862838,1
402,2,4,5,1.2498282358870672,433,6,0.8884502877862838,1
491,2,4,5,1.078731709855768,529,6,0.8884502877862838,1
549,2,4,5,1.3134920595266204,452,6,0.8884502877862838,1
451,2,4,5,1.130458566562905,506,6,0.8884502877862838,1
570,5,4,5,0.8718242830272201,541,6,0.8884502877862838,1
363,2,4,5,1.2697231807744276,359,6,0.8884502877862838,1
495,2,4,5,0.9116141728019408,524,6,0.8884502877862838,1
506,2,4,5,1.0349628311035752,558,6,0.8884502877862838,1
426,5,4,5,1.289618125661788,477,6,0.8884502877862838,1
461,2,4,5,1.090668676788184,481,6,0.8884502877862838,1
478,2,4,5,1.0946476657656563,461,6,0.8884502877862838,1
404,2,4,5,1.4368407178282547,323,6,0.8884502877862838,1
340,5,4,5,1.3771558831661737,427,6,0.8884502877862838,1
404,5,4,5,0.9991519303063264,507,6,0.8884502877862838,1
420,5,4,5,1.0429208090585194,452,6,0.8884502877862838,1
390,5,4,5,1.281660147706844,557,6,0.8884502877862838,1
486,2,4,5,1.2100383461123465,454,6,0.8884502877862838,1
405,2,4,5,1.1463745224727933,429,6,0.8884502877862838,1
455,2,4,5,1.090668676788184,501,6,0.8884502877862838,1
509,5,4,5,1.1225005886079609,587,6,0.8884502877862838,1
467,5,4,5,1.1185215996304887,508,6,0.8884502877862838,1
431,2,4,5,1.4089877949859502,414,6,0.8884502877862838,1
426,5,4,5,1.08271069883324,511,6,0.8884502877862838,1
479,5,4,5,1.134437555540377,534,6,0.8884502877862838,1
656,2,4,5,0.6768538231310886,569,6,0.8884502877862838,1
408,5,4,5,1.3851138611211178,419,6,0.8884502877862838,1
421,2,4,5,1.1543325004277374,460,6,0.8884502877862838,1
526,5,4,5,0.808160459387667,551,6,0.8884502877862838,1
388,5,4,5,1.3373659933914528,349,6,0.8884502877862838,1
410,5,4,5,1.130458566562905,434,6,0.8884502877862838,1
468,2,4,5,1.1941223902024585,479,6,0.8884502877862838,1
358,2,4,5,1.1742274453150978,461,6,0.8884502877862838,1
388,5,4,5,1.2657441917969554,404,6,0.8884502877862838,1
383,2,4,5,1.2100383461123465,523,6,0.8884502877862838,1
414,5,4,5,1.233912279977179,381,6,0.8884502877862838,1
507,2,4,5,1.0389418200810472,485,6,0.8884502877862838,1
420,2,4,5,1.345323971346397,380,6,0.8884502877862838,1
454,2,4,5,0.8996772058695247,575,6,0.8884502877862838,1
531,5,4,5,0.8519293381398598,543,6,0.8884502877862838,1
366,2,4,5,1.007109908261271,453,6,0.8884502877862838,1
333,5,4,5,1.1742274453150978,420,6,0.8884502877862838,1
401,2,4,5,1.349302960323869,382,6,0.8884502877862838,1
559,5,4,5,0.7325596688156976,591,6,0.8884502877862838,1
519,2,4,5,0.8200974263200832,581,6,0.8884502877862838,1
531,2,4,5,0.8399923712074435,615,6,0.8884502877862838,1
441,5,4,5,0.8519293381398598,570,6,0.8884502877862838,1
534,5,4,5,1.1583114894052096,520,6,0.8884502877862838,1
367,5,4,5,1.3134920595266204,462,6,0.8884502877862838,1
368,2,4,5,1.2856391366843158,394,6,0.8884502877862838,1
535,2,4,5,0.915593161779413,512,6,0.8884502877862838,1
383,2,4,5,0.9553830515541336,481,6,0.8884502877862838,1
501,2,4,5,0.9036561948469968,547,6,0.8884502877862838,1
532,2,4,5,1.0508787870134637,606,6,0.8884502877862838,1
412,5,4,5,1.233912279977179,466,6,0.8884502877862838,1
563,5,4,5,0.9832359743964384,593,6,0.8884502877862838,1
498,5,4,5,1.030983842126103,617,6,0.8884502877862838,1
414,2,4,5,0.8956982168920526,515,6,0.8884502877862838,1
476,2,4,5,0.9593620405316058,577,6,0.8884502877862838,1
597,5,4,5,0.7683705696129463,610,6,0.8884502877862838,1
437,5,4,5,1.349302960323869,336,6,0.8884502877862838,1
521,5,4,5,1.027004853148631,609,6,0.8884502877862838,1
501,5,4,5,1.1185215996304887,580,6,0.8884502877862838,1
477,2,4,5,0.9394670956442456,581,6,0.8884502877862838,1
458,2,4,5,1.070773731900824,531,6,0.8884502877862838,1
536,2,4,5,0.6649168561986724,547,6,0.8884502877862838,1
477,2,4,5,1.281660147706844,424,6,0.8884502877862838,1
416,2,4,5,1.2577862138420113,448,6,0.8884502877862838,1
345,5,4,5,1.1782064342925698,581,6,0.8884502877862838,1
509,2,4,5,0.7325596688156976,548,6,0.8884502877862838,1
422,2,4,5,1.4368407178282547,437,6,0.8884502877862838,1
367,2,4,5,1.2458492469095952,372,6,0.8884502877862838,1
475,2,4,5,1.007109908261271,638,6,0.8884502877862838,1
462,5,4,5,1.1185215996304887,426,6,0.8884502877862838,1
527,5,4,5,0.6649168561986724,652,6,0.8884502877862838,1
490,2,4,5,0.9991519303063264,539,6,0.8884502877862838,1
559,5,4,5,0.9275301287118292,544,6,0.8884502877862838,1
328,2,4,5,1.345323971346397,415,6,0.8884502877862838,1
538,5,4,5,1.027004853148631,563,6,0.8884502877862838,1
463,5,4,5,0.9593620405316058,644,6,0.8884502877862838,1
454,2,4,5,1.1384165445178491,505,6,0.8884502877862838,1
541,5,4,5,0.7246016908607534,749,6,0.8884502877862838,1
472,2,4,5,1.0628157539458798,518,6,0.8884502877862838,1
478,2,4,5,1.0667947429233515,411,6,0.8884502877862838,1
500,2,4,5,1.1941223902024585,432,6,0.8884502877862838,1
398,2,4,5,1.0628157539458798,423,6,0.8884502877862838,1
406,2,4,5,1.0866896878107122,496,6,0.8884502877862838,1
353,2,4,5,1.2577862138420113,350,6,0.8884502877862838,1
518,2,4,5,0.5893160656267029,669,6,0.8884502877862838,1
372,5,4,5,1.134437555540377,402,6,0.8884502877862838,1
590,5,4,5,0.8399923712074435,581,6,0.8884502877862838,1
464,5,4,5,1.023025864171159,526,6,0.8884502877862838,1
436,5,4,5,0.7922445034777786,537,6,0.8884502877862838,1
558,2,4,5,0.7723495585904183,650,6,0.8884502877862838,1
474,5,4,5,1.027004853148631,549,6,0.8884502877862838,1
449,5,4,5,1.078731709855768,477,6,0.8884502877862838,1
433,5,4,5,0.8996772058695247,482,6,0.8884502877862838,1
443,5,4,5,1.1622904783826815,496,6,0.8884502877862838,1
486,2,4,5,1.134437555540377,594,6,0.8884502877862838,1
554,2,4,5,0.975277996441494,541,6,0.8884502877862838,1
459,2,4,5,1.1423955334953213,459,6,0.8884502877862838,1
510,5,4,5,1.233912279977179,434,6,0.8884502877862838,1
429,5,4,5,1.3095130705491482,393,6,0.8884502877862838,1
506,2,4,5,0.9832359743964384,479,6,0.8884502877862838,1
465,5,4,5,1.0667947429233515,499,6,0.8884502877862838,1
403,5,4,5,0.9076351838244688,594,6,0.8884502877862838,1
354,5,4,5,1.3851138611211178,352,6,0.8884502877862838,1
498,2,4,5,1.0946476657656563,474,6,0.8884502877862838,1
451,2,4,5,0.808160459387667,536,6,0.8884502877862838,1
394,5,4,5,1.237891268954651,415,6,0.8884502877862838,1
630,2,4,5,0.5893160656267029,647,6,0.8884502877862838,1
513,5,4,5,0.6887907900635047,577,6,0.8884502877862838,1
618,2,4,5,1.134437555540377,542,6,0.8884502877862838,1
550,2,4,5,0.8360133822299715,586,6,0.8884502877862838,1
439,2,4,5,1.0628157539458798,549,6,0.8884502877862838,1
376,2,4,5,1.3294080154365089,386,6,0.8884502877862838,1
522,5,4,5,0.9394670956442456,540,6,0.8884502877862838,1
362,5,4,5,1.3851138611211178,305,6,0.8884502877862838,1
476,5,4,5,1.0429208090585194,547,6,0.8884502877862838,1
353,2,4,5,1.1941223902024585,478,6,0.8884502877862838,1
443,5,4,5,1.29359711463926,369,6,0.8884502877862838,1
377,2,4,5,1.281660147706844,488,6,0.8884502877862838,1
403,2,4,5,1.4249037508958384,409,6,0.8884502877862838,1
549,5,4,5,0.9872149633739103,617,6,0.8884502877862838,1
445,5,4,5,1.233912279977179,479,6,0.8884502877862838,1
479,2,4,5,0.8917192279145806,549,6,0.8884502877862838,1
436,5,4,5,1.5562103871524169,339,6,0.8884502877862838,1
545,5,4,5,0.975277996441494,492,6,0.8884502877862838,1
492,2,4,5,0.8917192279145806,539,6,0.8884502877862838,1
365,2,4,5,1.1702484563376256,412,6,0.8884502877862838,1
492,2,4,5,0.752454613703058,614,6,0.8884502877862838,1
388,2,4,5,1.0667947429233515,473,6,0.8884502877862838,1
477,5,4,5,1.4368407178282547,415,6,0.8884502877862838,1
561,5,4,5,0.9832359743964384,376,6,0.8884502877862838,1
488,2,4,5,0.8877402389371084,613,6,0.8884502877862838,1
441,2,4,5,1.130458566562905,514,6,0.8884502877862838,1
424,2,4,5,1.0150678862162148,407,6,0.8884502877862838,1
478,2,4,5,1.027004853148631,580,6,0.8884502877862838,1
415,2,4,5,1.4288827398733106,377,6,0.8884502877862838,1
492,5,4,5,0.7564336026805301,546,6,0.8884502877862838,1
373,5,4,5,1.1583114894052096,552,6,0.8884502877862838,1
454,5,4,5,1.1702484563376256,499,6,0.8884502877862838,1
468,5,4,5,1.1981013791799302,381,6,0.8884502877862838,1
405,5,4,5,1.2856391366843158,415,6,0.8884502877862838,1
515,2,4,5,0.975277996441494,569,6,0.8884502877862838,1
455,5,4,5,0.8797822609821643,616,6,0.8884502877862838,1
430,5,4,5,1.0389418200810472,508,6,0.8884502877862838,1
467,2,4,5,1.233912279977179,480,6,0.8884502877862838,1
559,2,4,5,1.007109908261271,506,6,0.8884502877862838,1
522,5,4,5,0.8996772058695247,662,6,0.8884502877862838,1
407,5,4,5,0.975277996441494,526,6,0.8884502877862838,1
381,2,4,5,0.9394670956442456,536,6,0.8884502877862838,1
545,5,4,5,0.7683705696129463,609,6,0.8884502877862838,1
455,5,4,5,1.1065846326980726,409,6,0.8884502877862838,1
590,5,4,5,1.1264795775854328,445,6,0.8884502877862838,1
404,2,4,5,0.9116141728019408,646,6,0.8884502877862838,1
407,2,4,5,1.281660147706844,443,6,0.8884502877862838,1
582,5,4,5,0.9434460846217176,516,6,0.8884502877862838,1
409,2,4,5,1.2617652028194837,435,6,0.8884502877862838,1
443,5,4,5,0.9593620405316058,476,6,0.8884502877862838,1
513,5,4,5,1.019046875193687,585,6,0.8884502877862838,1
402,5,4,5,1.349302960323869,421,6,0.8884502877862838,1
452,5,4,5,1.0508787870134637,426,6,0.8884502877862838,1
530,2,4,5,0.963341029509078,594,6,0.8884502877862838,1
457,5,4,5,1.074752720878296,438,6,0.8884502877862838,1
434,2,4,5,1.1662694673601537,394,6,0.8884502877862838,1
348,5,4,5,1.3652189162337574,402,6,0.8884502877862838,1
481,2,4,5,1.2020803681574024,557,6,0.8884502877862838,1
383,5,4,5,0.8718242830272201,475,6,0.8884502877862838,1
506,5,4,5,0.915593161779413,464,6,0.8884502877862838,1
484,5,4,5,1.253807224864539,499,6,0.8884502877862838,1
513,2,4,5,0.9553830515541336,435,6,0.8884502877862838,1
500,2,4,5,0.8200974263200832,487,6,0.8884502877862838,1
562,5,4,5,0.7484756247255858,529,6,0.8884502877862838,1
294,5,4,5,1.3174710485040924,367,6,0.8884502877862838,1
472,5,4,5,0.8479503491623878,592,6,0.8884502877862838,1
379,2,4,5,0.9474250735991896,502,6,0.8884502877862838,1
592,5,4,5,0.8837612499596363,540,6,0.8884502877862838,1
427,5,4,5,1.2737021697518995,398,6,0.8884502877862838,1
563,5,4,5,0.8399923712074435,563,6,0.8884502877862838,1
458,2,4,5,1.074752720878296,550,6,0.8884502877862838,1
414,5,4,5,1.401029817031006,349,6,0.8884502877862838,1
316,5,4,5,1.401029817031006,376,6,0.8884502877862838,1
363,2,4,5,0.8399923712074435,537,6,0.8884502877862838,1
592,2,4,5,0.8797822609821643,672,6,0.8884502877862838,1
454,2,4,5,1.1185215996304887,380,6,0.8884502877862838,1
379,2,4,5,1.289618125661788,412,6,0.8884502877862838,1
466,2,4,5,0.808160459387667,558,6,0.8884502877862838,1
501,2,4,5,1.1503535114502654,482,6,0.8884502877862838,1
495,2,4,5,1.0110888972387428,462,6,0.8884502877862838,1
312,5,4,5,1.1981013791799302,438,6,0.8884502877862838,1
460,5,4,5,1.0031309192837985,510,6,0.8884502877862838,1
435,2,4,5,1.3214500374815643,393,6,0.8884502877862838,1
443,5,4,5,1.0429208090585194,588,6,0.8884502877862838,1
463,5,4,5,1.2697231807744276,309,6,0.8884502877862838,1
467,5,4,5,1.030983842126103,586,6,0.8884502877862838,1
507,5,4,5,1.027004853148631,470,6,0.8884502877862838,1
509,5,4,5,1.1264795775854328,445,6,0.8884502877862838,1
537,2,4,5,0.7246016908607534,566,6,0.8884502877862838,1
583,2,4,5,0.8877402389371084,660,6,0.8884502877862838,1
511,2,4,5,1.08271069883324,481,6,0.8884502877862838,1
565,5,4,5,0.6768538231310886,552,6,0.8884502877862838,1
451,2,4,5,0.9553830515541336,465,6,0.8884502877862838,1
489,2,4,5,1.1026056437206004,458,6,0.8884502877862838,1
342,5,4,5,1.3373659933914528,395,6,0.8884502877862838,1
465,2,4,5,0.8718242830272201,580,6,0.8884502877862838,1
395,2,4,5,0.8917192279145806,492,6,0.8884502877862838,1
419,2,4,5,0.975277996441494,563,6,0.8884502877862838,1
338,2,4,5,0.9872149633739103,442,6,0.8884502877862838,1
493,2,4,5,1.0031309192837985,509,6,0.8884502877862838,1
490,5,4,5,0.8678452940497481,489,6,0.8884502877862838,1
408,2,4,5,1.1463745224727933,457,6,0.8884502877862838,1
482,5,4,5,0.9593620405316058,588,6,0.8884502877862838,1
441,5,4,5,1.2657441917969554,493,6,0.8884502877862838,1
487,2,4,5,1.074752720878296,396,6,0.8884502877862838,1
469,5,4,5,1.2100383461123465,382,6,0.8884502877862838,1
514,2,4,5,1.078731709855768,523,6,0.8884502877862838,1
419,5,4,5,1.2020803681574024,380,6,0.8884502877862838,1
403,2,4,5,1.29359711463926,419,6,0.8884502877862838,1
477,5,4,5,1.1264795775854328,389,6,0.8884502877862838,1
499,2,4,5,0.979256985418966,444,6,0.8884502877862838,1
356,5,4,5,1.0349628311035752,398,6,0.8884502877862838,1
386,2,4,5,1.070773731900824,488,6,0.8884502877862838,1
372,2,4,5,1.2657441917969554,375,6,0.8884502877862838,1
563,2,4,5,0.6291059554014237,566,6,0.8884502877862838,1
484,2,4,5,1.08271069883324,455,6,0.8884502877862838,1
579,2,4,5,0.3943456057305713,797,6,0.8884502877862838,1
432,5,4,5,1.190143401224986,526,6,0.8884502877862838,1
543,5,4,5,0.9872149633739103,496,6,0.8884502877862838,1
383,5,4,5,1.3572609382788132,376,6,0.8884502877862838,1
552,2,4,5,0.8956982168920526,607,6,0.8884502877862838,1
385,2,4,5,1.2179963240672906,537,6,0.8884502877862838,1
475,2,4,5,0.7962234924552508,589,6,0.8884502877862838,1
410,2,4,5,1.1702484563376256,392,6,0.8884502877862838,1
454,5,4,5,0.8797822609821643,547,6,0.8884502877862838,1
592,2,4,5,0.8200974263200832,542,6,0.8884502877862838,1
338,2,4,5,1.1782064342925698,390,6,0.8884502877862838,1
419,2,4,5,1.2577862138420113,471,6,0.8884502877862838,1
503,5,4,5,0.9394670956442456,530,6,0.8884502877862838,1
448,2,4,5,1.241870257932123,385,6,0.8884502877862838,1
463,5,4,5,0.9235511397343572,519,6,0.8884502877862838,1
457,5,4,5,1.241870257932123,470,6,0.8884502877862838,1
324,2,4,5,1.0349628311035752,475,6,0.8884502877862838,1
374,5,4,5,1.2697231807744276,560,6,0.8884502877862838,1
485,2,4,5,0.752454613703058,556,6,0.8884502877862838,1
428,2,4,5,1.1264795775854328,424,6,0.8884502877862838,1
400,5,4,5,0.9872149633739103,576,6,0.8884502877862838,1
531,5,4,5,1.046899798035991,444,6,0.8884502877862838,1
492,5,4,5,0.8200974263200832,466,6,0.8884502877862838,1
505,5,4,5,0.7962234924552508,469,6,0.8884502877862838,1
483,5,4,5,0.859887316094804,572,6,0.8884502877862838,1
455,2,4,5,0.8956982168920526,539,6,0.8884502877862838,1
384,2,4,5,1.4089877949859502,374,6,0.8884502877862838,1
532,2,4,5,0.9991519303063264,617,6,0.8884502877862838,1
415,5,4,5,1.1463745224727933,383,6,0.8884502877862838,1
446,5,4,5,1.0429208090585194,432,6,0.8884502877862838,1
495,5,4,5,1.2458492469095952,420,6,0.8884502877862838,1
513,2,4,5,1.1742274453150978,462,6,0.8884502877862838,1
520,2,4,5,1.1105636216755446,393,6,0.8884502877862838,1
490,5,4,5,0.979256985418966,547,6,0.8884502877862838,1
417,2,4,5,0.7962234924552508,629,6,0.8884502877862838,1
470,2,4,5,1.281660147706844,569,6,0.8884502877862838,1
343,2,4,5,1.1264795775854328,466,6,0.8884502877862838,1
521,5,4,5,0.7365386577931696,651,6,0.8884502877862838,1
530,2,4,5,1.0508787870134637,486,6,0.8884502877862838,1
446,5,4,5,0.8678452940497481,605,6,0.8884502877862838,1
457,2,4,5,1.0389418200810472,419,6,0.8884502877862838,1
473,2,4,5,1.0508787870134637,434,6,0.8884502877862838,1
545,5,4,5,0.9275301287118292,451,6,0.8884502877862838,1
446,5,4,5,0.8917192279145806,527,6,0.8884502877862838,1
567,2,4,5,0.919572150756885,677,6,0.8884502877862838,1
473,2,4,5,1.1423955334953213,442,6,0.8884502877862838,1
448,5,4,5,1.023025864171159,514,6,0.8884502877862838,1
370,2,4,5,0.915593161779413,507,6,0.8884502877862838,1
588,2,4,5,0.8718242830272201,506,6,0.8884502877862838,1
448,2,4,5,0.8877402389371084,518,6,0.8884502877862838,1
344,2,4,5,1.1662694673601537,429,6,0.8884502877862838,1
509,2,4,5,0.9315091176893012,510,6,0.8884502877862838,1
443,2,4,5,0.8837612499596363,590,6,0.8884502877862838,1
497,5,4,5,0.9553830515541336,461,6,0.8884502877862838,1
424,5,4,5,1.190143401224986,438,6,0.8884502877862838,1
427,2,4,5,1.353281949301341,460,6,0.8884502877862838,1
357,2,4,5,1.3691979052112293,283,6,0.8884502877862838,1
443,2,4,5,1.4169457729408943,366,6,0.8884502877862838,1
425,5,4,5,1.1065846326980726,498,6,0.8884502877862838,1
397,2,4,5,1.2179963240672906,398,6,0.8884502877862838,1
346,2,4,5,1.50448353044528,392,6,0.8884502877862838,1
487,5,4,5,1.3572609382788132,494,6,0.8884502877862838,1
325,5,4,5,1.5005045414678078,344,6,0.8884502877862838,1
545,2,4,5,1.190143401224986,572,6,0.8884502877862838,1
489,5,4,5,1.4686726296480312,375,6,0.8884502877862838,1
618,2,4,5,0.8439713601849157,595,6,0.8884502877862838,1
415,5,4,5,1.3174710485040924,383,6,0.8884502877862838,1
491,5,4,5,1.0110888972387428,458,6,0.8884502877862838,1
516,2,4,5,1.237891268954651,463,6,0.8884502877862838,1
528,2,4,5,0.8121394483651391,685,6,0.8884502877862838,1
536,2,4,5,0.9991519303063264,528,6,0.8884502877862838,1
454,5,4,5,1.1622904783826815,494,6,0.8884502877862838,1
523,5,4,5,1.007109908261271,603,6,0.8884502877862838,1
302,5,4,5,1.50448353044528,392,6,0.8884502877862838,1
508,5,4,5,0.8439713601849157,434,6,0.8884502877862838,1
541,2,4,5,0.8399923712074435,583,6,0.8884502877862838,1
400,2,4,5,1.190143401224986,495,6,0.8884502877862838,1
444,2,4,5,0.9235511397343572,495,6,0.8884502877862838,1
374,5,4,5,1.1941223902024585,424,6,0.8884502877862838,1
411,2,4,5,0.9872149633739103,534,6,0.8884502877862838,1
510,2,4,5,1.070773731900824,419,6,0.8884502877862838,1
419,2,4,5,1.007109908261271,493,6,0.8884502877862838,1
355,5,4,5,1.297576103616732,366,6,0.8884502877862838,1
493,2,4,5,1.046899798035991,539,6,0.8884502877862838,1
384,5,4,5,1.0429208090585194,524,6,0.8884502877862838,1
314,5,4,5,1.5999792659046097,324,6,0.8884502877862838,1
446,2,4,5,0.9394670956442456,436,6,0.8884502877862838,1
434,5,4,5,1.1782064342925698,430,6,0.8884502877862838,1
465,2,4,5,1.4607146516930871,471,6,0.8884502877862838,1
416,5,4,5,1.2617652028194837,460,6,0.8884502877862838,1
464,2,4,5,0.8320343932524994,499,6,0.8884502877862838,1
541,5,4,5,1.007109908261271,584,6,0.8884502877862838,1
464,2,4,5,0.8161184373426111,605,6,0.8884502877862838,1
595,5,4,5,0.8956982168920526,620,6,0.8884502877862838,1
567,2,4,5,0.7126647239283372,580,6,0.8884502877862838,1
544,2,4,5,0.8519293381398598,616,6,0.8884502877862838,1
473,5,4,5,1.3134920595266204,407,6,0.8884502877862838,1
452,2,4,5,1.1264795775854328,345,6,0.8884502877862838,1
461,2,4,5,1.027004853148631,574,6,0.8884502877862838,1
337,2,4,5,1.2060593571348743,364,6,0.8884502877862838,1
377,5,4,5,1.615895221814498,294,6,0.8884502877862838,1
422,2,4,5,0.808160459387667,563,6,0.8884502877862838,1
533,2,4,5,0.7803075365453624,548,6,0.8884502877862838,1
328,2,4,5,1.1026056437206004,501,6,0.8884502877862838,1
454,5,4,5,1.0866896878107122,597,6,0.8884502877862838,1
439,5,4,5,1.190143401224986,464,6,0.8884502877862838,1
460,2,4,5,0.9872149633739103,565,6,0.8884502877862838,1
576,5,4,5,0.5574841538069263,650,6,0.8884502877862838,1
382,5,4,5,0.975277996441494,542,6,0.8884502877862838,1
495,2,4,5,0.975277996441494,580,6,0.8884502877862838,1
530,2,4,5,1.1105636216755446,482,6,0.8884502877862838,1
500,5,4,5,0.8280554042750273,568,6,0.8884502877862838,1
361,2,4,5,1.1782064342925698,411,6,0.8884502877862838,1
394,5,4,5,1.007109908261271,416,6,0.8884502877862838,1
394,2,4,5,1.0389418200810472,488,6,0.8884502877862838,1
608,2,4,5,0.9275301287118292,541,6,0.8884502877862838,1
534,5,4,5,0.7325596688156976,665,6,0.8884502877862838,1
401,2,4,5,0.971299007464022,523,6,0.8884502877862838,1
508,5,4,5,0.6967487680184489,482,6,0.8884502877862838,1
459,2,4,5,1.0866896878107122,455,6,0.8884502877862838,1
501,3,3,2,0.1507758841831028,3387,11,0.8884502877862838,1
333,3,3,2,0.485862352212429,2774,11,0.9431945538974952,1
214,3,3,2,0.4779043742574848,2375,11,0.9431945538974952,1
361,3,3,2,0.4460724624377082,2528,11,0.9431945538974952,1
449,3,3,2,0.3545557159558505,2826,11,0.8884502877862838,1
371,3,3,2,0.0362365977580846,3306,11,0.8884502877862838,1
277,3,3,2,0.2869129033388253,2514,11,0.8884502877862838,1
294,3,3,2,0.3943456057305713,2707,11,0.9431945538974952,1
434,3,3,2,0.2232490796992721,3192,11,0.9431945538974952,1
283,3,3,2,0.4261775175503479,2617,11,0.8884502877862838,1
354,3,3,2,0.2789549253838811,2847,11,0.8884502877862838,1
420,3,3,2,0.0314062148589406,3340,11,0.9431945538974952,1
366,3,3,2,0.3983245947080434,3350,11,0.9431945538974952,1
262,3,3,2,0.7564336026805301,2866,11,0.9431945538974952,1
363,3,3,2,0.1317323332174144,3106,11,0.9431945538974952,1
343,3,3,2,0.5495261758519822,3151,11,0.8884502877862838,1
461,3,3,2,0.0481735646905008,3174,11,0.8884502877862838,1
382,3,3,2,0.0839844654877495,3441,11,0.9431945538974952,1
356,3,3,2,0.5813580876717588,2359,11,0.9431945538974952,1
332,3,3,2,0.2789549253838811,2652,11,0.8884502877862838,1
441,3,3,2,0.2431440245866324,3194,11,0.8884502877862838,1
383,3,3,2,0.4619884183475966,2984,11,0.8884502877862838,1
391,3,3,2,0.2550809915190487,3009,11,0.9431945538974952,1
423,3,3,2,0.1229229613407983,3306,11,0.8884502877862838,1
429,3,3,2,0.2272280686767442,3119,11,0.8884502877862838,1
397,3,3,2,0.3744506608432109,2493,11,0.8884502877862838,1
394,3,3,2,0.3187448151586018,2825,11,0.9431945538974952,1
297,3,3,2,0.5137152750547335,2283,11,0.8884502877862838,1
400,3,3,2,0.4500514514151803,2864,11,0.8884502877862838,1
259,3,3,2,0.1317323332174144,2936,11,0.9431945538974952,1
390,3,3,2,0.1476482891273027,2845,11,0.9431945538974952,1
330,3,3,2,0.3585347049333226,2922,11,0.8884502877862838,1
473,3,3,2,0.0481735646905008,3458,11,0.9431945538974952,1
289,3,3,2,0.4221985285728758,2778,11,0.9431945538974952,1
466,3,3,2,0.1197953662849981,3540,11,0.8884502877862838,1
370,3,3,2,0.4540304403926524,2766,11,0.9431945538974952,1
433,3,3,2,0.1715222229921351,2802,11,0.8884502877862838,1
336,3,3,2,0.0441945757130287,3194,11,0.9431945538974952,1
342,3,3,2,0.4062825726629875,2706,11,0.8884502877862838,1
337,3,3,2,0.5097362860772614,2805,11,0.9431945538974952,1
336,3,3,2,0.1755012119696072,2870,11,0.8884502877862838,1
299,3,3,2,0.3306817820910181,2880,11,0.8884502877862838,1
282,3,3,2,0.5574841538069263,2501,11,0.9431945538974952,1
324,3,3,2,0.0075322809941081,3302,11,0.9431945538974952,1
337,3,3,2,0.2232490796992721,3273,11,0.8884502877862838,1
388,3,3,2,0.0592591377012451,3410,11,0.9431945538974952,1
396,3,3,2,0.0711961046336613,3051,11,0.8884502877862838,1
327,3,3,2,0.3346607710684902,3117,11,0.8884502877862838,1
382,3,3,2,0.5216732530096777,2195,11,0.9431945538974952,1
257,3,3,2,0.5455471868745101,2199,11,0.9431945538974952,1
341,3,3,2,0.270996947428937,2749,11,0.9431945538974952,1
406,3,3,2,0.1229229613407983,3368,11,0.9431945538974952,1
395,3,3,2,0.0959214324201657,3057,11,0.8884502877862838,1
395,3,3,2,0.167543234014663,2936,11,0.9431945538974952,1
261,3,3,2,0.5455471868745101,2363,11,0.9431945538974952,1
383,3,3,2,0.2590599804965208,3117,11,0.8884502877862838,1
403,3,3,2,0.1993751458344396,3070,11,0.8884502877862838,1
421,3,3,2,0.0083836749157801,2842,11,0.9431945538974952,1
317,3,3,2,0.3346607710684902,2761,11,0.8884502877862838,1
391,3,3,2,0.3744506608432109,2691,11,0.9431945538974952,1
495,3,3,2,0.0632381266787172,3480,11,0.8884502877862838,1
460,3,3,2,0.1914171678794955,3101,11,0.9431945538974952,1
401,3,3,2,0.1269019503182704,3119,11,0.9431945538974952,1
490,3,3,2,0.1038794103751098,3233,11,0.8884502877862838,1
371,3,3,2,0.2033541348119117,2787,11,0.9431945538974952,1
236,3,3,2,0.4182195395954037,2773,11,0.9431945538974952,1
366,3,3,2,0.0075322809941081,3369,11,0.8884502877862838,1
467,3,3,2,0.4094101677187876,3503,11,0.8884502877862838,1
326,3,3,2,0.2829339143613532,2897,11,0.8884502877862838,1
355,3,3,2,0.4580094293701244,2805,11,0.9431945538974952,1
255,3,3,2,0.6688958451761444,2768,11,0.9431945538974952,1
312,3,3,2,0.0322576087806125,3252,11,0.8884502877862838,1
493,3,3,2,0.1158163773075261,3043,11,0.8884502877862838,1
409,3,3,2,0.1277533442399423,3282,11,0.8884502877862838,1
330,3,3,2,0.3983245947080434,2870,11,0.9431945538974952,1
266,3,3,2,0.2272280686767442,3058,11,0.9431945538974952,1
319,3,3,2,0.3465977380009064,2774,11,0.8884502877862838,1
424,3,3,2,0.0441945757130287,3077,11,0.8884502877862838,1
456,3,3,2,0.0362365977580846,3324,11,0.8884502877862838,1
201,3,3,2,0.5813580876717588,2307,11,0.8884502877862838,1
288,3,3,2,0.6967487680184489,2373,11,0.8884502877862838,1
366,3,3,2,0.5455471868745101,2610,11,0.8884502877862838,1
357,3,3,2,0.0839844654877495,3080,11,0.8884502877862838,1
346,3,3,2,0.2232490796992721,3184,11,0.9431945538974952,1
521,3,3,2,0.1874381789020234,3128,11,0.9431945538974952,1
365,3,3,2,0.4540304403926524,2394,11,0.8884502877862838,1
360,3,3,2,0.6330849443788957,2260,11,0.9431945538974952,1
169,3,3,2,0.593295054604175,2546,11,0.9431945538974952,1
242,3,3,2,0.4102615616404595,2882,11,0.9431945538974952,1
360,3,3,2,0.1229229613407983,3170,11,0.9431945538974952,1
343,3,3,2,0.3744506608432109,3041,11,0.9431945538974952,1
394,3,3,2,0.0004256969608359,2999,11,0.9431945538974952,1
343,3,3,2,0.1357113221948865,3294,11,0.8884502877862838,1
335,3,3,2,0.2511020025415766,2817,11,0.9431945538974952,1
377,3,3,2,0.0481735646905008,3153,11,0.9431945538974952,1
258,3,3,2,0.485862352212429,2666,11,0.8884502877862838,1
240,3,3,2,0.7126647239283372,2710,11,0.8884502877862838,1
418,3,3,2,0.0362365977580846,2946,11,0.8884502877862838,1
356,3,3,2,0.055280148723773,3155,11,0.9431945538974952,1
433,3,3,2,0.163564245037191,3270,11,0.8884502877862838,1
280,3,3,2,0.5495261758519822,2175,11,0.9431945538974952,1
356,3,3,2,0.3426187490234343,2554,11,0.9431945538974952,1
379,3,3,2,0.270996947428937,3008,11,0.8884502877862838,1
287,3,3,2,0.2869129033388253,2958,11,0.8884502877862838,1
472,3,3,2,0.4102615616404595,2775,11,0.8884502877862838,1
346,3,3,2,0.326702793113546,2639,11,0.8884502877862838,1
327,3,3,2,0.2073331237893838,2982,11,0.9431945538974952,1
337,3,3,2,0.5057572970997893,2471,11,0.9431945538974952,1
382,3,3,2,0.1476482891273027,3176,11,0.8884502877862838,1
335,3,3,2,0.2073331237893838,2950,11,0.9431945538974952,1
337,3,3,2,0.5057572970997893,2818,11,0.9431945538974952,1
243,3,3,2,0.3147658261811298,2361,11,0.8884502877862838,1
480,3,3,2,0.2152911017443279,3271,11,0.8884502877862838,1
499,3,3,2,0.0950700384984938,3558,11,0.9431945538974952,1
422,3,3,2,0.1993751458344396,3041,11,0.8884502877862838,1
237,3,3,2,0.2988498702712415,2706,11,0.9431945538974952,1
292,3,3,2,0.2431440245866324,2928,11,0.8884502877862838,1
262,3,3,2,0.4898413411899011,2682,11,0.8884502877862838,1
242,3,3,2,0.2789549253838811,2530,11,0.8884502877862838,1
295,3,3,2,0.4580094293701244,2591,11,0.9431945538974952,1
389,3,3,2,0.1396903111723585,2952,11,0.9431945538974952,1
433,3,3,2,0.0282786198031404,3459,11,0.9431945538974952,1
343,3,3,2,0.1396903111723585,2798,11,0.8884502877862838,1
198,3,3,2,0.8240764152975553,2252,11,0.8884502877862838,1
328,3,3,2,0.3306817820910181,2644,11,0.8884502877862838,1
420,3,3,2,0.2908918923162973,2757,11,0.9431945538974952,1
207,3,3,2,0.4938203301673731,2397,11,0.8884502877862838,1
326,3,3,2,0.6251269664239516,2583,11,0.9431945538974952,1
367,3,3,2,0.0353852038364127,3090,11,0.8884502877862838,1
391,3,3,2,0.3306817820910181,2529,11,0.8884502877862838,1
387,3,3,2,0.2829339143613532,2965,11,0.9431945538974952,1
326,3,3,2,0.4779043742574848,2646,11,0.9431945538974952,1
310,3,3,2,0.1595852560597189,3178,11,0.8884502877862838,1
179,3,3,2,0.7285806798382255,2297,11,0.9431945538974952,1
333,3,3,2,0.3585347049333226,2914,11,0.9431945538974952,1
343,3,3,2,0.6370639333563678,2817,11,0.9431945538974952,1
220,3,3,2,0.5614631427843984,2849,11,0.9431945538974952,1
314,3,3,2,0.5057572970997893,2857,11,0.9431945538974952,1
340,3,3,2,0.2829339143613532,2879,11,0.8884502877862838,1
329,3,3,2,0.3704716718657388,2811,11,0.8884502877862838,1
335,3,3,2,0.270996947428937,2818,11,0.9431945538974952,1
364,3,3,2,0.434135495505292,3009,11,0.9431945538974952,1
484,3,3,2,0.1914171678794955,3107,11,0.9431945538974952,1
358,3,3,2,0.2670179584514649,3126,11,0.8884502877862838,1
429,3,3,2,0.4062825726629875,3236,11,0.8884502877862838,1
449,3,3,2,0.0990490274759658,3269,11,0.9431945538974952,1
280,3,3,2,0.2630389694739928,2940,11,0.8884502877862838,1
432,3,3,2,0.3664926828882667,2860,11,0.9431945538974952,1
282,3,3,2,0.3227238041360739,2738,11,0.9431945538974952,1
352,3,3,2,0.4142405506179316,2639,11,0.8884502877862838,1
359,3,3,2,0.060110531622917,2936,11,0.8884502877862838,1
301,3,3,2,0.5057572970997893,2354,11,0.8884502877862838,1
357,3,3,2,0.2590599804965208,3199,11,0.9431945538974952,1
322,3,3,2,0.7126647239283372,2336,11,0.8884502877862838,1
418,3,3,2,0.1317323332174144,2864,11,0.8884502877862838,1
444,3,3,2,0.0154902589490523,3426,11,0.9431945538974952,1
283,3,3,2,0.1794802009470793,2744,11,0.8884502877862838,1
405,3,3,2,0.3147658261811298,3129,11,0.9431945538974952,1
340,3,3,2,0.5813580876717588,2587,11,0.9431945538974952,1
348,3,3,2,0.3227238041360739,2313,11,0.9431945538974952,1
515,3,3,2,0.0123626638932521,2995,11,0.9431945538974952,1
316,3,3,2,0.3346607710684902,2610,11,0.8884502877862838,1
446,3,3,2,0.1556062670822468,2539,11,0.8884502877862838,1
257,3,3,2,0.5455471868745101,2123,11,0.8884502877862838,1
160,3,3,2,0.6330849443788957,2210,11,0.9431945538974952,1
237,3,3,2,0.4619884183475966,2536,11,0.9431945538974952,1
378,3,3,2,0.1556062670822468,2801,11,0.8884502877862838,1
352,3,3,2,0.6649168561986724,2571,11,0.8884502877862838,1
412,3,3,2,0.2829339143613532,3387,11,0.9431945538974952,1
446,3,3,2,0.1109859944083821,3089,11,0.9431945538974952,1
318,3,3,2,0.2312070576542162,2681,11,0.8884502877862838,1
441,3,3,2,0.4023035836855154,2621,11,0.8884502877862838,1
394,3,3,2,0.1476482891273027,2547,11,0.8884502877862838,1
314,3,3,2,0.5256522419871498,2813,11,0.8884502877862838,1
258,3,3,2,0.9951729413288544,1507,3,0.9431945538974952,1
288,3,3,2,1.2179963240672906,1315,3,0.9431945538974952,1
263,3,3,2,0.9394670956442456,1723,6,0.9431945538974952,1
272,3,3,2,0.6768538231310886,1600,6,0.9431945538974952,1
194,3,3,2,1.2657441917969554,1472,3,0.8884502877862838,1
256,3,3,2,1.1423955334953213,1191,6,0.9431945538974952,1
316,3,3,2,0.7604125916580021,1864,6,0.9431945538974952,1
217,3,3,2,1.2577862138420113,1258,6,0.9431945538974952,1
268,3,3,2,1.1543325004277374,1497,6,0.8884502877862838,1
308,3,3,2,0.8837612499596363,1551,3,0.9431945538974952,1
235,3,3,2,0.5614631427843984,1553,3,0.8884502877862838,1
263,3,3,2,1.0389418200810472,1523,3,0.9431945538974952,1
239,3,3,2,1.046899798035991,1378,3,0.8884502877862838,1
225,3,3,2,1.353281949301341,1100,3,0.8884502877862838,1
255,3,3,2,1.1065846326980726,1433,6,0.8884502877862838,1
294,3,3,2,1.1941223902024585,1429,3,0.9431945538974952,1
267,3,3,2,1.1742274453150978,1577,3,0.8884502877862838,1
296,3,3,2,0.9553830515541336,1514,3,0.9431945538974952,1
214,3,3,2,1.1622904783826815,1525,6,0.8884502877862838,1
223,3,3,2,1.3095130705491482,1285,6,0.8884502877862838,1
174,3,3,2,1.1503535114502654,1239,6,0.8884502877862838,1
225,3,3,2,1.2657441917969554,1421,6,0.8884502877862838,1
273,3,3,2,1.134437555540377,1317,6,0.9431945538974952,1
204,3,3,2,1.2219753130447626,1368,6,0.9431945538974952,1
257,3,3,2,0.9235511397343572,1401,6,0.8884502877862838,1
219,3,3,2,1.023025864171159,1405,6,0.8884502877862838,1
265,3,3,2,1.1941223902024585,1287,3,0.9431945538974952,1
256,3,3,2,1.0389418200810472,1226,6,0.8884502877862838,1
241,3,3,2,1.1423955334953213,1478,6,0.9431945538974952,1
277,3,3,2,0.9474250735991896,1499,6,0.8884502877862838,1
342,3,3,2,0.8758032720046922,1629,3,0.8884502877862838,1
306,3,3,2,0.6967487680184489,1625,3,0.9431945538974952,1
264,3,3,2,0.9911939523513824,1509,3,0.8884502877862838,1
286,3,3,2,0.8041814704101949,1719,3,0.9431945538974952,1
323,3,3,2,1.0508787870134637,1512,3,0.8884502877862838,1
268,3,3,2,0.9553830515541336,1432,3,0.9431945538974952,1
268,3,3,2,0.6728748341536165,1598,6,0.8884502877862838,1
265,3,3,2,0.7643915806354742,1648,3,0.8884502877862838,1
289,3,3,2,1.1742274453150978,1471,3,0.9431945538974952,1
353,3,3,2,1.046899798035991,1674,6,0.8884502877862838,1
201,3,3,2,1.393071839076062,1142,3,0.8884502877862838,1
229,3,3,2,1.134437555540377,1484,3,0.8884502877862838,1
275,3,3,2,1.1782064342925698,1458,3,0.9431945538974952,1
255,3,3,2,0.8439713601849157,1559,6,0.9431945538974952,1
258,3,3,2,1.301555092594204,1470,6,0.8884502877862838,1
245,3,3,2,1.3771558831661737,1278,3,0.8884502877862838,1
239,3,3,2,1.0667947429233515,1189,6,0.9431945538974952,1
223,3,3,2,1.237891268954651,1250,6,0.8884502877862838,1
314,3,3,2,1.0031309192837985,1483,6,0.9431945538974952,1
203,3,3,2,1.2657441917969554,1214,3,0.9431945538974952,1
240,3,3,2,1.0628157539458798,1363,6,0.9431945538974952,1
233,3,3,2,1.4368407178282547,1185,3,0.8884502877862838,1
242,3,3,2,1.2140173350898185,1256,3,0.8884502877862838,1
238,3,3,2,1.393071839076062,1155,6,0.8884502877862838,1
249,3,3,2,1.341344982368925,1297,6,0.8884502877862838,1
254,3,3,2,1.0110888972387428,1488,3,0.9431945538974952,1
226,3,3,2,1.397050828053534,1423,3,0.8884502877862838,1
268,3,3,2,1.0150678862162148,1247,3,0.9431945538974952,1
238,3,3,2,1.4885675745353917,1241,3,0.9431945538974952,1
239,3,3,2,0.9514040625766615,1500,3,0.9431945538974952,1
279,3,3,2,0.8797822609821643,1420,6,0.9431945538974952,1
188,3,3,2,1.130458566562905,1228,6,0.8884502877862838,1
181,3,3,2,1.090668676788184,1383,6,0.8884502877862838,1
258,3,3,2,1.070773731900824,1543,3,0.9431945538974952,1
257,3,3,2,1.019046875193687,1454,6,0.9431945538974952,1
206,3,3,2,0.9911939523513824,1390,6,0.8884502877862838,1
258,3,3,2,1.0986266547431285,1568,6,0.8884502877862838,1
255,3,3,2,1.078731709855768,1605,6,0.8884502877862838,1
215,3,3,2,1.241870257932123,1274,3,0.8884502877862838,1
239,3,3,2,0.9832359743964384,1470,3,0.9431945538974952,1
226,3,3,2,1.2020803681574024,1412,6,0.8884502877862838,1
289,3,3,2,1.2697231807744276,1300,6,0.8884502877862838,1
255,3,3,2,1.341344982368925,1255,6,0.9431945538974952,1
226,3,3,2,1.074752720878296,1347,3,0.8884502877862838,1
253,3,3,2,1.241870257932123,1301,6,0.9431945538974952,1
229,3,3,2,1.1583114894052096,1589,6,0.9431945538974952,1
282,3,3,2,0.8002024814327229,1525,3,0.8884502877862838,1
256,3,3,2,1.289618125661788,1365,3,0.8884502877862838,1
296,3,3,2,0.9036561948469968,1496,3,0.8884502877862838,1
278,3,3,2,0.8479503491623878,1437,3,0.9431945538974952,1
277,3,3,2,1.070773731900824,1344,6,0.8884502877862838,1
289,3,3,2,1.046899798035991,1461,3,0.8884502877862838,1
324,3,3,2,1.027004853148631,1576,6,0.8884502877862838,1
229,3,3,2,1.3134920595266204,1341,6,0.8884502877862838,1
240,3,3,2,1.1264795775854328,1485,3,0.8884502877862838,1
232,3,3,2,1.070773731900824,1378,3,0.9431945538974952,1
235,3,3,2,1.0349628311035752,1479,6,0.8884502877862838,1
287,3,3,2,1.0986266547431285,1513,3,0.9431945538974952,1
237,3,3,2,1.0150678862162148,1279,6,0.8884502877862838,1
250,3,3,2,1.2219753130447626,1469,6,0.9431945538974952,1
277,3,3,2,0.8320343932524994,1618,3,0.8884502877862838,1
242,3,3,2,1.50448353044528,1174,6,0.9431945538974952,1
230,3,3,2,1.2577862138420113,1360,3,0.8884502877862838,1
257,3,3,2,1.233912279977179,1272,3,0.9431945538974952,1
243,3,3,2,1.301555092594204,1476,6,0.8884502877862838,1
294,3,3,2,0.8718242830272201,1502,3,0.8884502877862838,1
309,3,3,2,0.9235511397343572,1485,3,0.9431945538974952,1
175,3,3,2,1.3333870044139808,1027,6,0.8884502877862838,1
253,3,3,2,1.5164204973776962,1248,6,0.9431945538974952,1
252,3,3,2,1.0628157539458798,1358,6,0.9431945538974952,1
297,3,3,2,0.963341029509078,1577,3,0.9431945538974952,1
315,3,3,2,0.8559083271173319,1751,3,0.9431945538974952,1
233,3,3,2,1.2617652028194837,1518,3,0.8884502877862838,1
268,3,3,2,0.9593620405316058,1387,6,0.9431945538974952,1
257,3,3,2,1.1145426106530167,1290,3,0.8884502877862838,1
247,3,3,2,0.963341029509078,1515,6,0.8884502877862838,1
255,3,3,2,1.090668676788184,1446,3,0.9431945538974952,1
275,3,3,2,1.0150678862162148,1375,3,0.8884502877862838,1
240,3,3,2,0.8519293381398598,1440,3,0.8884502877862838,1
281,3,3,2,0.9434460846217176,1537,3,0.8884502877862838,1
213,3,3,2,1.1463745224727933,1434,6,0.8884502877862838,1
279,3,3,2,1.0031309192837985,1469,6,0.9431945538974952,1
232,3,3,2,1.023025864171159,1383,6,0.9431945538974952,1
171,3,3,2,1.134437555540377,1477,3,0.9431945538974952,1
228,3,3,2,1.611916232837026,1117,6,0.9431945538974952,1
249,3,3,2,1.0429208090585194,1448,6,0.8884502877862838,1
217,3,3,2,1.4249037508958384,1144,3,0.8884502877862838,1
244,3,3,2,1.297576103616732,1104,6,0.9431945538974952,1
227,3,3,2,1.2219753130447626,1177,3,0.8884502877862838,1
169,3,3,2,1.1185215996304887,1313,6,0.9431945538974952,1
213,3,3,2,1.3731768941887017,1483,3,0.8884502877862838,1
257,3,3,2,0.9514040625766615,1450,3,0.8884502877862838,1
254,3,3,2,0.9354881066667734,1551,6,0.9431945538974952,1
326,3,3,2,0.8519293381398598,1532,3,0.9431945538974952,1
267,3,3,2,1.186164412247514,1334,6,0.8884502877862838,1
231,3,3,2,1.1941223902024585,1306,6,0.9431945538974952,1
258,3,3,2,0.7126647239283372,1792,6,0.8884502877862838,1
240,3,3,2,0.9434460846217176,1463,3,0.9431945538974952,1
229,3,3,2,1.2458492469095952,1379,3,0.9431945538974952,1
227,3,3,2,1.1662694673601537,1517,6,0.8884502877862838,1
269,3,3,2,0.8877402389371084,1539,3,0.8884502877862838,1
241,3,3,2,0.6848118010860327,1491,6,0.8884502877862838,1
207,3,3,2,0.9553830515541336,1491,6,0.8884502877862838,1
280,3,3,2,0.8877402389371084,1560,6,0.8884502877862838,1
266,3,3,2,1.1583114894052096,1616,6,0.8884502877862838,1
260,3,3,2,0.8718242830272201,1544,6,0.9431945538974952,1
279,3,3,2,1.074752720878296,1459,3,0.9431945538974952,1
246,3,3,2,1.3691979052112293,1085,6,0.9431945538974952,1
190,3,3,2,1.1782064342925698,1535,3,0.8884502877862838,1
290,3,3,2,0.808160459387667,1621,6,0.9431945538974952,1
268,3,3,2,0.9951729413288544,1625,6,0.8884502877862838,1
244,3,3,2,1.1225005886079609,1499,6,0.9431945538974952,1
286,3,3,2,0.9951729413288544,1584,6,0.8884502877862838,1
255,3,3,2,1.2577862138420113,1348,6,0.9431945538974952,1
240,3,3,2,1.3691979052112293,1066,3,0.9431945538974952,1
249,3,3,2,1.0031309192837985,1529,3,0.8884502877862838,1
273,3,3,2,1.3174710485040924,1039,6,0.9431945538974952,1
303,3,3,2,0.9354881066667734,1486,6,0.8884502877862838,1
302,3,3,2,0.8996772058695247,1607,6,0.8884502877862838,1
258,3,3,2,1.1225005886079609,1226,3,0.9431945538974952,1
211,3,3,2,1.5203994863551682,988,3,0.8884502877862838,1
272,3,3,2,1.1225005886079609,1542,6,0.9431945538974952,1
248,3,3,2,1.1503535114502654,1429,6,0.9431945538974952,1
332,3,3,2,0.9991519303063264,1451,6,0.9431945538974952,1
247,3,3,2,0.8956982168920526,1556,3,0.9431945538974952,1
287,3,3,2,1.2060593571348743,1545,3,0.9431945538974952,1
322,3,3,2,0.6569588782437281,1652,6,0.9431945538974952,1
228,3,3,2,1.0429208090585194,1363,3,0.9431945538974952,1
290,3,3,2,1.1185215996304887,1441,6,0.9431945538974952,1
233,3,3,2,1.2697231807744276,1323,6,0.9431945538974952,1
236,3,3,2,1.2100383461123465,1300,3,0.9431945538974952,1
278,3,3,2,1.1742274453150978,1492,6,0.9431945538974952,1
270,3,3,2,1.3055340815716765,1339,6,0.9431945538974952,1
261,3,3,2,0.9991519303063264,1538,6,0.8884502877862838,1
253,3,3,2,1.023025864171159,1338,3,0.8884502877862838,1
218,3,3,2,1.190143401224986,1356,6,0.9431945538974952,1
224,3,3,2,1.2617652028194837,1341,3,0.8884502877862838,1
212,3,3,2,0.915593161779413,1552,6,0.8884502877862838,1
232,3,3,2,1.0548577759909357,1530,6,0.8884502877862838,1
268,3,3,2,1.046899798035991,1626,3,0.9431945538974952,1
253,3,3,2,0.9315091176893012,1675,6,0.8884502877862838,1
228,3,3,2,1.2498282358870672,1265,3,0.8884502877862838,1
219,3,3,2,1.61987421079197,1155,6,0.9431945538974952,1
213,3,3,2,0.808160459387667,1419,6,0.8884502877862838,1
233,3,3,2,1.0429208090585194,1529,6,0.9431945538974952,1
295,3,3,2,0.7683705696129463,1542,3,0.9431945538974952,1
266,3,3,2,0.963341029509078,1445,3,0.9431945538974952,1
213,3,3,2,1.2179963240672906,1153,3,0.8884502877862838,1
297,3,3,2,0.6887907900635047,1651,3,0.8884502877862838,1
250,3,3,2,1.241870257932123,1490,6,0.8884502877862838,1
261,3,3,2,1.0508787870134637,1460,3,0.8884502877862838,1
277,3,3,2,1.130458566562905,1384,3,0.8884502877862838,1
283,3,3,2,1.1543325004277374,1288,6,0.8884502877862838,1
323,3,3,2,0.7604125916580021,1570,6,0.8884502877862838,1
260,3,3,2,0.7564336026805301,1615,3,0.9431945538974952,1
251,3,3,2,1.0389418200810472,1347,6,0.8884502877862838,1
271,3,3,2,1.0667947429233515,1378,6,0.8884502877862838,1
211,3,3,2,1.1026056437206004,1380,3,0.9431945538974952,1
271,3,3,2,0.963341029509078,1589,6,0.8884502877862838,1
222,3,3,2,1.3214500374815643,1285,3,0.8884502877862838,1
270,3,3,2,1.253807224864539,1608,6,0.8884502877862838,1
256,3,3,2,0.9036561948469968,1458,3,0.8884502877862838,1
303,3,3,2,0.9474250735991896,1552,6,0.8884502877862838,1
260,3,3,2,1.1622904783826815,1331,3,0.8884502877862838,1
286,3,3,2,1.2657441917969554,1422,3,0.9431945538974952,1
250,3,3,2,1.08271069883324,1582,3,0.9431945538974952,1
271,3,3,2,1.0110888972387428,1593,6,0.8884502877862838,1
253,3,3,2,1.1065846326980726,1514,6,0.8884502877862838,1
272,3,3,2,1.0946476657656563,1356,6,0.8884502877862838,1
299,3,3,2,0.8200974263200832,1516,3,0.8884502877862838,1
274,3,3,2,1.3373659933914528,1346,3,0.9431945538974952,1
268,3,3,2,1.1543325004277374,1465,6,0.9431945538974952,1
214,3,3,2,1.2498282358870672,1481,6,0.9431945538974952,1
197,3,3,2,1.233912279977179,1191,6,0.8884502877862838,1
248,3,3,2,1.030983842126103,1362,6,0.9431945538974952,1
258,3,3,2,0.8758032720046922,1659,3,0.8884502877862838,1
192,3,3,2,1.349302960323869,1380,3,0.9431945538974952,1
277,3,3,2,1.1503535114502654,1313,3,0.9431945538974952,1
235,3,3,2,1.182185423270042,1484,3,0.9431945538974952,1
280,3,3,2,1.1065846326980726,1467,6,0.9431945538974952,1
253,3,3,2,1.08271069883324,1096,6,0.8884502877862838,1
251,3,3,2,0.8479503491623878,1423,3,0.9431945538974952,1
314,3,3,2,0.6131899994915354,1918,6,0.8884502877862838,1
197,3,3,2,0.9394670956442456,1400,3,0.8884502877862838,1
274,3,3,2,0.9514040625766615,1504,3,0.8884502877862838,1
297,3,3,2,0.9394670956442456,1590,3,0.9431945538974952,1
261,3,3,2,1.2259543020222348,1318,3,0.9431945538974952,1
229,3,3,2,0.8877402389371084,1528,6,0.9431945538974952,1
286,3,3,2,0.6649168561986724,1776,6,0.8884502877862838,1
289,3,3,2,0.9911939523513824,1557,6,0.9431945538974952,1
174,3,3,2,1.3095130705491482,1146,6,0.9431945538974952,1
165,3,3,2,1.73526489113866,925,3,0.8884502877862838,1
213,3,3,2,1.397050828053534,1243,6,0.9431945538974952,1
253,3,3,2,0.7325596688156976,1659,3,0.8884502877862838,1
277,3,3,2,0.9394670956442456,1499,3,0.8884502877862838,1
194,3,3,2,1.3134920595266204,1423,6,0.8884502877862838,1
231,3,3,2,0.9872149633739103,1211,6,0.8884502877862838,1
250,3,3,2,0.863866305072276,1555,3,0.9431945538974952,1
280,3,3,2,0.9593620405316058,1536,6,0.8884502877862838,1
315,3,3,2,0.971299007464022,1860,6,0.9431945538974952,1
299,3,3,2,0.9474250735991896,1515,3,0.8884502877862838,1
257,3,3,2,0.7962234924552508,1756,6,0.9431945538974952,1
330,3,3,2,0.8280554042750273,1509,6,0.9431945538974952,1
296,3,3,2,0.8559083271173319,1593,3,0.8884502877862838,1
273,3,3,2,0.9434460846217176,1492,3,0.9431945538974952,1
254,3,3,2,0.8320343932524994,1600,6,0.8884502877862838,1
249,3,3,2,1.1145426106530167,1617,3,0.9431945538974952,1
219,3,3,2,0.9553830515541336,1453,6,0.8884502877862838,1
231,3,3,2,1.5323364532875845,1106,3,0.9431945538974952,1
254,3,3,2,1.1463745224727933,1500,3,0.8884502877862838,1
286,3,3,2,0.7325596688156976,1714,3,0.9431945538974952,1
235,3,3,2,1.341344982368925,1329,6,0.9431945538974952,1
273,3,3,2,0.7246016908607534,1567,3,0.8884502877862838,1
248,3,3,2,1.1384165445178491,1625,3,0.9431945538974952,1
257,3,3,2,1.2697231807744276,1195,6,0.8884502877862838,1
209,3,3,2,1.0946476657656563,1426,6,0.8884502877862838,1
245,3,3,2,1.0389418200810472,1335,6,0.8884502877862838,1
263,3,3,2,1.0031309192837985,1576,6,0.9431945538974952,1
319,3,3,2,0.5574841538069263,1863,6,0.8884502877862838,1
249,3,3,2,1.1622904783826815,1396,6,0.9431945538974952,1
284,3,3,2,0.7246016908607534,1818,3,0.9431945538974952,1
217,3,3,2,1.1543325004277374,1349,3,0.8884502877862838,1
326,3,3,2,0.6131899994915354,1883,6,0.9431945538974952,1
298,3,3,2,1.2100383461123465,1222,6,0.9431945538974952,1
293,3,3,2,0.859887316094804,1354,6,0.9431945538974952,1
279,3,3,2,1.030983842126103,1730,6,0.8884502877862838,1
262,3,3,2,0.7047067459733931,1596,6,0.8884502877862838,1
212,3,3,2,1.1941223902024585,1440,6,0.9431945538974952,1
251,3,3,2,1.3572609382788132,1669,6,0.8884502877862838,1
308,3,3,2,1.1622904783826815,1358,6,0.8884502877862838,1
305,3,3,2,0.9553830515541336,1682,6,0.8884502877862838,1
194,3,3,2,1.3294080154365089,1396,3,0.9431945538974952,1
200,3,3,2,1.2299332909997067,1330,3,0.9431945538974952,1
238,3,3,2,0.8200974263200832,1607,6,0.9431945538974952,1
220,3,3,2,1.349302960323869,1224,3,0.8884502877862838,1
218,3,3,2,1.0588367649684076,1243,6,0.9431945538974952,1
259,3,3,2,0.8559083271173319,1525,3,0.9431945538974952,1
249,3,3,2,0.971299007464022,1522,3,0.9431945538974952,1
273,3,3,2,0.8917192279145806,1577,6,0.9431945538974952,1
205,3,3,2,1.3572609382788132,1237,6,0.8884502877862838,1
275,3,3,2,1.078731709855768,1285,3,0.8884502877862838,1
252,3,3,2,0.919572150756885,1722,3,0.8884502877862838,1
273,3,3,2,1.1463745224727933,1255,6,0.9431945538974952,1
257,3,3,2,1.0389418200810472,1244,3,0.8884502877862838,1
262,3,3,2,1.2498282358870672,1377,3,0.8884502877862838,1
235,3,3,2,1.2179963240672906,1367,3,0.8884502877862838,1
227,3,3,2,0.979256985418966,1537,6,0.9431945538974952,1
212,3,3,2,1.0667947429233515,1381,3,0.8884502877862838,1
275,3,3,2,1.0946476657656563,1385,3,0.8884502877862838,1
291,3,3,2,1.1145426106530167,1525,3,0.8884502877862838,1
285,3,3,2,1.3691979052112293,1055,3,0.9431945538974952,1
224,3,3,2,1.412966783963422,1255,6,0.9431945538974952,1
200,3,3,2,1.1981013791799302,1162,3,0.9431945538974952,1
185,3,3,2,1.349302960323869,1290,6,0.8884502877862838,1
204,3,3,2,1.190143401224986,1490,3,0.8884502877862838,1
260,3,3,2,1.027004853148631,1502,6,0.9431945538974952,1
290,3,3,2,0.8718242830272201,1840,3,0.8884502877862838,1
311,3,3,2,1.237891268954651,1711,6,0.8884502877862838,1
247,3,3,2,0.8996772058695247,1336,6,0.9431945538974952,1
174,3,3,2,1.2697231807744276,1434,6,0.8884502877862838,1
265,3,3,2,1.3333870044139808,1348,6,0.9431945538974952,1
222,3,3,2,1.2140173350898185,1559,3,0.9431945538974952,1
197,3,3,2,1.2657441917969554,1214,3,0.8884502877862838,1
285,3,3,2,1.0588367649684076,1600,3,0.8884502877862838,1
226,3,3,2,0.9474250735991896,1383,3,0.8884502877862838,1
213,3,3,2,1.2498282358870672,1272,6,0.9431945538974952,1
271,3,3,2,0.9553830515541336,1485,3,0.9431945538974952,1
244,3,3,2,1.237891268954651,1279,3,0.9431945538974952,1
224,3,3,2,1.2856391366843158,1266,3,0.8884502877862838,1
233,3,3,2,1.3294080154365089,1178,3,0.9431945538974952,1
230,3,3,2,1.0866896878107122,1479,3,0.8884502877862838,1
264,3,3,2,0.8121394483651391,1794,6,0.9431945538974952,1
242,3,3,2,1.345323971346397,1483,6,0.9431945538974952,1
246,3,3,2,1.2100383461123465,1443,3,0.8884502877862838,1
242,3,3,2,1.130458566562905,1441,6,0.9431945538974952,1
238,3,3,2,1.0986266547431285,1207,6,0.8884502877862838,1
267,3,3,2,1.5363154422650565,1226,3,0.9431945538974952,1
295,3,3,2,0.9275301287118292,1585,3,0.8884502877862838,1
274,3,3,2,1.2020803681574024,1214,6,0.8884502877862838,1
296,3,3,2,1.0429208090585194,1604,6,0.8884502877862838,1
258,3,3,2,0.9076351838244688,1548,3,0.9431945538974952,1
276,3,3,2,0.9991519303063264,1365,6,0.9431945538974952,1
225,3,3,2,1.074752720878296,1587,3,0.8884502877862838,1
207,3,3,2,1.1742274453150978,1436,3,0.8884502877862838,1
224,3,3,2,1.0628157539458798,1334,6,0.9431945538974952,1
249,3,3,2,1.070773731900824,1332,6,0.9431945538974952,1
237,3,3,2,1.1782064342925698,1340,6,0.8884502877862838,1
249,3,3,2,0.6410429223338399,1671,3,0.8884502877862838,1
275,3,3,2,0.9235511397343572,1500,6,0.8884502877862838,1
266,3,3,2,1.0667947429233515,1441,6,0.8884502877862838,1
297,3,3,2,1.1145426106530167,1391,6,0.8884502877862838,1
313,3,3,2,0.979256985418966,1404,6,0.8884502877862838,1
176,3,3,2,1.1105636216755446,1616,3,0.9431945538974952,1
285,3,3,2,0.9514040625766615,1654,3,0.9431945538974952,1
221,3,3,2,1.2577862138420113,1198,3,0.8884502877862838,1
203,3,3,2,1.4726516186255034,1077,3,0.8884502877862838,1
212,3,3,2,1.3373659933914528,1310,6,0.8884502877862838,1
209,3,3,2,1.0986266547431285,1509,6,0.9431945538974952,1
277,3,3,2,1.0946476657656563,1601,6,0.8884502877862838,1
266,3,3,2,0.8200974263200832,1554,3,0.8884502877862838,1
268,3,3,2,1.2259543020222348,1392,3,0.8884502877862838,1
264,3,3,2,1.1742274453150978,1163,3,0.8884502877862838,1
249,3,3,2,1.0389418200810472,1651,3,0.8884502877862838,1
264,3,3,2,0.808160459387667,1644,3,0.9431945538974952,1
243,3,3,2,0.8360133822299715,1481,6,0.9431945538974952,1
228,3,3,2,1.1622904783826815,1279,3,0.9431945538974952,1
266,3,3,2,0.9553830515541336,1490,3,0.8884502877862838,1
226,3,3,2,1.1145426106530167,1445,6,0.8884502877862838,1
226,3,3,2,1.182185423270042,1380,6,0.8884502877862838,1
259,3,3,2,0.7444966357481138,1599,3,0.8884502877862838,1
211,3,3,2,1.241870257932123,1400,3,0.8884502877862838,1
239,3,3,2,1.241870257932123,1416,6,0.8884502877862838,1
224,3,3,2,1.4209247619183665,1375,6,0.9431945538974952,1
250,3,3,2,1.1384165445178491,1480,3,0.8884502877862838,1
234,3,3,2,1.134437555540377,1169,3,0.8884502877862838,1
260,3,3,2,0.8996772058695247,1654,6,0.8884502877862838,1
270,3,3,2,1.3691979052112293,1251,3,0.9431945538974952,1
226,3,3,2,1.023025864171159,1552,6,0.9431945538974952,1
257,3,3,2,1.078731709855768,1476,6,0.8884502877862838,1
272,3,3,2,1.237891268954651,1461,6,0.8884502877862838,1
298,3,3,2,0.9514040625766615,1538,3,0.8884502877862838,1
280,3,3,2,1.007109908261271,1691,3,0.9431945538974952,1
273,3,3,2,0.6927697790409768,1580,3,0.9431945538974952,1
975,3,3,2,1.0031309192837985,2458,6,0.8884502877862838,1
817,3,3,2,1.0110888972387428,2379,6,0.8884502877862838,1
1045,3,3,2,0.963341029509078,2458,6,0.8884502877862838,1
767,3,3,2,1.2657441917969554,2172,6,0.0273721330556057,1
829,3,3,2,1.1423955334953213,2369,6,0.0273721330556057,1
885,3,3,2,1.1981013791799302,2367,6,0.8884502877862838,1
742,3,3,2,1.233912279977179,2268,6,0.8884502877862838,1
933,3,3,2,1.1941223902024585,2400,6,0.8884502877862838,1
1051,3,3,2,0.9036561948469968,2567,6,0.0273721330556057,1
971,3,3,2,1.0628157539458798,2754,6,0.8884502877862838,1
1005,3,3,2,0.9235511397343572,2551,6,0.8884502877862838,1
876,3,3,2,1.1185215996304887,2593,6,0.8884502877862838,1
758,3,3,2,1.1225005886079609,2400,6,0.8884502877862838,1
829,3,3,2,1.3254290264590365,2150,6,0.0273721330556057,1
868,3,3,2,1.186164412247514,2493,6,0.0273721330556057,1
622,3,3,2,1.0389418200810472,2351,6,0.8884502877862838,1
569,3,3,2,1.1622904783826815,2347,6,0.0273721330556057,1
999,3,3,2,0.6291059554014237,2539,6,0.0273721330556057,1
925,3,3,2,1.3652189162337574,2154,6,0.0273721330556057,1
757,3,3,2,1.130458566562905,2323,6,0.8884502877862838,1
1039,3,3,2,1.0667947429233515,2396,6,0.0273721330556057,1
1227,3,3,2,1.1423955334953213,2534,6,0.0273721330556057,1
651,3,3,2,1.345323971346397,2173,6,0.8884502877862838,1
593,3,3,2,1.6596641005666908,2022,6,0.0273721330556057,1
1220,3,3,2,0.7723495585904183,2543,6,0.8884502877862838,1
923,3,3,2,1.0349628311035752,2464,6,0.8884502877862838,1
985,3,3,2,1.3771558831661737,2196,6,0.8884502877862838,1
1044,3,3,2,1.0110888972387428,2408,6,0.0273721330556057,1
1224,3,3,2,0.5893160656267029,2516,6,0.0273721330556057,1
963,3,3,2,1.3294080154365089,2361,6,0.8884502877862838,1
1195,3,3,2,0.6728748341536165,2620,6,0.0273721330556057,1
1031,3,3,2,1.0110888972387428,2423,6,0.0273721330556057,1
640,3,3,2,1.3214500374815643,2381,6,0.8884502877862838,1
982,3,3,2,0.9951729413288544,2535,6,0.0273721330556057,1
959,3,3,2,1.1384165445178491,2302,6,0.0273721330556057,1
926,3,3,2,1.3254290264590365,2297,6,0.0273721330556057,1
877,3,3,2,0.915593161779413,2344,6,0.8884502877862838,1
886,3,3,2,1.1384165445178491,2290,6,0.8884502877862838,1
821,3,3,2,0.7922445034777786,2695,6,0.8884502877862838,1
936,3,3,2,0.6887907900635047,2654,6,0.8884502877862838,1
1294,3,3,2,0.7803075365453624,2657,6,0.0273721330556057,1
1074,3,3,2,1.2219753130447626,2441,6,0.0273721330556057,1
1104,3,3,2,0.808160459387667,2538,6,0.0273721330556057,1
698,3,3,2,1.4368407178282547,2130,6,0.0273721330556057,1
1004,3,3,2,1.1503535114502654,2588,6,0.0273721330556057,1
838,3,3,2,1.4447986957831989,2351,6,0.0273721330556057,1
1017,3,3,2,1.4169457729408943,2380,6,0.8884502877862838,1
794,3,3,2,0.915593161779413,2595,6,0.8884502877862838,1
715,3,3,2,1.2299332909997067,2433,6,0.8884502877862838,1
463,3,3,2,1.2577862138420113,2056,6,0.8884502877862838,1
939,3,3,2,0.8041814704101949,2519,6,0.0273721330556057,1
968,3,3,2,1.1941223902024585,2391,6,0.0273721330556057,1
709,3,3,2,1.5522313981749447,1912,6,0.0273721330556057,1
996,3,3,2,0.9235511397343572,2638,6,0.8884502877862838,1
820,3,3,2,1.3811348721436456,2229,6,0.8884502877862838,1
1109,3,3,2,0.6887907900635047,2587,6,0.0273721330556057,1
908,3,3,2,1.027004853148631,2580,6,0.8884502877862838,1
979,3,3,2,1.090668676788184,2384,6,0.0273721330556057,1
1061,3,3,2,0.6649168561986724,2663,6,0.8884502877862838,1
1116,3,3,2,1.2617652028194837,2505,6,0.8884502877862838,1
836,3,3,2,1.0667947429233515,2533,6,0.0273721330556057,1
871,3,3,2,1.1702484563376256,2397,6,0.8884502877862838,1
905,3,3,2,1.0588367649684076,2446,6,0.8884502877862838,1
672,3,3,2,1.3811348721436456,2446,6,0.8884502877862838,1
927,3,3,2,1.1185215996304887,2235,6,0.0273721330556057,1
946,3,3,2,1.0508787870134637,2521,6,0.0273721330556057,1
467,3,3,2,1.6795590454540512,2174,6,0.8884502877862838,1
977,3,3,2,0.979256985418966,2421,6,0.0273721330556057,1
783,3,3,2,1.2100383461123465,2487,6,0.0273721330556057,1
741,3,3,2,1.3652189162337574,2367,6,0.0273721330556057,1
883,3,3,2,0.9434460846217176,2647,6,0.8884502877862838,1
1075,3,3,2,0.9354881066667734,2535,6,0.8884502877862838,1
778,3,3,2,1.2737021697518995,2225,6,0.8884502877862838,1
1094,3,3,2,1.2856391366843158,2251,6,0.8884502877862838,1
1054,3,3,2,1.0389418200810472,2382,6,0.8884502877862838,1
805,3,3,2,1.349302960323869,2302,6,0.8884502877862838,1
966,3,3,2,0.9036561948469968,2540,6,0.8884502877862838,1
1113,3,3,2,1.0150678862162148,2527,6,0.8884502877862838,1
1071,3,3,2,0.8559083271173319,2428,6,0.0273721330556057,1
1218,3,3,2,0.8280554042750273,2688,6,0.8884502877862838,1
1342,3,3,2,1.0866896878107122,2287,6,0.8884502877862838,1
724,3,3,2,1.233912279977179,2241,6,0.8884502877862838,1
773,3,3,2,1.1423955334953213,2357,6,0.0273721330556057,1
1056,3,3,2,1.1264795775854328,2165,6,0.0273721330556057,1
1023,3,3,2,0.9593620405316058,2586,6,0.0273721330556057,1
980,3,3,2,1.5721263430623051,2121,6,0.8884502877862838,1
923,3,3,2,0.7246016908607534,2659,6,0.8884502877862838,1
687,3,3,2,1.3214500374815643,2198,6,0.0273721330556057,1
583,3,3,2,1.456735662715615,2141,6,0.8884502877862838,1
955,3,3,2,0.9872149633739103,2703,6,0.0273721330556057,1
1002,3,3,2,0.971299007464022,2489,6,0.0273721330556057,1
940,3,3,2,0.9593620405316058,2442,6,0.8884502877862838,1
1189,3,3,2,0.9593620405316058,2626,6,0.8884502877862838,1
1176,3,3,2,1.0866896878107122,2409,6,0.8884502877862838,1
960,3,3,2,0.9076351838244688,2475,6,0.8884502877862838,1
841,3,3,2,0.9354881066667734,2346,6,0.0273721330556057,1
919,3,3,2,1.0389418200810472,2516,6,0.8884502877862838,1
1306,3,3,2,0.597274043581647,2635,6,0.0273721330556057,1
942,3,3,2,0.915593161779413,2457,6,0.8884502877862838,1
985,3,3,2,1.0389418200810472,2590,6,0.8884502877862838,1
848,3,3,2,1.281660147706844,2416,6,0.0273721330556057,1
1024,3,3,2,0.8877402389371084,2478,6,0.8884502877862838,1
990,3,3,2,1.2060593571348743,2439,6,0.0273721330556057,1
1114,3,3,2,1.2617652028194837,2308,6,0.0273721330556057,1
1199,3,3,2,0.971299007464022,2550,6,0.8884502877862838,1
1173,3,3,2,0.9275301287118292,2512,6,0.0273721330556057,1
935,3,3,2,0.8479503491623878,2541,6,0.8884502877862838,1
707,3,3,2,0.9394670956442456,2624,6,0.0273721330556057,1
976,3,3,2,1.019046875193687,2374,6,0.8884502877862838,1
846,3,3,2,1.393071839076062,2161,6,0.8884502877862838,1
920,3,3,2,1.29359711463926,2404,6,0.8884502877862838,1
925,3,3,2,1.2299332909997067,2364,6,0.0273721330556057,1
1370,3,3,2,0.7803075365453624,2601,6,0.0273721330556057,1
948,3,3,2,1.090668676788184,2541,6,0.8884502877862838,1
762,3,3,2,1.090668676788184,2236,6,0.0273721330556057,1
1159,3,3,2,1.1662694673601537,2530,6,0.8884502877862838,1
1098,3,3,2,1.0349628311035752,2623,6,0.8884502877862838,1
909,3,3,2,1.341344982368925,2345,6,0.8884502877862838,1
988,3,3,2,0.8917192279145806,2612,6,0.0273721330556057,1
824,3,3,2,1.0429208090585194,2523,6,0.0273721330556057,1
981,3,3,2,0.919572150756885,2550,6,0.0273721330556057,1
1302,3,3,2,0.9434460846217176,2529,6,0.8884502877862838,1
865,3,3,2,1.0508787870134637,2363,6,0.0273721330556057,1
1218,3,3,2,1.007109908261271,2429,6,0.8884502877862838,1
808,3,3,2,1.007109908261271,2475,6,0.0273721330556057,1
1219,3,3,2,1.1264795775854328,2595,6,0.0273721330556057,1
698,3,3,2,1.5562103871524169,2198,6,0.0273721330556057,1
1055,3,3,2,0.9553830515541336,2638,6,0.8884502877862838,1
991,3,3,2,1.0150678862162148,2577,6,0.0273721330556057,1
839,3,3,2,1.0508787870134637,2237,6,0.8884502877862838,1
1128,3,3,2,1.0866896878107122,2589,6,0.0273721330556057,1
1100,3,3,2,0.9872149633739103,2381,6,0.0273721330556057,1
889,3,3,2,1.08271069883324,2525,6,0.0273721330556057,1
947,3,3,2,1.0031309192837985,2661,6,0.0273721330556057,1
975,3,3,2,1.08271069883324,2541,6,0.8884502877862838,1
984,3,3,2,0.7683705696129463,2730,6,0.8884502877862838,1
877,3,3,2,1.08271069883324,2260,6,0.0273721330556057,1
872,3,3,2,0.8320343932524994,2540,6,0.8884502877862838,1
1016,3,3,2,1.027004853148631,2332,6,0.8884502877862838,1
877,3,3,2,1.0031309192837985,2587,6,0.0273721330556057,1
984,3,3,2,0.9593620405316058,2448,6,0.0273721330556057,1
822,3,3,2,0.8280554042750273,2400,6,0.0273721330556057,1
830,3,3,2,1.1981013791799302,2376,6,0.0273721330556057,1
745,3,3,2,1.0110888972387428,2558,6,0.0273721330556057,1
853,3,3,2,1.2737021697518995,2167,6,0.8884502877862838,1
910,3,3,2,1.0866896878107122,2310,6,0.8884502877862838,1
989,3,3,2,1.1622904783826815,2421,6,0.8884502877862838,1
1047,3,3,2,1.2259543020222348,2365,6,0.0273721330556057,1
874,3,3,2,1.0110888972387428,2534,6,0.8884502877862838,1
824,3,3,2,0.9394670956442456,2516,6,0.8884502877862838,1
1255,3,3,2,0.919572150756885,2491,6,0.0273721330556057,1
844,3,3,2,1.08271069883324,2375,6,0.0273721330556057,1
910,3,3,2,1.0628157539458798,2297,6,0.8884502877862838,1
957,3,3,2,1.3890928500985895,2362,6,0.8884502877862838,1
762,3,3,2,1.2657441917969554,2232,6,0.8884502877862838,1
1039,3,3,2,0.5773790986942867,3017,6,0.8884502877862838,1
783,3,3,2,1.289618125661788,2386,6,0.0273721330556057,1
824,3,3,2,1.023025864171159,2512,6,0.8884502877862838,1
1183,3,3,2,0.5296312309646218,2696,6,0.8884502877862838,1
741,3,3,2,1.3851138611211178,2303,6,0.8884502877862838,1
1073,3,3,2,1.0110888972387428,2463,6,0.0273721330556057,1
873,3,3,2,1.2697231807744276,2405,6,0.0273721330556057,1
1061,3,3,2,1.030983842126103,2485,6,0.8884502877862838,1
919,3,3,2,1.1026056437206004,2422,6,0.0273721330556057,1
1146,3,3,2,0.9116141728019408,2484,6,0.0273721330556057,1
1339,3,3,2,0.7763285475678904,2543,6,0.0273721330556057,1
1192,3,3,2,0.8320343932524994,2555,6,0.0273721330556057,1
667,3,3,2,1.1423955334953213,2323,6,0.0273721330556057,1
1051,3,3,2,0.7564336026805301,2912,6,0.0273721330556057,1
1004,3,3,2,1.1065846326980726,2692,6,0.8884502877862838,1
690,3,3,2,0.8559083271173319,2479,6,0.0273721330556057,1
1163,3,3,2,0.8519293381398598,2522,6,0.0273721330556057,1
735,3,3,2,1.1662694673601537,2293,6,0.0273721330556057,1
815,3,3,2,1.341344982368925,2244,6,0.0273721330556057,1
793,3,3,2,1.301555092594204,2344,6,0.0273721330556057,1
981,3,3,2,0.7922445034777786,2694,6,0.0273721330556057,1
1100,3,3,2,0.7285806798382255,2744,6,0.8884502877862838,1
1258,3,3,2,0.8399923712074435,2716,6,0.8884502877862838,1
964,3,3,2,0.859887316094804,2818,6,0.8884502877862838,1
1105,3,3,2,0.8240764152975553,2682,6,0.0273721330556057,1
827,3,3,2,1.0628157539458798,2665,6,0.0273721330556057,1
1065,3,3,2,0.8996772058695247,2482,6,0.8884502877862838,1
973,3,3,2,0.9275301287118292,2404,6,0.8884502877862838,1
1081,3,3,2,0.9394670956442456,2473,6,0.0273721330556057,1
675,3,3,2,0.9832359743964384,2426,6,0.0273721330556057,1
1217,3,3,2,0.9036561948469968,2486,6,0.0273721330556057,1
749,3,3,2,0.8240764152975553,2333,6,0.8884502877862838,1
1089,3,3,2,1.0110888972387428,2534,6,0.8884502877862838,1
787,3,3,2,1.233912279977179,2376,6,0.8884502877862838,1
864,3,3,2,1.090668676788184,2626,6,0.0273721330556057,1
909,3,3,2,1.027004853148631,2384,6,0.8884502877862838,1
787,3,3,2,1.1702484563376256,2259,6,0.0273721330556057,1
1104,3,3,2,1.1065846326980726,2469,6,0.8884502877862838,1
697,3,3,2,1.1981013791799302,2372,6,0.0273721330556057,1
949,3,3,2,0.9872149633739103,2525,6,0.8884502877862838,1
839,3,3,2,1.1105636216755446,2462,6,0.0273721330556057,1
776,3,3,2,1.3771558831661737,2229,6,0.8884502877862838,1
1046,3,3,2,1.078731709855768,2419,6,0.8884502877862838,1
1007,3,3,2,1.1384165445178491,2457,6,0.0273721330556057,1
1219,3,3,2,0.9911939523513824,2469,6,0.8884502877862838,1
1249,3,3,2,0.7643915806354742,2533,6,0.8884502877862838,1
781,3,3,2,1.281660147706844,2205,6,0.0273721330556057,1
992,3,3,2,1.1105636216755446,2429,6,0.0273721330556057,1
980,3,3,2,1.0031309192837985,2661,6,0.8884502877862838,1
929,3,3,2,1.0588367649684076,2381,6,0.8884502877862838,1
1002,3,3,2,0.8320343932524994,2359,6,0.0273721330556057,1
1047,3,3,2,1.007109908261271,2522,6,0.0273721330556057,1
1107,3,3,2,0.9354881066667734,2689,6,0.8884502877862838,1
1071,3,3,2,0.7882655145003066,2669,6,0.0273721330556057,1
1097,3,3,2,1.2458492469095952,2397,6,0.0273721330556057,1
956,3,3,2,0.975277996441494,2463,6,0.8884502877862838,1
945,3,3,2,0.9434460846217176,2539,6,0.8884502877862838,1
1003,3,3,2,1.1662694673601537,2302,6,0.0273721330556057,1
1276,3,3,2,0.8439713601849157,2626,6,0.8884502877862838,1
865,3,3,2,1.1105636216755446,2322,6,0.8884502877862838,1
1019,3,3,2,1.023025864171159,2322,6,0.8884502877862838,1
1080,3,3,2,0.8718242830272201,2540,6,0.0273721330556057,1
627,3,3,2,1.393071839076062,2300,6,0.0273721330556057,1
851,3,3,2,0.915593161779413,2495,6,0.8884502877862838,1
916,3,3,2,1.401029817031006,2282,6,0.0273721330556057,1
800,3,3,2,1.2259543020222348,2213,6,0.0273721330556057,1
825,3,3,2,0.7444966357481138,2535,6,0.0273721330556057,1
756,3,3,2,1.3811348721436456,2301,6,0.0273721330556057,1
907,3,3,2,0.863866305072276,2534,6,0.0273721330556057,1
1246,3,3,2,0.7763285475678904,2681,6,0.8884502877862838,1
765,3,3,2,1.2100383461123465,2393,6,0.0273721330556057,1
1219,3,3,2,0.7962234924552508,2629,6,0.8884502877862838,1
612,3,3,2,1.397050828053534,2274,6,0.0273721330556057,1
965,3,3,2,1.3134920595266204,2242,6,0.8884502877862838,1
962,3,3,2,1.3095130705491482,2196,6,0.0273721330556057,1
941,3,3,2,0.9593620405316058,2486,6,0.0273721330556057,1
1069,3,3,2,0.9275301287118292,2499,6,0.8884502877862838,1
801,3,3,2,1.2259543020222348,2309,6,0.0273721330556057,1
827,3,3,2,0.975277996441494,2668,6,0.8884502877862838,1
887,3,3,2,0.8956982168920526,2710,6,0.8884502877862838,1
829,3,3,2,1.3333870044139808,2320,6,0.8884502877862838,1
846,3,3,2,1.070773731900824,2342,6,0.8884502877862838,1
915,3,3,2,0.9911939523513824,2557,6,0.0273721330556057,1
1121,3,3,2,0.7842865255228345,2813,6,0.8884502877862838,1
860,3,3,2,1.1782064342925698,2404,6,0.8884502877862838,1
658,3,3,2,1.08271069883324,2472,6,0.8884502877862838,1
813,3,3,2,1.1941223902024585,2389,6,0.0273721330556057,1
756,3,3,2,1.190143401224986,2304,6,0.0273721330556057,1
1051,3,3,2,1.1384165445178491,2409,6,0.0273721330556057,1
1041,3,3,2,0.7643915806354742,2585,6,0.8884502877862838,1
810,3,3,2,1.1981013791799302,2234,6,0.0273721330556057,1
1199,3,3,2,1.1742274453150978,2437,6,0.0273721330556057,1
935,3,3,2,0.8956982168920526,2634,6,0.8884502877862838,1
1194,3,3,2,1.4209247619183665,2322,6,0.0273721330556057,1
961,3,3,2,1.2697231807744276,2380,6,0.8884502877862838,1
776,3,3,2,1.1463745224727933,2304,6,0.8884502877862838,1
882,3,3,2,0.9434460846217176,2802,6,0.0273721330556057,1
1058,3,3,2,0.9951729413288544,2470,6,0.8884502877862838,1
1083,3,3,2,0.8877402389371084,2686,6,0.0273721330556057,1
842,3,3,2,1.2299332909997067,2333,6,0.0273721330556057,1
954,3,3,2,0.8718242830272201,2484,6,0.8884502877862838,1
1100,3,3,2,0.8240764152975553,2438,6,0.8884502877862838,1
907,3,3,2,1.253807224864539,2296,6,0.0273721330556057,1
807,3,3,2,1.4925465635128636,2017,6,0.0273721330556057,1
1169,3,3,2,0.9872149633739103,2474,6,0.8884502877862838,1
823,3,3,2,1.2219753130447626,2302,6,0.8884502877862838,1
942,3,3,2,1.0628157539458798,2412,6,0.0273721330556057,1
725,3,3,2,1.301555092594204,2353,6,0.0273721330556057,1
637,3,3,2,1.2776811587293715,2302,6,0.0273721330556057,1
924,3,3,2,1.3095130705491482,2333,6,0.8884502877862838,1
1131,3,3,2,1.2060593571348743,2409,6,0.8884502877862838,1
666,3,3,2,1.1026056437206004,2473,6,0.0273721330556057,1
985,3,3,2,1.2100383461123465,2258,6,0.8884502877862838,1
1030,3,3,2,0.9553830515541336,2519,6,0.8884502877862838,1
1003,3,3,2,1.019046875193687,2435,6,0.0273721330556057,1
1028,3,3,2,0.9275301287118292,2377,6,0.0273721330556057,1
972,3,3,2,0.9076351838244688,2439,6,0.8884502877862838,1
1155,3,3,2,0.971299007464022,2617,6,0.8884502877862838,1
1404,3,3,2,0.8002024814327229,2610,6,0.8884502877862838,1
855,3,3,2,1.1742274453150978,2273,6,0.0273721330556057,1
763,3,3,2,1.023025864171159,2384,6,0.8884502877862838,1
741,3,3,2,1.5164204973776962,2158,6,0.8884502877862838,1
805,3,3,2,1.1503535114502654,2241,6,0.8884502877862838,1
1063,3,3,2,1.0866896878107122,2441,6,0.8884502877862838,1
925,3,3,2,0.9514040625766615,2473,6,0.8884502877862838,1
1082,3,3,2,0.6330849443788957,2780,6,0.0273721330556057,1
931,3,3,2,0.96732001848655,2475,6,0.8884502877862838,1
1032,3,3,2,0.979256985418966,2410,6,0.8884502877862838,1
829,3,3,2,1.1105636216755446,2404,6,0.8884502877862838,1
663,3,3,2,1.4766306076029754,2267,6,0.8884502877862838,1
1067,3,3,2,0.5336102199420939,2761,6,0.8884502877862838,1
967,3,3,2,0.9872149633739103,2547,6,0.8884502877862838,1
822,3,3,2,1.4249037508958384,2235,6,0.0273721330556057,1
847,3,3,2,1.0866896878107122,2541,6,0.8884502877862838,1
803,3,3,2,1.1463745224727933,2357,6,0.0273721330556057,1
827,3,3,2,0.9315091176893012,2443,6,0.0273721330556057,1
1149,3,3,2,0.96732001848655,2666,6,0.8884502877862838,1
481,3,3,2,1.508462519422752,2156,6,0.0273721330556057,1
1179,3,3,2,0.8479503491623878,2572,6,0.8884502877862838,1
929,3,3,2,1.237891268954651,2310,6,0.0273721330556057,1
893,3,3,2,0.8956982168920526,2480,6,0.8884502877862838,1
945,3,3,2,0.9553830515541336,2466,6,0.0273721330556057,1
1002,3,3,2,0.963341029509078,2371,6,0.8884502877862838,1
841,3,3,2,1.3055340815716765,2345,6,0.0273721330556057,1
747,3,3,2,1.2100383461123465,2527,6,0.0273721330556057,1
833,3,3,2,0.9951729413288544,2470,6,0.0273721330556057,1
894,3,3,2,0.7763285475678904,2516,6,0.8884502877862838,1
945,3,3,2,1.1463745224727933,2336,6,0.0273721330556057,1
1088,3,3,2,1.1185215996304887,2483,6,0.0273721330556057,1
1203,3,3,2,0.8360133822299715,2484,6,0.8884502877862838,1
1183,3,3,2,0.979256985418966,2475,6,0.0273721330556057,1
646,3,3,2,1.1463745224727933,2328,6,0.8884502877862838,1
927,3,3,2,1.289618125661788,2264,6,0.8884502877862838,1
1080,3,3,2,1.2577862138420113,2429,6,0.0273721330556057,1
1111,3,3,2,0.5336102199420939,2773,6,0.0273721330556057,1
1222,3,3,2,0.975277996441494,2290,6,0.0273721330556057,1
1056,3,3,2,0.96732001848655,2581,6,0.8884502877862838,1
850,3,3,2,1.1543325004277374,2280,6,0.8884502877862838,1
720,3,3,2,0.915593161779413,2496,6,0.8884502877862838,1
909,3,3,2,1.078731709855768,2403,6,0.0273721330556057,1
1013,3,3,2,0.7604125916580021,2718,6,0.8884502877862838,1
1176,3,3,2,1.1145426106530167,2462,6,0.8884502877862838,1
919,3,3,2,1.1543325004277374,2350,6,0.0273721330556057,1
1040,3,3,2,0.9394670956442456,2398,6,0.0273721330556057,1
629,3,3,2,1.3174710485040924,2164,6,0.0273721330556057,1
681,3,3,2,1.1105636216755446,2440,6,0.8884502877862838,1
732,3,3,2,1.4965255524903358,2209,6,0.8884502877862838,1
966,3,3,2,0.9394670956442456,2537,6,0.0273721330556057,1
829,3,3,2,1.0866896878107122,2342,6,0.0273721330556057,1
1040,3,3,2,0.9474250735991896,2588,6,0.8884502877862838,1
804,3,3,2,1.1463745224727933,2322,6,0.0273721330556057,1
785,3,3,2,1.1065846326980726,2369,6,0.0273721330556057,1
647,3,3,2,0.9394670956442456,2488,6,0.8884502877862838,1
1122,3,3,2,0.7246016908607534,2632,6,0.8884502877862838,1
1026,3,3,2,1.1105636216755446,2417,6,0.0273721330556057,1
897,3,3,2,0.9076351838244688,2455,6,0.8884502877862838,1
900,3,3,2,1.2100383461123465,2399,6,0.0273721330556057,1
827,3,3,2,1.0946476657656563,2516,6,0.8884502877862838,1
1044,3,3,2,0.971299007464022,2511,6,0.0273721330556057,1
1050,3,3,2,1.1742274453150978,2375,6,0.8884502877862838,1
859,3,3,2,1.345323971346397,2110,6,0.8884502877862838,1
1036,3,3,2,1.2219753130447626,2371,6,0.0273721330556057,1
847,3,3,2,1.1105636216755446,2357,6,0.0273721330556057,1
1028,3,3,2,0.7325596688156976,2300,6,0.0273721330556057,1
767,3,3,2,1.241870257932123,2289,6,0.0273721330556057,1
820,3,3,2,1.0548577759909357,2616,6,0.0273721330556057,1
925,3,3,2,0.9832359743964384,2461,6,0.0273721330556057,1
1289,3,3,2,0.7325596688156976,2622,6,0.0273721330556057,1
792,3,3,2,1.0866896878107122,2455,6,0.8884502877862838,1
1009,3,3,2,1.007109908261271,2739,6,0.8884502877862838,1
1179,3,3,2,1.046899798035991,2610,6,0.0273721330556057,1
1125,3,3,2,0.7723495585904183,2544,6,0.0273721330556057,1
960,3,3,2,0.9474250735991896,2487,6,0.8884502877862838,1
1131,3,3,2,0.5017783081223173,2780,6,0.8884502877862838,1
809,3,3,2,0.971299007464022,2294,6,0.8884502877862838,1
685,3,3,2,1.341344982368925,2213,6,0.0273721330556057,1
995,3,3,2,0.9315091176893012,2483,6,0.8884502877862838,1
1030,3,3,2,1.3055340815716765,2476,6,0.8884502877862838,1
480,1,3,2,0.4221985285728758,2059,6,0.0273721330556057,0
550,3,3,2,0.1547548731605749,2180,6,0.0273721330556057,0
438,1,3,2,0.2908918923162973,1895,6,0.0273721330556057,0
638,4,3,2,0.0791540825886055,2105,6,0.0273721330556057,0
590,4,3,2,0.1706708290704632,2210,6,0.0273721330556057,0
359,3,3,2,0.9116141728019408,1728,6,0.0273721330556057,0
468,4,3,2,0.5853370766492308,1764,6,0.0273721330556057,0
476,4,3,2,0.2351860466316883,1853,6,0.0273721330556057,0
439,3,3,2,0.2312070576542162,1890,6,0.0273721330556057,0
679,4,3,2,0.1277533442399423,2108,6,0.0273721330556057,0
374,1,3,2,0.2511020025415766,1637,6,0.0273721330556057,0
628,1,3,2,0.1914171678794955,2129,6,0.0273721330556057,0
599,1,3,2,0.3616622999891227,2053,6,0.0273721330556057,0
489,1,3,2,0.5137152750547335,2053,6,0.0273721330556057,0
517,3,3,2,0.4221985285728758,1930,6,0.0273721330556057,0
313,3,3,2,0.7803075365453624,1739,6,0.0273721330556057,0
532,1,3,2,0.3059564543045137,2125,6,0.0273721330556057,0
546,1,3,2,0.1038794103751098,2255,6,0.0273721330556057,0
437,1,3,2,0.7564336026805301,1694,6,0.0273721330556057,0
463,4,3,2,0.3863876277756271,1795,6,0.0273721330556057,0
584,1,3,2,0.2948708812937694,1989,6,0.0273721330556057,0
437,1,3,2,0.2192700907218,2034,6,0.0273721330556057,0
477,1,3,2,0.4779043742574848,1726,6,0.0273721330556057,0
605,1,3,2,0.0791540825886055,2178,6,0.0273721330556057,0
407,3,3,2,0.5654421317618704,1666,6,0.0273721330556057,0
602,1,3,2,0.0800054765102774,1854,6,0.0273721330556057,0
552,1,3,2,0.2630389694739928,1898,6,0.0273721330556057,0
612,1,3,2,0.0004256969608359,2103,6,0.0273721330556057,0
441,4,3,2,0.3744506608432109,1667,6,0.0273721330556057,0
405,3,3,2,0.0839844654877495,2103,6,0.0273721330556057,0
309,3,3,2,0.4221985285728758,1716,6,0.0273721330556057,0
503,1,3,2,0.5694211207393426,1962,6,0.0273721330556057,0
328,1,3,2,0.7285806798382255,1671,6,0.0273721330556057,0
666,3,3,2,0.2033541348119117,2018,6,0.0273721330556057,0
343,3,3,2,0.8996772058695247,1620,6,0.0273721330556057,0
528,3,3,2,0.1746498180479352,2138,6,0.0273721330556057,0
433,4,3,2,0.5256522419871498,1778,6,0.0273721330556057,0
442,4,3,2,0.2908918923162973,1894,6,0.0273721330556057,0
469,1,3,2,0.915593161779413,1972,6,0.0273721330556057,0
570,4,3,2,0.1158163773075261,2000,6,0.0273721330556057,0
474,4,3,2,0.3744506608432109,1774,6,0.0273721330556057,0
463,4,3,2,0.5256522419871498,1694,6,0.0273721330556057,0
459,4,3,2,0.0720474985553333,2032,6,0.0273721330556057,0
642,4,3,2,0.2184186968001281,1956,6,0.0273721330556057,0
590,3,3,2,0.4412420795385642,2252,6,0.0273721330556057,0
462,1,3,2,0.6410429223338399,1903,6,0.0273721330556057,0
450,1,3,2,0.4540304403926524,1795,6,0.0273721330556057,0
433,1,3,2,0.4659674073250686,1732,6,0.0273721330556057,0
438,3,3,2,0.1237743552624702,2165,6,0.0273721330556057,0
513,3,3,2,0.3068078482261857,1754,6,0.0273721330556057,0
527,3,3,2,0.4420934734602362,1803,6,0.0273721330556057,0
399,3,3,2,0.2152911017443279,1896,6,0.0273721330556057,0
572,3,3,2,0.0950700384984938,2193,6,0.0273721330556057,0
552,4,3,2,0.5097362860772614,1677,6,0.0273721330556057,0
413,1,3,2,0.382408638798155,2047,6,0.0273721330556057,0
451,3,3,2,0.0711961046336613,2107,6,0.0273721330556057,0
509,1,3,2,0.0075322809941081,2023,6,0.0273721330556057,0
494,3,3,2,0.2630389694739928,1772,6,0.0273721330556057,0
368,3,3,2,0.8439713601849157,1776,6,0.0273721330556057,0
478,3,3,2,0.270145553507265,2140,6,0.0273721330556057,0
628,4,3,2,0.1874381789020234,1640,6,0.0273721330556057,0
389,3,3,2,1.1463745224727933,1779,6,0.0273721330556057,0
396,3,3,2,0.8877402389371084,1680,6,0.0273721330556057,0
397,4,3,2,0.4381144844827641,1930,6,0.0273721330556057,0
475,1,3,2,0.163564245037191,1948,6,0.0273721330556057,0
527,4,3,2,0.1078583993525819,2254,6,0.0273721330556057,0
568,3,3,2,0.3625136939107947,1932,6,0.0273721330556057,0
582,1,3,2,0.1436693001498306,2007,6,0.0273721330556057,0
276,4,3,2,0.6131899994915354,1777,6,0.0273721330556057,0
552,4,3,2,0.0760264875328053,2099,6,0.0273721330556057,0
461,4,3,2,0.2391650356091604,1938,6,0.0273721330556057,0
553,3,3,2,0.158733862138047,1961,6,0.0273721330556057,0
558,4,3,2,0.0680685095778612,2160,6,0.0273721330556057,0
428,4,3,2,0.2670179584514649,1889,6,0.0273721330556057,0
605,1,3,2,0.1277533442399423,1970,6,0.0273721330556057,0
531,3,3,2,0.4381144844827641,1840,6,0.0273721330556057,0
534,1,3,2,0.0521525536679729,1962,6,0.0273721330556057,0
461,4,3,2,0.3187448151586018,1520,6,0.0273721330556057,0
441,3,3,2,0.2550809915190487,2102,6,0.0273721330556057,0
382,4,3,2,0.3943456057305713,1733,6,0.0273721330556057,0
536,1,3,2,0.1595852560597189,2010,6,0.0273721330556057,0
472,1,3,2,0.7484756247255858,1856,6,0.0273721330556057,0
419,3,3,2,0.2590599804965208,2134,6,0.0273721330556057,0
557,3,3,2,0.3704716718657388,1838,6,0.0273721330556057,0
573,1,3,2,0.1078583993525819,2059,6,0.0273721330556057,0
532,3,3,2,0.5734001097168147,1802,6,0.0273721330556057,0
506,1,3,2,0.3585347049333226,1640,6,0.0273721330556057,0
534,3,3,2,0.0959214324201657,1895,6,0.0273721330556057,0
439,3,3,2,0.3903666167530992,1890,6,0.0273721330556057,0
536,4,3,2,0.111837388330054,2125,6,0.0273721330556057,0
525,1,3,2,0.2550809915190487,1975,6,0.0273721330556057,0
508,4,3,2,0.4739253852800127,2314,6,0.0273721330556057,0
422,3,3,2,0.8758032720046922,1737,6,0.0273721330556057,0
467,1,3,2,0.4460724624377082,1779,6,0.0273721330556057,0
528,4,3,2,0.5208218590880057,2219,6,0.0273721330556057,0
423,4,3,2,0.4500514514151803,1966,6,0.0273721330556057,0
547,1,3,2,0.6092110105140632,2076,6,0.0273721330556057,0
684,4,3,2,0.0075322809941081,2094,6,0.0273721330556057,0
432,4,3,2,0.6330849443788957,1887,6,0.0273721330556057,0
426,1,3,2,0.167543234014663,1949,6,0.0273721330556057,0
406,4,3,2,0.1874381789020234,1896,6,0.0273721330556057,0
431,3,3,2,0.2073331237893838,1996,6,0.0273721330556057,0
594,1,3,2,0.5654421317618704,1830,6,0.0273721330556057,0
516,3,3,2,0.1556062670822468,1927,6,0.0273721330556057,0
477,4,3,2,0.0831330715660775,2086,6,0.0273721330556057,0
479,3,3,2,0.382408638798155,2018,6,0.0273721330556057,0
376,3,3,2,0.2590599804965208,1972,6,0.0273721330556057,0
433,4,3,2,0.7246016908607534,1680,6,0.0273721330556057,0
584,3,3,2,0.6291059554014237,1856,6,0.0273721330556057,0
562,3,3,2,0.0362365977580846,1956,6,0.0273721330556057,0
430,3,3,2,0.2789549253838811,1989,6,0.0273721330556057,0
617,4,3,2,0.1078583993525819,2113,6,0.0273721330556057,0
549,3,3,2,0.7047067459733931,2009,6,0.0273721330556057,0
491,3,3,2,0.1953961568569676,1734,6,0.0273721330556057,0
569,1,3,2,0.0004256969608359,1980,6,0.0273721330556057,0
450,1,3,2,0.1357113221948865,2052,6,0.0273721330556057,0
744,1,3,2,0.0075322809941081,1912,6,0.0273721330556057,0
383,4,3,2,0.2033541348119117,2129,6,0.0273721330556057,0
537,4,3,2,0.2152911017443279,1925,6,0.0273721330556057,0
636,3,3,2,0.0751750936111334,2257,6,0.0273721330556057,0
555,3,3,2,0.3028288592487136,1985,6,0.0273721330556057,0
579,1,3,2,0.0950700384984938,1878,6,0.0273721330556057,0
461,3,3,2,0.3943456057305713,1974,6,0.0273721330556057,0
573,3,3,2,0.3227238041360739,2132,6,0.0273721330556057,0
402,1,3,2,0.0751750936111334,2092,6,0.0273721330556057,0
552,4,3,2,0.0234482369039964,2001,6,0.0273721330556057,0
674,1,3,2,0.1914171678794955,2037,6,0.0273721330556057,0
516,1,3,2,0.3227238041360739,2008,6,0.0273721330556057,0
551,4,3,2,0.0990490274759658,2084,6,0.0273721330556057,0
391,4,3,2,0.6012530325591191,1811,6,0.0273721330556057,0
490,4,3,2,0.1436693001498306,1873,6,0.0273721330556057,0
566,3,3,2,0.214439707822656,2216,6,0.0273721330556057,0
424,3,3,2,0.4261775175503479,1920,6,0.0273721330556057,0
704,1,3,2,0.3465977380009064,1936,6,0.0273721330556057,0
535,1,3,2,0.3346607710684902,1881,6,0.0273721330556057,0
626,1,3,2,0.0242996308256684,2044,6,0.0273721330556057,0
571,4,3,2,0.0800054765102774,2086,6,0.0273721330556057,0
488,1,3,2,0.1149649833858541,2224,6,0.0273721330556057,0
527,4,3,2,0.5574841538069263,1978,6,0.0273721330556057,0
500,3,3,2,0.4102615616404595,2035,6,0.0273721330556057,0
697,1,3,2,0.1874381789020234,2032,6,0.0273721330556057,0
577,3,3,2,0.214439707822656,1940,6,0.0273721330556057,0
348,4,3,2,0.5256522419871498,1717,6,0.0273721330556057,0
527,4,3,2,0.5495261758519822,1934,6,0.0273721330556057,0
485,1,3,2,0.5773790986942867,1803,6,0.0273721330556057,0
529,3,3,2,0.3625136939107947,1768,6,0.0273721330556057,0
441,1,3,2,0.5256522419871498,1886,6,0.0273721330556057,0
508,1,3,2,0.4221985285728758,1772,6,0.0273721330556057,0
437,4,3,2,0.485862352212429,2027,6,0.0273721330556057,0
444,4,3,2,0.7842865255228345,1755,6,0.0273721330556057,0
528,1,3,2,0.0959214324201657,2156,6,0.0273721330556057,0
597,3,3,2,0.0314062148589406,2140,6,0.0273721330556057,0
634,4,3,2,0.7675191756912743,2202,6,0.0273721330556057,0
493,3,3,2,0.7405176467706417,1741,6,0.0273721330556057,0
557,4,3,2,0.1794802009470793,1934,6,0.0273721330556057,0
529,1,3,2,0.3107868372036577,2060,6,0.0273721330556057,0
470,1,3,2,0.6967487680184489,1645,6,0.0273721330556057,0
469,1,3,2,0.9315091176893012,1870,6,0.0273721330556057,0
443,3,3,2,0.4977993191448452,1902,6,0.0273721330556057,0
342,1,3,2,0.4301565065278199,1914,6,0.0273721330556057,0
479,1,3,2,0.4779043742574848,2164,6,0.0273721330556057,0
458,3,3,2,0.3346607710684902,1928,6,0.0273721330556057,0
600,1,3,2,0.4182195395954037,1757,6,0.0273721330556057,0
567,3,3,2,0.3943456057305713,1861,6,0.0273721330556057,0
576,1,3,2,0.1357113221948865,1979,6,0.0273721330556057,0
429,3,3,2,0.4540304403926524,1913,6,0.0273721330556057,0
472,4,3,2,1.1583114894052096,1605,6,0.0273721330556057,0
521,4,3,2,0.0959214324201657,2128,6,0.0273721330556057,0
573,4,3,2,0.7604125916580021,1656,6,0.0273721330556057,0
608,3,3,2,0.3863876277756271,1900,6,0.0273721330556057,0
615,4,3,2,0.64417051738964,2221,6,0.0273721330556057,0
420,1,3,2,0.3903666167530992,1812,6,0.0273721330556057,0
528,1,3,2,0.3903666167530992,2045,6,0.0273721330556057,0
334,4,3,2,0.3426187490234343,1939,6,0.0273721330556057,0
416,3,3,2,0.1197953662849981,2015,6,0.0273721330556057,0
576,4,3,2,0.0672171156561892,1957,6,0.0273721330556057,0
375,1,3,2,0.378429649820683,1799,6,0.0273721330556057,0
510,4,3,2,0.2988498702712415,1974,6,0.0273721330556057,0
443,3,3,2,0.6211479774464795,1778,6,0.0273721330556057,0
513,1,3,2,0.321872410214402,2283,6,0.0273721330556057,0
480,4,3,2,0.0800054765102774,2186,6,0.0273721330556057,0
317,4,3,2,0.4062825726629875,1674,6,0.0273721330556057,0
548,4,3,2,0.5773790986942867,1834,6,0.0273721330556057,0
469,1,3,2,0.1237743552624702,1989,6,0.0273721330556057,0
447,4,3,2,0.5216732530096777,2005,6,0.0273721330556057,0
564,1,3,2,0.3656412889665948,2202,6,0.0273721330556057,0
599,3,3,2,0.0879634544652216,2088,6,0.0273721330556057,0
521,1,3,2,0.1467968952056307,2134,6,0.0273721330556057,0
551,1,3,2,0.0083836749157801,2124,6,0.0273721330556057,0
404,4,3,2,0.3147658261811298,1777,6,0.0273721330556057,0
457,1,3,2,0.3903666167530992,1846,6,0.0273721330556057,0
489,3,3,2,0.8479503491623878,1668,6,0.0273721330556057,0
537,3,3,2,0.6012530325591191,1947,6,0.0273721330556057,0
496,1,3,2,0.1396903111723585,1986,6,0.0273721330556057,0
549,3,3,2,0.0402155867355567,2163,6,0.0273721330556057,0
500,4,3,2,0.0919424434426936,2032,6,0.0273721330556057,0
551,4,3,2,0.3346607710684902,1921,6,0.0273721330556057,0
334,1,3,2,0.3704716718657388,2038,6,0.0273721330556057,0
495,1,3,2,0.2781035314622092,2107,6,0.0273721330556057,0
585,4,3,2,0.4540304403926524,1902,6,0.0273721330556057,0
473,1,3,2,0.0035532920166361,2078,6,0.0273721330556057,0
445,3,3,2,0.3028288592487136,1947,6,0.0273721330556057,0
609,4,3,2,0.2192700907218,1981,6,0.0273721330556057,0
590,1,3,2,0.3863876277756271,1854,6,0.0273721330556057,0
418,4,3,2,0.163564245037191,2047,6,0.0273721330556057,0
630,3,3,2,0.3497253330567065,2224,6,0.0273721330556057,0
401,4,3,2,0.7325596688156976,1953,6,0.0273721330556057,0
545,1,3,2,0.5336102199420939,2120,6,0.0273721330556057,0
340,3,3,2,0.9354881066667734,1787,6,0.0273721330556057,0
354,3,3,2,1.0866896878107122,1406,6,0.0273721330556057,0
283,4,3,2,1.1583114894052096,1620,6,0.0273721330556057,0
651,1,3,2,0.3298303881693462,2229,6,0.0273721330556057,0
533,1,3,2,0.3139144322594578,2138,6,0.0273721330556057,0
521,3,3,2,0.0035532920166361,1855,6,0.0273721330556057,0
568,4,3,2,0.5574841538069263,1881,6,0.0273721330556057,0
540,3,3,2,0.537589208919566,1964,6,0.0273721330556057,0
602,3,3,2,0.434135495505292,1596,6,0.0273721330556057,0
600,1,3,2,0.1436693001498306,1933,6,0.0273721330556057,0
435,1,3,2,0.6649168561986724,1803,6,0.0273721330556057,0
448,1,3,2,0.3625136939107947,1752,6,0.0273721330556057,0
598,4,3,2,0.2471230135641045,1956,6,0.0273721330556057,0
391,3,3,2,0.3028288592487136,1896,6,0.0273721330556057,0
691,3,3,2,0.2940194873720975,2199,6,0.0273721330556057,0
445,3,3,2,0.4580094293701244,1694,6,0.0273721330556057,0
560,3,3,2,0.1038794103751098,2048,6,0.0273721330556057,0
295,1,3,2,0.4460724624377082,1616,6,0.0273721330556057,0
630,3,3,2,0.0760264875328053,2203,6,0.0273721330556057,0
628,3,3,2,0.0282786198031404,2281,6,0.0273721330556057,0
636,3,3,2,0.0123626638932521,1914,6,0.0273721330556057,0
603,4,3,2,0.1308809392957424,2062,6,0.0273721330556057,0
464,1,3,2,0.378429649820683,1828,6,0.0273721330556057,0
487,1,3,2,0.5535051648294542,1624,6,0.0273721330556057,0
372,4,3,2,1.1264795775854328,1665,6,0.0273721330556057,0
665,1,3,2,0.0242996308256684,2086,6,0.0273721330556057,0
491,1,3,2,0.4699463963025407,1876,6,0.0273721330556057,0
461,1,3,2,0.4739253852800127,1818,6,0.0273721330556057,0
477,3,3,2,0.2113121127668558,1790,6,0.0273721330556057,0
592,3,3,2,0.2948708812937694,1960,6,0.0273721330556057,0
484,4,3,2,0.3386397600459622,1855,6,0.0273721330556057,0
610,3,3,2,0.0680685095778612,2015,6,0.0273721330556057,0
426,4,3,2,0.3704716718657388,2028,6,0.0273721330556057,0
528,3,3,2,0.0004256969608359,2028,6,0.0273721330556057,0
446,3,3,2,0.2511020025415766,1872,6,0.0273721330556057,0
466,4,3,2,0.274975936406409,1883,6,0.0273721330556057,0
589,1,3,2,0.3139144322594578,2304,6,0.0273721330556057,0
384,1,3,2,0.3943456057305713,1584,6,0.0273721330556057,0
455,1,3,2,0.3943456057305713,2018,6,0.0273721330556057,0
587,4,3,2,0.1834591899245513,1827,6,0.0273721330556057,0
503,4,3,2,0.0751750936111334,1990,6,0.0273721330556057,0
539,4,3,2,0.1348599282732145,2076,6,0.0273721330556057,0
437,3,3,2,0.4102615616404595,1787,6,0.0273721330556057,0
546,1,3,2,0.055280148723773,1907,6,0.0273721330556057,0
659,1,3,2,0.3258513991918741,2239,6,0.0273721330556057,0
704,3,3,2,0.8152670434209391,2193,6,0.0273721330556057,0
497,3,3,2,0.2152911017443279,1734,6,0.0273721330556057,0
449,1,3,2,0.382408638798155,2024,6,0.0273721330556057,0
424,4,3,2,0.7007277569959209,1730,6,0.0273721330556057,0
420,4,3,2,0.593295054604175,1887,6,0.0273721330556057,0
537,1,3,2,0.2670179584514649,1988,6,0.0273721330556057,0
478,1,3,2,0.3505767269783785,1986,6,0.0273721330556057,0
619,1,3,2,0.1158163773075261,2008,6,0.0273721330556057,0
519,4,3,2,0.274975936406409,1902,6,0.0273721330556057,0
601,1,3,2,0.2351860466316883,2020,6,0.0273721330556057,0
473,4,3,2,0.3545557159558505,1967,6,0.0273721330556057,0
527,1,3,2,0.6649168561986724,1766,6,0.0273721330556057,0
401,1,3,2,0.0720474985553333,1991,6,0.0273721330556057,0
565,1,3,2,0.2988498702712415,2010,6,0.0273721330556057,0
582,3,3,2,0.2630389694739928,1862,6,0.0273721330556057,0
519,4,3,2,0.1556062670822468,2024,6,0.0273721330556057,0
353,1,3,2,0.4460724624377082,1920,6,0.0273721330556057,0
536,1,3,2,0.214439707822656,2004,6,0.0273721330556057,0
471,4,3,2,0.5176942640322055,1755,6,0.0273721330556057,0
525,3,3,2,0.6728748341536165,1867,6,0.0273721330556057,0
517,4,3,2,0.1953961568569676,2148,6,0.0273721330556057,0
574,3,3,2,0.162712851115519,2060,6,0.0273721330556057,0
564,3,3,2,0.0481735646905008,1981,6,0.0273721330556057,0
401,3,3,2,0.3306817820910181,1670,6,0.0273721330556057,0
641,4,3,2,0.2113121127668558,2022,6,0.0273721330556057,0
473,1,3,2,0.7285806798382255,1844,6,0.0273721330556057,0
586,4,3,2,0.2582085865748488,2075,6,0.0273721330556057,0
489,4,3,2,0.0322576087806125,1851,6,0.0273721330556057,0
592,4,3,2,0.274975936406409,1826,6,0.0273721330556057,0
509,4,3,2,0.0481735646905008,2139,6,0.0273721330556057,0
497,3,3,2,0.1467968952056307,2109,6,0.0273721330556057,0
412,1,3,2,0.0751750936111334,1986,6,0.0273721330556057,0
606,4,3,2,0.0959214324201657,2062,6,0.0273721330556057,0
452,1,3,2,0.2073331237893838,1813,6,0.0273721330556057,0
337,3,3,2,0.485862352212429,1920,6,0.0273721330556057,0
346,3,3,2,0.6330849443788957,1529,6,0.0273721330556057,0
515,4,3,2,0.3227238041360739,2070,6,0.0273721330556057,0
476,1,3,2,0.6251269664239516,1752,6,0.0273721330556057,0
516,3,3,2,0.6688958451761444,1765,6,0.0273721330556057,0
511,3,3,2,0.1794802009470793,1818,6,0.0273721330556057,0
451,1,3,2,0.7922445034777786,1719,6,0.0273721330556057,0
424,3,3,2,0.5574841538069263,1799,6,0.0273721330556057,0
535,1,3,2,0.2550809915190487,1956,6,0.0273721330556057,0
435,4,3,2,0.2073331237893838,2046,6,0.0273721330556057,0
453,3,3,2,0.3386397600459622,1647,6,0.0273721330556057,0
557,3,3,2,0.4619884183475966,1876,6,0.0273721330556057,0
568,4,3,2,0.1030280164534379,2133,6,0.0273721330556057,0
617,3,3,2,0.163564245037191,2011,6,0.0273721330556057,0
385,1,3,2,1.070773731900824,1649,6,0.0273721330556057,0
468,3,3,2,0.4500514514151803,2151,6,0.0273721330556057,0
528,4,3,2,0.5176942640322055,1783,6,0.0273721330556057,0
361,4,3,2,1.070773731900824,1900,6,0.0273721330556057,0
549,1,3,2,0.1237743552624702,2064,6,0.0273721330556057,0
403,3,3,2,0.8041814704101949,1775,6,0.0273721330556057,0
594,4,3,2,0.1189439723633262,1865,6,0.0273721330556057,0
481,4,3,2,0.3943456057305713,1956,6,0.0273721330556057,0
574,3,3,2,0.8519293381398598,2044,6,0.0273721330556057,0
437,3,3,2,0.3943456057305713,1896,6,0.0273721330556057,0
487,4,3,2,0.4023035836855154,2027,6,0.0273721330556057,0
559,1,3,2,0.2025027408902398,2158,6,0.0273721330556057,0
499,1,3,2,0.3068078482261857,1953,6,0.0273721330556057,0
609,4,3,2,0.1197953662849981,2213,6,0.0273721330556057,0
474,1,3,2,0.1993751458344396,1875,6,0.0273721330556057,0
570,4,3,2,0.3625136939107947,2096,6,0.0273721330556057,0
500,1,3,2,0.7166437129058093,1998,6,0.0273721330556057,0
578,4,3,2,0.5049059031781175,2229,6,0.0273721330556057,0
420,3,3,2,0.4142405506179316,2139,6,0.0273721330556057,0
616,3,3,2,0.0274272258814685,2019,6,0.0273721330556057,0
468,4,3,2,0.6012530325591191,1849,6,0.0273721330556057,0
463,3,3,2,0.3147658261811298,1893,6,0.0273721330556057,0
567,1,3,2,0.0831330715660775,2104,6,0.0273721330556057,0
594,1,3,2,0.2860615094171533,2200,6,0.0273721330556057,0
368,1,3,2,0.2033541348119117,1791,6,0.0273721330556057,0
492,3,3,2,0.4142405506179316,1896,6,0.0273721330556057,0
311,1,3,2,1.190143401224986,1703,6,0.0273721330556057,0
475,3,3,2,0.5535051648294542,1870,6,0.0273721330556057,0
408,1,3,2,0.2988498702712415,1833,6,0.0273721330556057,0
520,1,3,2,0.0481735646905008,2026,6,0.0273721330556057,0
610,4,3,2,0.2152911017443279,2281,6,0.0273721330556057,0
490,3,3,2,0.8240764152975553,1855,6,0.0273721330556057,0
514,1,3,2,0.1030280164534379,2026,6,0.0273721330556057,0
543,1,3,2,0.537589208919566,1794,6,0.0273721330556057,0
626,3,3,2,0.0123626638932521,2032,6,0.0273721330556057,0
499,4,3,2,0.2351860466316883,1816,6,0.0273721330556057,0
443,3,3,2,0.5256522419871498,1759,6,0.0273721330556057,0
650,3,3,2,0.056131542645445,2017,6,0.0273721330556057,0
399,3,3,2,0.1516272781047747,1988,6,0.0273721330556057,0
464,3,3,2,0.3903666167530992,1886,6,0.0273721330556057,0
369,1,3,2,0.2670179584514649,1714,6,0.0273721330556057,0
424,1,3,2,0.6887907900635047,1792,6,0.0273721330556057,0
541,3,3,2,0.2670179584514649,2027,6,0.0273721330556057,0
421,3,3,2,0.5773790986942867,1805,6,0.0273721330556057,0
510,4,3,2,0.1197953662849981,2160,6,0.0273721330556057,0
568,3,3,2,0.0075322809941081,2224,6,0.0273721330556057,0
517,4,3,2,0.5734001097168147,1756,6,0.0273721330556057,0
422,3,3,2,0.5853370766492308,1943,6,0.0273721330556057,0
683,1,3,2,0.3465977380009064,1801,6,0.0273721330556057,0
615,4,3,2,0.2550809915190487,1835,6,0.0273721330556057,0
374,1,3,2,0.7723495585904183,1849,6,0.0273721330556057,0
474,4,3,2,0.5574841538069263,1539,6,0.0273721330556057,0
66,5,3,2,1.2737021697518995,397,12,0.8884502877862838,1
76,6,3,2,1.0866896878107122,493,12,0.9431945538974952,1
83,6,3,2,1.182185423270042,473,12,0.9431945538974952,1
83,5,3,2,1.0110888972387428,457,12,0.9431945538974952,1
77,2,3,2,0.7246016908607534,489,12,0.8884502877862838,1
82,5,3,2,0.9911939523513824,495,12,0.8884502877862838,1
84,5,3,2,0.9036561948469968,531,12,0.8884502877862838,1
86,2,3,2,0.7405176467706417,579,12,0.9431945538974952,1
87,5,3,2,0.963341029509078,539,12,0.8884502877862838,1
92,6,3,2,0.971299007464022,562,12,0.9431945538974952,1
86,5,3,2,1.237891268954651,467,12,0.9431945538974952,1
82,6,3,2,0.8758032720046922,552,12,0.9431945538974952,1
80,5,3,2,0.96732001848655,518,12,0.8884502877862838,1
74,6,3,2,1.1026056437206004,514,12,0.8884502877862838,1
65,6,3,2,1.401029817031006,404,12,0.8884502877862838,1
83,6,3,2,0.9235511397343572,504,12,0.9431945538974952,1
99,5,3,2,0.8002024814327229,529,12,0.9431945538974952,1
71,5,3,2,1.1105636216755446,481,12,0.9431945538974952,1
78,5,3,2,0.7206227018832814,535,12,0.9431945538974952,1
95,6,3,2,1.0548577759909357,515,12,0.8884502877862838,1
91,6,3,2,0.6808328121085606,530,12,0.9431945538974952,1
76,2,3,2,1.1384165445178491,397,12,0.8884502877862838,1
83,5,3,2,1.1065846326980726,455,12,0.8884502877862838,1
78,5,3,2,1.2577862138420113,424,12,0.8884502877862838,1
83,2,3,2,0.9394670956442456,504,12,0.9431945538974952,1
70,2,3,2,1.2498282358870672,483,12,0.8884502877862838,1
81,6,3,2,0.8002024814327229,517,12,0.8884502877862838,1
86,5,3,2,1.027004853148631,453,12,0.9431945538974952,1
95,2,3,2,0.8320343932524994,519,12,0.8884502877862838,1
87,5,3,2,1.0628157539458798,528,12,0.8884502877862838,1
77,5,3,2,1.2737021697518995,472,12,0.8884502877862838,1
85,5,3,2,1.281660147706844,444,12,0.9431945538974952,1
74,6,3,2,1.1583114894052096,493,12,0.9431945538974952,1
84,5,3,2,0.963341029509078,484,12,0.8884502877862838,1
78,6,3,2,1.1702484563376256,513,12,0.9431945538974952,1
79,5,3,2,0.9474250735991896,514,12,0.8884502877862838,1
96,2,3,2,1.0628157539458798,525,12,0.8884502877862838,1
74,2,3,2,0.975277996441494,522,12,0.8884502877862838,1
75,5,3,2,1.4607146516930871,451,12,0.8884502877862838,1
86,5,3,2,0.9951729413288544,495,12,0.8884502877862838,1
78,5,3,2,0.9354881066667734,500,12,0.8884502877862838,1
80,2,3,2,0.9911939523513824,477,12,0.8884502877862838,1
79,2,3,2,1.2259543020222348,462,12,0.8884502877862838,1
76,5,3,2,0.919572150756885,508,12,0.9431945538974952,1
94,2,3,2,0.7842865255228345,581,12,0.9431945538974952,1
75,2,3,2,0.7007277569959209,585,12,0.9431945538974952,1
87,6,3,2,1.0866896878107122,452,12,0.8884502877862838,1
95,5,3,2,0.8996772058695247,545,12,0.9431945538974952,1
86,2,3,2,0.9275301287118292,540,12,0.9431945538974952,1
79,6,3,2,1.0389418200810472,492,12,0.9431945538974952,1
61,5,3,2,1.1264795775854328,417,12,0.8884502877862838,1
87,2,3,2,1.0110888972387428,497,12,0.8884502877862838,1
77,2,3,2,1.0628157539458798,501,12,0.9431945538974952,1
83,6,3,2,1.0667947429233515,437,12,0.8884502877862838,1
77,5,3,2,0.9991519303063264,516,12,0.8884502877862838,1
76,5,3,2,1.0429208090585194,492,12,0.8884502877862838,1
75,5,3,2,0.7604125916580021,568,12,0.8884502877862838,1
80,2,3,2,1.1583114894052096,471,12,0.8884502877862838,1
65,2,3,2,1.0110888972387428,474,12,0.8884502877862838,1
78,5,3,2,1.1981013791799302,481,12,0.8884502877862838,1
91,2,3,2,0.9315091176893012,556,12,0.9431945538974952,1
90,2,3,2,1.0667947429233515,561,12,0.9431945538974952,1
71,2,3,2,1.3691979052112293,473,12,0.9431945538974952,1
75,6,3,2,1.074752720878296,492,12,0.9431945538974952,1
76,6,3,2,1.0429208090585194,525,12,0.8884502877862838,1
74,6,3,2,0.9951729413288544,483,12,0.9431945538974952,1
95,2,3,2,1.0110888972387428,576,12,0.8884502877862838,1
77,5,3,2,1.4965255524903358,488,12,0.9431945538974952,1
99,2,3,2,0.752454613703058,634,12,0.8884502877862838,1
73,2,3,2,0.979256985418966,506,12,0.9431945538974952,1
83,2,3,2,0.7604125916580021,585,12,0.8884502877862838,1
78,5,3,2,1.1941223902024585,517,12,0.8884502877862838,1
65,2,3,2,1.345323971346397,437,12,0.8884502877862838,1
79,6,3,2,1.2140173350898185,461,12,0.9431945538974952,1
91,6,3,2,0.8519293381398598,537,12,0.9431945538974952,1
73,5,3,2,1.019046875193687,506,12,0.8884502877862838,1
71,2,3,2,1.182185423270042,438,12,0.9431945538974952,1
83,2,3,2,1.2737021697518995,451,12,0.9431945538974952,1
78,2,3,2,1.0986266547431285,487,12,0.9431945538974952,1
81,2,3,2,0.7962234924552508,589,12,0.8884502877862838,1
72,2,3,2,0.8280554042750273,582,12,0.8884502877862838,1
86,6,3,2,1.1583114894052096,501,12,0.9431945538974952,1
80,2,3,2,1.1742274453150978,527,12,0.8884502877862838,1
79,6,3,2,1.190143401224986,442,12,0.8884502877862838,1
82,5,3,2,0.8678452940497481,512,12,0.9431945538974952,1
85,2,3,2,1.0986266547431285,473,12,0.9431945538974952,1
85,2,3,2,0.7564336026805301,512,12,0.9431945538974952,1
67,2,3,2,1.2179963240672906,396,12,0.9431945538974952,1
75,5,3,2,1.1503535114502654,441,12,0.8884502877862838,1
70,6,3,2,0.863866305072276,418,12,0.9431945538974952,1
81,2,3,2,1.2498282358870672,511,12,0.9431945538974952,1
93,6,3,2,1.1185215996304887,468,12,0.9431945538974952,1
87,2,3,2,1.007109908261271,499,12,0.9431945538974952,1
68,5,3,2,1.1622904783826815,481,12,0.8884502877862838,1
73,5,3,2,1.1026056437206004,507,12,0.8884502877862838,1
85,6,3,2,1.464693640670559,465,12,0.9431945538974952,1
84,6,3,2,1.2299332909997067,503,12,0.8884502877862838,1
66,6,3,2,1.3731768941887017,370,12,0.9431945538974952,1
72,2,3,2,1.412966783963422,400,12,0.8884502877862838,1
91,5,3,2,0.8320343932524994,570,12,0.9431945538974952,1
79,2,3,2,0.9553830515541336,463,12,0.9431945538974952,1
83,5,3,2,1.1702484563376256,434,12,0.8884502877862838,1
62,5,3,2,1.3890928500985895,405,12,0.9431945538974952,1
95,6,3,2,0.8479503491623878,548,12,0.8884502877862838,1
84,5,3,2,0.9474250735991896,542,12,0.9431945538974952,1
85,5,3,2,1.1622904783826815,488,12,0.9431945538974952,1
82,6,3,2,0.9036561948469968,459,12,0.9431945538974952,1
75,2,3,2,1.1782064342925698,481,12,0.9431945538974952,1
70,5,3,2,1.4487776847606708,407,12,0.8884502877862838,1
86,2,3,2,0.9553830515541336,517,12,0.8884502877862838,1
75,5,3,2,1.237891268954651,448,12,0.8884502877862838,1
87,2,3,2,1.0429208090585194,479,12,0.9431945538974952,1
94,6,3,2,0.9354881066667734,508,12,0.9431945538974952,1
78,6,3,2,1.289618125661788,465,12,0.8884502877862838,1
91,6,3,2,1.1463745224727933,492,12,0.9431945538974952,1
84,2,3,2,0.9553830515541336,455,12,0.8884502877862838,1
86,2,3,2,0.9394670956442456,494,12,0.8884502877862838,1
75,5,3,2,1.1583114894052096,499,12,0.8884502877862838,1
84,5,3,2,1.0548577759909357,495,12,0.9431945538974952,1
75,6,3,2,1.0986266547431285,446,12,0.9431945538974952,1
73,2,3,2,1.1782064342925698,480,12,0.9431945538974952,1
77,5,3,2,0.971299007464022,465,12,0.9431945538974952,1
83,5,3,2,1.0349628311035752,498,12,0.9431945538974952,1
82,2,3,2,1.0946476657656563,429,12,0.8884502877862838,1
82,5,3,2,1.3652189162337574,426,12,0.9431945538974952,1
82,6,3,2,1.0110888972387428,495,12,0.8884502877862838,1
79,6,3,2,0.649000900288784,547,12,0.8884502877862838,1
73,2,3,2,1.2737021697518995,453,12,0.9431945538974952,1
88,6,3,2,1.0150678862162148,504,12,0.9431945538974952,1
67,2,3,2,1.3055340815716765,416,12,0.8884502877862838,1
80,5,3,2,1.4686726296480312,502,12,0.8884502877862838,1
92,6,3,2,0.752454613703058,550,12,0.8884502877862838,1
90,5,3,2,1.08271069883324,496,12,0.8884502877862838,1
80,5,3,2,1.2219753130447626,463,12,0.9431945538974952,1
65,5,3,2,1.1384165445178491,495,12,0.9431945538974952,1
87,5,3,2,0.7285806798382255,540,12,0.8884502877862838,1
78,2,3,2,1.2060593571348743,489,12,0.8884502877862838,1
73,5,3,2,1.074752720878296,508,12,0.9431945538974952,1
82,6,3,2,1.0349628311035752,499,12,0.8884502877862838,1
79,2,3,2,1.1065846326980726,444,12,0.9431945538974952,1
73,2,3,2,1.1185215996304887,441,12,0.9431945538974952,1
86,2,3,2,0.8280554042750273,518,12,0.8884502877862838,1
75,6,3,2,0.8956982168920526,460,12,0.9431945538974952,1
80,5,3,2,0.919572150756885,514,12,0.9431945538974952,1
67,6,3,2,1.281660147706844,466,12,0.8884502877862838,1
74,6,3,2,1.0667947429233515,531,12,0.9431945538974952,1
85,2,3,2,0.9394670956442456,518,12,0.9431945538974952,1
85,6,3,2,0.7723495585904183,526,12,0.8884502877862838,1
74,2,3,2,1.1145426106530167,517,12,0.8884502877862838,1
94,2,3,2,0.6887907900635047,617,12,0.8884502877862838,1
76,2,3,2,1.1423955334953213,511,12,0.8884502877862838,1
76,6,3,2,1.0548577759909357,509,12,0.9431945538974952,1
76,6,3,2,1.3373659933914528,412,12,0.9431945538974952,1
88,5,3,2,0.96732001848655,522,12,0.9431945538974952,1
78,6,3,2,1.1463745224727933,466,12,0.9431945538974952,1
92,6,3,2,1.2060593571348743,479,12,0.9431945538974952,1
73,5,3,2,0.8161184373426111,456,12,0.9431945538974952,1
75,5,3,2,0.96732001848655,504,12,0.8884502877862838,1
80,6,3,2,0.8877402389371084,492,12,0.8884502877862838,1
98,5,3,2,0.7444966357481138,532,12,0.8884502877862838,1
85,2,3,2,0.7763285475678904,549,12,0.9431945538974952,1
81,6,3,2,1.3851138611211178,489,12,0.8884502877862838,1
71,6,3,2,1.1543325004277374,436,12,0.9431945538974952,1
86,6,3,2,0.963341029509078,506,12,0.9431945538974952,1
72,2,3,2,1.1981013791799302,483,12,0.8884502877862838,1
82,6,3,2,0.919572150756885,589,12,0.8884502877862838,1
93,2,3,2,0.963341029509078,566,12,0.8884502877862838,1
84,2,3,2,0.7842865255228345,574,12,0.8884502877862838,1
72,6,3,2,0.9474250735991896,505,12,0.8884502877862838,1
72,5,3,2,1.3055340815716765,415,12,0.8884502877862838,1
70,5,3,2,0.8240764152975553,475,12,0.9431945538974952,1
90,5,3,2,1.182185423270042,510,12,0.8884502877862838,1
76,2,3,2,1.29359711463926,443,12,0.9431945538974952,1
73,5,3,2,1.1941223902024585,470,12,0.8884502877862838,1
89,6,3,2,0.6768538231310886,512,12,0.9431945538974952,1
83,5,3,2,0.8758032720046922,486,12,0.8884502877862838,1
71,5,3,2,1.3771558831661737,451,12,0.9431945538974952,1
66,6,3,2,1.401029817031006,424,12,0.8884502877862838,1
79,6,3,2,1.2020803681574024,455,12,0.8884502877862838,1
92,6,3,2,0.6649168561986724,534,12,0.8884502877862838,1
82,6,3,2,1.190143401224986,396,12,0.9431945538974952,1
90,5,3,2,0.7484756247255858,652,12,0.9431945538974952,1
69,5,3,2,1.090668676788184,484,12,0.8884502877862838,1
79,6,3,2,1.464693640670559,416,12,0.9431945538974952,1
80,5,3,2,0.9275301287118292,502,12,0.8884502877862838,1
87,6,3,2,1.0548577759909357,490,12,0.8884502877862838,1
74,2,3,2,1.3254290264590365,437,12,0.9431945538974952,1
67,6,3,2,1.393071839076062,405,12,0.8884502877862838,1
73,2,3,2,1.289618125661788,425,12,0.8884502877862838,1
80,5,3,2,0.9076351838244688,519,12,0.8884502877862838,1
88,5,3,2,1.0986266547431285,495,12,0.8884502877862838,1
85,5,3,2,1.1264795775854328,523,12,0.8884502877862838,1
76,2,3,2,1.134437555540377,450,12,0.8884502877862838,1
83,6,3,2,1.08271069883324,456,12,0.9431945538974952,1
88,2,3,2,0.971299007464022,518,12,0.9431945538974952,1
92,5,3,2,1.0628157539458798,569,12,0.9431945538974952,1
64,2,3,2,1.4209247619183665,404,12,0.9431945538974952,1
91,5,3,2,0.9991519303063264,476,12,0.9431945538974952,1
90,6,3,2,1.2737021697518995,585,12,0.9431945538974952,1
82,2,3,2,0.9434460846217176,510,12,0.9431945538974952,1
76,5,3,2,1.5243784753326404,387,12,0.9431945538974952,1
72,2,3,2,1.2100383461123465,496,12,0.8884502877862838,1
86,2,3,2,0.975277996441494,546,12,0.9431945538974952,1
76,6,3,2,0.9911939523513824,492,12,0.9431945538974952,1
80,2,3,2,1.1702484563376256,469,12,0.8884502877862838,1
78,5,3,2,1.1583114894052096,499,12,0.8884502877862838,1
89,6,3,2,0.8121394483651391,528,12,0.9431945538974952,1
74,5,3,2,0.971299007464022,509,12,0.8884502877862838,1
74,6,3,2,0.9514040625766615,481,12,0.8884502877862838,1
79,5,3,2,1.1941223902024585,447,12,0.8884502877862838,1
74,2,3,2,1.2498282358870672,421,12,0.8884502877862838,1
85,6,3,2,1.1503535114502654,389,12,0.8884502877862838,1
78,2,3,2,0.8956982168920526,514,12,0.8884502877862838,1
66,2,3,2,1.2657441917969554,434,12,0.8884502877862838,1
75,5,3,2,1.3055340815716765,509,12,0.8884502877862838,1
87,2,3,2,0.8041814704101949,532,12,0.8884502877862838,1
74,6,3,2,0.9434460846217176,540,12,0.8884502877862838,1
94,5,3,2,1.1423955334953213,467,12,0.9431945538974952,1
79,6,3,2,1.233912279977179,497,12,0.8884502877862838,1
74,2,3,2,1.0986266547431285,440,12,0.9431945538974952,1
86,5,3,2,1.130458566562905,455,12,0.8884502877862838,1
98,2,3,2,0.8320343932524994,558,12,0.8884502877862838,1
92,6,3,2,0.5137152750547335,585,12,0.8884502877862838,1
78,2,3,2,0.7246016908607534,536,12,0.9431945538974952,1
91,5,3,2,0.8519293381398598,534,12,0.8884502877862838,1
72,6,3,2,1.074752720878296,536,12,0.8884502877862838,1
90,6,3,2,0.7763285475678904,538,12,0.8884502877862838,1
77,5,3,2,1.1264795775854328,509,12,0.9431945538974952,1
72,6,3,2,0.9832359743964384,531,12,0.9431945538974952,1
72,6,3,2,0.9911939523513824,467,12,0.8884502877862838,1
71,5,3,2,1.1384165445178491,529,12,0.9431945538974952,1
80,6,3,2,1.2179963240672906,486,12,0.9431945538974952,1
72,6,3,2,1.29359711463926,470,12,0.8884502877862838,1
69,2,3,2,1.1622904783826815,486,12,0.9431945538974952,1
86,2,3,2,0.8996772058695247,470,12,0.9431945538974952,1
83,5,3,2,1.3771558831661737,426,12,0.8884502877862838,1
79,5,3,2,1.1742274453150978,527,12,0.8884502877862838,1
88,6,3,2,0.8200974263200832,556,12,0.9431945538974952,1
86,6,3,2,1.007109908261271,579,12,0.9431945538974952,1
66,2,3,2,0.9315091176893012,491,12,0.8884502877862838,1
91,2,3,2,1.2617652028194837,484,12,0.9431945538974952,1
55,6,3,2,1.4607146516930871,435,12,0.9431945538974952,1
74,6,3,2,1.1463745224727933,526,12,0.8884502877862838,1
84,6,3,2,0.6768538231310886,550,12,0.8884502877862838,1
80,2,3,2,1.1742274453150978,534,12,0.9431945538974952,1
82,6,3,2,1.019046875193687,547,12,0.8884502877862838,1
77,2,3,2,1.2697231807744276,489,12,0.9431945538974952,1
72,5,3,2,1.281660147706844,489,12,0.8884502877862838,1
71,5,3,2,1.2259543020222348,435,12,0.9431945538974952,1
85,2,3,2,1.0150678862162148,497,12,0.9431945538974952,1
62,5,3,2,0.8877402389371084,525,12,0.9431945538974952,1
84,5,3,2,0.9911939523513824,450,12,0.9431945538974952,1
75,5,3,2,1.070773731900824,479,12,0.9431945538974952,1
87,6,3,2,0.8917192279145806,489,12,0.9431945538974952,1
79,5,3,2,1.0429208090585194,446,12,0.8884502877862838,1
83,2,3,2,1.019046875193687,508,12,0.9431945538974952,1
71,5,3,2,0.8002024814327229,526,12,0.9431945538974952,1
83,2,3,2,1.353281949301341,459,12,0.8884502877862838,1
69,6,3,2,1.007109908261271,519,12,0.9431945538974952,1
79,2,3,2,0.9354881066667734,496,12,0.8884502877862838,1
87,2,3,2,1.08271069883324,495,12,0.9431945538974952,1
84,5,3,2,0.8559083271173319,470,12,0.9431945538974952,1
83,2,3,2,0.7086857349508652,577,12,0.9431945538974952,1
75,6,3,2,0.8320343932524994,536,12,0.9431945538974952,1
83,5,3,2,0.652979889266256,569,12,0.8884502877862838,1
86,5,3,2,0.8280554042750273,606,12,0.8884502877862838,1
71,6,3,2,1.3691979052112293,407,12,0.8884502877862838,1
63,2,3,2,1.4288827398733106,407,12,0.9431945538974952,1
82,2,3,2,0.8797822609821643,544,12,0.9431945538974952,1
63,5,3,2,1.3294080154365089,485,12,0.9431945538974952,1
83,6,3,2,0.7882655145003066,514,12,0.8884502877862838,1
70,2,3,2,1.3174710485040924,431,12,0.9431945538974952,1
79,5,3,2,0.9951729413288544,493,12,0.9431945538974952,1
64,2,3,2,1.2498282358870672,415,12,0.9431945538974952,1
82,6,3,2,1.046899798035991,484,12,0.9431945538974952,1
69,2,3,2,1.4368407178282547,469,12,0.8884502877862838,1
90,5,3,2,0.9951729413288544,502,12,0.8884502877862838,1
73,6,3,2,1.070773731900824,494,12,0.8884502877862838,1
77,2,3,2,1.0628157539458798,512,12,0.8884502877862838,1
75,5,3,2,1.4209247619183665,437,12,0.9431945538974952,1
78,6,3,2,1.0150678862162148,496,12,0.9431945538974952,1
81,5,3,2,1.0548577759909357,526,12,0.9431945538974952,1
62,6,3,2,1.1026056437206004,470,12,0.8884502877862838,1
73,5,3,2,1.3691979052112293,431,12,0.8884502877862838,1
81,6,3,2,1.241870257932123,491,12,0.9431945538974952,1
82,6,3,2,0.9434460846217176,495,12,0.9431945538974952,1
89,2,3,2,1.0628157539458798,482,12,0.9431945538974952,1
73,6,3,2,1.401029817031006,445,12,0.9431945538974952,1
83,5,3,2,0.8996772058695247,508,12,0.8884502877862838,1
81,2,3,2,1.023025864171159,519,12,0.8884502877862838,1
72,6,3,2,1.3572609382788132,494,12,0.9431945538974952,1
84,2,3,2,0.5495261758519822,583,12,0.9431945538974952,1
86,6,3,2,0.9593620405316058,555,12,0.9431945538974952,1
85,6,3,2,1.2140173350898185,506,12,0.8884502877862838,1
78,6,3,2,1.3174710485040924,424,12,0.9431945538974952,1
77,2,3,2,0.979256985418966,415,12,0.9431945538974952,1
82,6,3,2,0.8996772058695247,485,12,0.9431945538974952,1
64,2,3,2,1.345323971346397,475,12,0.8884502877862838,1
78,6,3,2,1.1622904783826815,472,12,0.9431945538974952,1
79,5,3,2,1.1503535114502654,506,12,0.8884502877862838,1
67,6,3,2,1.3333870044139808,406,12,0.9431945538974952,1
78,5,3,2,1.030983842126103,569,12,0.8884502877862838,1
78,5,3,2,1.134437555540377,471,12,0.9431945538974952,1
78,6,3,2,1.2259543020222348,477,12,0.9431945538974952,1
86,2,3,2,0.808160459387667,544,12,0.9431945538974952,1
75,2,3,2,1.0150678862162148,472,12,0.9431945538974952,1
74,2,3,2,1.2498282358870672,420,12,0.8884502877862838,1
72,5,3,2,1.5522313981749447,388,12,0.8884502877862838,1
90,6,3,2,0.5893160656267029,564,12,0.9431945538974952,1
69,6,3,2,1.2697231807744276,426,12,0.8884502877862838,1
83,6,3,2,1.0986266547431285,496,12,0.8884502877862838,1
84,2,3,2,0.963341029509078,500,12,0.9431945538974952,1
89,2,3,2,0.8917192279145806,493,12,0.8884502877862838,1
83,2,3,2,0.971299007464022,503,12,0.9431945538974952,1
85,5,3,2,1.0349628311035752,486,12,0.9431945538974952,1
79,2,3,2,0.8996772058695247,526,12,0.8884502877862838,1
73,6,3,2,1.4806095965804476,421,12,0.9431945538974952,1
73,6,3,2,1.1145426106530167,506,12,0.9431945538974952,1
74,2,3,2,1.2299332909997067,421,12,0.8884502877862838,1
58,5,3,2,1.345323971346397,507,12,0.9431945538974952,1
76,2,3,2,1.3572609382788132,424,12,0.8884502877862838,1
81,6,3,2,1.0946476657656563,468,12,0.8884502877862838,1
81,2,3,2,0.6768538231310886,576,12,0.9431945538974952,1
75,5,3,2,1.130458566562905,451,12,0.8884502877862838,1
71,6,3,2,1.4288827398733106,489,12,0.9431945538974952,1
81,6,3,2,0.8718242830272201,547,12,0.8884502877862838,1
71,2,3,2,0.9872149633739103,544,12,0.9431945538974952,1
76,6,3,2,1.1026056437206004,514,12,0.8884502877862838,1
89,6,3,2,0.8559083271173319,576,12,0.9431945538974952,1
71,2,3,2,1.1145426106530167,441,12,0.9431945538974952,1
75,5,3,2,1.0150678862162148,466,12,0.8884502877862838,1
81,2,3,2,1.0866896878107122,475,12,0.8884502877862838,1
74,6,3,2,1.1622904783826815,563,12,0.9431945538974952,1
71,6,3,2,0.9911939523513824,445,12,0.9431945538974952,1
70,2,3,2,1.241870257932123,395,12,0.8884502877862838,1
72,6,3,2,1.2060593571348743,490,12,0.8884502877862838,1
85,2,3,2,1.1225005886079609,498,12,0.8884502877862838,1
86,6,3,2,0.859887316094804,541,12,0.9431945538974952,1
75,2,3,2,1.512441508400224,397,12,0.8884502877862838,1
82,2,3,2,1.353281949301341,462,12,0.8884502877862838,1
84,6,3,2,0.8280554042750273,575,12,0.9431945538974952,1
99,5,3,2,0.96732001848655,534,12,0.9431945538974952,1
74,2,3,2,1.0429208090585194,517,12,0.9431945538974952,1
70,2,3,2,1.3254290264590365,454,12,0.8884502877862838,1
68,6,3,2,1.233912279977179,429,12,0.8884502877862838,1
80,6,3,2,0.7007277569959209,608,12,0.9431945538974952,1
80,5,3,2,1.0548577759909357,412,12,0.8884502877862838,1
97,6,3,2,0.5097362860772614,527,12,0.9431945538974952,1
73,5,3,2,0.8877402389371084,569,12,0.9431945538974952,1
82,2,3,2,1.186164412247514,490,12,0.9431945538974952,1
82,5,3,2,0.915593161779413,584,12,0.8884502877862838,1
79,2,3,2,1.0349628311035752,491,12,0.8884502877862838,1
72,5,3,2,1.1583114894052096,492,12,0.8884502877862838,1
